4760        3.45083
4760        3.18564
4760        3.37285
4760         2.9426
4760        5.38176
4760        3.18156
4760        5.32356
4760        5.81551
4760        5.57385
4760        4.21623
4760        2.74575
4760        4.85702
4760        6.01615
4760        4.02579
4760         3.8895
4760        1.23622
4760        6.12175
4760        2.10927
4760        2.70963
4760         1.2239
4760           1.18
4760         1.2956
4760        3.09616
4760        3.30134
4760       0.845225
4760       0.221829
4760       0.855678
4760        5.17015
4760        2.87682
4760       0.838904
4760        5.36939
4760        3.41054
4760        4.17563
4760      0.0404113
4760        4.80539
4760        4.65873
4760        3.89183
4760        2.37674
4760       0.881802
4760       0.931316
4760        1.22976
4760         4.1729
4760        3.85222
4760      0.0400316
4760         6.0458
4760        3.47298
4760        5.00164
4760        1.28884
4760        6.09949
4760        1.51851
4760        4.49962
4760        4.56526
4760        6.22073
4760        4.57195
4760        2.84521
4760        3.11199
4760      0.0177986
4760         5.1138
4760        5.25855
4760     0.00413318
4760       0.983503
4760        4.32808
4760        5.87758
4760        3.36609
4760       0.424955
4760        6.13687
4760        4.67846
4760       0.924721
4760        3.22378
4760        6.00034
4760        5.43351
4760        4.24324
4760       0.481067
4760        6.00676
4760        5.22801
4760       0.696204
4760        4.50328
4760        4.11533
4760        3.87823
4760        5.76131
4760         6.2406
4760         4.5142
4760         6.2036
4760        5.90258
4760        4.07654
4760       0.423085
4760        1.97384
4760        4.08618
4760       0.802434
4760        5.64909
4760         1.8418
4760        2.68287
4760        3.53978
4760       0.306349
4760         3.2808
4760        4.59749
4760        5.28619
4760        4.47239
4760        1.40236
4760        3.37805
4760        3.31215
4760        2.96223
4760        3.22649
4760        2.36338
4760        6.07329
4760         2.5087
4760        2.97212
4760        5.55526
4760        5.81029
4760        1.77866
4760        5.67281
4760        3.15098
4760        3.56914
4760        4.98847
4760        1.25538
4760         3.0125
4760       0.526354
4760        2.18461
4760        5.49022
4760         2.1564
4760        3.97032
4760        4.14936
4760       0.943482
4760        1.26926
4760        1.39511
4760        3.32064
4760        4.42263
4760        1.46265
4760       0.595953
4760        1.67892
4760        4.81638
4760        3.12139
4760        5.99586
4760        3.21518
4760        4.50147
4760        3.26494
4760        5.81529
4760        3.61263
4760        2.70482
4760        6.27312
4760        5.67204
4760        3.40104
4760        3.96858
4760       0.116293
4760        6.22189
4760        3.52383
4760         4.7701
4760       0.698902
4760        5.13173
4760        6.10633
4760        4.26748
4760        2.21727
4760        2.79889
4760        3.44225
4760        5.75957
4760         5.3467
4760        6.12744
4760       0.280856
4760        1.96308
4760        1.43573
4760        3.95046
4760        5.12139
4760        1.52267
4760        4.02344
4760        2.83949
4760         3.0686
4760        1.23865
4760        4.47537
4760      0.0541573
4760        4.67621
4760       0.456501
4760        1.78831
4760        3.84684
4760        3.92432
4760        6.07685
4760        3.34948
4760         3.9539
4760        3.85626
4760        4.98429
4760         4.2596
4760        3.04202
4760        5.01926
4760        5.85377
4760        4.72192
4760        4.02978
4760        4.56986
4760       0.750653
4760       0.555963
4760        4.37494
4760        5.64421
4760         0.4772
4760        4.18282
4760        1.54519
4760        3.65314
4760        4.02022
4760       0.366794
4760        4.20471
4760        5.08268
4760         4.6249
4760       0.937257
4760        5.22391
4760        3.88933
4760         1.6149
4760        3.47562
4760        2.68951
4760        5.66341
4760       0.570481
4760         1.1592
4760        2.79288
4760        5.19734
4760        2.98434
4760        1.67984
4760       0.516563
4760        2.95391
4760       0.783023
4760        2.22067
4760        3.66188
4760         1.7741
4760        6.25851
4760        4.54561
4760        1.56874
4760        5.96749
4760         1.4338
4760       0.322391
4760       0.581817
4760        5.98853
4760        6.25415
4760        2.54454
4760        2.75001
4760        5.94272
4760        3.11976
4760       0.734992
4760        3.69942
4760        3.91655
4760        0.54619
4760       0.841183
4760        3.97444
4760        1.84311
4760        5.78364
4760        1.71299
4760        4.19996
4760        4.38212
4760         5.0893
4760        5.99508
4760        1.17614
4760        6.12307
4760        3.80656
4760        6.23493
4760        6.17955
4760        1.73179
4760        2.05128
4760        3.30796
4760        4.70416
4760        3.04656
4760        4.00728
4760        3.65776
4760        5.23242
4760         2.7433
4760        1.13892
4760        3.85618
4760        3.68067
4760       0.660649
4760        4.47177
4760        4.30389
4760       0.706593
4760        4.17169
4760        5.04353
4760        3.56818
4760        6.09038
4760        6.24843
4760         3.5448
4760        3.62514
4760        5.05033
4760        3.74097
4760        2.63259
4760      0.0678408
4760        3.05392
4760        1.09117
4760        4.24047
4760       0.327566
4760        4.30497
4760        1.99691
4760        1.89726
4760        4.87765
4760        3.27299
4760       0.465266
4760         1.0211
4760        5.78578
4760        3.38515
4760        2.58015
4760        1.15048
4760        0.34103
4760       0.156756
4760        1.90198
4760        5.94347
4760        0.74111
4760        1.67158
4760        4.10736
4760        1.07962
4760        6.15093
4760        4.51788
4760       0.450791
4760        1.96202
4760        4.16974
4760        4.06657
4760        3.65348
4760        5.34931
4760        3.07772
4760        4.06611
4760        3.77493
4760        4.16282
4760        2.83783
4760        5.62409
4760       0.285003
4760        0.71924
4760        3.71526
4760        6.03167
4760        5.55297
4760        4.13146
4760        5.72953
4760        4.77028
4760         4.8431
4760        1.06704
4760        1.25085
4760       0.880942
4760        5.62175
4760        6.05478
4760        5.88848
4760        1.77916
4760      0.0323746
4760       0.743988
4760        1.58151
4760        3.72697
4760        0.15752
4760        4.77283
4760         5.7309
4760         2.0626
4760        3.58494
4760        1.60713
4760         3.7717
4760        5.83074
4760        4.76995
4760        3.55287
4760       0.998589
4760       0.782657
4760       0.389838
4760        4.31416
4760        1.23007
4760          3.951
4760        3.04601
4760       0.217579
4760        5.47563
4760        1.66592
4760       0.035377
4760       0.894981
4760        2.15752
4760       0.895559
4760        1.97012
4760        5.56076
4760         4.4414
4760       0.990905
4760       0.171869
4760        5.12022
4760        3.24336
4760       0.512206
4760       0.133937
4760       0.888395
4760        6.24583
4760          5.326
4760        1.17274
4760         3.6843
4760         4.2515
4760         6.1289
4760        4.50142
4760        4.92573
4760        1.08687
4760       0.743165
4760        2.84018
4760       0.482518
4760      0.0583978
4760        3.61042
4760        5.44312
4760         5.4408
4760      0.0622082
4760        2.48902
4760         2.6858
4760        2.59817
4760       0.376586
4760         5.2687
4760        6.14404
4760      0.0913545
4760        2.52428
4760         3.9405
4760        3.36236
4760        3.46859
4760        3.69975
4760        5.14455
4760        5.02818
4760        2.84318
4760        6.11963
4760        6.22706
4760        2.75796
4760       0.687916
4760       0.773225
4760        2.67029
4760        4.52086
4760        3.50176
4760        1.31988
4760        1.27868
4760       0.545824
4760        1.22224
4760        1.51535
4760        2.96934
4760       0.657866
4760        4.19186
4760       0.816501
4760       0.923201
4760        1.00029
4760       0.649968
4760        5.52406
4760        2.94947
4760         4.1545
4760        1.78292
4760        1.18717
4760       0.468508
4760        6.05708
4760        4.36301
4760      0.0844348
4760        2.40885
4760        2.63338
4760        6.09051
4760        3.64424
4760        3.24588
4760        2.34272
4760       0.150188
4760        1.13543
4760        1.00348
4760        5.47374
4760       0.979706
4760        1.47423
4760        1.00897
4760        5.66484
4760        4.63614
4760        4.72705
4760     0.00367545
4760        1.66193
4760        4.06734
4760        2.82837
4760        4.65306
4760        3.48649
4760        1.29971
4760        3.09992
4760        1.15542
4760        4.44118
4760        3.19121
4760        5.19856
4760        3.26122
4760        2.89131
4760       0.564063
4760        1.44433
4760       0.712737
4760        5.36949
4760        2.84276
4760        4.37154
4760        0.67883
4760        5.42223
4760        3.03956
4760       0.195373
4760        5.09725
4760        2.65441
4760        2.89397
4760       0.928361
4760        1.30249
4760        1.35325
4760        5.99459
4760        6.08309
4760        1.51179
4760        4.31934
4760        5.61432
4760        3.16192
4760        3.19527
4760        4.64816
4760      0.0738922
4760        5.22769
4760        3.44964
4760        3.17427
4760       0.392465
4760        5.48496
4760       0.892819
4760        1.04838
4760        3.42128
4760        1.88869
4760       0.776165
4760         3.4845
4760        1.66181
4760        2.92716
4760       0.603618
4760        1.33699
4760        1.96634
4760        3.40079
4760        2.51062
4760        4.51981
4760       0.279813
4760        5.37161
4760         2.9665
4760         4.4536
4760        5.31717
4760        1.16962
4760       0.662832
4760        4.34384
4760        4.69852
4760        1.34132
4760       0.329022
4760        2.89648
4760        3.66567
4760        5.80786
4760       0.511582
4760        6.18529
4760        2.12899
4760      0.0167298
4760         2.4121
4760        3.48392
4760        4.66656
4760        4.86811
4760       0.354624
4760        4.27783
4760       0.793172
4760       0.933389
4760        4.24373
4760        4.06589
4760         3.0561
4760        4.54746
4760       0.252001
4760        3.10864
4760       0.946114
4760         1.5611
4760        1.68671
4760        1.31153
4760       0.231007
4760        3.52509
4760        4.32439
4760        5.52211
4760        1.62659
4760        4.39585
4760        4.13024
4760        2.95304
4760        3.10382
4760        2.86021
4760        2.26021
4760       0.493023
4760        2.27375
4760       0.436706
4760        3.24819
4760          5.266
4760        2.20875
4760        4.46549
4760         1.8561
4760        3.70024
4760        2.03222
4760        2.43815
4760        5.04488
4760       0.178574
4760        2.78186
4760       0.651114
4760        3.36721
4760        5.28808
4760        5.72921
4760        1.44676
4760        4.29808
4760        5.76118
4760        6.23746
4760        2.29875
4760       0.948504
4760        0.85685
4760        5.37312
4760        3.12207
4760        5.04939
4760        3.71498
4760        2.62281
4760        2.25684
4760        4.57243
4760         3.6055
4760       0.977126
4760       0.189591
4760        1.59971
4760        3.21225
4760        1.68476
4760        3.70964
4760        4.36829
4760        3.87509
4760       0.854258
4760        1.80401
4760        3.96802
4760        1.47265
4760        3.84967
4760        4.49292
4760        4.18334
4760        1.99719
4760         4.1798
4760        4.34106
4760        4.36531
4760        3.53642
4760        4.12469
4760        2.63947
4760        2.45891
4760        1.44469
4760       0.952924
4760        3.83332
4760        2.59428
4760        4.60508
4760        3.49388
4760        5.18246
4760        4.84883
4760        6.20932
4760       0.415405
4760        3.80697
4760        1.47971
4760       0.407393
4760        3.80094
4760        4.18881
4760        4.69598
4760        1.26278
4760        3.31749
4760        4.77947
4760         1.6404
4760        2.40708
4760       0.803201
4760        3.34754
4760        6.28143
4760      0.0154343
4760        5.80529
4760       0.470583
4760        2.80653
4760       0.247715
4760        2.45736
4760       0.251423
4760       0.350561
4760        5.56652
4760        4.46098
4760         1.6866
4760        3.60122
4760        4.98566
4760        6.18674
4760       0.904457
4760        2.86894
4760        3.13085
4760        2.39568
4760        1.96839
4760        3.74263
4760        4.25384
4760       0.180851
4760        4.98727
4760        5.67348
4760       0.685067
4760        1.83983
4760        3.80596
4760        5.46125
4760        1.48997
4760        4.58191
4760         1.5141
4760       0.754214
4760        4.18766
4760        1.20001
4760        2.15975
4760        1.51105
4760        3.93448
4760       0.449847
4760        4.94481
4760        3.36498
4760       0.234704
4760        4.69722
4760        2.63318
4760        4.66566
4760        6.09527
4760        6.04408
4760       0.410055
4760        5.50244
4760       0.043332
4760        1.26966
4760        5.75638
4760       0.735317
4760        5.96638
4760        3.35309
4760        5.12285
4760        2.57919
4760        3.84767
4760        1.95513
4760        1.87634
4760         5.0291
4760        1.11795
4760        4.92423
4760        2.44186
4760        4.91649
4760       0.322521
4760        1.81666
4760       0.772104
4760        4.47532
4760         2.7975
4760        2.75715
4760        5.19038
4760        5.27104
4760        5.97242
4760        1.13444
4760         2.3389
4760       0.223896
4760        3.50529
4760        2.77125
4760        4.28637
4760        1.54514
4760        1.60755
4760        1.91145
4760       0.165126
4760        1.13653
4760        5.38705
4760       0.464359
4760        3.30946
4760         6.1835
4760        4.94895
4760       0.815992
4760         3.7238
4760        4.47352
4760        4.42786
4760        3.89134
4760        4.78654
4760       0.856062
4760        6.27951
4760        5.81862
4760       0.405603
4760        4.21598
4760        3.00232
4760        4.64748
4760        1.01164
4760      0.0980794
4760         1.9328
4760        2.43668
4760       0.778639
4760        2.66173
4760        3.88636
4760        6.09323
4760        4.44679
4760       0.922485
4760      0.0461556
4760        5.55036
4760        2.71687
4760        4.32206
4760        1.17253
4760       0.930228
4760        1.33627
4760        3.61997
4760        1.78504
4760        4.55841
4760       0.612123
4760        3.38369
4760        3.16266
4760        2.89156
4760        0.94095
4760        4.49732
4760       0.330101
4760        3.44638
4760        1.51459
4760        2.17801
4760        2.89381
4760         3.5425
4760        2.21447
4760         1.2625
4760        4.71239
4760        3.35606
4760        5.69087
4760        1.70719
4760        5.29305
4760       0.815044
4760        5.96011
4760        1.10812
4760       0.732342
4760        1.53241
4760        5.14404
4760        2.50691
4760        2.78922
4760        2.84673
4760        2.41093
4760        4.38891
4760        5.04923
4760        3.69426
4760         2.0798
4760        4.97671
4760        4.11167
4760        0.54248
4760        4.99793
4760       0.615641
4760        4.35395
4760        2.36983
4760        4.77326
4760        3.55276
4760        4.94745
4760        1.03885
4760         4.8671
4760        2.19085
4760       0.812991
4760        1.04642
4760        3.20325
4760        2.05017
4760         6.1686
4760        3.98586
4760        3.80631
4760        4.38462
4760        6.00871
4760        3.94529
4760        3.29606
4760        5.55472
4760        0.83599
4760        5.15649
4760      0.0245595
4760        3.24309
4760        3.47283
4760       0.761695
4760        4.37047
4760        5.90995
4760        5.76723
4760        3.04618
4760        6.16141
4760        5.30302
4760         5.2376
4760       0.425799
4760        1.61783
4760         4.8775
4760        1.16143
4760        3.35237
4760        5.51098
4760        3.05681
4760     0.00350384
4760        3.73972
4760       0.256993
4760        3.56476
4760        2.94125
4760        4.55119
4760        4.18051
4760        4.60141
4760       0.878355
4760         5.1401
4760       0.499996
4760        2.37157
4760        3.66055
4760       0.260576
4760        1.51992
4760        3.70573
4760        0.92803
4760        2.49748
4760        3.57793
4760        2.74661
4760        2.12493
4760        3.70898
4760        2.34025
4760        1.15859
4760        1.57466
4760        2.17833
4760        3.77272
4760        4.04045
4760        1.95074
4760        6.06866
4760        6.09861
4760        2.79087
4760        1.22744
4760        5.39689
4760       0.851387
4760        4.65866
4760       0.151407
4760        1.86384
4760        6.03407
4760        5.09093
4760        1.42881
4760        3.59098
4760        1.55643
4760        5.87939
4760       0.298957
4760        4.44495
4760          3.862
4760        5.47003
4760        4.31843
4760       0.803606
4760      0.0701778
4760        3.47701
4760        1.62944
4760        0.99415
4760        3.39885
4760       0.488725
4760        4.42369
4760      0.0329742
4760        5.36436
4760       0.297049
4760        3.98438
4760        5.47166
4760        5.14891
4760        3.08542
4760       0.092359
4760        4.22317
4760        3.18572
4760        1.90686
4760        3.28184
4760        4.09445
4760        3.93344
4760        5.94958
4760        4.81558
4760        3.84016
4760        3.21636
4760        2.92671
4760        4.46961
4760        6.21128
4760        3.65158
4760        3.30987
4760         4.6058
4760        1.62817
4760        1.79167
4760        5.24365
4760        5.15814
4760       0.464273
4760       0.374601
4760        1.28963
4760        1.80382
4760        4.41798
4760        2.14654
4760        4.42377
4760        2.73448
4760        1.73514
4760       0.836928
4760        2.86025
4760        3.01988
4760        2.35449
4760        4.62931
4760      0.0147959
4760        2.91944
4760        2.56686
4760         1.3708
4760        2.31257
4760         1.2731
4760       0.852318
4760        6.09721
4760        3.05599
4760        1.12306
4760        5.53058
4760        4.77257
4760        3.43967
4760        3.43608
4760       0.293092
4760        3.81404
4760        4.33663
4760        2.96188
4760       0.674156
4760       0.875299
4760        4.32034
4760        3.67441
4760         2.4673
4760        4.29968
4760        2.21964
4760        4.63147
4760        4.85173
4760        5.13292
4760        2.93875
4760        3.16014
4760        5.15603
4760        6.01822
4760        5.05713
4760        4.15839
4760        1.13848
4760        2.20184
4760         4.5187
4760        1.26673
4760        4.73484
4760        5.78655
4760        4.04887
4760        2.71644
4760        5.19181
4760        4.59546
4760        4.71645
4760        1.15571
4760        1.16523
4760        4.72577
4760        1.28363
4760        6.18348
4760        1.49133
4760        3.49873
4760        2.87304
4760       0.713591
4760       0.738151
4760        3.75429
4760        3.49873
4760        2.09964
4760        3.05406
4760        2.73726
4760        5.73476
4760       0.632753
4760        4.69763
4760        1.84447
4760        1.67241
4760        1.83196
4760        2.97433
4760        4.12259
4760        5.73217
4760        5.54685
4760        6.12009
4760        3.14096
4760        1.59653
4760         2.5597
4760        3.98694
4760        6.00638
4760        4.89492
4760         4.3776
4760        4.63005
4760        5.26245
4760        4.51457
4760         1.3581
4760        4.69479
4760        3.54639
4760        2.72663
4760        1.58422
4760       0.941548
4760        3.52329
4760        1.53861
4760        6.12933
4760        2.95348
4760        4.17526
4760        4.31629
4760       0.821158
4760        1.60379
4760       0.390632
4760        4.53299
4760       0.820452
4760         5.2472
4760       0.545784
4760       0.569849
4760          4.035
4760        1.76245
4760        4.34811
4760        3.27309
4760        4.40673
4760        2.62532
4760        3.94511
4760       0.808081
4760        4.43818
4760        2.36317
4760        5.82319
4760        5.82995
4760        1.71374
4760         2.2988
4760        2.03875
4760        3.80264
4760        5.59509
4760        2.05835
4760        6.25929
4760        3.31628
4760       0.799521
4760        2.77606
4760         1.3978
4760        4.55834
4760        4.54248
4760        5.01446
4760        1.49418
4760       0.654553
4760        5.78796
4760         1.4466
4760        6.05707
4760        3.77324
4760        3.25674
4760        5.71796
4760          3.543
4760         1.9911
4760        3.56452
4760        2.82896
4760        2.78806
4760        1.07895
4760       0.478909
4760        4.18686
4760        3.54179
4760        2.80361
4760        3.44113
4760        1.23678
4760        4.76441
4760        4.91888
4760       0.125814
4760        1.26072
4760        4.99985
4760        1.12712
4760        1.55738
4760        1.84294
4760         5.9335
4760        3.78294
4760        2.10809
4760        1.64262
4760        1.87394
4760       0.463379
4760        3.44599
4760        5.87736
4760       0.458523
4760        6.13728
4760        4.10909
4760        6.00608
4760        5.74736
4760        1.14563
4760        1.44493
4760        5.29704
4760        3.12801
4760        3.94161
4760       0.248061
4760        3.72455
4760        4.60479
4760       0.607027
4760        1.56218
4760        4.63089
4760        5.66744
4760       0.839583
4760        3.79807
4760        5.75149
4760        1.86165
4760        4.04335
4760        3.51537
4760        1.38903
4760        1.13256
4760        2.30218
4760        2.22677
4760        3.11987
4760         2.3283
4760        6.00508
4760        5.44547
4760         5.4967
4760        2.25535
4760        1.42004
4760       0.686019
4760       0.988493
4760        2.53603
4760       0.830642
4760        5.18237
4760       0.738758
4760      0.0343048
4760        5.50603
4760        0.37081
4760       0.570916
4760       0.552897
4760        3.84545
4760        3.48115
4760        4.06743
4760        5.20708
4760        0.50721
4760       0.369629
4760        4.26356
4760        3.57087
4760       0.237554
4760        1.88973
4760        2.63365
4760        1.84217
4760       0.406235
4760        0.22472
4760        2.92272
4760       0.388315
4760        2.74984
4760       0.899204
4760         1.7961
4760       0.817891
4760       0.672353
4760        3.68033
4760        1.80606
4760        5.00382
4760         2.8953
4760        2.65658
4760        3.10373
4760        2.13991
4760        5.01504
4760        2.48599
4760        1.05615
4760        3.58383
4760        1.10591
4760        5.92651
4760       0.284109
4760         1.2164
4760        3.49371
4760        4.36193
4760        3.75345
4760        5.60703
4760        5.32142
4760        2.84789
4760        1.38424
4760        2.33634
4760        3.89677
4760        1.39662
4760       0.521801
4760        1.95515
4760        4.39289
4760        4.74704
4760        3.21211
4760         4.5856
4760        1.84185
4760         3.7775
4760        4.35273
4760        4.84037
4760        4.49477
4760        2.50238
4760        1.48686
4760       0.636277
4760        4.98639
4760       0.305555
4760        3.68676
4760        2.84442
4760        6.02399
4760        4.13724
4760        5.97965
4760        1.21757
4760       0.935389
4760        5.66687
4760        6.24453
4760        4.18019
4760         3.5231
4760        4.05378
4760        2.32351
4760        4.34505
4760        3.21233
4760        2.30087
4760       0.614313
4760       0.705377
4760        1.12188
4760        3.17002
4760        4.42026
4760        4.04952
4760       0.622308
4760        4.83851
4760        4.38899
4760        4.48939
4760        6.16842
4760        4.13214
4760        2.15728
4760        5.65095
4760        3.92278
4760       0.362483
4760        2.74171
4760        5.96998
4760        3.65026
4760        6.04336
4760        2.85234
4760       0.477416
4760        1.48495
4760       0.875219
4760      0.0737904
4760         5.7971
4760        2.00793
4760        3.10518
4760        3.62752
4760        4.41906
4760        2.84141
4760        4.92273
4760        5.29498
4760         2.8627
4760        3.63473
4760        6.07132
4760        3.85205
4760        2.60082
4760       0.593119
4760        4.54044
4760        3.61476
4760        4.76015
4760       0.786044
4760        3.46265
4760        3.64809
4760        1.80396
4760        2.79583
4760        1.41841
4760        3.91498
4760        3.28543
4760        6.27786
4760        4.52207
4760       0.934806
4760         3.6947
4760        1.34402
4760        1.06266
4760        4.42821
4760      0.0572623
4760        4.64332
4760        3.41061
4760        6.13239
4760          3.044
4760       0.687024
4760        4.49044
4760        3.01695
4760        3.82544
4760        2.79117
4760        1.97111
4760        5.46034
4760        2.87264
4760       0.660235
4760        5.61605
4760        6.11387
4760        2.32399
4760        4.52995
4760      0.0314761
4760        5.24402
4760       0.135488
4760        5.23611
4760        5.02743
4760        2.38158
4760        2.60002
4760        4.48287
4760        3.47684
4760        3.19548
4760        1.65592
4760        4.55205
4760         3.4249
4760        0.63764
4760        4.84061
4760        0.83454
4760         3.2521
4760        2.03431
4760        1.67642
4760       0.272833
4760       0.689541
4760        5.13913
4760        6.22642
4760        3.03949
4760       0.740044
4760        5.01457
4760        1.11479
4760       0.377847
4760       0.102127
4760        1.51952
4760        1.66063
4760        1.97195
4760        3.66467
4760       0.578029
4760        2.33788
4760        1.88648
4760       0.672376
4760        0.01018
4760        4.41756
4760         5.1919
4760        5.56727
4760        2.71755
4760       0.821717
4760         5.8267
4760       0.696443
4760        4.55378
4760        3.47222
4760        1.59302
4760         3.9865
4760        1.44634
4760         1.9592
4760        1.13513
4760       0.880326
4760        4.84987
4760        5.57298
4760        1.43044
4760        1.13532
4760      0.0559641
4760       0.654866
4760        5.09244
4760         2.8427
4760       0.796479
4760       0.612109
4760        3.70844
4760        1.52646
4760        4.47457
4760       0.817731
4760        3.70799
4760        6.00144
4760        4.43975
4760        3.18136
4760        5.66335
4760        4.82381
4760        4.91617
4760        1.07241
4760        2.52573
4760        1.07017
4760        2.63968
4760        4.16212
4760        1.39799
4760        3.14132
4760        2.99125
4760        6.19437
4760        4.43649
4760       0.184782
4760        5.93555
4760        2.15905
4760        5.49017
4760        3.94199
4760        3.28098
4760        1.29115
4760        4.17063
4760        4.42343
4760       0.624919
4760        5.99323
4760        2.20241
4760       0.414667
4760         1.1551
4760       0.952734
4760        4.34637
4760       0.370575
4760        2.22516
4760        1.68929
4760       0.475054
4760       0.518523
4760       0.483996
4760       0.462707
4760         2.1246
4760        5.69512
4760        1.06887
4760        6.17043
4760        3.96719
4760        5.99052
4760        5.01772
4760        4.44519
4760        6.01277
4760       0.169577
4760         2.2358
4760        0.84566
4760        4.50393
4760        6.06887
4760       0.982462
4760        3.71878
4760        2.79342
4760         2.9452
4760       0.249744
4760        2.06315
4760        4.79351
4760        1.32901
4760        3.50616
4760       0.195763
4760        2.19595
4760        3.06564
4760       0.187205
4760        3.33666
4760      0.0356379
4760        3.14465
4760        3.36146
4760          5.978
4760       0.506622
4760        1.77547
4760        1.35905
4760        1.15491
4760        4.90684
4760        2.67794
4760       0.198678
4760        5.82199
4760        4.20489
4760        1.52027
4760        1.19709
4760        5.99122
4760        1.19228
4760        1.94271
4760        6.13218
4760        3.75288
4760        2.76018
4760       0.770994
4760        3.70324
4760        1.43725
4760        6.03531
4760        3.96716
4760        0.52792
4760        4.73635
4760       0.439056
4760        5.29826
4760        2.98087
4760        0.83628
4760        4.69795
4760       0.560603
4760        2.06604
4760      0.0235483
4760        4.58333
4760        0.78798
4760        4.90447
4760        6.25047
4760        4.40658
4760        4.82085
4760        3.43963
4760       0.211957
4760        3.81516
4760       0.796639
4760        3.83115
4760        3.93842
4760        2.56776
4760       0.879257
4760        1.42673
4760        1.79461
4760       0.992156
4760       0.504303
4760       0.336971
4760        4.99792
4760        3.17522
4760        1.20768
4760        0.35131
4760      0.0987288
4760        1.02357
4760      0.0714567
4760        1.05777
4760         3.5912
4760        2.01445
4760        6.15607
4760       0.845413
4760        4.40859
4760        1.34156
4760        2.24726
4760        2.60199
4760         1.5096
4760         3.2337
4760        3.05929
4760        5.92273
4760        5.21643
4760        5.85197
4760        4.63061
4760        1.00584
4760        1.75479
4760         1.5538
4760        2.07035
4760       0.293102
4760        3.28926
4760        3.30238
4760        2.58468
4760       0.392369
4760        1.36933
4760        1.58662
4760        5.75016
4760       0.527944
4760        3.05498
4760        5.88878
4760        1.19151
4760        2.41613
4760        5.11145
4760        3.24706
4760        1.91367
4760        3.19321
4760         4.1737
4760        1.44267
4760        4.22998
4760         2.3092
4760        2.95121
4760       0.300739
4760        3.51409
4760        4.27441
4760        1.02399
4760       0.742642
4760        2.43081
4760         3.2757
4760          6.093
4760        1.14203
4760       0.460457
4760        3.67664
4760       0.348625
4760        5.01112
4760        3.31185
4760        4.27022
4760        1.07234
4760        1.68688
4760       0.980485
4760        4.36924
4760         4.3309
4760      0.0853066
4760       0.269161
4760        5.58257
4760        4.22572
4760        1.81481
4760        0.47445
4760        2.02074
4760        1.24086
4760        4.34411
4760        5.39841
4760        4.30873
4760         6.1168
4760        1.46107
4760       0.924688
4760        5.55424
4760        2.51734
4760        5.63685
4760        1.74898
4760        3.50335
4760       0.576759
4760        2.11281
4760        3.68965
4760        4.04065
4760        2.50945
4760        2.06169
4760       0.719604
4760        1.33047
4760       0.841579
4760        4.01036
4760        1.79072
4760        1.96447
4760        4.21478
4760        2.90554
4760       0.357073
4760        3.44644
4760        1.50033
4760        1.32929
4760       0.932096
4760       0.627896
4760        4.01083
4760        2.82387
4760        4.08857
4760        4.91222
4760        1.01598
4760        3.40787
4760        4.37592
4760         4.7004
4760        3.92457
4760         2.6941
4760         3.8548
4760        5.19273
4760        5.57724
4760       0.450597
4760        1.65452
4760        3.44474
4760        3.77085
4760         2.5878
4760       0.679021
4760        1.71322
4760        3.52702
4760        4.91892
4760       0.226849
4760        2.54714
4760       0.324585
4760         3.2535
4760           1.58
4760        1.66288
4760        1.71091
4760        4.88585
4760       0.962609
4760         4.5574
4760        2.25073
4760       0.794497
4760        1.29723
4760        3.24679
4760        5.50734
4760        3.92686
4760       0.788695
4760        6.10599
4760        1.71228
4760        3.15743
4760        1.78645
4760        4.10727
4760        2.48916
4760         3.2888
4760       0.453488
4760        4.93975
4760         3.2045
4760        4.73247
4760        1.63291
4760        1.30545
4760        6.16075
4760       0.374056
4760        4.23777
4760        4.23908
4760        3.69475
4760        4.79948
4760        6.25883
4760        1.66493
4760        3.89965
4760        4.48055
4760        1.59699
4760        1.51755
4760        3.34723
4760         3.3989
4760        4.66537
4760       0.323195
4760        2.17856
4760        4.74658
4760        5.73572
4760         1.8823
4760        5.28164
4760       0.946056
4760        5.53903
4760       0.720347
4760        3.39558
4760      0.0147975
4760       0.600831
4760         5.4382
4760        4.86414
4760        5.13503
4760        1.27324
4760        1.70649
4760        1.68767
4760        3.05451
4760        2.05219
4760        3.70158
4760        3.83006
4760        5.94768
4760       0.242417
4760        4.39922
4760        2.21716
4760        3.62957
4760        4.81536
4760         1.8596
4760        3.57065
4760        3.00914
4760        3.29819
4760        1.77726
4760       0.285819
4760        1.19393
4760        3.92596
4760        4.62503
4760        4.03948
4760       0.542246
4760        0.18729
4760        3.89028
4760        4.68401
4760         1.3737
4760        3.46233
4760        2.13211
4760        4.04042
4760        2.56906
4760        4.83458
4760       0.901956
4760        0.60135
4760         2.3412
4760        1.21081
4760       0.928124
4760        4.38771
4760        5.78173
4760        1.06207
4760        1.21641
4760        3.32928
4760        2.03175
4760        4.02882
4760       0.391319
4760        1.99948
4760       0.168874
4760        1.88263
4760        1.47501
4760        4.50558
4760        5.95268
4760         2.0559
4760        4.32143
4760        3.06753
4760         4.3232
4760         3.9244
4760        1.90438
4760        6.26444
4760        5.27775
4760         2.7496
4760        1.76789
4760        2.52732
4760        2.73837
4760        3.48785
4760        5.43423
4760        1.42351
4760        3.01365
4760       0.423189
4760        3.84174
4760       0.970755
4760        4.07176
4760        4.12814
4760        3.27978
4760        2.68678
4760       0.254693
4760     0.00515982
4760        3.80813
4760        6.19915
4760        2.29125
4760        1.24654
4760       0.491525
4760           6.19
4760        2.83767
4760        6.00883
4760        5.01304
4760        3.12561
4760        2.96622
4760       0.105093
4760        3.88706
4760        5.76297
4760        3.60193
4760        2.45657
4760        5.36071
4760        5.85735
4760       0.232381
4760        4.55732
4760        3.85424
4760        3.98377
4760        3.15022
4760        4.57519
4760          2.249
4760        5.45417
4760        4.87216
4760        2.69519
4760        3.98268
4760       0.811592
4760        4.17859
4760        5.76042
4760        0.59911
4760        4.68525
4760       0.839726
4760        2.58699
4760       0.230424
4760        3.10097
4760        1.79094
4760       0.652224
4760       0.372314
4760         3.8983
4760        4.76302
4760        3.81253
4760        2.38455
4760       0.150391
4760       0.532937
4760       0.748078
4760        3.88978
4760        2.90889
4760        1.45456
4760        6.08739
4760       0.907401
4760        5.50169
4760        4.53433
4760       0.508693
4760        5.82188
4760        5.85691
4760        5.68588
4760       0.475992
4760        1.07862
4760        3.31016
4760       0.127053
4760          3.995
4760       0.976093
4760        5.94935
4760       0.253937
4760        5.96893
4760        2.23627
4760        1.24498
4760        3.55612
4760        4.09651
4760       0.185914
4760      0.0471102
4760       0.958314
4760        5.26809
4760        3.07201
4760         3.6949
4760        2.20061
4760        4.63505
4760       0.592083
4760        3.25266
4760        5.93751
4760        1.20233
4760        4.25065
4760        3.09574
4760       0.699374
4760        4.14296
4760        2.78909
4760         1.1278
4760        1.92066
4760        5.65545
4760        1.56138
4760        4.06971
4760        3.13427
4760        0.92984
4760        4.50619
4760      0.0691093
4760        2.78338
4760        1.79428
4760       0.241683
4760        4.01511
4760       0.629947
4760        5.81531
4760        5.55821
4760        3.70161
4760        1.73108
4760        2.49546
4760        3.68551
4760          3.078
4760        6.04807
4760       0.120578
4760        3.20201
4760       0.770275
4760        4.14812
4760        6.22779
4760        4.92312
4760       0.892928
4760        5.82852
4760       0.687596
4760         1.5037
4760        2.99825
4760        3.65944
4760        4.08038
4760        2.43693
4760       0.517396
4760       0.586985
4760        3.99326
4760        6.28011
4760       0.380558
4760        3.86202
4760        1.52553
4760       0.447304
4760       0.841729
4760        4.89742
4760        4.56603
4760       0.410213
4760        3.85761
4760        3.93824
4760        0.67827
4760       0.252088
4760        4.29597
4760       0.535769
4760        2.60803
4760         1.0392
4760         1.2296
4760        6.06763
4760        4.13816
4760        1.50149
4760        4.32266
4760        1.80071
4760        1.12139
4760       0.720915
4760        4.33514
4760        4.24578
4760       0.830106
4760        2.65649
4760       0.176277
4760        5.02657
4760        1.65776
4760        2.82737
4760        5.14183
4760       0.466084
4760        3.50438
4760        5.32448
4760        3.75182
4760        6.17916
4760        4.73551
4760        2.10645
4760       0.314202
4760        3.63634
4760       0.621329
4760        1.45909
4760       0.615056
4760        3.94143
4760        4.05697
4760        3.05755
4760        1.09353
4760        2.82132
4760         1.1618
4760        1.15186
4760        6.26058
4760        2.96258
4760        3.39409
4760        4.72942
4760        5.98976
4760       0.335161
4760        3.58398
4760        3.73676
4760        3.59084
4760        1.38195
4760        4.80165
4760        3.51774
4760        5.63276
4760        1.36886
4760       0.043562
4760        6.24147
4760        5.17659
4760        1.05049
4760         3.9607
4760        1.25942
4760        4.06974
4760       0.214096
4760        5.25998
4760        4.94728
4760        1.44712
4760       0.414748
4760        2.78927
4760        1.69344
4760        3.82869
4760        1.40886
4760        4.59115
4760        5.86433
4760        2.90983
4760        5.14277
4760        2.81084
4760        4.16203
4760        4.61136
4760        3.70435
4760        1.89908
4760         1.6986
4760        6.01608
4760        0.18581
4760        3.91227
4760      0.0501842
4760        3.57966
4760     0.00966573
4760       0.654004
4760       0.531991
4760         3.5544
4760        2.88692
4760        5.47394
4760      0.0859821
4760       0.239154
4760        3.79477
4760        1.62069
4760        1.51041
4760        0.76167
4760        3.94034
4760        3.37195
4760        5.09286
4760        0.92482
4760        6.10472
4760        3.44284
4760        5.96971
4760        2.72718
4760       0.454571
4760       0.315539
4760        5.78424
4760        3.68797
4760        3.84807
4760        2.33537
4760        1.97611
4760        3.58865
4760        2.02298
4760        1.49365
4760        3.39303
4760        5.98655
4760        1.56414
4760        1.29968
4760        5.78526
4760        3.66282
4760        6.20932
4760        2.34928
4760         0.0876
4760       0.479751
4760        2.86321
4760        6.27157
4760        4.82096
4760         4.6005
4760         2.0734
4760        0.20219
4760       0.901874
4760         3.1671
4760       0.624178
4760        4.75175
4760        1.67257
4760        4.16056
4760        5.87931
4760        1.36042
4760        1.35758
4760      0.0378936
4760        1.95288
4760        1.73852
4760      0.0762196
4760        2.49096
4760        4.86524
4760        0.43305
4760         4.0962
4760        5.81783
4760         5.9299
4760        5.03257
4760       0.271105
4760        4.02451
4760       0.545029
4760        3.38123
4760         4.7913
4760          5.795
4760        2.16712
4760        3.61247
4760        5.08208
4760        1.46584
4760        6.24736
4760        2.84406
4760         5.2266
4760       0.204154
4760        5.62721
4760        3.50313
4760        2.18207
4760        2.63658
4760        3.79432
4760        4.19301
4760        4.92649
4760        3.80659
4760         4.8789
4760        4.99991
4760         3.0722
4760         1.3098
4760       0.504919
4760        6.11554
4760        2.22864
4760        2.13479
4760      0.0721832
4760       0.214845
4760        2.49601
4760        5.50898
4760        5.81746
4760        1.63518
4760        4.87193
4760        3.34246
4760         2.3183
4760        3.38336
4760       0.460579
4760        4.74286
4760        3.44403
4760        1.29301
4760        1.52323
4760      0.0840424
4760         3.8013
4760        3.23651
4760        4.12542
4760        1.62793
4760       0.123465
4760        1.17097
4760       0.290465
4760        3.59002
4760        2.86426
4760        5.41682
4760       0.720676
4760       0.260351
4760        1.94343
4760       0.438974
4760        1.08777
4760       0.780165
4760        3.46103
4760       0.557284
4760       0.538288
4760       0.747093
4760        2.06261
4760        1.43863
4760         3.5643
4760        3.40538
4760        3.04913
4760        2.47038
4760        5.70333
4760        5.82715
4760        3.82596
4760         1.7729
4760       0.201842
4760        5.76208
4760        2.02316
4760        1.23471
4760        6.01625
4760         5.1719
4760        1.58459
4760        5.17246
4760        0.60254
4760        1.17596
4760        4.81032
4760        3.19022
4760        6.02183
4760        3.50894
4760         1.1271
4760        5.93527
4760        2.84929
4760        2.59423
4760       0.790836
4760        1.57411
4760        5.05948
4760        3.74074
4760        4.65773
4760        0.98349
4760         4.5155
4760       0.472127
4760        1.61866
4760        5.23959
4760        3.74445
4760        6.26585
4760         5.3928
4760        1.28179
4760        1.16237
4760        6.02728
4760        3.82509
4760        3.05311
4760       0.122294
4760        4.30973
4760       0.334099
4760        5.83705
4760        5.60444
4760       0.938548
4760        3.20658
4760        5.24913
4760        3.76971
4760         5.6748
4760        2.33713
4760        3.42051
4760        3.00168
4760        2.57837
4760        2.26194
4760         1.0243
4760        5.48638
4760        4.58112
4760        3.86824
4760        4.85818
4760        2.45781
4760        1.13851
4760       0.661744
4760       0.653141
4760        6.08584
4760        1.52684
4760        3.52313
4760         5.6319
4760        3.09621
4760       0.812733
4760       0.161387
4760         2.9344
4760        3.51588
4760          2.844
4760       0.714652
4760       0.661054
4760         3.6879
4760        0.48169
4760        3.17557
4760        6.27706
4760        3.56414
4760        3.18845
4760        3.70284
4760        6.07302
4760        4.98786
4760        2.31316
4760       0.365754
4760        6.10171
4760        1.45154
4760         6.2485
4760       0.913041
4760        5.22522
4760        2.11642
4760        3.08601
4760         4.1631
4760         0.4964
4760        0.51877
4760         2.2693
4760        3.00794
4760       0.244287
4760        4.94572
4760        2.72905
4760        3.10458
4760       0.133036
4760        2.24942
4760       0.969626
4760        4.99272
4760       0.141591
4760        4.09689
4760        3.64348
4760         2.0915
4760           3.14
4760        3.00805
4760        4.29657
4760        2.81297
4760        3.72986
4760        5.52406
4760        3.19515
4760       0.317855
4760       0.210218
4760          5.523
4760       0.563668
4760        1.06944
4760        1.70776
4760        6.00567
4760        6.18427
4760        1.73078
4760        3.01518
4760         5.7351
4760        3.20776
4760        0.58314
4760       0.855249
4760         3.7528
4760        1.39029
4760        4.81511
4760        5.74576
4760        4.45161
4760        1.70301
4760        6.24668
4760        3.75596
4760        1.80408
4760         1.9042
4760        5.91331
4760        3.15584
4760        3.71555
4760       0.687859
4760       0.421315
4760        3.03534
4760        2.77883
4760        2.26894
4760        1.77295
4760        5.61261
4760        6.13901
4760        5.20612
4760        4.06297
4760        5.69003
4760        1.59525
4760        5.22139
4760        2.84792
4760        4.17179
4760        6.11965
4760        1.27239
4760       0.347293
4760       0.384571
4760        5.58579
4760        2.41975
4760        1.23328
4760        5.21078
4760         5.7676
4760        2.80459
4760        3.47435
4760         3.1105
4760         2.0448
4760        2.94067
4760        5.35437
4760        4.00995
4760        4.26397
4760         6.2498
4760        2.14264
4760         1.2076
4760        3.62557
4760        3.65177
4760       0.179789
4760       0.352849
4760        6.09911
4760       0.973699
4760       0.701785
4760        1.10299
4760        4.88031
4760        4.91424
4760         3.8065
4760       0.736326
4760        2.03086
4760        6.05268
4760        1.40899
4760        1.29859
4760        5.52272
4760         5.1111
4760        2.66514
4760        3.96347
4760        1.21406
4760        2.43267
4760        3.92199
4760        2.20011
4760        1.92759
4760        3.11318
4760        2.72883
4760       0.789976
4760        2.06649
4760        1.80377
4760        3.52959
4760        5.96225
4760        1.21966
4760        5.16838
4760        2.37423
4760        4.30722
4760        3.27849
4760        5.66882
4760       0.880934
4760        2.97237
4760       0.545126
4760         3.9926
4760        4.03266
4760        2.14996
4760        2.60863
4760        3.81741
4760        1.57338
4760       0.178408
4760        5.75692
4760        4.09483
4760        4.25896
4760        2.81416
4760        1.87296
4760        5.89829
4760        1.58576
4760        3.86356
4760       0.220751
4760        4.62841
4760        4.31979
4760       0.186669
4760        3.68533
4760        4.67672
4760         3.1132
4760         3.8683
4760        1.89803
4760        1.05305
4760        1.20424
4760        5.26693
4760        1.64785
4760        1.37953
4760        2.43299
4760        3.32321
4760       0.849928
4760        1.10534
4760       0.470005
4760        4.32177
4760        2.98648
4760        2.57872
4760        2.50233
4760        2.52112
4760        4.16445
4760       0.642423
4760        4.47357
4760        3.65177
4760        1.39128
4760        2.01191
4760        4.90687
4760        5.50144
4760        3.99395
4760        2.04751
4760           5.65
4760        3.48733
4760        6.10082
4760        4.76966
4760       0.300739
4760        1.76712
4760       0.558407
4760        3.30212
4760        5.81468
4760        0.75451
4760        1.12977
4760        1.51278
4760        5.39066
4760        1.72621
4760         1.7687
4760        2.70656
4760        1.78221
4760        3.32252
4760        4.05278
4760        1.41537
4760        4.87982
4760        4.04345
4760        3.42286
4760        4.54138
4760       0.687679
4760        2.88383
4760        3.61186
4760        6.11255
4760        3.80034
4760        4.03006
4760        3.88347
4760        3.14881
4760       0.408657
4760        3.43422
4760       0.126573
4760        3.12495
4760        2.66226
4760        3.03935
4760        2.33861
4760       0.315608
4760        2.88119
4760        3.53875
4760        3.28812
4760        6.07978
4760        3.15726
4760        1.10967
4760        4.47546
4760        4.85831
4760        6.09007
4760        1.04697
4760        2.92014
4760        2.38002
4760        6.11618
4760        3.71223
4760        1.81719
4760        3.64522
4760        5.68115
4760      0.0851699
4760        5.45927
4760        1.48647
4760        2.32694
4760        3.76475
4760        2.51629
4760         5.6559
4760        1.85163
4760        3.91446
4760         1.4318
4760        3.33044
4760       0.212165
4760        2.89488
4760       0.769259
4760        5.48147
4760       0.277479
4760         6.1898
4760        2.48129
4760         3.6961
4760        3.46809
4760        3.46867
4760        5.32301
4760        4.95046
4760         1.0342
4760        4.49453
4760        3.88383
4760       0.569609
4760        4.27807
4760         3.7725
4760        2.52293
4760        3.68997
4760       0.166912
4760         4.9494
4760        5.60029
4760        5.69369
4760        5.92674
4760        1.70624
4760        4.13626
4760        2.45581
4760        3.45596
4760        4.88532
4760        3.86523
4760        2.57246
4760        3.67326
4760       0.524091
4760        4.72738
4760        1.20136
4760       0.273949
4760        4.47014
4760      0.0217563
4760        1.05284
4760        2.82295
4760        4.93492
4760       0.290532
4760         4.7255
4760        5.67076
4760        4.40364
4760       0.636529
4760        2.55696
4760        1.95421
4760       0.382702
4760       0.469724
4760       0.122566
4760       0.264992
4760        5.16437
4760        4.10459
4760        5.86555
4760        1.95758
4760        3.63652
4760        1.42117
4760        5.07494
4760        5.60831
4760       0.337174
4760         2.3817
4760         2.4333
4760        6.18738
4760        2.79499
4760        4.31505
4760        1.47485
4760        3.18726
4760       0.778937
4760        1.07336
4760        2.50123
4760        1.97538
4760        4.53372
4760        3.85895
4760        5.63425
4760       0.430911
4760        6.18894
4760        3.45893
4760        5.54412
4760        6.06905
4760        1.12746
4760        3.87117
4760       0.214302
4760        5.06801
4760        1.02148
4760        3.06202
4760        0.49268
4760        1.20562
4760       0.839406
4760        4.76966
4760        3.79575
4760       0.225356
4760        6.27804
4760       0.588033
4760        3.02009
4760        5.80355
4760        2.33749
4760        2.69781
4760        2.34181
4760        1.90891
4760         4.5886
4760        5.34703
4760        3.43285
4760       0.593722
4760        1.37173
4760        1.15107
4760        4.96834
4760        5.76729
4760        1.04523
4760        1.26013
4760        4.62266
4760        2.97653
4760        2.22274
4760       0.407215
4760        3.96453
4760        2.26654
4760        1.12041
4760        4.27941
4760        4.48513
4760         1.0659
4760        4.32795
4760        6.18111
4760        4.09671
4760         3.8873
4760        4.04927
4760        5.76668
4760        3.12104
4760    0.000657553
4760        6.00951
4760       0.885473
4760        4.85797
4760        1.44274
4760       0.388143
4760        2.91934
4760        5.66273
4760        1.15591
4760        4.70643
4760       0.297584
4760        4.30016
4760        1.57017
4760       0.214579
4760        2.10479
4760        3.69008
4760        3.40327
4760        1.64649
4760       0.781388
4760        5.89298
4760        4.49623
4760        2.00812
4760        3.73637
