4918        4.92343
4918        3.00089
4918        3.12351
4918       0.995882
4918        4.79907
4918        3.11026
4918        4.20842
4918        4.07135
4918        5.40226
4918        5.48627
4918       0.214049
4918        1.29396
4918        3.92575
4918        1.83054
4918       0.546178
4918       0.106115
4918       0.394035
4918        3.17269
4918        3.62752
4918        0.77118
4918        6.13514
4918        2.43581
4918        4.50915
4918        6.27556
4918        3.01355
4918        3.62702
4918       0.108366
4918        3.69048
4918       0.640758
4918        4.37838
4918        3.06527
4918        3.09047
4918        2.32573
4918        2.34949
4918       0.361321
4918       0.508078
4918        3.18648
4918        1.95469
4918        2.41004
4918        6.08199
4918        5.51579
4918        2.59072
4918        2.88656
4918        2.42591
4918        6.06563
4918        4.07208
4918        1.14151
4918        5.58095
4918        3.92358
4918       0.309859
4918        3.71904
4918         5.6456
4918        3.03597
4918       0.292949
4918        6.13709
4918       0.992345
4918        5.14952
4918       0.993975
4918         3.6398
4918         3.9367
4918      0.0506596
4918        3.94579
4918        1.82088
4918        3.37712
4918        5.00652
4918        2.17553
4918        2.80868
4918        4.44417
4918        3.05635
4918        2.74669
4918        1.23418
4918       0.149078
4918        1.37171
4918        4.65777
4918       0.361081
4918        3.31253
4918       0.759465
4918        0.97172
4918       0.106186
4918       0.481976
4918        1.43887
4918        2.73536
4918       0.947714
4918        2.54462
4918        2.40891
4918       0.462802
4918        0.27735
4918        4.74632
4918       0.131916
4918       0.574973
4918        5.86645
4918        3.14086
4918        1.13364
4918        0.01339
4918        2.80264
4918       0.795996
4918        1.00882
4918      0.0138857
4918       0.481473
4918        1.17443
4918        2.32121
4918        5.86759
4918         5.9367
4918        5.34696
4918        1.79455
4918        1.13221
4918        5.73682
4918        2.90325
4918        3.76707
4918        6.17374
4918        1.26908
4918        1.71183
4918        5.42509
4918       0.400727
4918        3.46043
4918        6.04535
4918        3.13521
4918        5.86316
4918         2.7737
4918        6.18216
4918       0.113113
4918       0.786852
4918       0.632231
4918        3.38129
4918        1.13747
4918       0.870296
4918        2.60066
4918        2.90471
4918        5.66305
4918        2.70053
4918          5.855
4918        3.05354
4918        3.87152
4918        5.74227
4918       0.721647
4918        2.66333
4918         4.7635
4918        2.28031
4918        3.57631
4918        3.49862
4918        2.92165
4918       0.834768
4918        2.77404
4918        5.89687
4918        3.57782
4918        3.01564
4918        2.59656
4918        5.07807
4918        3.44654
4918        4.34336
4918         1.8391
4918        2.54186
4918        5.91699
4918      0.0729495
4918       0.108862
4918        5.67291
4918        2.06219
4918        6.03454
4918         1.7011
4918       0.676852
4918       0.964037
4918        5.79587
4918        3.00756
4918       0.567103
4918        3.12779
4918        3.81999
4918       0.727731
4918         1.2585
4918        1.58682
4918        2.92228
4918        3.48946
4918        3.75733
4918        3.56392
4918        6.09617
4918        5.93336
4918        3.35208
4918        1.50616
4918        4.23684
4918        2.69267
4918        2.17826
4918        1.30805
4918         3.2824
4918       0.465992
4918        2.99773
4918        3.66127
4918        3.30801
4918          1.468
4918        4.83906
4918        1.11561
4918       0.934728
4918         5.8639
4918        4.51376
4918        2.21409
4918          3.083
4918        2.62497
4918        5.84954
4918         1.3741
4918        6.07798
4918        1.46565
4918       0.741408
4918        4.41103
4918        5.77212
4918       0.841046
4918        3.41066
4918        2.41681
4918        2.09144
4918        6.27994
4918        1.32922
4918         5.2815
4918        2.53985
4918        3.34071
4918        2.59379
4918        2.67441
4918        3.29488
4918        0.21777
4918        4.71878
4918        3.90084
4918        5.96803
4918        5.52924
4918         2.7133
4918        3.45408
4918       0.399331
4918        5.62333
4918        3.52896
4918        4.11206
4918         3.1728
4918       0.218035
4918        1.02474
4918        3.77459
4918        3.69411
4918         5.9112
4918        1.06226
4918        1.08662
4918        6.09141
4918        5.59537
4918       0.535874
4918        5.12835
4918        1.37106
4918        2.29293
4918        4.16771
4918        3.66527
4918        1.04366
4918       0.268779
4918       0.614064
4918       0.236786
4918        4.03564
4918        5.65119
4918        5.48466
4918        1.58129
4918        6.17065
4918        6.21924
4918        3.33287
4918       0.450298
4918        4.43375
4918        2.03858
4918      0.0781869
4918         3.4913
4918       0.313896
4918       0.616693
4918        4.74949
4918        2.91387
4918       0.533763
4918       0.299328
4918       0.205902
4918       0.601307
4918        1.32349
4918        4.23088
4918        1.61699
4918          2.806
4918        3.05318
4918        2.29998
4918       0.326281
4918        3.85707
4918         3.7186
4918        3.49352
4918       0.466767
4918        2.14281
4918        3.14439
4918         1.3605
4918         5.8313
4918        3.79194
4918       0.380745
4918        3.14884
4918        4.39463
4918        4.09209
4918        4.31117
4918       0.419468
4918        5.81757
4918       0.293025
4918        2.81011
4918       0.752227
4918        0.66212
4918        3.69873
4918        5.15294
4918        2.57057
4918        5.53472
4918        5.84981
4918       0.568125
4918        2.53864
4918        1.08258
4918        3.97025
4918         3.1882
4918       0.444294
4918        1.06594
4918        5.57267
4918        3.92985
4918        4.00722
4918        3.50333
4918        2.47559
4918        5.64396
4918        4.50654
4918        3.16159
4918       0.583782
4918        0.44162
4918        1.06156
4918        6.21246
4918       0.961949
4918        3.53048
4918       0.672111
4918        5.83683
4918        6.15703
4918        1.10735
4918        4.99608
4918         3.2777
4918        4.11211
4918        1.76765
4918        6.02664
4918        6.03368
4918       0.625634
4918        2.84386
4918        1.07433
4918        1.28127
4918        2.70353
4918        3.60695
4918        3.50579
4918        5.19341
4918       0.131452
4918        3.59892
4918        1.51376
4918         3.5369
4918        2.84703
4918        4.02823
4918        1.43367
4918        3.82591
4918        1.11228
4918       0.451276
4918       0.578281
4918        3.17326
4918        3.91984
4918        5.05808
4918        4.05968
4918        2.50566
4918        1.38112
4918        5.54728
4918        2.44246
4918        1.26523
4918        4.05566
4918         3.5974
4918        3.47693
4918        1.03897
4918        4.64703
4918        4.50551
4918       0.864046
4918        3.17469
4918        4.29828
4918        6.03201
4918        5.00546
4918         6.2662
4918        5.05515
4918        0.94316
4918          1.376
4918       0.521859
4918         3.0228
4918        0.20806
4918        4.97146
4918       0.405857
4918        3.37852
4918       0.642131
4918        4.04856
4918       0.669413
4918         5.6417
4918        0.74911
4918        3.65014
4918       0.404641
4918        4.99899
4918       0.393784
4918        2.96904
4918        4.58606
4918        5.16766
4918       0.768389
4918       0.105696
4918        2.72518
4918        4.21809
4918        2.86523
4918        2.78975
4918        4.43614
4918        4.93373
4918         4.3724
4918        5.86698
4918        6.08568
4918        1.52455
4918        6.26542
4918       0.130481
4918       0.126559
4918        3.66122
4918       0.930499
4918       0.408132
4918        3.62774
4918        2.83689
4918        3.05219
4918        6.07655
4918        6.18035
4918        1.32444
4918        4.67862
4918        6.13372
4918       0.841887
4918        5.73926
4918       0.951269
4918        3.00498
4918        6.15545
4918        5.51839
4918       0.768283
4918        1.31871
4918        2.88886
4918       0.550631
4918        5.99855
4918        1.47257
4918        5.34775
4918        5.59323
4918       0.991049
4918        3.70076
4918        2.62412
4918        3.37677
4918       0.358912
4918        1.53825
4918       0.590276
4918       0.489879
4918        3.05864
4918       0.225213
4918        1.42076
4918        1.13914
4918       0.546613
4918        5.30777
4918       0.334598
4918       0.674576
4918        5.09171
4918       0.144722
4918        4.19688
4918        3.14044
4918         3.9222
4918       0.959478
4918        3.46917
4918        3.37857
4918        1.34481
4918        3.86125
4918        2.92797
4918        1.33984
4918        6.19586
4918       0.845765
4918        3.74925
4918      0.0645781
4918        2.14752
4918         4.4199
4918        2.96943
4918        4.00285
4918        2.15564
4918        5.04226
4918        3.57303
4918        1.36537
4918       0.881851
4918       0.982866
4918        6.12436
4918        5.84049
4918        3.65621
4918        1.35916
4918        4.08459
4918        3.25139
4918        5.46403
4918       0.374521
4918        1.10458
4918        1.26002
4918       0.348066
4918        6.23079
4918        1.43302
4918        4.05272
4918        1.80607
4918        5.96351
4918       0.552469
4918       0.580404
4918        2.95997
4918        3.56343
4918        3.83626
4918         5.9298
4918       0.133324
4918        2.52396
4918        6.06227
4918        3.23484
4918        6.28232
4918        3.35882
4918        1.00726
4918        0.18324
4918        3.80399
4918        2.88934
4918        3.71956
4918       0.646613
4918        3.18479
4918        3.38032
4918        4.71789
4918        5.92841
4918        3.30066
4918        3.25788
4918        4.45067
4918        4.04078
4918        2.63925
4918        5.67668
4918         5.1159
4918        3.35851
4918        5.01389
4918        5.13918
4918        2.66073
4918        0.59781
4918        4.17558
4918        3.15577
4918        4.77461
4918        0.51318
4918        4.34078
4918        3.57628
4918        5.21462
4918        1.58894
4918         3.4397
4918       0.214656
4918        4.76803
4918        4.88669
4918       0.608998
4918        5.28079
4918       0.954898
4918        1.66397
4918       0.599447
4918        1.99398
4918        1.75449
4918        3.88271
4918        5.93888
4918        6.02364
4918      0.0494906
4918         5.8426
4918        1.76942
4918          3.358
4918        4.30375
4918        2.76016
4918         1.1051
4918        4.77557
4918        1.24373
4918        3.79085
4918        4.11679
4918       0.648905
4918        3.90211
4918        5.23763
4918       0.145899
4918       0.795654
4918        5.59886
4918       0.403854
4918        0.29325
4918        2.05546
4918        1.54836
4918        4.29156
4918        3.81766
4918        0.10576
4918       0.863054
4918        3.13497
4918        4.69744
4918        3.89045
4918        4.87759
4918       0.769189
4918        5.91199
4918        5.74901
4918        4.04308
4918        6.01527
4918        3.14015
4918         4.8282
4918        1.14156
4918        1.04513
4918       0.664794
4918        3.88339
4918       0.576254
4918      0.0233836
4918        3.93197
4918        1.61869
4918         6.2525
4918        2.65985
4918        4.13341
4918        6.17811
4918         6.0565
4918        6.10366
4918       0.507314
4918        6.08671
4918        5.97602
4918       0.590548
4918       0.645811
4918       0.120667
4918        3.92761
4918        6.13499
4918        3.43891
4918        2.34784
4918       0.256117
4918        6.12699
4918        5.71541
4918        4.62937
4918        1.88719
4918       0.475288
4918        3.37525
4918       0.845256
4918       0.274817
4918          1.062
4918        4.56448
4918        3.69185
4918        5.25283
4918        3.14584
4918          3.661
4918         4.5207
4918       0.261795
4918        4.75347
4918        3.43344
4918        4.23852
4918        3.31197
4918        2.68909
4918        5.09466
4918        3.81293
4918        6.17286
4918        2.16044
4918        5.75874
4918        1.12021
4918      0.0538813
4918        4.58584
4918        3.58283
4918        3.73368
4918         2.9969
4918        2.98665
4918        5.07335
4918        4.20481
4918        1.64042
4918       0.229496
4918       0.773695
4918         1.4884
4918        3.48134
4918        1.20826
4918         2.0442
4918        5.80614
4918       0.232091
4918        2.17137
4918        0.87595
4918         3.7545
4918        6.11107
4918       0.584001
4918        1.13687
4918        2.32213
4918        4.38876
4918        4.04334
4918        2.55886
4918         3.5017
4918        2.77645
4918        4.00426
4918        2.07616
4918        2.69499
4918        1.08375
4918        3.11957
4918        3.49323
4918        4.48333
4918       0.363176
4918       0.011239
4918         3.0743
4918        2.97647
4918        2.98828
4918        0.34678
4918        4.80383
4918        6.03538
4918       0.354636
4918        2.12866
4918        4.00173
4918        5.38239
4918        5.94763
4918        2.39646
4918        0.79898
4918        4.66601
4918       0.661498
4918        5.02329
4918        3.57447
4918       0.255524
4918        2.19624
4918        3.79128
4918        3.79621
4918        3.64214
4918        5.15726
4918        5.56627
4918        4.08984
4918       0.775165
4918        6.26052
4918        1.20624
4918       0.670543
4918        2.15807
4918        2.56985
4918        5.84314
4918        5.76954
4918        1.02021
4918        2.57531
4918       0.265548
4918        3.69422
4918       0.548499
4918       0.762177
4918        3.69627
4918        2.22721
4918        6.00949
4918        2.62219
4918        1.13216
4918       0.088255
4918        2.31125
4918        2.18772
4918        0.17338
4918       0.998951
4918     0.00154414
4918        3.60388
4918       0.036998
4918         5.3542
4918       0.320735
4918       0.293211
4918        1.41868
4918        3.58128
4918       0.944562
4918       0.527182
4918         0.9609
4918       0.936287
4918       0.272695
4918        1.73321
4918        1.50515
4918        4.95494
4918       0.213947
4918        5.97016
4918        3.04315
4918        4.78391
4918        3.00917
4918        2.02576
4918        4.67262
4918         2.3957
4918        2.73458
4918        0.27843
4918        3.14757
4918        3.50863
4918        2.06991
4918       0.947128
4918        1.73816
4918       0.260421
4918        2.40012
4918        2.45877
4918        5.87164
4918      0.0135307
4918        1.67098
4918       0.274319
4918        3.77612
4918        2.20517
4918        5.78707
4918        4.01189
4918        1.36384
4918       0.319023
4918        1.03868
4918        6.08042
4918        5.42116
4918        2.21528
4918       0.619003
4918       0.262028
4918      0.0342087
4918        4.47361
4918        2.85402
4918        4.41816
4918        3.63566
4918       0.991834
4918        2.19013
4918        1.04796
4918        3.68909
4918        3.51023
4918        1.02317
4918        3.45744
4918        2.97722
4918        1.40899
4918       0.739578
4918       0.483992
4918        2.52843
4918        1.64179
4918       0.806994
4918       0.832929
4918       0.937499
4918        3.19708
4918        1.09669
4918        2.33416
4918        6.14287
4918        5.45047
4918        1.10968
4918        4.29541
4918         4.0864
4918        1.24101
4918        3.41394
4918       0.902066
4918       0.481143
4918        3.65011
4918        5.60548
4918        1.44388
4918        5.95441
4918        5.52035
4918       0.060161
4918        6.11932
4918        4.96567
4918       0.809355
4918        3.49239
4918        3.54778
4918        3.65126
4918        5.85234
4918        1.46551
4918        1.59319
4918        1.60213
4918        3.12656
4918        3.51792
4918        5.90264
4918         1.4469
4918        5.67783
4918         1.9896
4918       0.880849
4918         4.3314
4918        2.16053
4918       0.546217
4918        3.84179
4918        3.68066
4918        1.04491
4918        1.92563
4918       0.966365
4918        3.90566
4918        6.11846
4918       0.160648
4918        5.86215
4918        1.33056
4918       0.484538
4918        4.78517
4918        3.38709
4918        5.82095
4918        3.06706
4918        1.48658
4918        3.65608
4918       0.802182
4918        5.40668
4918        3.81845
4918      0.0988817
4918        2.21369
4918        2.99716
4918        1.60244
4918        3.23896
4918       0.533009
4918        2.21696
4918       0.380402
4918        2.42877
4918        5.53246
4918        3.51955
4918        3.88798
4918        3.66032
4918       0.434724
4918        2.45819
4918       0.246959
4918       0.110755
4918       0.672281
4918       0.614839
4918        2.62024
4918        1.08914
4918        2.88206
4918        3.49338
4918        5.52474
4918        4.50707
4918      0.0371517
4918        4.77487
4918        1.26273
4918        5.65632
4918        5.58952
4918        5.05747
4918        3.89188
4918        2.81919
4918        3.93519
4918        2.48114
4918      0.0587506
4918        1.78396
4918        2.78204
4918        6.10296
4918        5.95347
4918        3.38994
4918        3.48753
4918       0.619181
4918        2.94576
4918        4.26842
4918       0.809665
4918       0.279313
4918        2.93881
4918        3.61276
4918        2.08845
4918       0.773221
4918        3.03155
4918        3.69732
4918        2.93946
4918        6.04066
4918      0.0811895
4918        2.82056
4918        5.21013
4918        4.03643
4918        4.05531
4918        6.12274
4918        0.72896
4918        1.28967
4918        4.36044
4918        2.11397
4918         3.1552
4918        5.67535
4918        2.91806
4918        1.01284
4918        5.31404
4918         2.0291
4918       0.524887
4918         3.5457
4918        2.73172
4918        1.56006
4918        3.81486
4918        3.28331
4918        6.11188
4918        2.45424
4918        5.77302
4918        1.38413
4918        3.64304
4918        3.06215
4918       0.943413
4918        5.82467
4918        2.55291
4918        4.10637
4918        2.00845
4918        3.88434
4918        4.33229
4918        3.37908
4918        5.40193
4918       0.198083
4918          1.961
4918        6.14593
4918        2.41908
4918        1.83869
4918       0.109776
4918       0.203518
4918        2.85765
4918       0.415388
4918          5.472
4918        2.29133
4918        3.40914
4918        5.65767
4918        4.52697
4918       0.925564
4918        3.18768
4918        6.17209
4918        3.77485
4918        1.76433
4918        4.87287
4918        5.88469
4918        4.21129
4918        3.15414
4918       0.247759
4918        3.22528
4918        4.93331
4918       0.780888
4918        3.50813
4918        5.59901
4918        4.42253
4918        5.96479
4918        6.09722
4918       0.321494
4918        4.90933
4918        2.45833
4918        3.01544
4918         1.3164
4918        1.23902
4918        3.83911
4918        3.85764
4918        5.03284
4918         4.5568
4918        6.20148
4918        3.16572
4918        1.54762
4918        2.70045
4918      0.0742361
4918       0.130901
4918        3.08979
4918        4.45395
4918        3.81346
4918        3.25535
4918        1.15514
4918        3.80337
4918        4.69671
4918        4.31988
4918      0.0928128
4918        2.00667
4918        5.41856
4918       0.353226
4918         2.8846
4918        5.36318
4918        3.93414
4918        3.59045
4918          3.918
4918        3.98565
4918        2.94265
4918       0.263349
4918       0.294587
4918        5.97805
4918        3.57213
4918        1.32087
4918        3.86322
4918        4.75355
4918        3.22837
4918         3.9588
4918         5.5199
4918        3.50999
4918        3.82878
4918       0.374754
4918        6.02472
4918       0.374939
4918        2.61551
4918        3.88365
4918       0.523214
4918        4.52138
4918        5.31998
4918       0.241079
4918        3.89457
4918        3.10843
4918         4.8506
4918        6.19782
4918          3.471
4918         5.6881
4918        4.38679
4918       0.737323
4918       0.801859
4918        3.64186
4918        3.33667
4918        3.18711
4918        3.82176
4918        6.18882
4918       0.911063
4918        3.16776
4918        2.14398
4918         3.5897
4918        2.37335
4918        2.60599
4918        3.52285
4918       0.284526
4918        4.25534
4918       0.643401
4918        5.75486
4918        2.01421
4918        1.63369
4918        4.02608
4918        4.23271
4918        2.89216
4918       0.800424
4918        4.82145
4918        1.04885
4918       0.518969
4918        3.29163
4918        3.67064
4918        3.45635
4918        2.94339
4918        3.77053
4918        3.46772
4918        4.36768
4918         3.8776
4918        4.80759
4918        4.75315
4918        4.77792
4918         2.9423
4918        1.32137
4918        2.37247
4918        4.82888
4918        1.31251
4918         6.1793
4918       0.927747
4918     0.00613873
4918       0.804846
4918        2.05423
4918       0.121826
4918         2.3319
4918        1.08315
4918         4.0507
4918        4.47018
4918         5.7285
4918         5.6654
4918        5.20018
4918       0.838047
4918        5.16339
4918        5.57229
4918        3.15356
4918         4.0607
4918       0.271589
4918        4.59282
4918        4.98091
4918        1.99704
4918      0.0387962
4918        1.68264
4918         2.8698
4918        3.46924
4918        2.96018
4918         4.1266
4918        4.64344
4918        1.60196
4918        1.91787
4918         4.8784
4918        1.00936
4918         6.0632
4918        1.35346
4918        6.05032
4918        3.45804
4918       0.329651
4918       0.347126
4918        2.75838
4918        6.07458
4918       0.607826
4918        4.12305
4918         5.1509
4918       0.395906
4918         1.2084
4918        2.86102
4918          1.516
4918        3.97016
4918        1.10835
4918         2.6837
4918        5.32134
4918        3.44033
4918        2.63006
4918      0.0968744
4918         2.9996
4918       0.185056
4918        1.86503
4918       0.185537
4918        0.42715
4918        3.47883
4918        5.00105
4918        3.30783
4918        1.66654
4918         1.4107
4918        5.04253
4918        2.13186
4918        2.26102
4918        4.52631
4918        3.09392
4918        6.24293
4918         2.8541
4918        4.01747
4918        5.32007
4918        5.09191
4918        3.01302
4918      0.0157236
4918        2.89552
4918        2.71642
4918        3.73365
4918        1.42562
4918       0.768783
4918       0.541891
4918       0.676186
4918        3.87368
4918        3.65338
4918        1.44301
4918        6.09977
4918        0.82527
4918        2.81963
4918       0.653185
4918       0.744691
4918        4.36483
4918         2.2406
4918        2.78911
4918        1.53155
4918        4.30429
4918        1.99178
4918         3.5039
4918        6.26478
4918       0.784895
4918        3.30948
4918        3.32375
4918         1.1916
4918       0.929376
4918       0.559524
4918      0.0216861
4918        1.26696
4918        3.48091
4918        5.75359
4918        5.50975
4918        3.85452
4918        3.51504
4918        3.15171
4918       0.354831
4918        3.52451
4918        1.35665
4918         3.2741
4918        3.36695
4918       0.572621
4918      0.0745251
4918        3.31589
4918        3.44524
4918        2.18043
4918        4.67786
4918        1.57983
4918        3.68521
4918        2.13883
4918        1.76646
4918        5.04019
4918       0.966909
4918        3.82783
4918        1.05165
4918        1.45911
4918        1.27571
4918         3.9325
4918        3.70223
4918        3.54522
4918        1.01485
4918        1.19454
4918        1.78726
4918         5.7567
4918       0.285931
4918       0.641861
4918        4.68475
4918         5.5133
4918        2.16301
4918        3.64851
4918        5.01377
4918        4.00115
4918         3.5844
4918       0.403356
4918        5.45428
4918       0.195934
4918        4.34803
4918        2.43574
4918        3.14519
4918        1.58693
4918       0.471523
4918        1.07244
4918       0.198425
4918        4.26748
4918        1.47687
4918        4.19864
4918        3.53336
4918        4.58825
4918        5.33246
4918        2.32161
4918        3.34536
4918        3.47317
4918        5.64613
4918        4.18774
4918        4.17008
4918        1.86521
4918        6.10135
4918        2.18579
4918        3.19035
4918        4.12893
4918        3.52814
4918        6.20461
4918        5.93284
4918        2.07764
4918        3.84275
4918        1.21386
4918       0.255088
4918        1.85613
4918         4.4065
4918        5.34465
4918       0.321295
4918        6.22848
4918        1.20952
4918        4.17026
4918      0.0786798
4918         5.9467
4918        3.56682
4918        2.98143
4918       0.370343
4918        2.99735
4918        0.50746
4918       0.477924
4918        5.67009
4918        6.27708
4918       0.130203
4918       0.967222
4918        2.30601
4918       0.264444
4918        3.69917
4918        3.56636
4918       0.464122
4918        3.73066
4918        4.13628
4918       0.780035
4918        2.61114
4918        5.91378
4918       0.512274
4918        3.78448
4918        5.98731
4918       0.226206
4918        4.89771
4918        5.09378
4918        2.86904
4918       0.716684
4918        1.61938
4918        2.98563
4918       0.626551
4918        3.19287
4918        1.83702
4918        5.66269
4918       0.828958
4918        1.80457
4918        4.45013
4918        6.24586
4918        2.28816
4918        2.35785
4918       0.922421
4918        1.95082
4918        3.62385
4918        3.91353
4918        3.81327
4918       0.956165
4918       0.731012
4918        6.21442
4918       0.685645
4918        6.15655
4918        3.39889
4918       0.362682
4918       0.133182
4918        5.65804
4918       0.934602
4918        2.92027
4918       0.130537
4918        4.46821
4918       0.286685
4918        4.03277
4918        4.11546
4918       0.201003
4918        2.29698
4918        2.69889
4918        4.16205
4918        5.75302
4918        5.38829
4918        2.55946
4918        2.68668
4918        4.84294
4918       0.451367
4918        6.24486
4918        4.42792
4918        6.19493
4918        2.77789
4918        2.95034
4918        4.47014
4918          1.251
4918        6.01817
4918        3.58958
4918        3.07524
4918       0.695286
4918        3.52625
4918        0.45455
4918       0.706101
4918        4.33248
4918        1.02346
4918         1.7063
4918          0.585
4918        5.55186
4918       0.661036
4918        3.10991
4918        3.97171
4918       0.213888
4918      0.0860943
4918        5.68162
4918        2.64038
4918         1.3432
4918        2.58038
4918        5.03878
4918      0.0319619
4918        3.51079
4918        2.37525
4918         5.2381
4918        4.93132
4918        3.67872
4918        3.54008
4918        4.73548
4918        3.62557
4918         0.7737
4918        6.08073
4918       0.731814
4918      0.0718876
4918        5.42316
4918        5.28363
4918        3.15352
4918        0.73791
4918        4.12864
4918         5.7279
4918        6.14644
4918        1.72527
4918        3.89357
4918        5.87377
4918         2.3606
4918        1.13273
4918       0.587738
4918        3.46953
4918        4.83365
4918        3.82861
4918        2.58249
4918        1.40036
4918        2.70717
4918        3.77934
4918        3.84019
4918        5.76716
4918        4.60991
4918        4.15543
4918        1.61247
4918      0.0324763
4918        3.11231
4918        4.41098
4918        3.83321
4918        3.60071
4918        3.26122
4918        3.27103
4918        4.31942
4918        3.17889
4918        2.78321
4918       0.612037
4918        1.84551
4918        2.81224
4918     0.00941128
4918       0.780487
4918        3.53958
4918         4.5454
4918        4.94094
4918        4.91111
4918        2.66117
4918        3.60076
4918        3.47501
4918        6.03634
4918        4.15867
4918       0.675726
4918        4.67543
4918       0.104355
4918         4.9063
4918        3.04715
4918        1.12056
4918       0.834307
4918        5.55468
4918         5.9403
4918        2.74591
4918        3.24283
4918       0.456447
4918        1.51682
4918         6.0256
4918        5.57954
4918        3.26906
4918        4.05317
4918        3.56934
4918        2.31188
4918       0.986173
4918         6.0068
4918        4.64374
4918       0.349766
4918      0.0623597
4918        4.03773
4918        5.52667
4918       0.159106
4918       0.993274
4918       0.432663
4918        1.15838
4918        3.95689
4918        2.18155
4918        2.65565
4918         2.9574
4918       0.117898
4918        6.21138
4918       0.146092
4918       0.465798
4918        3.92031
4918       0.427324
4918        2.76838
4918         1.1127
4918        1.33547
4918        6.26391
4918        3.64269
4918        3.46621
4918        1.33157
4918        5.81252
4918        2.56435
4918        5.44804
4918        3.34742
4918       0.799155
4918       0.636021
4918        2.56983
4918         3.8634
4918        5.80427
4918        4.09969
4918       0.560598
4918        6.18678
4918        4.55075
4918       0.166036
4918        4.29446
4918        4.67101
4918        2.66315
4918        5.77762
4918        3.75054
4918        4.28815
4918        3.41134
4918       0.216578
4918        6.25816
4918        5.32559
4918       0.320181
4918        3.57453
4918        5.46286
4918        3.67136
4918       0.672686
4918       0.965585
4918        1.85682
4918        3.79115
4918        4.02582
4918        4.41231
4918       0.225353
4918        3.24528
4918        6.15909
4918        5.58165
4918        6.18128
4918        1.32021
4918         6.1488
4918        1.26225
4918       0.132824
4918        2.82257
4918        4.87593
4918        1.23207
4918        3.14794
4918        3.61623
4918        1.02122
4918        6.00281
4918        4.40902
4918        5.60419
4918         4.0224
4918         4.4467
4918        2.14447
4918        3.29474
4918       0.875594
4918        5.23786
4918       0.982619
4918       0.274483
4918        3.92859
4918        3.88288
4918        3.11816
4918        4.29852
4918        3.93724
4918        3.68888
4918        3.31457
4918        4.76809
4918        4.69155
4918        1.14513
4918        5.16751
4918        3.04603
4918        2.57167
4918        4.57389
4918        3.72022
4918        3.33429
4918        5.51578
4918        5.71784
4918       0.109673
4918        6.19225
4918       0.321931
4918        1.94383
4918        3.80727
4918        0.92005
4918       0.860371
4918        5.97458
4918        3.32355
4918        5.98215
4918         3.9931
4918        3.70818
4918        4.86314
4918        4.14359
4918        2.63956
4918        3.86829
4918       0.528454
4918       0.103951
4918        4.30535
4918        2.78944
4918        6.09424
4918        1.32227
4918        1.03735
4918         4.3786
4918        3.59101
4918       0.824319
4918        2.58086
4918        5.81238
4918        5.91529
4918         3.2952
4918       0.901813
4918        5.79547
4918        3.49527
4918        5.65725
4918        4.22752
4918        5.24695
4918        3.41353
4918        3.44651
4918       0.671955
4918        5.78381
4918        5.34048
4918        3.88918
4918        5.32133
4918        4.14186
4918        4.11723
4918        2.78894
4918        2.50132
4918       0.923812
4918        6.07654
4918       0.486357
4918       0.277894
4918        0.42549
4918       0.521564
4918        3.30403
4918        5.95211
4918        3.00156
4918        4.56138
4918       0.851288
4918        4.66746
4918        2.47516
4918        5.92314
4918        5.52551
4918        4.76675
4918        6.18728
4918       0.873657
4918        3.12819
4918       0.283092
4918        4.37965
4918       0.775913
4918        3.84798
4918        2.15577
4918       0.823684
4918       0.844637
4918        1.35413
4918        2.74689
4918        2.63508
4918       0.130129
4918       0.608458
4918       0.969642
4918         3.3792
4918        1.86834
4918        3.31339
4918        2.40159
4918         4.5629
4918       0.388227
4918        6.21755
4918        0.12266
4918        3.19235
4918        2.38452
4918        2.37601
4918       0.349938
4918        6.26273
4918        3.24042
4918        1.11486
4918        1.15425
4918        4.61335
4918        1.23249
4918        3.39081
4918        3.35737
4918        2.26621
4918       0.241176
4918        6.08563
4918        1.31228
4918        3.80125
4918        2.87264
4918        5.63121
4918        2.71921
4918        3.72969
4918        2.97141
4918        2.79415
4918        3.91164
4918        5.21539
4918         2.6156
4918       0.867289
4918       0.422768
4918       0.509241
4918        5.19566
4918      0.0597042
4918       0.724733
4918        2.40081
4918        3.27202
4918        3.58958
4918         3.1944
4918        2.56277
4918        5.55253
4918        1.01806
4918        1.62952
4918        3.10656
4918       0.998305
4918        1.35372
4918       0.615397
4918        3.89908
4918        1.18508
4918       0.508192
4918        4.70899
4918       0.360763
4918        2.54365
4918        3.92903
4918        3.54069
4918        5.75565
4918        3.03633
4918        2.02016
4918        3.31542
4918       0.522382
4918        5.73407
4918        3.48777
4918        2.02927
4918       0.236248
4918        6.17267
4918        3.27853
4918        1.21783
4918        6.22865
4918        5.46896
4918        3.42049
4918        3.57019
4918        3.91113
4918        5.68539
4918        2.55292
4918       0.270852
4918       0.966528
4918       0.398865
4918        2.36485
4918        3.65842
4918        2.73937
4918        4.14811
4918        6.11888
4918        1.31056
4918        5.42017
4918        4.73253
4918        4.43441
4918        0.15657
4918        4.52833
4918        2.45112
4918         5.7638
4918        1.92072
4918         4.2236
4918         5.7023
4918        3.15531
4918        3.70028
4918        5.85887
4918        1.09236
4918        3.86963
4918         5.5118
4918        4.14962
4918          3.821
4918        1.19906
4918        4.25671
4918       0.115742
4918         2.4826
4918        2.81827
4918        3.42249
4918        6.27559
4918        4.51823
4918        6.11841
4918        2.32021
4918        0.59096
4918        3.45821
4918         1.8781
4918        3.53755
4918        4.15735
4918        2.55027
4918        1.88024
4918        3.40144
4918       0.394328
4918       0.454317
4918        5.81981
4918         2.1877
4918        3.94724
4918        6.01642
4918       0.273897
4918        4.81363
4918        5.20691
4918        3.82547
4918        0.66926
4918        3.82059
4918       0.228995
4918        2.41312
4918       0.643584
4918        0.95144
4918       0.749095
4918        4.40239
4918       0.531393
4918        2.62262
4918        3.53059
4918       0.983045
4918       0.733761
4918       0.533717
4918         3.7323
4918      0.0240604
4918        1.40607
4918       0.558001
4918          3.816
4918        5.82669
4918         2.5863
4918        3.75677
4918       0.675233
4918        3.48024
4918        5.42244
4918        5.06717
4918        3.65206
4918        4.20716
4918       0.187542
4918       0.660015
4918        2.48797
4918        2.17274
4918        1.13764
4918       0.455675
4918        1.44459
4918        3.23856
4918       0.173097
4918        4.13838
4918        2.91953
4918        6.02743
4918       0.115108
4918        1.32038
4918       0.258403
4918        4.42427
4918        2.77893
4918         2.5402
4918       0.302872
4918        2.37819
4918        2.04888
4918        2.81019
4918        0.90943
4918        3.14868
4918       0.740086
4918        1.83703
4918        3.30993
4918        4.35794
4918        2.43139
4918        3.08748
4918        3.67958
4918       0.568484
4918        4.73516
4918        3.66265
4918        4.75887
4918          4.163
4918        1.23508
4918        4.50074
4918        4.90008
4918        1.62724
4918        1.27379
4918        5.35475
4918        5.99378
4918        3.22073
4918        1.60586
4918        2.74032
4918        1.41517
4918        4.20439
4918        3.86942
4918        4.41338
4918        5.38269
4918        2.81006
4918        1.28505
4918      0.0250475
4918        5.75661
4918        3.71288
4918        3.42782
4918        3.92419
4918       0.533474
4918        1.23514
4918       0.404885
4918        3.41066
4918        2.87327
4918        4.22654
4918        4.24942
4918        1.04668
4918        6.11765
4918        5.01962
4918       0.740651
4918        5.86947
4918        5.46106
4918       0.371219
4918        4.16121
4918        1.57297
4918        3.71916
4918        4.47101
4918        6.25709
4918        4.23575
4918         3.0294
4918        2.18373
4918        3.10309
4918        3.73117
4918        4.38495
4918        5.13033
4918        5.39599
4918        3.35581
4918       0.772177
4918        3.11978
4918         3.1888
4918       0.804166
4918        4.66773
4918        3.39683
4918       0.399416
4918        4.01398
4918        1.65135
4918        1.22445
4918        1.06873
4918        4.13286
4918        4.49462
4918        2.63011
4918        5.72324
4918        5.21243
4918        1.37821
4918        3.47541
4918        2.38262
4918        4.38445
4918        4.67488
4918        4.12377
4918        5.68186
4918        2.65523
4918        6.22039
4918        5.76681
4918        4.70905
4918        3.20942
4918        3.93523
4918       0.255333
4918        2.45871
4918      0.0151692
4918        3.14951
4918        1.28193
4918        3.17496
4918        4.68917
4918        5.03532
4918        3.04003
4918        3.32617
4918        3.86445
4918        3.50604
4918        5.45943
4918       0.815616
4918        4.28251
4918        1.03687
4918         3.5315
4918        4.82157
4918         0.5496
4918        3.67208
4918        5.78295
4918        2.85571
4918      0.0402138
4918        1.42818
4918        1.01032
4918        6.27973
4918        2.02142
4918       0.646325
4918         5.9881
4918         3.9833
4918        1.82177
4918        3.13464
4918        2.76311
4918        0.49994
4918         4.1937
4918        2.89929
4918        2.22798
4918       0.685524
4918        1.06319
4918        4.79737
4918       0.968129
4918        6.23096
4918        4.21739
4918        6.27492
4918        3.45262
4918        3.09147
4918         1.7654
4918        2.91928
4918        0.32928
4918        4.09168
4918        1.50385
4918        6.05743
4918        1.58072
4918        2.23818
4918        1.43646
4918        4.87339
4918        5.15614
4918        3.87551
4918        0.26149
4918        3.08478
4918        3.72739
4918        2.61204
4918        3.57644
4918        4.00547
4918         0.3401
4918        3.34482
4918        3.45845
4918        3.28281
4918       0.444917
4918        1.48158
4918        4.21096
4918        3.85664
4918       0.103357
4918        6.23821
4918        2.63716
4918        6.09656
4918        5.49085
4918         3.9152
4918        3.18962
4918         5.6158
4918        3.18984
4918        6.06487
4918        1.21747
4918        2.48101
4918        6.17026
4918        5.58077
4918       0.687506
4918        5.38697
4918       0.886341
4918        5.60906
4918        5.86466
4918        5.18706
4918        5.32514
4918        2.98944
4918       0.998658
4918       0.492378
4918        5.63045
4918        2.46906
4918        3.50024
4918        5.85983
4918        4.92363
4918       0.956773
4918       0.154838
4918        1.11654
4918         6.1271
4918        3.99156
4918        1.59299
4918        2.85881
4918         2.6429
4918       0.274881
4918         3.3085
4918       0.325185
4918      0.0161062
4918       0.179703
4918        1.81875
4918        5.95982
4918        2.38936
4918       0.424002
4918        5.94117
4918        2.50364
4918          5.227
4918       0.892203
4918        3.56476
4918      0.0487398
4918        4.61175
4918        2.89966
4918       0.134456
4918        2.71208
4918        6.15989
4918       0.679312
4918        2.92846
4918        3.04198
4918        2.61946
4918        4.34711
4918        2.92359
4918        2.04254
4918        6.26507
4918        4.07796
4918        3.38145
4918       0.545238
4918        3.15167
4918        6.11952
4918         2.5505
4918       0.461869
4918       0.874238
4918       0.239101
4918        4.67463
4918        1.14354
4918      0.0629408
4918         6.0624
4918        5.32672
4918        4.02818
4918        1.24337
4918        5.68235
4918        4.57691
4918        5.34828
4918       0.536285
4918       0.697837
4918        4.47234
4918      0.0908516
4918       0.592119
4918      0.0483017
4918          1.452
4918        3.16297
4918        3.53652
4918       0.448879
4918        2.86088
4918         2.3537
4918     0.00882198
4918        4.61498
4918        2.06949
4918       0.714107
4918        5.78746
4918         4.3956
4918       0.371808
4918        2.77964
4918        0.69303
4918         3.3541
4918        5.53469
4918        3.19364
4918        3.32537
4918       0.779877
4918        3.06514
4918       0.335128
4918        3.48055
4918        1.53102
4918        3.32834
4918        5.62394
4918        2.15608
4918        2.74913
4918        3.27953
4918       0.312917
4918        6.26026
4918        3.38453
4918       0.194001
4918        4.21889
4918        2.07317
4918        4.66319
4918       0.938024
4918         3.3754
4918       0.424248
4918       0.230472
4918        5.96512
4918        5.25043
4918        4.12552
4918        4.48929
4918        2.75702
4918        1.67063
4918        5.06883
4918        6.13078
4918        2.60428
4918        6.00894
4918       0.583202
4918        3.44512
4918       0.116053
4918        3.43429
4918        2.95837
4918        5.72235
4918        1.56568
4918        1.21077
4918        3.50885
4918        1.65424
4918        1.47044
4918       0.873556
4918       0.688834
4918       0.727751
4918        5.99792
4918        1.27816
4918        2.71455
4918        3.58589
4918        4.16368
4918       0.955701
4918        4.79805
4918        3.36407
4918        2.40577
4918        3.65609
4918        3.80406
4918        3.82332
4918         3.5958
4918       0.467123
4918        2.49632
4918        2.66248
4918        3.29342
4918        3.94915
4918       0.855083
4918        5.68342
4918        1.89999
4918        3.67384
4918        2.75279
4918        5.36934
4918        1.65379
4918        3.80068
4918        1.98164
4918        4.40704
4918        2.52134
4918        2.66238
4918       0.632983
4918        1.00627
4918        1.21308
4918        2.75989
4918        1.43917
4918        5.03319
4918        3.82352
4918        4.45449
4918        2.75737
4918       0.459708
4918        3.96596
4918        2.07224
4918        3.03937
4918        1.58024
4918       0.297984
4918        4.58819
4918        4.15551
4918        2.65189
4918        4.40258
4918       0.953264
4918        2.48686
4918        2.12417
4918        1.34212
4918       0.263606
4918       0.435018
4918        1.92543
4918       0.427981
4918        2.39543
4918        6.26321
4918       0.366863
4918        3.21368
4918        3.26241
4918       0.912462
4918        3.10518
4918        4.40805
4918         3.1084
4918        5.76238
4918        1.08861
4918        2.72753
4918       0.983519
4918         5.3953
4918        4.35475
4918        1.66276
4918        2.16683
4918        2.83838
4918        6.24618
4918       0.124106
4918        1.28004
4918        2.29239
4918        2.68462
4918        2.30462
4918        4.97333
4918      0.0771932
4918        0.90002
4918        6.09744
4918        1.76892
4918        3.52828
4918       0.298452
4918        2.83391
4918        4.19816
4918        0.51351
4918         6.0487
4918        5.97797
4918        6.02552
4918         5.8233
4918        5.36645
4918        2.15792
4918        4.66035
4918        4.41874
4918         0.3592
4918        2.07763
4918       0.927057
4918        1.43119
4918        5.96735
4918        3.82926
4918        3.62274
4918        3.28464
4918       0.706119
4918        2.98283
4918        3.49067
4918         5.6112
4918        3.82711
4918         4.1684
4918       0.127868
4918        3.57068
4918        4.41455
4918        2.93306
4918        2.87427
4918        0.60001
4918        4.29983
4918        6.05996
4918        4.56001
4918        4.19733
4918        3.26329
4918       0.850031
4918        1.91562
4918        1.25291
4918        4.54791
4918         4.0052
4918        3.21738
4918       0.850606
4918        4.54361
4918        4.72175
4918        4.01234
4918        2.94335
4918        1.54475
4918        4.72761
4918       0.272919
4918        2.27709
4918       0.969568
4918        6.08497
4918        5.36222
4918        3.26427
4918         2.2773
4918        4.52829
4918        1.83047
4918        1.74686
4918        3.72721
4918        1.88602
4918       0.207777
4918       0.357676
4918      0.0141672
4918        3.70918
4918        3.63512
4918       0.484689
4918        5.73524
4918        2.81226
4918       0.536812
4918        1.00816
