4601       0.306337
4601        1.31889
4601        3.98697
4601        6.20251
4601        5.03395
4601      0.0948516
4601         3.7032
4601        5.19978
4601       0.416727
4601        1.96154
4601        1.38089
4601        2.65571
4601        1.41981
4601       0.620402
4601       0.569675
4601        1.75718
4601         5.7391
4601        1.45235
4601        4.03802
4601        1.76584
4601        5.83978
4601      0.0482098
4601        2.48408
4601        1.73323
4601        4.51596
4601        1.08505
4601         1.6216
4601        5.75916
4601        5.97093
4601         2.7487
4601        1.92814
4601        1.97199
4601        4.27544
4601        2.52635
4601         2.3937
4601        4.65258
4601        1.97439
4601        1.51247
4601        2.48311
4601        2.25121
4601       0.782124
4601         3.2263
4601        5.61338
4601         2.2025
4601        1.93653
4601       0.467889
4601        1.26661
4601        1.64048
4601        5.28533
4601        1.41483
4601       0.715156
4601        1.82182
4601        4.52152
4601        3.60569
4601         5.5916
4601        4.76584
4601        5.88347
4601       0.699887
4601         4.2518
4601        4.86378
4601        2.54626
4601          4.045
4601       0.260525
4601         1.8016
4601        5.09715
4601        5.03213
4601        5.13984
4601         3.3153
4601        1.19127
4601        5.66834
4601        3.39104
4601        5.55416
4601       0.973527
4601        2.77755
4601        3.77717
4601        1.39936
4601        2.88535
4601        3.83965
4601        1.92077
4601        2.06002
4601        5.91144
4601        1.03168
4601        4.69491
4601        3.41355
4601        4.83234
4601        4.47604
4601        1.12662
4601        3.45198
4601       0.618367
4601       0.540814
4601        1.73681
4601        4.21174
4601       0.553887
4601        0.91168
4601       0.976774
4601       0.280844
4601       0.589176
4601       0.149521
4601        1.96988
4601        1.00483
4601           2.19
4601        1.95832
4601        4.11648
4601         5.1114
4601        3.33348
4601        1.60043
4601        1.52846
4601        1.82867
4601       0.523094
4601        3.98479
4601        2.13992
4601        3.86529
4601        5.71997
4601        3.55743
4601        1.91215
4601      0.0891772
4601       0.679528
4601        5.91285
4601        1.11448
4601        2.92622
4601        1.53344
4601        1.66774
4601        5.89003
4601        6.20025
4601        1.66513
4601        4.27124
4601        5.89327
4601        4.32693
4601        4.54206
4601        2.85072
4601        3.59876
4601        1.51936
4601        4.55559
4601        1.53823
4601        1.80931
4601        1.87507
4601        6.08973
4601        3.67121
4601        3.61309
4601        2.59779
4601        5.01497
4601       0.868186
4601        4.21009
4601       0.181366
4601        5.24137
4601       0.577338
4601        2.55625
4601        4.43996
4601        3.54702
4601        3.77109
4601        3.92214
4601        5.39342
4601       0.499993
4601        2.73817
4601        5.71078
4601        5.28987
4601        6.21071
4601       0.755457
4601        1.60921
4601         4.9303
4601         1.9642
4601        3.43864
4601        2.23259
4601        4.62159
4601        5.88868
4601        5.01874
4601        5.13438
4601       0.607965
4601        2.03419
4601        3.31426
4601        3.48768
4601         2.9555
4601       0.441263
4601        5.57082
4601      0.0312061
4601        3.24977
4601        5.43257
4601       0.604061
4601        1.71516
4601        4.96038
4601        1.68753
4601          5.947
4601        4.19827
4601        5.48796
4601      0.0599055
4601        2.43059
4601       0.396277
4601      0.0296719
4601        2.00075
4601        5.63699
4601       0.406034
4601        5.97926
4601        3.62861
4601        4.11168
4601        1.34406
4601      0.0952535
4601        5.02739
4601        3.30214
4601      0.0389327
4601         2.9674
4601         1.9953
4601       0.996613
4601        1.85758
4601        1.93011
4601        3.42893
4601        5.47031
4601       0.339725
4601        4.80754
4601        6.26099
4601        5.61088
4601        3.89902
4601        5.39886
4601        3.31714
4601        2.35505
4601         2.6431
4601         5.4042
4601      0.0914388
4601        0.52644
4601       0.126302
4601        3.79085
4601       0.152677
4601        3.32721
4601        5.57078
4601        3.97496
4601        1.44447
4601        3.21926
4601        6.26371
4601         3.1172
4601        4.57155
4601        5.37603
4601        2.74596
4601         5.9772
4601       0.298686
4601        3.95953
4601        4.98106
4601       0.694605
4601        2.39199
4601       0.774927
4601        1.76326
4601        5.55775
4601        4.11948
4601        1.22414
4601        2.04562
4601         3.6485
4601       0.381014
4601        4.82798
4601        2.33512
4601       0.453085
4601        1.15307
4601        1.32847
4601        3.31237
4601        1.91085
4601       0.468986
4601       0.672591
4601        4.19047
4601        1.80272
4601         1.9057
4601        3.21807
4601        3.39033
4601        5.00709
4601        2.31118
4601        2.09947
4601        5.77514
4601         4.0517
4601        5.25512
4601        1.44575
4601        2.39268
4601       0.263842
4601        6.02339
4601        4.38733
4601       0.666625
4601        4.78313
4601       0.654145
4601        4.47122
4601      0.0998194
4601        4.66425
4601        3.71271
4601        4.85694
4601        4.34139
4601        4.41287
4601        3.74779
4601        4.39751
4601        1.79799
4601       0.581998
4601        1.59614
4601         1.0145
4601         1.4799
4601       0.129571
4601       0.372083
4601        3.30908
4601         2.3951
4601         5.8059
4601        1.51993
4601         6.0841
4601         5.2429
4601        1.03093
4601        5.84682
4601        1.17966
4601        4.24687
4601        4.63616
4601        5.57502
4601        3.01167
4601         2.4997
4601        4.05435
4601        5.09745
4601        6.26053
4601        1.76461
4601        5.55955
4601        1.26183
4601        1.33824
4601        3.60097
4601        4.07891
4601        4.39604
4601       0.400427
4601        5.12539
4601        2.02468
4601        1.37728
4601        3.01479
4601        5.18785
4601       0.696515
4601        4.45492
4601        4.08658
4601        6.06284
4601        4.94652
4601        2.80638
4601         4.3082
4601         2.8955
4601        4.07515
4601       0.655582
4601        3.33024
4601        3.37524
4601        5.57057
4601       0.741716
4601        3.97472
4601        3.40253
4601        5.47116
4601       0.692089
4601        2.95486
4601       0.692842
4601        1.06228
4601        5.96188
4601        4.67371
4601        1.33784
4601        4.57542
4601        1.02932
4601         5.3803
4601         2.8561
4601        4.12359
4601        5.21034
4601        1.86583
4601        5.67123
4601          2.347
4601       0.509531
4601       0.184355
4601       0.718225
4601        3.83931
4601        1.31357
4601        3.25828
4601        3.67912
4601        4.26802
4601        6.23607
4601        3.63903
4601        1.50076
4601       0.789987
4601        5.19744
4601         4.4078
4601        2.50257
4601        3.88516
4601       0.983193
4601       0.252662
4601       0.214304
4601        5.28349
4601        4.95132
4601        1.28478
4601       0.811663
4601        5.76185
4601        5.18819
4601       0.669466
4601        6.16977
4601         3.7831
4601       0.666229
4601        4.26424
4601       0.745164
4601       0.808152
4601        1.08436
4601        5.00533
4601        4.66448
4601        1.94755
4601        1.43227
4601         5.2235
4601        4.95488
4601       0.836441
4601         4.6026
4601        1.42815
4601        3.89322
4601        2.02777
4601        5.25684
4601        0.71031
4601        1.50736
4601       0.906013
4601        1.66417
4601       0.302021
4601        5.64306
4601        3.40629
4601        2.71445
4601        2.63119
4601        1.06786
4601         1.4506
4601       0.214622
4601          3.588
4601       0.535841
4601       0.285735
4601        2.84323
4601         6.0598
4601         1.4656
4601        6.18776
4601        1.16079
4601        1.23218
4601        4.42044
4601        1.35804
4601        5.19835
4601        4.32937
4601        4.09514
4601         4.4779
4601        5.69078
4601        5.56124
4601        1.61939
4601        0.91195
4601       0.894272
4601        1.98534
4601       0.335309
4601        5.85413
4601       0.860742
4601        4.49092
4601        2.78135
4601        5.35164
4601        5.39509
4601        3.49394
4601        5.23794
4601       0.941555
4601        2.60481
4601      0.0598667
4601        6.25315
4601        6.19324
4601         3.1396
4601        4.71444
4601        4.35947
4601        3.19595
4601        1.92692
4601        2.07904
4601        2.97277
4601      0.0186433
4601        6.22057
4601        2.38377
4601       0.981947
4601        0.46566
4601        2.25117
4601        5.53146
4601       0.189126
4601        4.37786
4601        2.09268
4601        4.71627
4601         5.4413
4601        5.99663
4601       0.471713
4601        3.83907
4601        6.21886
4601        3.64215
4601        3.60761
4601        3.60191
4601         4.0279
4601        1.53813
4601        3.67569
4601        2.02479
4601       0.728077
4601        4.65215
4601       0.280008
4601        1.85993
4601       0.881469
4601       0.905095
4601        3.81415
4601       0.778331
4601       0.409733
4601        5.16076
4601        1.91918
4601        5.84499
4601         1.5507
4601        1.09539
4601       0.490586
4601        1.65858
4601        6.11622
4601       0.415732
4601        4.05673
4601        4.86502
4601        5.39146
4601        4.24795
4601        4.22593
4601        3.36952
4601       0.591494
4601        6.25181
4601        3.08148
4601        1.99747
4601        3.94515
4601        4.92182
4601        5.51716
4601        3.25573
4601        3.69605
4601        6.01696
4601        4.72806
4601         2.5791
4601        3.57856
4601        1.39784
4601         5.5367
4601        4.43342
4601        4.53876
4601       0.637679
4601       0.890155
4601         5.0565
4601        3.37135
4601         6.2695
4601        1.09023
4601       0.208917
4601        3.16199
4601        3.85036
4601        2.87997
4601        3.12373
4601        3.70839
4601        1.00058
4601        2.80232
4601        5.73318
4601        6.06927
4601         5.4791
4601        1.80084
4601        2.18016
4601        4.02112
4601      0.0817115
4601         3.6813
4601        1.10985
4601        3.44763
4601        3.48212
4601       0.219647
4601        4.23394
4601        5.55899
4601        4.04017
4601        3.17188
4601        4.27144
4601        4.99001
4601         2.2421
4601        1.13276
4601       0.444367
4601        4.09418
4601        2.93998
4601        3.48856
4601        4.21893
4601        1.48748
4601        2.97616
4601        3.90885
4601     0.00766082
4601        4.90331
4601        3.44253
4601        1.43935
4601        2.13832
4601        1.05913
4601        5.30839
4601        2.11802
4601        1.63551
4601        5.01447
4601        1.85138
4601         4.6127
4601       0.133161
4601        4.65767
4601        4.43879
4601         5.9937
4601        5.27813
4601        1.26187
4601         4.0768
4601         2.7013
4601        1.00857
4601        6.17594
4601       0.222909
4601        1.39518
4601        0.99923
4601        3.71037
4601        1.83549
4601         1.0503
4601       0.962159
4601       0.441663
4601       0.955665
4601       0.661942
4601        3.61845
4601        2.60367
4601        5.95582
4601       0.860203
4601        6.13146
4601        3.46204
4601        3.61963
4601         3.6905
4601        1.25267
4601        4.33818
4601        4.14074
4601        4.63932
4601         2.4194
4601       0.478692
4601        3.11982
4601        2.33186
4601        1.82239
4601      0.0844639
4601        4.65987
4601        4.00375
4601        1.36505
4601        5.60224
4601        3.44153
4601        4.60899
4601         3.6464
4601         4.9375
4601        1.51304
4601        3.48779
4601       0.161854
4601       0.512873
4601        2.84023
4601        1.53928
4601        3.98462
4601        2.19112
4601        5.25158
4601        5.95097
4601        4.28169
4601        5.89338
4601        3.96456
4601        0.68123
4601        3.39645
4601        4.14209
4601          5.998
4601        5.04664
4601       0.791851
4601      0.0574796
4601        3.68326
4601        2.10132
4601        3.74019
4601        5.22895
4601      0.0604471
4601        5.89349
4601        1.69127
4601         1.9242
4601       0.294332
4601         1.4094
4601        3.03044
4601        3.65344
4601       0.161758
4601          4.663
4601        1.11693
4601        1.69033
4601        4.13412
4601        3.72478
4601        4.44525
4601        5.74131
4601        2.65366
4601        3.29654
4601        1.56028
4601       0.265768
4601        4.64812
4601        3.35742
4601         5.9958
4601         1.0962
4601        2.03403
4601         6.1929
4601        5.90378
4601        2.03943
4601        1.08619
4601        3.37326
4601        5.37089
4601       0.425428
4601        1.01781
4601       0.659684
4601       0.937907
4601        4.75143
4601        2.88391
4601        2.08352
4601        3.12855
4601        3.75612
4601        1.55413
4601        1.36658
4601          5.528
4601        4.82014
4601        2.73927
4601         2.3686
4601        2.74244
4601        5.24355
4601         3.3051
4601        3.77926
4601        3.96575
4601        4.41739
4601       0.325616
4601       0.976596
4601      0.0665526
4601         2.1229
4601        2.85153
4601        4.64497
4601        3.85827
4601        3.89587
4601        1.93646
4601      0.0314765
4601        5.11879
4601        2.37973
4601       0.661057
4601        1.24372
4601         2.2311
4601       0.272139
4601        5.48663
4601        4.13148
4601     0.00948643
4601        5.04798
4601        3.66071
4601        2.26337
4601        5.04295
4601       0.434122
4601        4.02785
4601        4.24156
4601        2.55229
4601       0.813414
4601       0.330264
4601        4.33565
4601       0.840368
4601        1.81528
4601       0.463028
4601        1.40116
4601        4.14492
4601        2.58846
4601        1.23129
4601        5.38463
4601         2.8502
4601        6.09957
4601        5.31602
4601        1.48435
4601         2.3758
4601          2.381
4601         5.2059
4601        1.29918
4601        3.26543
4601        3.58993
4601        4.10423
4601        6.13405
4601        1.06675
4601         5.9847
4601        6.05197
4601       0.749144
4601       0.419488
4601       0.333009
4601        5.03438
4601        1.94636
4601       0.631174
4601        4.25235
4601        4.72495
4601        5.48909
4601        4.14761
4601        1.57709
4601        3.75973
4601        2.38846
4601        4.62971
4601         4.5896
4601        5.31593
4601        3.93171
4601         4.0194
4601         2.9228
4601        1.07842
4601        2.98464
4601        4.94379
4601       0.559948
4601        6.23219
4601        1.04203
4601        4.71641
4601        5.85784
4601       0.574384
4601        4.45146
4601        5.13347
4601       0.785918
4601        5.95211
4601         3.6081
4601       0.480129
4601        5.89741
4601        2.69362
4601        3.99502
4601        4.82205
4601        2.54635
4601        4.82266
4601        5.08527
4601        1.24693
4601        2.56495
4601        3.75203
4601        3.39554
4601        2.84674
4601        2.39921
4601        4.99245
4601       0.632137
4601        1.88626
4601        1.83515
4601        4.58608
4601        2.66828
4601        4.91068
4601         4.4002
4601        1.21266
4601        1.55814
4601        3.47489
4601        1.96509
4601        1.27095
4601        2.11905
4601         2.4608
4601        3.93536
4601        1.30717
4601        2.93106
4601        4.05009
4601        6.27754
4601        3.76592
4601        5.00251
4601        3.62914
4601        4.01699
4601       0.459323
4601        4.92915
4601       0.724653
4601        3.90241
4601        3.27197
4601         1.6287
4601        6.05308
4601        1.45769
4601        4.00428
4601         1.1281
4601       0.201482
4601        2.73576
4601        3.84877
4601        5.18941
4601        3.60659
4601        3.43595
4601        4.92285
4601        2.30033
4601        4.85429
4601        4.59196
4601        1.34068
4601       0.823856
4601         4.2911
4601        2.15777
4601        5.16246
4601         3.4967
4601       0.432588
4601        1.43361
4601        4.94695
4601       0.446939
4601         3.4147
4601        4.31897
4601         1.5589
4601        2.46138
4601        4.08117
4601        5.77813
4601        3.42015
4601         6.0999
4601       0.786907
4601      0.0832696
4601        1.01732
4601        2.65939
4601         1.5501
4601        5.48134
4601        3.11125
4601        2.99493
4601        3.98544
4601        2.55606
4601        5.67209
4601        1.36619
4601        1.46025
4601        3.30867
4601        1.31243
4601       0.844622
4601        1.43236
4601        2.46049
4601        4.93109
4601        4.75332
4601          6.108
4601       0.498285
4601       0.634398
4601       0.738539
4601        4.62534
4601        4.33379
4601        2.25732
4601        2.15072
4601        5.14251
4601        2.54145
4601        4.95658
4601        3.51675
4601        5.42709
4601        1.47479
4601        1.50417
4601        6.03733
4601        2.53196
4601        4.46533
4601        2.11136
4601        5.78631
4601        2.76118
4601        5.52299
4601        5.76954
4601        1.47326
4601         1.8547
4601        4.88794
4601        4.31183
4601        3.31158
4601        1.98837
4601        2.91557
4601         5.7176
4601        1.70026
4601       0.420159
4601         4.1857
4601        4.90209
4601        4.29209
4601         4.2848
4601        3.89708
4601        2.22723
4601        3.74355
4601        4.00147
4601         4.0108
4601        5.93069
4601        4.35026
4601        2.75227
4601        4.49702
4601        2.02842
4601         6.0081
4601        3.95255
4601        1.93427
4601        4.75725
4601        1.10792
4601         1.0896
4601        2.90191
4601        4.38408
4601        6.20174
4601       0.932057
4601        5.22719
4601       0.516504
4601        4.15958
4601        1.14207
4601        1.30405
4601        5.90728
4601        2.07152
4601        4.33258
4601        4.42413
4601        5.84328
4601        3.17725
4601        5.74571
4601        3.59321
4601        1.86981
4601       0.282041
4601        2.72121
4601        1.98341
4601        4.11993
4601        4.98222
4601      0.0852389
4601        1.82268
4601         4.7389
4601        1.09759
4601        5.05196
4601        4.66651
4601        5.17541
4601       0.280522
4601        4.47936
4601         4.3137
4601        1.12016
4601         3.7966
4601        1.54143
4601        2.88366
4601       0.197572
4601        3.95617
4601        3.61835
4601        3.91073
4601        5.60722
4601        4.47506
4601         3.0836
4601        1.37539
4601        5.20625
4601         4.0924
4601       0.185231
4601        2.96212
4601       0.248086
4601       0.851188
4601        4.52682
4601       0.618125
4601       0.897372
4601        4.21453
4601        4.37107
4601        5.65479
4601        4.24687
4601          2.977
4601       0.276364
4601        1.24686
4601        4.99822
4601        1.22347
4601        1.31824
4601        2.25896
4601        1.71161
4601        2.26478
4601        4.06104
4601       0.616639
4601        5.60567
4601       0.643069
4601        5.06053
4601        5.17776
4601         5.2467
4601        2.98452
4601        6.19545
4601         1.7808
4601        5.59103
4601        5.87986
4601        5.86022
4601        3.32915
4601        3.46981
4601      0.0737031
4601        3.39851
4601        1.13574
4601       0.569318
4601       0.767347
4601        3.93343
4601        3.36474
4601       0.396542
4601        2.26328
4601        1.80855
4601       0.127647
4601        3.88635
4601        2.75351
4601        6.02443
4601        6.12426
4601        1.88187
4601        1.95081
4601       0.644398
4601       0.756684
4601        2.97966
4601        6.11794
4601        5.79764
4601          3.586
4601        5.17224
4601        1.76932
4601        1.59517
4601        3.17804
4601        1.62459
4601        4.91151
4601        1.78905
4601       0.940712
4601       0.707231
4601        1.37334
4601        5.53126
4601       0.205823
4601        3.52569
4601        4.16077
4601        1.93557
4601       0.873494
4601        5.91086
4601       0.368791
4601       0.770694
4601        4.13292
4601        4.25659
4601        5.64816
4601        4.09662
4601        4.36811
4601       0.547342
4601        3.64148
4601         4.4285
4601       0.758657
4601        3.77454
4601        4.62014
4601        2.07436
4601        1.41391
4601        4.22846
4601        3.46628
4601        3.81849
4601        4.14247
4601        1.73859
4601       0.681663
4601        6.10348
4601       0.404863
4601        5.98376
4601       0.115744
4601        3.93091
4601        2.89979
4601        6.02471
4601         5.3784
4601        4.43258
4601        4.14989
4601        4.68968
4601        3.79023
4601       0.319751
4601        1.44582
4601        3.65471
4601        4.74447
4601        1.27334
4601        3.13494
4601       0.901534
4601        3.56244
4601       0.640955
4601         1.3017
4601        4.75863
4601        3.84871
4601        3.23024
4601         2.7591
4601       0.427055
4601        2.71277
4601        4.41887
4601      0.0645244
4601          3.852
4601        2.17142
4601        4.31437
4601        1.99305
4601        6.11925
4601         5.0607
4601        2.15534
4601     0.00712085
4601        4.83384
4601        3.99588
4601         3.2278
4601        6.15663
4601        6.19078
4601        3.99511
4601        1.03573
4601        4.27241
4601       0.129202
4601        1.49453
4601        6.17372
4601        0.98951
4601        3.43431
4601        4.56752
4601        3.32927
4601        3.96826
4601        5.73198
4601        2.37887
4601        4.84741
4601        2.04778
4601         5.7287
4601        4.13604
4601        5.10915
4601        2.50574
4601       0.183032
4601         3.4404
4601         4.4638
4601        5.08454
4601        4.31836
4601        3.60707
4601       0.566877
4601         2.3428
4601        4.70438
4601        3.76194
4601        4.32271
4601        1.91875
4601        2.48299
4601       0.535369
4601       0.931612
4601        4.19637
4601        4.85875
4601         1.0202
4601        3.29393
4601        5.44945
4601        2.92549
4601       0.938838
4601         4.0553
4601        6.16744
4601        1.34592
4601        1.68495
4601       0.419552
4601       0.859105
4601        1.03811
4601        2.92565
4601        2.06183
4601        5.40644
4601        2.10742
4601        1.50087
4601        1.77844
4601        5.41864
4601        4.46297
4601         4.3041
4601        1.18957
4601        2.07934
4601        4.71757
4601         5.9954
4601        4.95437
4601       0.768778
4601        1.05926
4601        3.00583
4601        0.45429
4601        5.46525
4601        1.96939
4601        4.87938
4601        3.90817
4601        5.62665
4601         0.6833
4601         1.9384
4601        1.17809
4601        4.69155
4601        4.33187
4601        5.18845
4601       0.459021
4601        4.50507
4601        1.69526
4601       0.324142
4601        4.44233
4601        4.73226
4601         4.7079
4601        1.71684
4601         4.9144
4601         4.5491
4601        1.06602
4601        3.66201
4601        3.89307
4601        6.12509
4601        4.45788
4601       0.702708
4601        5.13408
4601        2.23043
4601        1.67587
4601        3.50003
4601        3.84499
4601       0.331771
4601        2.15313
4601        5.10157
4601        4.53038
4601        4.64602
4601        3.59056
4601        5.06679
4601        1.73397
4601        5.26107
4601        4.63473
4601        1.56182
4601        5.62593
4601        5.23109
4601        1.55211
4601        4.11761
4601        4.60141
4601        4.59532
4601        4.46784
4601        2.31167
4601        1.20624
4601       0.845747
4601        1.07469
4601        1.18659
4601      0.0746861
4601        5.21832
4601        1.78231
4601       0.647324
4601        6.24253
4601       0.032855
4601        1.47454
4601        6.25488
4601        2.69399
4601        1.03321
4601        5.39414
4601        4.21754
4601        1.27836
4601         2.8614
4601          0.213
4601        4.14491
4601         3.4038
4601        2.39005
4601        4.70724
4601        5.08619
4601       0.119508
4601        1.47561
4601        1.38478
4601        1.74917
4601       0.642407
4601        5.10419
4601        1.57117
4601        5.02777
4601        1.97628
4601        1.18979
4601        5.32474
4601       0.491143
4601        1.18355
4601        1.41695
4601        2.47551
4601        3.84034
4601        4.75044
4601         1.6135
4601        1.03587
4601         6.0146
4601        2.10222
4601        5.01523
4601        1.94771
4601       0.158157
4601       0.792183
4601      0.0736912
4601         4.8923
4601        4.37686
4601      0.0240952
4601        1.99728
4601       0.968235
4601        4.02416
4601        3.49717
4601       0.631755
4601        3.88276
4601       0.305966
4601        3.11165
4601          1.424
4601        2.66672
4601        1.05285
4601        6.25093
4601        4.86927
4601        2.18522
4601        1.20761
4601        1.65937
4601        5.14112
4601        1.83839
4601        4.02747
4601       0.297435
4601        1.53849
4601        3.02408
4601        1.74916
4601        1.37288
4601        5.52421
4601        3.52851
4601        2.97402
4601        1.38647
4601        2.74038
4601        3.25391
4601        4.73815
4601        6.01638
4601         5.6244
4601        4.10056
4601       0.917358
4601        2.99679
4601        3.23414
4601        3.18236
4601       0.784475
4601        1.07359
4601        5.24099
4601        2.27163
4601        1.43335
4601        5.48734
4601        5.24307
4601        4.95485
4601        1.06204
4601       0.877431
4601        1.05531
4601        4.04742
4601        5.04864
4601        1.11105
4601        5.09049
4601       0.720699
4601        4.86104
4601        3.74533
4601        0.58497
4601       0.872715
4601       0.329653
4601       0.058616
4601        2.25782
4601        1.06425
4601       0.412919
4601         1.2136
4601        6.02891
4601        4.53244
4601        5.41392
4601        2.80538
4601        1.92803
4601        4.80421
4601        4.41225
4601         5.7708
4601        3.68573
4601        5.73965
4601        2.98211
4601        2.22145
4601        2.23561
4601        5.32752
4601        2.56877
4601        1.24084
4601        4.45112
4601        1.99212
4601        4.56942
4601        1.85793
4601        3.35402
4601         3.6304
4601        3.36371
4601        5.76987
4601         5.2526
4601        1.95229
4601       0.122481
4601        2.92866
4601        3.23468
4601       0.462156
4601         1.3503
4601       0.416682
4601        3.82872
4601        4.16198
4601        2.17607
4601        5.68891
4601       0.482334
4601        3.06191
4601         4.7283
4601        2.05858
4601       0.461125
4601        4.58904
4601        1.10769
4601         1.6646
4601         1.6207
4601        3.89007
4601       0.398736
4601        3.27874
4601        4.10208
4601       0.844759
4601        2.98661
4601        5.50964
4601        1.98321
4601        3.87673
4601        2.53114
4601        3.42757
4601        5.66695
4601       0.180315
4601        4.18191
4601        4.00414
4601        4.07348
4601        1.39839
4601        6.25157
4601        3.86568
4601         1.5661
4601        4.86539
4601        2.11931
4601        4.41914
4601        5.25201
4601        2.25569
4601        5.37786
4601        4.37726
4601        5.08754
4601        4.76458
4601        6.21406
4601        4.59871
4601        2.66972
4601       0.297717
4601       0.624557
4601        4.46168
4601        2.33222
4601        2.77145
4601         2.1882
4601       0.793763
4601        2.72226
4601       0.262383
4601        4.12917
4601        2.36926
4601        4.74511
4601        5.70113
4601        2.61831
4601        4.35221
4601        4.21651
4601        4.98093
4601        4.59506
4601        5.62549
4601        5.23179
4601        3.43912
4601        5.03122
4601         3.9972
4601         5.0684
4601         3.5563
4601         1.5713
4601        4.20514
4601        3.17089
4601        6.24903
4601        1.51666
4601        1.04121
4601        4.64412
4601        2.28348
4601        4.39586
4601        6.01293
4601        4.05558
4601        4.75366
4601       0.191653
4601       0.423517
4601       0.549211
4601        4.70814
4601        3.77896
4601        5.21303
4601        3.27773
4601        3.98029
4601        4.05185
4601       0.595627
4601        1.51603
4601        4.05233
4601      0.0575022
4601        1.55549
4601        4.38544
4601        4.83338
4601        5.61208
4601        2.42386
4601        1.08321
4601        3.02602
4601        4.64264
4601        3.78743
4601        3.06545
4601        4.12146
4601        3.91155
4601        4.46735
4601        4.82256
4601        4.64543
4601        3.62288
4601        1.54791
4601        4.19597
4601        6.24307
4601        5.30853
4601        0.68895
4601       0.270564
4601        1.96868
4601        1.49301
4601        2.11908
4601        4.23514
4601        3.68499
4601        3.55953
4601        5.14773
4601          3.509
4601        1.00876
4601        5.47128
4601        3.09337
4601        2.70719
4601        4.43691
4601         6.1788
4601        1.28518
4601        1.21939
4601       0.310585
4601        5.93345
4601        2.50432
4601         3.9902
4601        4.92498
4601        1.12437
4601        0.54465
4601        2.05106
4601        3.38562
4601        4.94014
4601        5.78916
4601        4.36807
4601        2.39755
4601        1.82219
4601        4.04122
4601        0.85436
4601        4.45713
4601        1.81311
4601        3.18825
4601        5.61835
4601        5.35109
4601        4.90929
4601        1.38334
4601        6.10154
4601        5.31303
4601       0.911187
4601        1.15398
4601       0.255108
4601        4.53238
4601       0.152061
4601       0.179376
4601        5.21623
4601        1.18618
4601        1.30014
4601        2.82542
4601        1.86518
4601       0.391965
4601        4.08421
4601         4.9263
4601        4.05461
4601        2.83495
4601       0.295492
4601       0.683325
4601        5.17481
4601        1.74608
4601        1.29338
4601       0.753832
4601       0.132986
4601        1.03789
4601       0.600303
4601        2.29282
4601         5.2377
4601        6.17826
4601        1.90759
4601        3.91322
4601        3.92264
4601        4.66264
4601        2.96691
4601        4.78661
4601         4.8825
4601        2.22344
4601        2.54441
4601        5.87226
4601        2.46369
4601        6.16408
4601        3.82855
4601        2.53795
4601       0.806203
4601         5.8195
4601        6.26285
4601        2.51447
4601        1.83625
4601        1.76496
4601        3.31514
4601        3.27409
4601        5.77357
4601        1.25343
4601        5.02977
4601        4.17742
4601       0.691666
4601        1.01299
4601        1.24592
4601         2.4478
4601        4.82864
4601        1.29045
4601       0.574703
4601       0.908514
4601        3.72188
4601        2.13375
4601        5.52231
4601        4.44366
4601        1.29133
4601        2.34716
4601        2.71636
4601        1.20008
4601       0.974796
4601       0.603078
4601        1.96186
4601        6.04019
4601        1.48475
4601        6.08106
4601        1.62137
4601        4.41397
4601       0.493954
4601        2.20627
4601        4.14562
4601         4.3603
4601       0.465545
4601        5.97382
4601        2.60356
4601        4.10766
4601        3.55423
4601        5.67699
4601        1.05397
4601        1.86776
4601        4.28367
4601        2.50328
4601          4.184
4601        5.68139
4601          5.839
4601         1.1988
4601        3.57764
4601       0.723874
4601        5.31401
4601       0.889941
4601        1.68073
4601        6.10874
4601        3.87443
4601        3.76816
4601        3.90183
4601        4.08151
4601       0.859842
4601        1.03068
4601        4.43932
4601       0.870652
4601       0.106308
4601        2.34318
4601          1.938
4601       0.378907
4601       0.208442
4601        1.89728
4601        1.03762
4601        3.81486
4601       0.800819
4601        1.86123
4601        5.04477
4601        3.27498
4601        1.97108
4601        2.21655
4601       0.646197
4601        5.37651
4601        4.39414
4601        1.12775
4601        2.39278
4601        4.26566
4601        3.76402
4601       0.507758
4601        2.37718
4601        4.58389
4601        3.25939
4601       0.478375
4601         2.4308
4601       0.218159
4601        5.54879
4601        4.21952
4601        3.27702
4601        3.28819
4601         6.2221
4601        4.36697
4601      0.0085686
4601        3.68797
4601        4.30608
4601      0.0113246
4601        2.82337
4601        5.22527
4601        5.11542
4601         5.4755
4601       0.313877
4601        1.06554
4601        5.71424
4601        2.93842
4601        3.98105
4601       0.593344
4601        1.81707
4601        5.27402
4601        3.56305
4601        5.46164
4601        1.50572
4601        1.09114
4601        3.34683
4601        3.08252
4601        2.28228
4601         5.4661
4601       0.281573
4601       0.343208
4601        2.20365
4601        2.06658
4601       0.749656
4601        2.01872
4601        3.71641
4601        1.64969
4601        5.13118
4601        3.40365
4601        4.56676
4601        3.26967
4601        1.48271
4601       0.876749
4601       0.130884
4601       0.479631
4601        3.98558
4601        1.88422
4601          1.854
4601         5.2832
4601        3.68251
4601         1.3141
4601       0.200576
4601         1.8509
4601        1.09462
4601       0.787028
4601       0.989616
4601        4.45116
4601        2.18589
4601        3.10722
4601          2.029
4601        5.87478
4601         1.6957
4601        2.21212
4601        4.19614
4601        4.29489
4601        3.54377
4601        4.37006
4601        6.01282
4601        5.38295
4601        0.22577
4601        1.94526
4601        1.82362
4601         4.1056
4601        5.49217
4601        1.04968
4601        4.81752
4601       0.412981
4601       0.995184
4601        3.83349
4601        6.15523
4601         2.5308
4601        5.07739
4601        2.88344
4601        1.29496
4601        2.11739
4601         4.7912
4601        1.10454
4601        4.72242
4601        5.06563
4601        1.14195
4601        3.63701
4601        1.53357
4601        1.12093
4601        4.18057
4601        2.34588
4601        3.84392
4601        1.71746
4601        4.68523
4601        3.08906
4601        2.57493
4601        4.10581
4601        2.82731
4601       0.978874
4601        2.14266
4601        2.99467
4601       0.946822
4601        6.11554
4601        5.41227
4601       0.142993
4601        4.34796
4601       0.704017
4601        4.94513
4601        2.92383
4601        4.70869
4601        3.96175
4601        5.29669
4601        6.09674
4601         3.7295
4601        2.74118
4601        5.22607
4601        5.58534
4601        4.49643
4601       0.494547
4601         3.1617
4601        0.46844
4601        5.99061
4601        4.66289
4601        5.32704
4601       0.923625
4601        0.81417
4601        1.68308
4601        2.35433
4601        3.32606
4601        6.26952
4601        1.92311
4601        1.46888
4601        1.05097
4601        4.57393
4601       0.829291
4601         2.3619
4601       0.507612
4601        1.38924
4601        3.55908
4601         0.2853
4601        1.28954
4601       0.321347
4601       0.383443
4601        2.38807
4601        1.97905
4601        4.57991
4601        4.63722
4601       0.445563
4601        1.56614
4601         1.4932
4601       0.431178
4601       0.167668
4601       0.351267
4601       0.626877
4601        3.62872
4601        4.89842
4601          6.039
4601        3.62376
4601        5.93368
4601        3.76988
4601        3.86803
4601        3.08733
4601        5.08363
4601        1.75443
4601        1.89889
4601        1.62225
4601        1.61268
4601       0.941296
4601        2.84676
4601        3.43191
4601        5.85202
4601       0.927471
4601        1.08687
4601         4.7885
4601         3.3068
4601        4.17075
4601        2.55262
4601        4.30713
4601        4.69183
4601        5.82809
4601        2.66397
4601        3.93317
4601         3.7926
4601        4.48453
4601        1.72262
4601        5.95509
4601        4.57012
4601        3.60076
4601         2.7707
4601       0.859287
4601        3.20771
4601        1.11192
4601       0.783577
4601        4.14593
4601        3.51787
4601        1.03451
4601        2.28382
4601        3.51428
4601        5.71404
4601        3.59855
4601          6.039
4601        5.19722
4601        4.77773
4601        3.73557
4601        1.06628
4601       0.560666
4601        3.68381
4601        3.48751
4601        4.21648
4601        5.95721
4601        4.06377
4601       0.603063
4601        4.51466
4601        6.22671
4601        2.86571
4601        3.97421
4601         1.8445
4601        4.23892
4601        1.73826
4601        3.46825
4601       0.352408
4601         4.1882
4601        4.71123
4601        1.48522
4601        3.08681
4601        5.25683
4601        1.62163
4601        1.24044
4601         3.9051
4601       0.846209
4601        5.14527
4601       0.845673
4601         5.5415
4601        4.75155
4601        2.07764
4601        5.96241
4601      0.0238532
4601        1.87993
4601        5.35772
4601        2.47845
4601        3.49167
4601      0.0853174
4601        1.76858
4601        1.31476
4601        1.78666
4601        4.04081
4601        5.30574
4601        5.36718
4601       0.451813
4601        1.74684
4601        1.62608
4601        4.90607
4601        6.06625
4601        4.60944
4601       0.839532
4601        3.45996
4601        5.96159
4601        3.09733
4601       0.856543
4601        1.72601
4601        1.29764
4601        5.99111
4601       0.636003
4601        4.14116
4601        1.29266
4601        6.27824
4601        0.52853
4601        5.66771
4601        3.31931
4601        1.59733
4601        6.08341
4601       0.127141
4601        3.65102
4601        3.18714
4601         5.6765
4601        2.97726
4601         2.8667
4601        6.19023
4601        1.85234
4601        4.55787
4601      0.0859746
4601        2.07028
4601        5.87456
4601        5.11914
4601        1.19182
4601        4.37572
4601       0.575461
4601        0.77306
4601        4.51062
4601        3.59557
4601        4.29758
4601       0.970529
4601        5.58504
4601       0.166777
4601        4.51251
4601        4.83733
4601        1.00792
4601       0.123333
4601       0.149074
4601        3.48802
4601        3.86304
4601      0.0260408
4601        2.34855
4601       0.776561
4601        0.42628
4601        3.61447
4601      0.0282049
4601        1.77174
4601       0.609346
4601        4.28982
4601        1.67883
4601        4.47842
4601        5.47441
4601        2.74381
4601        1.64494
4601         2.1066
4601        5.99028
4601        0.87965
4601        3.29008
4601        4.19982
4601        3.50628
4601       0.774309
4601        3.11979
4601        4.41612
4601         2.9434
4601        1.37252
4601        6.21394
4601        2.04002
4601        1.33441
4601       0.853656
4601       0.512808
4601        5.51853
4601        5.35808
4601        4.04096
4601        1.70906
4601       0.547585
4601        4.83521
4601       0.610905
4601        3.30364
4601        6.09516
4601       0.564971
4601        2.02408
4601       0.040314
4601       0.477397
4601        5.20682
4601         2.4249
4601        2.07085
4601        2.33091
4601       0.946268
4601         5.5633
4601        1.94608
4601        3.03183
4601        0.99209
4601         1.4283
4601        4.53405
4601        3.47161
4601       0.342761
4601        0.17998
4601       0.015252
4601        4.46766
4601        4.98626
4601       0.593305
4601        3.15037
4601       0.411957
4601        3.90802
4601        2.30503
4601        4.19693
4601        4.58225
4601       0.378814
4601        2.88808
4601        3.03264
4601        1.04639
4601          3.387
4601        1.16963
4601        3.75747
4601        4.15891
4601        1.16444
4601        2.83535
4601        2.33719
4601        4.41454
4601        2.40083
4601        1.29153
4601        3.40705
4601        4.93064
4601        5.19576
4601        2.05478
4601        5.43725
4601        4.67186
4601        4.27932
4601        2.83476
4601        1.46723
4601        4.44167
4601        4.17616
4601        4.50595
4601      0.0487317
4601        5.95671
4601        4.92105
4601       0.618717
4601       0.217958
4601         2.5959
4601        1.32953
4601        1.41001
4601        3.32936
4601       0.513676
4601        4.34563
4601        3.40161
4601       0.566574
4601        1.63291
4601        4.22898
4601       0.696341
4601        3.27947
4601        5.97311
4601        1.74788
4601        4.79805
4601        1.58994
4601       0.819817
4601        3.05507
4601       0.903613
4601        2.69066
4601        5.61896
4601       0.748558
4601        5.48821
4601        3.30053
4601        3.52037
4601        5.09296
4601        1.02935
4601        4.65963
4601        2.57049
4601        3.43736
4601        2.28662
4601        4.38817
4601       0.225968
4601        3.43684
4601        5.57751
4601        5.33643
4601        2.11983
4601       0.624573
4601        1.39732
4601        4.76989
4601        2.90478
4601         3.7263
4601        6.02109
4601       0.619956
4601       0.616065
4601        4.76673
4601         4.5683
4601        3.13388
4601        1.40962
4601        2.63638
4601        5.04579
4601       0.887822
4601        3.57612
4601        3.58344
4601       0.946205
4601        3.53766
4601        1.76732
4601       0.491813
4601        4.58558
4601         2.0995
4601        1.73051
4601        1.00085
4601        4.53741
4601       0.393797
4601        4.20098
4601        2.64116
4601        4.44472
4601        2.42725
4601         5.0673
4601        3.46178
4601       0.719452
4601        5.19668
4601         2.6821
4601        1.78304
4601        1.05877
4601        4.60072
4601        6.24745
4601        5.37461
4601        4.34118
4601        3.75115
4601        1.44589
4601       0.646439
4601        3.27608
4601        5.06991
4601       0.863068
4601        3.77918
4601        1.13003
4601         3.6741
4601        3.37061
4601        2.04582
4601       0.709753
4601        2.77485
4601       0.447314
4601        3.85139
4601        3.26187
4601        1.55093
4601        1.97898
4601        2.71098
4601        4.32937
4601        1.85442
4601        5.62072
4601       0.820537
4601        4.78434
4601        1.77579
4601        2.62896
4601        5.12919
4601        3.82553
4601       0.507993
4601       0.699141
4601        4.31781
4601       0.631041
4601         5.2913
4601         6.2809
4601        2.87417
4601        1.25917
4601       0.902224
4601        5.16904
4601        5.34048
4601        4.22899
4601        5.86935
4601         3.1393
4601         1.2599
4601        5.68402
4601        4.02472
4601        1.58778
4601         0.4954
4601        4.39139
4601        1.04691
4601        1.19954
4601        1.58595
4601        3.52343
4601      0.0759873
4601        1.40694
4601        4.56604
4601        3.20301
4601        6.08544
4601        1.67722
4601        6.04101
4601        1.96855
4601        5.80408
4601        2.16028
4601        2.21314
4601        5.25038
4601        1.78173
4601        2.15292
4601       0.150562
4601       0.291461
4601        2.81322
4601        1.65056
4601        3.74752
4601        4.67214
4601        3.63561
4601        4.46355
4601        3.68001
4601        3.21912
4601         6.1833
4601        4.90866
4601        3.34329
4601        4.11214
4601        3.93479
4601       0.215975
4601         6.1707
4601        2.30089
4601        4.02105
4601        5.02712
4601        2.28966
4601        3.49323
4601        1.66978
4601        3.18134
4601       0.490516
4601        6.06116
4601        5.94208
4601        1.05133
4601        6.16696
4601        3.56087
4601        1.47479
4601        1.67329
4601        4.80606
4601         4.2104
4601        3.76737
4601        3.78467
4601        4.78548
4601       0.705463
4601        3.54265
4601        4.06807
4601        4.88676
4601        1.99388
4601       0.648796
4601        4.46601
4601        5.18461
4601        5.54629
4601        5.62074
4601        4.50865
4601        3.86246
4601        1.46685
4601        2.86204
4601        3.35362
4601        4.49758
4601        3.06315
4601        2.87571
4601       0.561395
4601        4.27909
4601        4.61152
4601         4.1116
4601        5.57357
4601        2.63868
4601        3.37507
4601      0.0902871
4601       0.985234
4601        3.39171
4601       0.323111
4601        2.71574
4601       0.713408
4601        5.06247
4601          3.337
4601       0.840097
4601        4.40815
4601        4.15892
4601       0.149235
4601        5.76722
4601        1.03488
4601        1.29625
4601        2.82946
4601        3.54451
4601        6.03755
4601        4.10851
4601        0.79543
4601        1.73773
4601        5.87636
4601        3.71257
4601        5.91299
4601        5.31399
4601        5.20737
4601       0.601823
4601      0.0937912
4601        1.72887
4601        3.63041
4601       0.856218
4601        5.33909
4601        2.75864
4601        3.80297
4601         2.1584
4601         2.3835
4601        3.95747
4601         6.2164
4601        1.39399
4601       0.633979
4601        5.45592
4601        1.79014
4601       0.568453
4601        5.26712
4601       0.943876
4601        4.12773
4601        5.36328
4601        1.25364
4601        4.44358
4601        4.85618
4601        4.25206
4601        2.43235
4601        1.89607
4601       0.170715
4601        3.87353
4601         3.8567
4601        3.52651
4601        1.48226
4601        4.77608
4601        5.80191
4601        4.24834
4601       0.689566
4601      0.0228683
4601        1.18579
4601       0.727104
4601        5.84059
4601        2.01801
4601        5.51235
4601        3.51472
4601        4.06025
4601        4.49305
4601        4.86724
4601        3.56945
4601        1.89892
4601        1.73137
4601       0.501199
4601       0.793383
4601       0.977242
4601        2.87508
4601        5.55285
4601        2.04579
4601        6.08612
4601      0.0537143
4601       0.122044
4601        4.80055
4601         3.8016
4601        4.89343
4601        2.09836
4601        6.07131
4601       0.104267
4601        5.36476
4601        3.82231
4601        4.64503
4601        6.17774
4601        6.19729
4601        4.76094
4601          1.088
4601        3.73548
4601        2.33071
4601        3.35992
4601        3.33557
4601         1.9748
4601        5.41572
4601         2.3386
4601        0.88863
4601        5.47583
4601        2.34003
4601        4.53532
4601       0.955035
4601        5.74535
4601        1.31452
4601       0.592762
4601        5.21767
4601        4.31825
4601        3.67766
4601        5.72906
4601        4.87481
4601        2.25189
4601        3.69918
4601         3.3488
4601        3.40274
4601        1.54676
4601        1.51937
4601        3.54701
4601        2.09114
4601         2.3438
4601        1.37308
4601        1.42035
4601       0.839589
4601       0.231416
4601        2.47755
4601         4.1777
4601       0.922248
4601        3.56745
4601       0.826913
4601        1.85881
4601        4.72586
4601         1.3389
4601        4.10696
4601        5.42045
4601        1.74593
4601         4.1462
4601        2.70592
4601        2.21808
4601        3.50731
4601       0.560112
4601        4.87024
4601       0.414663
4601        6.24451
4601        5.26502
4601        5.00271
4601        5.33231
4601       0.534847
4601        2.48933
4601         1.6007
4601        4.64171
4601        1.56752
4601        1.18047
4601        2.21508
4601        2.22473
4601        1.10153
4601        2.44894
4601         5.9391
4601        6.16734
4601        1.06293
4601        5.86506
4601       0.779602
4601        3.81682
4601        3.13113
4601        3.49055
4601        3.84434
4601         1.5785
4601       0.855626
4601       0.785442
4601        3.43464
4601        2.47102
4601        3.09316
4601        1.05043
4601        5.02612
4601        4.99551
4601       0.314983
4601        3.70958
4601        1.55611
4601       0.665128
4601        0.84772
4601        4.36107
4601        2.71575
4601        1.37851
4601       0.818135
4601        4.55907
4601        1.00975
4601        1.52112
4601       0.966652
4601         3.4951
4601         2.1239
4601       0.692716
4601        0.53861
4601        5.52668
4601        2.48445
4601        3.25954
4601       0.504053
4601        5.09692
4601        3.72685
4601       0.794948
4601        3.82874
4601        5.69818
4601        1.85216
4601        3.73818
4601        2.60883
4601        2.92546
4601        4.21944
4601        1.36593
4601         4.5225
4601        3.09238
4601        1.63459
4601        3.93193
4601         1.4613
4601         2.2423
4601        4.17951
4601        1.20251
4601        1.19369
4601        1.24695
4601        2.38722
4601         3.8275
4601        4.21375
4601       0.370778
4601        2.60917
4601         6.1471
4601        4.25562
4601        3.17106
4601        5.58144
4601        3.22169
4601        5.53259
4601        1.51898
4601        2.09695
4601        6.07482
4601        2.73451
4601        4.49033
4601        3.85104
4601       0.713212
4601       0.989379
4601       0.341337
4601        3.65486
4601        4.83676
4601        1.99856
4601      0.0667808
4601        1.91764
4601        1.93816
4601        1.82015
4601       0.672477
4601         5.4045
4601        2.04455
4601        4.96291
4601        1.89286
4601        3.30679
4601          3.129
4601        5.11352
4601        1.99488
4601       0.459047
4601        1.23003
4601        6.04997
4601       0.275141
4601        1.97886
4601        3.93966
4601        3.02795
4601        1.22122
4601        3.40184
4601        4.21056
4601        3.12861
4601      0.0118496
4601        3.04538
4601       0.522098
4601        1.27682
4601        2.50552
4601        2.30266
4601        4.76839
4601        2.06847
4601        1.56079
4601        1.17121
4601        4.05397
4601        2.20012
4601        5.30893
4601        5.88975
4601        3.74392
4601        2.68981
4601        5.93368
4601        1.99624
4601        4.66614
4601        3.94055
4601        3.99211
4601        3.12474
4601        3.98765
4601        2.33511
4601        1.81924
4601        2.00758
4601        1.78172
4601        5.83197
4601      0.0800918
4601        5.74897
4601        1.03367
4601       0.982274
4601        3.02742
4601        1.13633
4601        5.30012
4601        2.47706
4601        4.93065
4601        4.83785
4601        5.10233
4601        3.74211
4601        5.86782
4601        4.38937
4601        5.54517
4601        4.13251
4601        1.83335
4601        4.61271
4601        6.28194
4601         1.6877
4601        4.52992
4601       0.809601
4601       0.759519
4601        3.89537
4601        3.71458
4601        5.28325
4601        2.74143
4601         3.5809
4601        5.09568
4601        1.34512
4601      0.0128438
4601        1.69054
4601        3.37704
4601         4.8321
4601        5.49123
4601        5.03311
4601       0.865481
4601        5.74352
4601        3.61232
4601        1.30746
4601        3.32387
4601        2.24392
4601        2.87304
4601        2.26051
4601        5.63814
4601        5.67065
4601        3.38234
4601       0.576912
4601        3.19484
4601        4.03421
4601        3.61383
4601        4.14638
4601       0.497122
4601        5.53624
4601         5.7643
4601        2.50372
4601        2.44005
4601        5.25312
4601        3.51236
4601       0.724574
4601        4.09821
4601        2.94406
4601        5.69482
4601        2.37055
4601       0.168061
4601        2.53099
4601        4.46078
4601        1.84107
4601       0.938328
4601        6.09301
4601       0.270957
4601         3.5369
4601        0.90803
4601        3.68219
4601        2.66808
4601       0.239224
4601        4.13304
4601        2.87968
4601        5.16451
4601        0.66678
4601        5.27464
4601        4.41443
4601       0.509257
4601        2.19513
4601        4.91083
4601        1.23398
4601        5.64977
4601        3.95466
4601        4.47894
4601        3.18148
4601        2.28045
4601        1.15974
4601        5.96658
4601       0.820285
4601       0.849958
4601        1.30338
4601        3.45511
4601        4.43323
4601        5.28709
4601        2.00545
4601       0.363308
4601        2.10517
4601        3.78968
4601        2.24591
4601        1.42543
4601        5.53705
4601        1.43851
4601        4.51093
4601        3.76381
4601        1.17246
4601        5.04899
4601        5.62564
4601        2.01159
4601        6.09976
4601        4.99748
4601       0.217843
4601        3.70707
4601       0.956205
4601         4.6832
4601       0.711363
4601       0.902357
4601         3.2448
4601        6.22784
4601       0.167493
4601        3.44832
4601        6.00924
4601        3.65604
4601        5.98183
4601       0.307772
4601       0.365364
4601        2.80424
4601       0.482646
4601        3.98043
4601       0.406258
4601        1.67658
4601        1.15634
4601       0.427753
4601         2.5781
4601        1.32123
4601       0.712267
4601        1.01014
4601        5.96303
4601        5.28829
4601        2.67559
4601          1.205
4601        2.60427
4601        2.96678
4601        6.12487
4601        4.20268
4601       0.993542
4601        1.63059
4601        3.98161
4601        3.14614
4601        5.48682
4601        2.46233
4601        4.17707
4601        5.83899
4601       0.719757
4601        1.06643
4601        3.76359
4601        5.87543
4601        4.26208
4601        5.24579
4601        4.47042
4601        3.47383
4601       0.206882
4601        5.80979
4601        4.45482
4601        1.24742
4601        4.04471
4601        2.28783
4601       0.282688
4601        4.32871
4601        2.54851
4601        3.77876
4601        1.30721
4601        1.42056
4601        4.48972
4601        3.01627
4601        6.23665
4601       0.301535
4601       0.773038
4601        2.27728
4601         4.3734
4601        5.96952
4601        5.35079
4601        4.29222
4601        4.34116
4601        2.11968
4601       0.778049
4601       0.610247
4601        3.41723
4601        3.25185
4601       0.584841
4601        4.03462
4601         4.1879
4601         1.1007
4601        1.20273
4601       0.239648
4601        3.29972
4601        2.69264
4601        6.22284
4601        4.68141
4601        1.57615
4601        3.80211
4601       0.643745
4601        1.72708
4601        1.79147
4601        2.74286
4601        5.88949
4601        4.38694
4601        1.90697
4601        1.72975
4601       0.416629
4601        4.01655
4601        1.09241
