4132        5.76008
4132        4.36527
4132       0.420785
4132        3.61903
4132        1.18183
4132        6.06975
4132        5.75797
4132        4.87276
4132        0.96443
4132        1.82985
4132        1.10842
4132        3.87494
4132        1.20598
4132        3.91255
4132        2.34884
4132        2.98916
4132        2.22008
4132        4.54856
4132        3.96838
4132        4.93062
4132        3.05855
4132        4.05839
4132        5.75689
4132        1.75196
4132        2.93409
4132        5.32809
4132        2.64294
4132        4.33601
4132        4.47055
4132        1.54871
4132        3.53757
4132        3.70145
4132        5.83663
4132        6.08872
4132       0.244059
4132        1.02469
4132         2.5734
4132        3.86964
4132       0.560716
4132        6.21528
4132        2.76631
4132        2.87505
4132        2.90706
4132       0.255834
4132        1.09348
4132        2.95286
4132        4.31325
4132        5.93925
4132        4.48204
4132        6.14681
4132        4.31576
4132        4.83538
4132        1.44171
4132        5.42474
4132        1.62728
4132        1.52276
4132        4.07482
4132        2.78313
4132       0.785077
4132        2.04547
4132        2.84715
4132        4.20543
4132         2.6708
4132        5.62794
4132        3.20106
4132        3.47417
4132       0.681518
4132        5.48121
4132        3.65747
4132       0.983075
4132        5.79443
4132        5.20929
4132        1.34117
4132       0.278338
4132        3.18829
4132          3.237
4132        4.97611
4132        5.92884
4132        4.16566
4132        2.23262
4132       0.650242
4132       0.171952
4132        5.30848
4132        4.87339
4132        2.49531
4132        5.61089
4132      0.0478326
4132        6.25984
4132         4.2554
4132       0.548666
4132        4.67533
4132         5.7559
4132        3.37627
4132         3.4205
4132        4.06579
4132       0.500555
4132        3.67971
4132        5.42342
4132         3.3469
4132       0.540224
4132        1.66471
4132        2.77419
4132        4.03516
4132        1.35617
4132        2.97123
4132         2.4976
4132        2.22811
4132        5.86214
4132        3.67731
4132        3.40899
4132       0.796311
4132        1.78074
4132       0.705357
4132        3.88374
4132        4.49334
4132        4.28297
4132      0.0578638
4132        5.01627
4132          3.721
4132        4.99567
4132         1.8165
4132        4.68376
4132        2.64827
4132        1.24245
4132        3.58972
4132        3.21022
4132       0.448882
4132        5.27968
4132        3.07785
4132       0.139953
4132        2.36607
4132        1.45148
4132        3.43795
4132       0.542179
4132        3.57673
4132        2.64588
4132       0.916043
4132       0.693614
4132        3.99738
4132        4.74375
4132        5.31077
4132       0.359395
4132        3.86199
4132        4.58353
4132         4.5642
4132       0.272191
4132         5.6051
4132        4.05519
4132       0.897299
4132        5.58817
4132        3.54855
4132       0.353869
4132        5.03169
4132        5.38389
4132        5.78668
4132        3.81234
4132        3.29903
4132       0.252619
4132        3.80463
4132        3.80759
4132        4.90971
4132        3.54704
4132        6.25124
4132       0.701538
4132        4.97637
4132       0.454362
4132         4.4756
4132        5.64134
4132        5.67085
4132       0.751126
4132        0.28948
4132        5.87321
4132        3.68944
4132          3.328
4132        1.88913
4132        4.33053
4132        4.11878
4132        2.48628
4132        1.12609
4132       0.566099
4132        4.86745
4132        4.81058
4132      0.0781644
4132        3.72436
4132      0.0674677
4132        3.26169
4132        4.47979
4132        5.93697
4132       0.745766
4132        5.65798
4132        4.27284
4132       0.545902
4132        4.20462
4132        2.64702
4132         4.0055
4132        3.94327
4132        4.54772
4132        2.84266
4132        1.31813
4132       0.895589
4132       0.278124
4132        4.43557
4132        2.22669
4132        4.12201
4132       0.115884
4132        3.50393
4132        2.11355
4132       0.845522
4132        0.07284
4132        3.73054
4132        3.48547
4132       0.919132
4132         1.2963
4132        3.87273
4132        2.46926
4132        5.05634
4132       0.226804
4132        0.70261
4132        4.89316
4132        2.55537
4132         3.6493
4132        4.78183
4132       0.730332
4132        3.07139
4132       0.107925
4132       0.319806
4132        3.58086
4132        3.84541
4132        3.49422
4132         5.5261
4132         6.1696
4132        5.57891
4132        5.03265
4132        3.25912
4132       0.930705
4132        5.89152
4132        5.05332
4132        3.36206
4132          5.132
4132        6.25566
4132        1.13301
4132        3.88265
4132        4.10112
4132        1.04602
4132        2.69383
4132        4.75903
4132        2.61882
4132         1.0207
4132        4.45708
4132        1.90656
4132       0.977288
4132        5.80669
4132         5.4367
4132       0.326011
4132        3.62087
4132        2.15675
4132       0.649612
4132         3.3558
4132        3.66576
4132        1.76779
4132        4.12369
4132       0.226945
4132        1.45283
4132        5.34317
4132       0.777862
4132         2.1811
4132        3.82754
4132         3.7235
4132        3.28992
4132        5.76066
4132        1.44633
4132        1.72502
4132        1.23113
4132        1.88112
4132         1.3139
4132        3.52632
4132        3.35637
4132        5.06502
4132         4.9778
4132        5.65194
4132        4.15207
4132        1.29283
4132        4.41453
4132        1.27523
4132       0.118846
4132        5.89674
4132        5.75413
4132       0.568702
4132        5.73381
4132        3.03618
4132          6.225
4132        1.70326
4132        3.13812
4132        1.45814
4132       0.264216
4132        2.84352
4132        4.50211
4132        6.24916
4132        1.47545
4132        0.91681
4132       0.563836
4132        5.38893
4132        3.96685
4132       0.126252
4132        1.92673
4132        3.26269
4132        2.41943
4132        3.87279
4132        4.78059
4132        4.90382
4132        3.00311
4132        4.38729
4132        2.49297
4132        3.52528
4132        4.81782
4132       0.670402
4132        1.31778
4132        5.09205
4132        3.38966
4132         3.7067
4132         4.3635
4132        0.88209
4132        3.19393
4132        3.96074
4132       0.432512
4132        5.82871
4132        1.43426
4132         3.2674
4132        5.73076
4132       0.127413
4132      0.0273157
4132        1.30655
4132         3.9345
4132        1.72031
4132        5.26391
4132       0.831194
4132        4.75534
4132       0.465336
4132        1.17592
4132        3.97834
4132        5.75111
4132       0.542233
4132        4.25204
4132        3.79566
4132       0.207844
4132        3.21171
4132       0.338495
4132        4.27221
4132        3.01953
4132        6.18883
4132        2.74764
4132        1.65854
4132         5.7237
4132        2.17483
4132        2.62087
4132        2.37596
4132        3.92943
4132        1.70506
4132        1.72343
4132       0.734584
4132        3.27284
4132          2.182
4132        2.98994
4132        3.31851
4132       0.218694
4132        1.95229
4132       0.629841
4132       0.405439
4132       0.650272
4132        6.14986
4132        4.69283
4132        3.39833
4132        1.00582
4132        4.70804
4132        4.19819
4132       0.240188
4132        5.97527
4132        5.42819
4132        4.38358
4132        4.46101
4132         2.6722
4132        4.98407
4132       0.387313
4132        1.89512
4132        5.30461
4132        5.90939
4132        5.85158
4132        5.39446
4132         3.7381
4132       0.272238
4132        5.54516
4132        3.81875
4132        5.71828
4132        4.05875
4132        5.28635
4132        0.11938
4132        2.31133
4132        3.89302
4132        2.91692
4132       0.865372
4132        5.41578
4132        3.83082
4132        2.75831
4132        4.42323
4132        5.57465
4132        3.66559
4132        4.39692
4132        2.63592
4132        4.73291
4132        4.81589
4132        5.57528
4132        5.60001
4132        4.03833
4132        2.22396
4132        3.24476
4132        3.31546
4132        4.99758
4132        2.80985
4132        5.94722
4132       0.134885
4132        4.28139
4132        3.22305
4132        3.13218
4132        4.65632
4132        1.80451
4132        1.05005
4132        3.99752
4132        4.68527
4132        2.82246
4132        3.19949
4132        6.06888
4132       0.242362
4132        3.83297
4132        5.62587
4132        4.30747
4132       0.525278
4132        2.84808
4132         1.1145
4132        2.01094
4132        6.15206
4132       0.863898
4132        1.84033
4132        6.22508
4132       0.460811
4132       0.352606
4132        6.19936
4132        1.27461
4132        3.06934
4132        4.46091
4132        5.65352
4132        5.33536
4132        3.58046
4132         5.9742
4132        3.14509
4132        1.56906
4132         3.3389
4132        4.52778
4132        5.78735
4132        1.19571
4132        5.11803
4132       0.900001
4132        1.09275
4132       0.510702
4132        2.32109
4132        5.99616
4132       0.907264
4132         5.2125
4132        2.59848
4132         1.3506
4132        0.22519
4132        2.15268
4132        5.07958
4132        4.50648
4132        5.49521
4132        2.47298
4132        3.52735
4132        1.35063
4132         5.8763
4132        1.22097
4132        3.80254
4132        1.95625
4132        3.18903
4132       0.800644
4132        1.71109
4132        2.48312
4132        5.52855
4132        5.23027
4132        5.07189
4132        3.05631
4132        3.73115
4132        0.97388
4132        5.65219
4132        6.00688
4132        5.02961
4132        4.20244
4132       0.678151
4132        5.63958
4132       0.487153
4132     0.00077645
4132        4.53847
4132       0.941922
4132         2.4995
4132        5.34461
4132        1.42218
4132        6.23878
4132        5.89617
4132        3.76047
4132        3.61528
4132        2.63722
4132       0.757756
4132        5.83495
4132        3.99542
4132       0.846141
4132         5.7901
4132        4.61755
4132       0.615661
4132        0.75328
4132        6.04282
4132        4.28832
4132       0.512602
4132        2.89557
4132          3.249
4132        4.41129
4132        2.86342
4132       0.441534
4132        4.16347
4132        4.68592
4132        3.14999
4132        3.46412
4132       0.566797
4132        6.07734
4132        3.50682
4132        4.14132
4132        3.45377
4132        3.75087
4132        3.31338
4132       0.292562
4132        3.24645
4132        5.85253
4132        2.67103
4132      0.0702158
4132        3.63915
4132        3.08975
4132        5.61241
4132        4.41148
4132      0.0331618
4132        2.83618
4132       0.706346
4132       0.223386
4132        5.01636
4132        0.78592
4132        4.08564
4132        5.93545
4132        1.10108
4132        3.26603
4132        5.38169
4132         5.3774
4132        2.31359
4132         6.1071
4132       0.763521
4132        5.30029
4132        6.24108
4132        1.07736
4132        1.77771
4132        6.14701
4132        3.59788
4132        5.54671
4132        3.68761
4132        2.24197
4132       0.908714
4132        4.09043
4132       0.968569
4132        4.42889
4132        5.91986
4132        3.89914
4132         5.4375
4132        3.88297
4132        1.34855
4132        1.03223
4132       0.237459
4132        3.28237
4132        2.49532
4132        2.16841
4132        2.03107
4132        2.52474
4132        2.56409
4132      0.0151916
4132        1.70814
4132        3.43219
4132        1.91948
4132        4.05988
4132       0.908059
4132        2.86293
4132        1.22521
4132        4.19259
4132         3.3613
4132        5.07884
4132        4.34196
4132        1.50549
4132       0.331297
4132        0.95415
4132        6.15538
4132          6.111
4132       0.469431
4132        2.54422
4132        2.01916
4132        5.99405
4132        6.18939
4132       0.931704
4132        1.17962
4132        1.57311
4132        6.07338
4132      0.0873933
4132        6.23617
4132        3.21209
4132        4.32592
4132        3.92439
4132        5.33269
4132       0.582994
4132        1.20965
4132        3.45001
4132        5.25933
4132       0.197105
4132        1.74358
4132        5.27432
4132       0.688619
4132        4.06362
4132        0.11234
4132        3.34803
4132       0.141994
4132        4.02063
4132        6.06629
4132        4.39532
4132        2.85685
4132        5.15953
4132        1.44074
4132        2.56213
4132        5.84038
4132        5.74447
4132        3.21923
4132        4.44884
4132       0.314332
4132       0.922238
4132        3.08242
4132        4.42263
4132        5.71462
4132        1.60018
4132        4.24434
4132       0.800942
4132        4.60208
4132        4.57523
4132        5.89978
4132       0.816592
4132        6.04755
4132        2.76917
4132       0.333577
4132        3.08545
4132        1.67185
4132        4.24887
4132       0.611641
4132        2.55943
4132        2.47813
4132        1.33294
4132          4.247
4132        4.03578
4132        0.62041
4132        2.85359
4132        5.08843
4132       0.932144
4132        1.38138
4132        3.94005
4132        2.55645
4132        5.34988
4132        3.46677
4132        1.92237
4132        4.76321
4132        5.10802
4132       0.839827
4132        5.46056
4132       0.559631
4132       0.498839
4132        1.35182
4132        2.56395
4132        0.19217
4132        3.02733
4132      0.0554854
4132        5.85312
4132        2.39176
4132         2.0835
4132        2.32843
4132        6.16465
4132        3.87262
4132        5.29859
4132        4.47623
4132        2.67034
4132        2.71349
4132        2.96763
4132     0.00798127
4132        1.19881
4132        1.84432
4132       0.299191
4132       0.226676
4132        2.98332
4132        5.86726
4132        3.27708
4132        3.60664
4132       0.408464
4132       0.374385
4132        2.19626
4132        4.30063
4132        5.42215
4132        3.12957
4132        4.79416
4132        5.50602
4132        3.11943
4132        1.95354
4132        4.62741
4132         2.9955
4132        1.38971
4132        1.13561
4132        2.06408
4132       0.181963
4132        3.54341
4132        1.37443
4132        3.60968
4132        2.83737
4132        6.18593
4132        3.87343
4132       0.737578
4132       0.825482
4132        4.84921
4132        3.25238
4132         3.6383
4132         2.6866
4132        3.28807
4132        4.93083
4132        4.60313
4132         4.1263
4132        5.94615
4132      0.0394091
4132       0.552142
4132        3.67513
4132        3.82076
4132        3.07972
4132        4.25544
4132        1.70832
4132        4.05462
4132       0.872014
4132       0.447604
4132        1.80634
4132        3.69141
4132        3.75023
4132        4.39178
4132        4.93791
4132       0.446132
4132       0.632076
4132         3.2488
4132        6.14923
4132        2.72973
4132        4.69914
4132        2.83467
4132        6.09713
4132        3.30947
4132         2.4775
4132       0.858623
4132        3.49286
4132        3.74245
4132        3.07445
4132        0.84978
4132         4.3483
4132       0.247566
4132       0.908758
4132       0.755194
4132       0.231034
4132        3.24628
4132        2.57499
4132        1.08785
4132        4.36344
4132        3.60232
4132        5.17023
4132        1.40397
4132         1.1964
4132        4.36136
4132        0.99982
4132        0.87046
4132        3.75241
4132        4.67969
4132        2.00101
4132         3.7405
4132        4.35611
4132        4.66954
4132        2.54049
4132        3.55557
4132        3.48016
4132        2.30787
4132        1.61399
4132        3.35875
4132        3.21094
4132        6.26508
4132        3.93781
4132        3.10991
4132        4.29932
4132       0.742837
4132        2.66728
4132        6.11717
4132         1.0884
4132       0.804223
4132         5.8939
4132        5.21762
4132        2.06212
4132        3.91543
4132        6.02192
4132        4.51933
4132        1.35453
4132        3.42092
4132        1.61675
4132        6.04445
4132        6.12174
4132        2.56923
4132        1.56434
4132        4.69113
4132        3.18869
4132        1.54077
4132        2.66473
4132        1.14652
4132        3.48227
4132        3.01774
4132        2.17729
4132       0.505513
4132        3.43283
4132        5.59573
4132        4.04076
4132        4.48304
4132        1.78289
4132        3.70445
4132       0.466553
4132         2.3056
4132        6.00663
4132         6.0218
4132        5.97734
4132        1.04303
4132        2.17867
4132         3.7827
4132        3.16456
4132        5.78835
4132        6.20677
4132       0.763334
4132        2.62619
4132        5.76977
4132        4.46598
4132        5.16248
4132        5.37083
4132        6.06827
4132        1.32518
4132        2.75565
4132        5.83785
4132        4.53352
4132        3.65395
4132        3.34436
4132       0.230931
4132        4.73625
4132        4.82984
4132        2.93585
4132       0.150513
4132         2.2061
4132        6.18824
4132       0.472687
4132       0.199036
4132        6.04878
4132        1.22696
4132        5.84943
4132        4.05732
4132        4.69376
4132        1.65563
4132      0.0294882
4132        3.99705
4132       0.514724
4132        4.59234
4132        3.41188
4132        3.63131
4132        1.42419
4132        4.89615
4132        1.92571
4132         3.4917
4132        1.82986
4132        3.44332
4132        3.34887
4132       0.755143
4132        1.41857
4132        6.05292
4132        4.50653
4132        2.01904
4132        3.74659
4132       0.874874
4132         4.7404
4132       0.704073
4132        6.13434
4132        2.45859
4132          3.402
4132       0.665824
4132        2.62681
4132       0.486727
4132        1.39589
4132        6.13904
4132        5.51933
4132         5.6315
4132        5.24748
4132       0.866749
4132        1.47115
4132        3.23343
4132        3.89368
4132        6.25454
4132       0.977793
4132         3.3107
4132         2.2404
4132        5.84281
4132        2.66285
4132       0.585622
4132        4.51215
4132        2.47224
4132        2.81116
4132        4.23785
4132        3.62765
4132        1.32003
4132        4.57046
4132        2.17239
4132        3.63978
4132        5.79569
4132        5.80079
4132        1.99996
4132       0.368702
4132        3.41412
4132        3.34256
4132        1.65222
4132        5.72732
4132       0.956895
4132        4.00184
4132         2.2384
4132        4.09119
4132        5.40547
4132        6.24202
4132        6.13663
4132        1.60729
4132       0.422041
4132        2.53331
4132        4.24813
4132       0.949512
4132       0.105906
4132       0.949726
4132         2.2806
4132        4.31411
4132        4.59425
4132        3.70394
4132        3.52791
4132        5.59348
4132        5.25083
4132        2.88005
4132       0.851728
4132        6.12961
4132        2.42776
4132        4.48213
4132        3.10601
4132        4.89624
4132         4.3515
4132       0.271122
4132        6.11911
4132      0.0246787
4132        6.09469
4132        0.25135
4132        1.65429
4132       0.293844
4132        1.72994
4132        2.96961
4132        1.26834
4132        0.90673
4132        3.32811
4132        5.83684
4132        1.11822
4132        1.00214
4132        5.86046
4132        4.82727
4132        2.05742
4132        5.55709
4132        5.70303
4132        5.86771
4132        2.54494
4132        1.43561
4132        3.14273
4132      0.0956345
4132        5.75043
4132        2.95501
4132        4.80875
4132        1.10676
4132        1.74953
4132        3.94992
4132         3.7542
4132        6.07322
4132        5.95697
4132        3.83748
4132        3.58784
4132        4.96667
4132          6.104
4132        4.49735
4132        5.27737
4132        3.97052
4132        0.41324
4132        3.29796
4132        3.19153
4132        1.08403
4132        1.10229
4132        3.61225
4132        3.13056
4132        3.78494
4132         1.3284
4132        5.44558
4132       0.178931
4132        5.97803
4132        2.81219
4132         1.2595
4132        4.16724
4132        1.09301
4132        4.82452
4132        2.99232
4132        1.25064
4132        5.88732
4132        3.33009
4132        2.96806
4132        4.66939
4132        4.95393
4132        3.37098
4132          2.004
4132       0.502171
4132        3.27176
4132        2.39677
4132        3.39661
4132       0.773633
4132        5.98941
4132        2.61451
4132       0.395105
4132        2.51154
4132         4.6023
4132        3.32181
4132        4.33854
4132        3.23069
4132        5.64862
4132        3.31681
4132        3.93833
4132        4.59241
4132        0.75471
4132        4.67436
4132        2.79123
4132        4.92733
4132        5.34065
4132        3.56891
4132     0.00302743
4132        4.30943
4132        1.26084
4132        6.05052
4132        3.87521
4132        2.25503
4132        2.08528
4132        2.78281
4132       0.288007
4132        1.63087
4132        2.65874
4132       0.227235
4132       0.895533
4132        6.06278
4132         3.7744
4132       0.597039
4132        2.06002
4132        3.00215
4132       0.511542
4132        1.05835
4132        2.41941
4132        1.34575
4132        6.02492
4132        1.34083
4132       0.795536
4132       0.312271
4132       0.015245
4132        3.64267
4132        2.47868
4132        3.51864
4132        1.39623
4132        6.23536
4132        2.63349
4132        2.96474
4132        5.26791
4132        2.83939
4132        4.29925
4132        3.33844
4132        2.02608
4132        4.92789
4132         4.7419
4132        1.66332
4132        0.91853
4132        1.62662
4132        5.99603
4132        3.48433
4132        5.14105
4132        2.00779
4132        5.73789
4132        4.41972
4132        2.14105
4132        2.75998
4132        3.59633
4132        3.73916
4132        2.74216
4132        6.27521
4132        5.88467
4132      0.0973636
4132        4.82083
4132         3.9198
4132        2.77347
4132        6.23827
4132        5.68814
4132        2.08975
4132        5.40839
4132        3.25471
4132        5.30397
4132       0.463736
4132       0.403078
4132        3.46921
4132      0.0785532
4132        4.72131
4132        1.20572
4132        3.59642
4132         2.6717
4132        5.20908
4132        2.31203
4132        3.79322
4132        1.86711
4132        3.02301
4132        3.01897
4132        3.68332
4132        5.80606
4132       0.452355
4132        1.11649
4132        5.96937
4132        4.48101
4132        0.69475
4132        3.08027
4132        3.75664
4132        5.85736
4132        3.76465
4132        1.63281
4132        4.25802
4132          5.786
4132       0.412996
4132       0.449447
4132        6.18894
4132        4.29588
4132        3.64092
4132        2.42406
4132        2.91592
4132        3.06916
4132        5.98561
4132        5.27955
4132        3.48647
4132        3.48769
4132       0.486552
4132        1.01703
4132       0.282036
4132        6.11325
4132        2.84715
4132         3.6985
4132        2.37894
4132        3.89101
4132        3.44688
4132        6.21824
4132         5.0022
4132        4.26321
4132        3.44441
4132        0.72485
4132         3.6007
4132       0.384181
4132        4.64413
4132        4.90169
4132        5.06566
4132        3.93662
4132        2.92502
4132         2.4976
4132      0.0926947
4132       0.910174
4132        6.05397
4132          3.975
4132        3.97062
4132        5.42881
4132        4.11855
4132        4.04037
4132        3.77856
4132       0.250937
4132       0.192138
4132     0.00720003
4132        4.20389
4132        4.47874
4132        2.24317
4132       0.689385
4132        1.66809
4132        5.04132
4132       0.875716
4132        3.97016
4132        4.21894
4132        3.33279
4132       0.875879
4132       0.297425
4132        2.61234
4132        3.29886
4132        6.15525
4132         5.0587
4132        2.24605
4132        3.95455
4132      0.0978452
4132        5.73417
4132        1.47867
4132        2.88398
4132        5.84535
4132        5.57531
4132        2.55065
4132        2.95771
4132        4.89614
4132        4.41502
4132        3.46713
4132        2.11702
4132        1.08995
4132        2.03667
4132        2.14093
4132        3.70984
4132       0.103546
4132        5.82571
4132        5.56416
4132        3.32788
4132        3.64846
4132        3.01019
4132        1.00072
4132       0.528917
4132       0.150503
4132        3.44737
4132       0.146373
4132         1.7165
4132        2.05306
4132        4.43187
4132        6.23396
4132           3.54
4132        5.32816
4132       0.886956
4132         3.7671
4132        4.63495
4132        3.25863
4132       0.403994
4132        4.77297
4132      0.0438032
4132        2.95005
4132       0.480048
4132        5.43331
4132        4.90358
4132        6.17551
4132       0.439464
4132        4.32709
4132        5.25201
4132         5.5607
4132       0.617123
4132        2.71412
4132        2.83968
4132        1.47597
4132        3.68062
4132        2.48332
4132       0.913518
4132        3.27429
4132         6.0691
4132        0.85928
4132       0.589208
4132       0.550527
4132        6.07576
4132        1.39323
4132       0.107932
4132        5.86214
4132        3.95893
4132        5.95428
4132      0.0232172
4132        6.18585
4132       0.690994
4132        2.73202
4132        3.06196
4132        3.69305
4132        3.77482
4132        5.98184
4132        1.58044
4132        1.89936
4132        1.04381
4132         4.4525
4132        1.73477
4132        3.48949
4132        4.56192
4132        4.66589
4132        3.19539
4132        1.11744
4132        3.05086
4132        5.87515
4132       0.816019
4132        3.14595
4132        6.22431
4132        4.13359
4132        4.28374
4132        2.37283
4132        3.61582
4132        5.17292
4132         4.8927
4132        5.92245
4132       0.482188
4132        1.37852
4132       0.406275
4132        1.42991
4132        3.26323
4132        5.54966
4132        1.83798
4132        0.68609
4132        1.42969
4132        5.79566
4132        2.76664
4132        5.28161
4132         3.4167
4132        1.56389
4132        2.74172
4132        4.14044
4132        2.71127
4132        4.51742
4132        5.52648
4132        1.95914
4132        2.43204
4132        1.97898
4132        5.44355
4132        2.01829
4132        4.20895
4132        4.15179
4132       0.157313
4132        1.89373
4132        1.67217
4132        4.47668
4132        5.46471
4132          2.163
4132        4.01637
4132        3.07888
4132        1.44662
4132          2.786
4132        3.08838
4132        4.59246
4132        3.36877
4132        3.13296
4132         2.8287
4132        4.65348
4132        4.39884
4132        1.29556
4132       0.237506
4132        4.62466
4132        5.24212
4132       0.302647
4132        1.71822
4132        4.59275
4132        1.83588
4132        1.29595
4132       0.110783
4132        1.53565
4132        1.12525
4132         3.5048
4132        6.17169
4132        3.42891
4132        6.17179
4132        4.58177
4132        5.18135
4132     0.00416504
4132        3.42229
4132         3.2589
4132        2.29575
4132         4.5424
4132        6.18714
4132        3.82916
4132        5.76156
4132        3.57827
4132        3.47454
4132        1.92258
4132        4.21972
4132       0.390599
4132        6.14555
4132        5.14247
4132       0.788364
4132        4.10653
4132         1.4382
4132        1.32366
4132        2.79959
4132        4.76323
4132       0.964011
4132        3.59378
4132        4.78173
4132           4.02
4132        5.08512
4132        2.99506
4132        5.09758
4132        6.22067
4132        3.01677
4132       0.538319
4132         3.6806
4132        1.60835
4132        3.67477
4132         1.7433
4132        3.26742
4132        4.79878
4132        3.07803
4132        2.36866
4132        4.02653
4132       0.829461
4132        6.11403
4132        3.82759
4132        4.58081
4132        3.64022
4132        4.23246
4132         2.4343
4132        3.49108
4132        3.43569
4132         2.1474
4132        2.33117
4132        1.10911
4132        4.41574
4132        5.84019
4132        5.18011
4132        3.36466
4132        3.90454
4132        4.68045
4132        4.98276
4132        5.03261
4132        3.48899
4132      0.0753079
4132        3.64014
4132        2.67786
4132        3.01766
4132        3.14753
4132        5.33674
4132         2.2451
4132        4.95292
4132      0.0928033
4132       0.871931
4132        3.35737
4132        3.24269
4132        2.88497
4132        4.14447
4132        4.70847
4132        6.22107
4132        5.66491
4132        0.60382
4132        3.16092
4132        4.35056
4132        5.32661
4132       0.548308
4132       0.868274
4132        2.83141
4132        6.27645
4132        6.05907
4132        4.42536
4132        2.84968
4132       0.698962
4132       0.296069
4132         2.8489
4132        5.23134
4132        0.86141
4132        5.71894
4132        5.85582
4132     0.00420892
4132        2.92635
4132        2.98586
4132        2.72654
4132        3.38122
4132        0.85303
4132        1.50584
4132        4.75666
4132        5.69413
4132        2.11866
4132       0.732251
4132        3.54324
4132         4.9532
4132        1.45242
4132       0.698174
4132          2.567
4132        3.06207
4132        6.24572
4132        5.19475
4132        2.86342
4132        1.39419
4132        5.35427
4132        5.30789
4132       0.229802
4132         2.3837
4132        4.83948
4132       0.441045
4132        5.78036
4132       0.110932
4132       0.593107
4132        1.37651
4132        5.76191
4132        4.42749
4132        3.17211
4132        1.38409
4132        2.43213
4132        2.79568
4132         4.6151
4132        4.07441
4132        3.05471
4132        4.65372
4132        3.37082
4132        2.72822
4132         3.6877
4132        2.53975
4132        0.65245
4132        4.52579
4132        2.46159
4132        3.34115
4132        5.80309
4132         4.4964
4132        2.47207
4132        4.00367
4132        1.85695
4132        6.23975
4132        4.68743
4132        1.64303
4132       0.632349
4132        3.01838
4132        2.82688
4132         4.6048
4132         5.6382
4132        3.15728
4132       0.742314
4132       0.021892
4132        3.50117
4132        3.20174
4132       0.334349
4132        1.52007
4132        1.11498
4132        6.14372
4132        4.65348
4132        1.47228
4132        6.17343
4132        6.25013
4132        3.16652
4132        6.07639
4132      0.0109946
4132        4.99991
4132       0.691278
4132        4.43498
4132        3.84935
4132        5.89064
4132       0.413879
4132        3.44527
4132        4.54492
4132         2.6104
4132        4.83549
4132        1.28797
4132         2.9136
4132        5.96449
4132        6.25671
4132        4.79245
4132        4.26783
4132        1.40447
4132        5.91243
4132        0.83759
4132        3.73799
4132        3.57209
4132        5.77795
4132        1.54267
4132      0.0299687
4132        2.53903
4132        3.51268
4132        5.79918
4132       0.512999
4132        3.82951
4132       0.329027
4132        3.39243
4132       0.110876
4132        1.66919
4132        1.13361
4132        4.33957
4132        3.45247
4132       0.185332
4132        3.41643
4132        4.58562
4132        3.17168
4132        0.57774
4132        4.98807
4132        2.52022
4132       0.399183
4132        5.35342
4132        5.47826
4132        1.21146
4132        3.51828
4132        3.74502
4132        1.12719
4132        2.74566
4132        1.12732
4132       0.418045
4132        1.65231
4132        4.93111
4132        4.32398
4132        4.36648
4132        1.86779
4132      0.0842503
4132        1.77723
4132        3.87596
4132         0.2473
4132         1.5494
4132       0.925682
4132        2.42088
4132        5.33217
4132        4.08929
4132         3.4646
4132       0.307733
4132        5.43388
4132        5.69707
4132        4.10889
4132        1.61874
4132       0.437052
4132        4.52573
4132        6.25629
4132       0.496958
4132         5.9173
4132        1.74877
4132        4.87122
4132        4.30424
4132         5.0526
4132        2.84647
4132        3.40612
4132        3.38534
4132        2.17792
4132        2.57509
4132         4.7896
4132        3.19232
4132        2.70513
4132        5.05113
4132        1.54838
4132        1.42194
4132        3.72546
4132        3.26582
4132        2.66023
4132        3.65378
4132        3.02798
4132        5.47484
4132        5.65507
4132        1.59404
4132        1.98888
4132        1.53888
4132        3.76435
4132        6.18949
4132        4.65933
4132        1.15349
4132        4.21626
4132        1.71419
4132       0.837361
4132        0.16994
4132        4.39584
4132        6.07763
4132        4.44369
4132        2.59369
4132        2.03635
4132        1.71978
4132        3.41069
4132         1.4533
4132        3.67088
4132        5.99167
4132        4.89571
4132        4.34741
4132         4.2504
4132        5.23435
4132         3.4147
4132         5.5515
4132        3.47572
4132       0.633461
4132        3.68372
4132        4.94956
4132        1.25492
4132      0.0630533
4132        3.72198
4132        3.57443
4132        0.10778
4132        3.07706
4132        1.36371
4132        6.27263
4132        1.64959
4132        2.75847
4132        4.28683
4132       0.953788
4132        1.66295
4132       0.904087
4132        5.86911
4132        1.20333
4132       0.882625
4132        5.88758
4132       0.168666
4132        3.02128
4132       0.169675
4132        3.05325
4132         6.0383
4132        3.37346
4132        2.31276
4132        1.15337
4132        4.74916
4132        1.09265
4132        5.98724
4132        3.76635
4132        5.82291
4132         1.0328
4132       0.999586
4132        1.40985
4132        6.20926
4132        2.19993
4132        3.10944
4132        1.78216
4132        3.27663
4132        4.23313
4132        6.19715
4132        2.69458
4132        2.77868
4132        2.10085
4132        2.91033
4132       0.970169
4132        3.50205
4132         5.4031
4132      0.0380496
4132        3.31755
4132        3.49982
4132       0.695816
4132       0.134367
4132       0.604958
4132        4.58251
4132       0.519753
4132       0.600309
4132        4.10232
4132         4.9862
4132        4.05802
4132        3.27575
4132         5.3039
4132        5.71435
4132        3.03948
4132        5.78147
4132       0.185191
4132        1.13931
4132        4.40748
4132        3.51403
4132       0.542452
4132        3.07699
4132        3.13383
4132        3.57645
4132        4.40076
4132       0.901005
4132        1.71818
4132       0.541773
4132         3.8418
4132        3.64302
4132        1.16373
4132         3.6205
4132       0.481933
4132       0.257317
4132        4.79914
4132        3.57644
4132       0.779253
4132        2.74636
4132       0.867036
4132        2.80844
4132        3.58587
4132        2.51851
4132        2.10928
4132        3.85182
4132        3.79112
4132        4.23182
4132        4.29655
4132        4.22437
4132       0.319683
4132        4.66171
4132        3.89452
4132       0.918106
4132        4.22722
4132        2.99202
4132       0.651489
4132        1.38853
4132        1.36362
4132        2.11802
4132        3.63546
4132        5.61888
4132        5.82388
4132         3.3196
4132        2.86389
4132      0.0601555
4132        4.68311
4132        5.83609
4132        3.34976
4132        3.33979
4132        5.39852
4132        4.26198
4132        6.24083
4132       0.512193
4132       0.229931
4132       0.121841
4132        3.11661
4132        4.83406
4132        3.71248
4132         1.7046
4132       0.858634
4132        5.45118
4132        6.12392
4132       0.620974
4132       0.591337
4132        3.97004
4132        4.37662
4132       0.945788
4132         3.2829
4132        3.01585
4132        2.71326
4132        3.92634
4132       0.562433
4132       0.118273
4132        1.65396
4132        3.42382
4132        2.36575
4132        6.23573
4132        1.97526
4132         5.2448
4132       0.401058
4132        6.11399
4132       0.931228
4132      0.0333644
4132        4.78797
4132        1.08168
4132        6.27392
4132        4.47824
4132         5.6956
4132         4.8507
4132        6.16994
4132         2.7586
4132        5.82728
4132        6.02618
4132       0.482387
4132        6.16528
4132        6.12229
4132        3.14356
4132       0.126525
4132        5.73298
4132        3.29158
4132        2.81517
4132        4.99493
4132        1.27288
4132        5.81784
4132        4.77087
4132        0.60375
4132       0.289323
4132        5.87945
4132         4.2848
4132        1.76331
4132       0.527082
4132        4.84652
4132       0.637024
4132        3.19804
4132        4.50007
4132       0.490142
4132        6.26577
4132        5.89712
4132        6.24588
4132        4.00154
4132        1.42555
4132        1.04729
4132       0.897044
4132       0.722221
4132       0.251666
4132       0.677169
4132        6.14134
4132        1.33116
4132       0.421909
4132        2.52495
4132        1.75533
4132        3.67699
4132        2.82809
4132        1.91454
4132        5.29204
4132       0.608644
4132        5.71649
4132        1.02331
4132       0.180578
4132        4.68332
4132        3.99727
4132       0.159016
4132        2.88413
4132       0.263328
4132        2.39262
4132        2.63681
4132        4.71408
4132        4.19278
4132        4.10251
4132        2.17708
4132        4.44394
4132        1.35906
4132        6.03124
4132       0.861829
4132        1.36755
4132        3.27356
4132        3.81261
4132        1.84014
4132        5.28106
4132        2.19232
4132        2.81152
4132       0.939952
4132        4.38198
4132        3.67949
4132        1.86256
4132        4.89837
4132       0.987479
4132        3.26928
4132        3.23625
4132        3.31928
4132         2.5429
4132         5.8526
4132        3.77343
4132        4.31815
4132        3.16456
4132        5.97057
4132        2.63708
4132        1.96434
4132       0.868068
4132        5.59765
4132         1.3123
4132        1.40329
4132        3.23925
4132        3.96645
4132         3.0912
4132        5.37289
4132        3.90893
4132       0.149455
4132        3.54996
4132        3.56981
4132        3.07407
4132       0.903928
4132        6.16501
4132        3.19409
4132        1.38217
4132        4.78105
4132        1.05281
4132        3.04834
4132        6.18195
4132        2.77555
4132       0.275984
4132       0.208792
4132       0.533096
4132        0.66241
4132        0.94254
4132        2.75799
4132        4.47807
4132        4.35806
4132        3.49646
4132         6.0466
4132        2.79142
4132       0.803123
4132        1.32422
4132        2.41292
4132       0.604192
4132        2.86691
4132        5.59972
4132       0.426067
4132        5.62484
4132         1.0366
4132        2.05858
4132        3.91949
4132        1.09082
4132        3.45487
4132       0.997335
4132        6.12639
4132        1.47855
4132       0.585358
4132        1.23718
4132        2.29234
4132       0.657844
4132        3.39434
4132         3.4425
4132       0.794095
4132       0.026785
4132       0.950063
4132       0.492175
4132        1.29692
4132        4.48089
4132         4.1844
4132        2.44007
4132        6.09042
4132       0.421006
4132        2.87351
4132        2.42792
4132       0.109969
4132         3.1017
4132        4.10577
4132        2.46104
4132        6.16521
4132        2.17725
4132         3.0924
4132         1.3993
4132        2.01943
4132        5.77266
4132        4.14181
4132        1.30675
4132        2.04523
4132        2.39719
4132      0.0412897
4132       0.861947
4132          6.217
4132        3.34933
4132        3.56135
4132        4.12874
4132        5.32181
4132        1.19951
4132        3.04949
4132        4.13136
4132        3.83121
4132      0.0132276
4132        5.45936
4132         2.6611
4132       0.812086
4132       0.670257
4132        1.98806
4132        3.17007
4132        2.41144
4132        6.22303
4132        6.22453
4132        4.09611
4132      0.0113846
4132        5.71659
4132      0.0773991
4132        2.56926
4132          5.183
4132        5.83575
4132        6.12635
4132         4.3593
4132         1.3173
4132        3.52112
4132       0.793468
4132        5.20628
4132        1.21999
4132         3.4842
4132        4.87217
4132        4.53502
4132        1.56338
4132       0.887731
4132        1.52482
4132        3.28171
4132        1.09922
4132       0.440794
4132        1.22206
4132        4.20016
4132        2.12713
4132        2.12052
4132         1.6247
4132       0.805851
4132        4.18565
4132        5.87864
4132        5.78829
4132        3.00364
4132        4.85505
4132       0.959524
4132        5.62013
4132        0.47969
4132        1.67056
4132        2.53414
4132       0.749737
4132        1.15323
4132        2.76042
4132        3.19608
4132        1.74899
4132        4.76531
4132        3.89344
4132        1.44063
4132        4.21978
4132        4.52181
4132         3.0302
4132       0.156257
4132         2.6558
4132        1.64733
4132        6.03688
4132        4.28813
4132        2.06497
4132        1.38531
4132         3.2381
4132        1.03743
4132       0.934908
4132        3.85012
4132        6.04534
4132        3.59722
4132       0.729821
4132        5.02054
4132        1.99293
4132        3.71704
4132        3.40693
4132        5.76745
4132       0.818333
4132        1.31221
4132        6.13768
4132        2.48207
4132        3.56696
4132         4.6147
4132       0.440358
4132        1.35472
4132        5.70249
4132        4.88789
4132        4.40206
4132        2.48034
4132        6.01062
4132        2.30844
4132      0.0338614
4132        1.10037
4132        4.94919
4132        2.44885
4132       0.408395
4132       0.718719
4132        3.09783
4132        1.10226
4132        2.99395
4132        3.99835
4132        4.99627
4132        3.30502
4132        2.76914
4132        4.21273
4132        2.95366
4132        2.59574
4132        3.21071
4132        5.76278
4132        3.98905
4132       0.215772
4132        4.57336
4132        3.49084
4132         5.2888
4132        5.46224
4132        5.47947
4132        2.99692
4132        3.34417
4132       0.942426
4132        0.58997
4132        4.95177
4132        3.54074
4132        3.29415
4132        5.81782
4132        4.53014
4132        2.15459
4132        6.24799
4132        3.96161
4132       0.252386
4132         2.0236
4132        4.84644
4132        1.58664
4132        5.83609
4132        2.94675
4132        1.39974
4132       0.443945
4132        1.71227
4132        2.83996
4132       0.423644
4132       0.771486
4132        2.83924
4132        5.55644
4132        3.24968
4132       0.874176
4132        6.01727
4132        2.45125
4132        3.66931
4132       0.701302
4132        1.33075
4132        3.94443
4132        3.43866
4132        0.56548
4132        1.54033
4132        3.68981
4132        5.92328
4132        3.01759
4132        4.25588
4132        2.25175
4132        2.66164
4132        5.60365
4132        3.53425
4132        4.08592
4132        2.67478
4132       0.716152
4132         2.9036
4132        4.49379
4132        2.79316
4132        3.17565
4132        3.65108
4132        4.51429
4132         3.2955
4132        2.95583
4132       0.982474
4132        1.33737
4132        3.67024
4132        2.28974
4132       0.870773
4132        5.16201
4132        5.74093
4132       0.483823
4132        5.44839
4132        2.08537
4132        2.15195
4132         1.2145
4132        1.20684
4132         3.5774
4132        3.67067
4132    0.000723332
4132        4.72115
4132        2.57042
4132        3.95894
4132        4.70228
4132        4.12467
4132        1.26548
4132       0.257374
4132        2.30315
4132       0.405357
4132        5.01907
4132       0.932422
4132       0.962795
4132      0.0763067
4132        2.34258
4132        5.76569
4132        4.06257
4132        4.60518
4132        1.94556
4132         4.3454
4132           2.26
4132        4.73352
4132       0.524824
4132        4.45938
4132        3.21938
4132        1.37539
4132        4.54038
4132        5.03207
4132        3.07986
4132        1.50844
4132        1.16521
4132        4.62406
4132        3.96573
4132        0.28367
4132        5.03803
4132       0.567406
4132        2.70857
4132        4.05426
4132        1.40118
4132        3.00456
4132         3.5889
4132        2.81541
4132       0.443033
4132        5.90687
4132        3.65271
4132        4.25423
4132        1.00194
4132         2.7397
4132        4.55408
4132        4.02809
4132        1.02062
4132        4.81887
4132        5.05515
4132        4.77689
4132       0.994425
4132        3.30351
4132        5.11239
4132         4.5882
4132       0.433351
4132       0.112374
4132        2.17247
4132        3.96247
4132       0.280225
4132       0.880281
4132         3.5525
4132        3.36248
4132       0.974105
4132        2.53744
4132        2.64373
4132     0.00243512
4132        5.27333
4132       0.146452
4132        6.19627
4132        5.24368
4132        1.30946
4132      0.0379121
4132       0.800286
4132        2.22104
4132        3.05899
4132        5.79922
4132        5.64292
4132        0.98839
4132        3.97198
4132        5.55512
4132        1.70616
4132        3.92481
4132        6.03113
4132      0.0938126
4132        2.45044
4132       0.220874
4132       0.160823
4132        4.04707
4132         4.3263
4132        1.01936
4132        1.16735
4132        3.01245
4132       0.758164
4132         3.9148
4132        3.06551
4132        3.68628
4132        3.19218
4132        3.85282
4132        1.46901
4132       0.292272
4132        1.07244
4132        2.78757
4132       0.334522
4132        1.53333
4132        1.56271
4132        6.09013
4132       0.947978
4132        4.93959
4132        2.60709
4132        3.79305
4132        1.09727
4132        1.16657
4132       0.039502
4132        6.18701
4132        2.90576
4132        3.23272
4132        2.40968
4132         1.4055
4132        5.86031
4132        3.40965
4132        3.29676
4132        4.41519
4132        5.38889
4132       0.808912
4132        3.90964
4132        3.44185
4132       0.688068
4132        0.57391
4132        6.23353
4132        3.48133
4132        4.21063
4132       0.456694
4132        2.33275
4132        2.61095
4132        3.97673
4132        1.23979
4132        6.08111
4132       0.919828
4132        1.94988
4132        1.43791
4132       0.434817
4132         3.7285
4132        1.48833
4132        2.15775
4132       0.622986
4132        2.33389
4132        3.80095
4132        3.22063
4132       0.170564
4132        4.35123
4132        6.16307
