4660        5.71525
4660        3.03394
4660        3.75395
4660        5.86526
4660        4.16863
4660       0.589072
4660        2.32041
4660        2.89833
4660        5.34266
4660        2.34824
4660        1.92538
4660        2.35163
4660        2.03366
4660        5.32489
4660       0.905148
4660        4.25363
4660        3.34884
4660        1.78119
4660        2.20694
4660        2.50952
4660        4.50963
4660        4.84195
4660         1.2859
4660        5.94623
4660        1.05494
4660        5.19541
4660        3.59995
4660        1.67341
4660        4.96808
4660        2.52169
4660        3.61618
4660        4.19128
4660       0.415353
4660        1.12135
4660         2.9743
4660        5.34314
4660        2.44421
4660        4.78763
4660        3.30428
4660        3.06146
4660        2.87959
4660          6.094
4660        1.32116
4660       0.134222
4660        6.01149
4660        1.16028
4660         2.3808
4660        5.51071
4660        5.89539
4660        2.38617
4660        4.20622
4660        2.86511
4660        2.36594
4660        6.26726
4660        3.19381
4660        2.45741
4660         1.7002
4660        6.20017
4660        1.63844
4660        2.50094
4660        5.25517
4660        3.05132
4660        3.21941
4660        5.31286
4660        5.76561
4660        3.32982
4660         1.1676
4660        5.04585
4660        4.57687
4660        2.03007
4660        4.91716
4660        3.85625
4660        2.29078
4660        3.56549
4660        4.47175
4660        4.16825
4660        4.09134
4660        1.32541
4660       0.247174
4660       0.225992
4660        1.62842
4660        3.54711
4660        1.45734
4660        3.09444
4660        3.42922
4660       0.967396
4660         1.6347
4660        4.84045
4660      0.0459302
4660        5.00943
4660       0.274481
4660       0.288798
4660        2.93429
4660        1.32208
4660       0.616317
4660        3.20573
4660        3.82942
4660        2.97098
4660       0.706596
4660        1.74547
4660         3.1967
4660        1.60731
4660        3.76322
4660       0.697739
4660        1.79533
4660        1.35188
4660        3.78366
4660        3.99572
4660         5.8381
4660        3.64313
4660        3.73695
4660        4.00542
4660          6.205
4660        4.34337
4660         3.2484
4660       0.867465
4660        4.43914
4660        1.67259
4660        4.14351
4660        4.12275
4660        1.02068
4660         3.2694
4660        3.79034
4660        4.93901
4660        2.53105
4660        1.69699
4660        3.05006
4660        4.80823
4660       0.226398
4660        3.52596
4660        4.65839
4660        5.90544
4660       0.519847
4660        5.88586
4660        3.52623
4660        4.60576
4660        2.56356
4660        2.06235
4660        2.81581
4660        5.16152
4660         4.2835
4660       0.196863
4660       0.871743
4660        1.17587
4660       0.101598
4660        4.63877
4660        6.27865
4660       0.301377
4660        3.00397
4660        4.83361
4660        3.65699
4660        3.68938
4660        5.52385
4660      0.0652084
4660        2.81945
4660        5.22573
4660        1.58807
4660        4.70092
4660        3.03726
4660         1.8961
4660       0.299869
4660        1.02543
4660        3.56251
4660        2.72154
4660        6.00863
4660        3.31629
4660        1.66388
4660        4.29202
4660        4.90919
4660      0.0204697
4660        2.48754
4660         4.8709
4660      0.0665508
4660       0.836557
4660        6.14765
4660        4.09356
4660       0.864485
4660        5.19642
4660       0.473584
4660         6.0069
4660        2.10553
4660       0.560588
4660         5.8198
4660        5.81863
4660        2.12835
4660       0.225586
4660        0.92471
4660        6.21636
4660        2.81916
4660        3.84915
4660        3.55867
4660       0.923848
4660        4.96251
4660         5.4164
4660        3.06193
4660       0.608837
4660        2.92976
4660       0.534347
4660        4.65853
4660         3.9923
4660        5.25168
4660        4.41653
4660        3.08626
4660       0.742943
4660       0.104897
4660        2.95607
4660        3.01781
4660        3.54324
4660       0.181897
4660       0.153425
4660       0.735855
4660        4.28469
4660        4.63893
4660       0.556675
4660        5.29892
4660        1.14098
4660        3.89251
4660        5.26673
4660        1.39557
4660       0.989217
4660        5.22526
4660        2.36213
4660        3.15495
4660       0.921021
4660        1.60104
4660        3.42308
4660        2.38449
4660       0.932469
4660         4.4103
4660       0.367944
4660        4.11854
4660       0.725294
4660        2.61929
4660        4.36529
4660        3.46435
4660        3.95446
4660        3.76619
4660        5.05618
4660        1.40255
4660        6.00826
4660       0.141463
4660        4.55005
4660        1.83359
4660        2.14077
4660        3.66378
4660        6.12385
4660        1.75896
4660        2.51262
4660       0.132026
4660        4.42819
4660        3.41143
4660         1.4801
4660        3.77968
4660        1.61591
4660        1.26744
4660         5.2074
4660        5.28187
4660        1.37691
4660        4.52606
4660        3.30348
4660        1.77212
4660        1.20409
4660        2.51155
4660        5.82478
4660        5.00329
4660        4.25001
4660         3.9334
4660        1.39081
4660        6.21394
4660       0.129362
4660        5.77521
4660       0.706877
4660        1.81807
4660        5.38788
4660        5.28426
4660        5.01802
4660        2.35701
4660        1.15326
4660     0.00165976
4660        2.96995
4660        1.06629
4660        4.10745
4660        1.79493
4660        5.03152
4660        2.02777
4660        5.45961
4660       0.408632
4660        2.41809
4660        1.06745
4660       0.414858
4660        4.96631
4660        3.49447
4660          1.769
4660        1.29191
4660       0.973125
4660       0.612923
4660        3.99783
4660       0.515371
4660         5.1218
4660        1.22072
4660        6.08229
4660        4.79657
4660        4.90513
4660        1.35336
4660        4.20825
4660        4.64624
4660        5.70444
4660        4.05245
4660        1.00803
4660          4.546
4660        5.30598
4660        6.08563
4660        4.46535
4660        1.07661
4660        2.87644
4660        1.13865
4660     0.00236999
4660          4.626
4660        0.61462
4660       0.954696
4660        2.88398
4660        6.03018
4660        3.77875
4660        4.20868
4660        3.98166
4660        2.10426
4660       0.762357
4660        4.76997
4660       0.273462
4660        3.03651
4660       0.195745
4660        5.46677
4660        4.88891
4660        3.06352
4660        5.23441
4660       0.514697
4660        0.11078
4660        2.32221
4660        5.37946
4660       0.723196
4660        4.49478
4660        4.72386
4660        5.36046
4660        5.26277
4660        2.59022
4660        5.24386
4660        3.94545
4660        2.06124
4660         3.5261
4660         4.0525
4660        5.75678
4660         4.2094
4660        4.80554
4660        5.61204
4660       0.953112
4660       0.399279
4660        1.74227
4660        1.08417
4660        4.04285
4660        3.18575
4660        3.27248
4660        4.00923
4660        4.47879
4660        3.42018
4660        2.97412
4660         5.4658
4660       0.987599
4660         5.3047
4660        0.45608
4660        4.97175
4660       0.311609
4660        1.44486
4660        2.05928
4660        4.50087
4660       0.395567
4660        2.90493
4660        4.20932
4660        3.27426
4660         2.5698
4660       0.703577
4660        0.17818
4660        4.48846
4660        1.85768
4660        2.46195
4660        1.49086
4660        6.01914
4660        3.33961
4660        4.20731
4660        2.24663
4660        1.93441
4660        2.34821
4660       0.265761
4660        4.17393
4660        2.11058
4660        4.40932
4660         1.2682
4660      0.0364187
4660       0.431282
4660        5.66372
4660        3.71811
4660        0.03585
4660       0.892523
4660       0.835092
4660       0.747446
4660        1.46541
4660        1.90454
4660        0.59445
4660       0.683463
4660       0.631483
4660        4.38784
4660        1.51346
4660        3.00834
4660        3.31676
4660        4.94031
4660        3.09578
4660      0.0437466
4660        2.92611
4660        5.52828
4660        2.15448
4660        2.54746
4660        1.10455
4660        3.08406
4660        1.61847
4660        1.07268
4660       0.982459
4660        1.56254
4660         5.6353
4660       0.196253
4660         1.5895
4660        1.46669
4660       0.240526
4660        4.42845
4660        3.58928
4660        5.03018
4660        6.00371
4660        1.99705
4660        2.49876
4660        2.58911
4660        1.96499
4660         1.5446
4660       0.369893
4660        4.56986
4660        4.25436
4660        1.61593
4660        1.47858
4660        4.24367
4660        4.37378
4660        3.52502
4660        2.74763
4660         1.4327
4660       0.240472
4660        3.31289
4660        4.39927
4660         5.0449
4660        4.98344
4660        2.95786
4660        4.89112
4660        4.93744
4660        4.97999
4660        2.44647
4660        1.33284
4660       0.374639
4660        3.52667
4660        2.00673
4660        4.91772
4660        1.12046
4660        2.91942
4660        5.95415
4660        4.00577
4660        3.35231
4660        1.72957
4660        1.45292
4660        2.67485
4660        5.07373
4660        4.27527
4660       0.161519
4660       0.615705
4660        4.34812
4660        1.26391
4660        0.59761
4660        3.53452
4660        3.30827
4660        2.04925
4660        5.84687
4660        1.85422
4660        3.59313
4660        3.43458
4660        4.10444
4660        5.87315
4660       0.975176
4660       0.325904
4660        5.57994
4660        1.78336
4660        1.50548
4660         2.7787
4660        1.03941
4660        2.01498
4660       0.471478
4660         5.2384
4660        2.44963
4660        3.67434
4660       0.352011
4660        3.37708
4660       0.754399
4660        5.94978
4660        6.10974
4660        5.30698
4660        1.99962
4660        3.86285
4660         3.9135
4660        5.72732
4660        2.03898
4660        2.31371
4660        3.88748
4660         5.9975
4660        2.48969
4660        3.20614
4660        3.73995
4660        2.73245
4660       0.416561
4660        5.80197
4660         4.7862
4660        4.91691
4660        4.37149
4660        5.47613
4660       0.451056
4660        5.85311
4660        3.49406
4660        5.08921
4660        5.31541
4660        4.85712
4660       0.642398
4660        3.66256
4660        1.21644
4660         2.9061
4660        4.97273
4660        5.31061
4660        5.87128
4660        4.58072
4660        2.61091
4660        3.38598
4660        3.88745
4660       0.345686
4660        2.45297
4660         1.1047
4660        0.13095
4660        1.40295
4660        2.44787
4660        1.70447
4660        1.80033
4660       0.999287
4660        4.42048
4660        3.41535
4660        4.58187
4660        4.14238
4660        3.64902
4660        1.45448
4660        2.24885
4660      0.0323665
4660        3.93557
4660        2.39568
4660        5.00159
4660        5.75623
4660         5.7878
4660        5.64092
4660        2.45613
4660        1.60897
4660        4.77786
4660        6.17077
4660        2.80156
4660        3.79774
4660        5.44101
4660        4.29094
4660        4.15743
4660       0.479513
4660        5.82004
4660        4.29538
4660         5.6399
4660        5.24682
4660        5.12954
4660        4.59731
4660        3.89487
4660        3.57745
4660        2.02128
4660        3.87983
4660       0.944225
4660        4.71515
4660       0.194575
4660        4.58655
4660        2.98849
4660      0.0110979
4660       0.227986
4660       0.440862
4660        5.07674
4660        0.55415
4660        1.55312
4660        4.49575
4660        3.87134
4660        4.63706
4660        2.08162
4660        3.51939
4660        3.96004
4660        5.12946
4660        5.29095
4660        3.50707
4660        3.25231
4660        5.66584
4660       0.386091
4660        2.75878
4660       0.819721
4660       0.118609
4660        1.77725
4660        4.20917
4660        3.93092
4660        0.33747
4660        5.97345
4660          5.826
4660        3.66641
4660        4.38726
4660        4.68308
4660       0.566976
4660        1.24591
4660        3.01822
4660        5.19577
4660        3.71584
4660        4.21154
4660        3.27004
4660        1.48895
4660        4.83705
4660        4.45752
4660         3.6307
4660        3.04068
4660        2.21752
4660        4.15878
4660        3.54836
4660      0.0465463
4660       0.112943
4660        2.63534
4660        1.68731
4660        1.05922
4660        5.27818
4660        1.92417
4660        4.43325
4660        2.91541
4660       0.993384
4660        3.52207
4660        3.50011
4660        5.56253
4660         3.8029
4660        2.30679
4660       0.605273
4660        1.66339
4660          1.765
4660       0.994475
4660        1.32214
4660        5.29954
4660       0.960352
4660        5.93798
4660        2.25685
4660        3.64479
4660        2.97956
4660       0.248114
4660        6.13008
4660         5.9241
4660         4.7134
4660        2.51059
4660       0.876577
4660          3.715
4660       0.423638
4660        4.28592
4660         3.5324
4660       0.267708
4660         1.6171
4660        5.33747
4660        3.14352
4660        0.80638
4660        4.19596
4660        4.49292
4660        2.41416
4660        3.22914
4660        3.94072
4660        2.24035
4660        4.56321
4660       0.753893
4660         2.8043
4660        2.44683
4660        5.07284
4660        4.78828
4660        4.40101
4660        4.76511
4660        4.90447
4660        2.98787
4660        6.04913
4660       0.213956
4660       0.509588
4660        3.29442
4660        3.71455
4660        4.48408
4660        3.00206
4660       0.691814
4660        5.91216
4660        1.88456
4660       0.306592
4660        1.98821
4660       0.650117
4660       0.564085
4660        6.06511
4660        4.94088
4660        5.44907
4660        5.47209
4660        1.39485
4660        3.48638
4660        1.65586
4660         5.7855
4660        2.91046
4660       0.197808
4660      0.0908235
4660        1.81965
4660         2.4639
4660        3.05159
4660        2.27731
4660        1.80535
4660        4.12161
4660       0.906308
4660        4.00667
4660        5.90438
4660        2.82762
4660        3.20104
4660        4.94953
4660        5.44328
4660          5.434
4660       0.124786
4660        1.04637
4660        1.80488
4660       0.247933
4660           5.18
4660        5.32652
4660        5.26125
4660        5.29767
4660       0.867358
4660        4.82383
4660        3.78001
4660          1.398
4660         3.7296
4660        1.49743
4660        4.91307
4660       0.535809
4660        3.59101
4660         3.3221
4660        4.03728
4660        1.31263
4660         3.7909
4660        4.56315
4660        3.77047
4660        3.37171
4660       0.360169
4660        3.34804
4660        2.55327
4660         5.7781
4660        4.85273
4660     0.00352519
4660        4.63241
4660        3.03925
4660        1.45173
4660        0.01896
4660       0.253442
4660        4.38815
4660        2.98392
4660       0.703886
4660        3.10496
4660        2.87414
4660         4.1523
4660        2.03969
4660        3.11271
4660        3.94181
4660       0.409873
4660        4.33698
4660         2.9694
4660       0.864119
4660        3.86487
4660        5.01911
4660        1.16485
4660       0.758021
4660        1.02201
4660        4.84382
4660        2.95016
4660         6.1332
4660        6.10104
4660         1.4858
4660         4.2148
4660        1.54317
4660        5.45422
4660         1.1249
4660        1.03535
4660          1.405
4660        4.54324
4660        2.70482
4660        4.29279
4660       0.573699
4660        5.74919
4660        3.44576
4660        1.02362
4660        5.41805
4660        2.81377
4660        4.64383
4660        4.70357
4660       0.889282
4660        4.29857
4660         3.8972
4660       0.297211
4660        1.45988
4660        2.86589
4660        5.44664
4660        3.93702
4660        5.84775
4660        5.46407
4660        3.43437
4660         4.9809
4660        3.55224
4660        4.52397
4660        0.41779
4660         5.4252
4660        5.22025
4660       0.953473
4660        3.41387
4660        4.93485
4660        4.85509
4660       0.542317
4660        4.35997
4660        4.43722
4660        1.11202
4660       0.742789
4660        4.57866
4660        6.23847
4660        4.19419
4660        3.87077
4660       0.853271
4660        4.30968
4660        6.08351
4660        2.25514
4660        5.23371
4660        4.81922
4660        2.14747
4660        3.52661
4660         6.2184
4660        1.76642
4660       0.917016
4660        5.09762
4660        5.90417
4660        1.76058
4660        6.13533
4660        1.02505
4660        5.03931
4660        6.08927
4660        3.56522
4660        4.12321
4660       0.558394
4660        0.79062
4660         4.5875
4660        3.30663
4660        1.80575
4660        3.17788
4660         4.5175
4660        1.61661
4660       0.521387
4660        2.67189
4660         1.4286
4660       0.229551
4660         4.4398
4660        4.80966
4660        5.98341
4660        1.51179
4660        2.31216
4660         3.8253
4660       0.922141
4660        3.24033
4660        2.31143
4660        4.26767
4660        3.01624
4660        2.33768
4660         2.2442
4660           1.45
4660        5.60723
4660        3.01613
4660        3.42669
4660        3.76226
4660        1.18984
4660       0.450578
4660        4.02038
4660        2.76324
4660        4.27041
4660        4.78899
4660       0.442152
4660         5.7028
4660      0.0833132
4660        3.50448
4660         2.9477
4660        5.03132
4660        4.05706
4660        1.29331
4660        3.85529
4660        3.78621
4660        5.40098
4660        6.10833
4660        4.65262
4660        4.36797
4660        5.31328
4660         4.7059
4660        1.28931
4660        4.82783
4660        3.72691
4660        4.76329
4660         5.4848
4660        1.31521
4660        1.81148
4660        1.26922
4660        4.39675
4660        1.10534
4660        6.15338
4660        3.70723
4660       0.818298
4660        3.65329
4660        4.06976
4660        2.39723
4660        3.04508
4660        6.02749
4660        1.94803
4660        1.38983
4660       0.041757
4660       0.220383
4660       0.134012
4660        4.77097
4660         4.0315
4660        1.15311
4660        3.83023
4660        2.28865
4660       0.330248
4660        3.15836
4660        5.79858
4660        1.24594
4660        6.10517
4660        4.42829
4660        5.77228
4660       0.532534
4660        3.32426
4660        4.76878
4660        5.04344
4660        3.15601
4660        3.33525
4660         1.0947
4660        1.53606
4660        3.75122
4660        4.98423
4660        2.58224
4660        1.36531
4660        5.53571
4660        1.88868
4660        5.70597
4660        1.05034
4660        1.39035
4660        5.43966
4660        4.69624
4660        1.70859
4660        1.67566
4660        1.80177
4660        6.25352
4660       0.966044
4660        6.10228
4660        1.05913
4660        3.12832
4660        1.00669
4660        5.80766
4660        4.83918
4660         5.3711
4660        4.03207
4660        1.15743
4660        4.56269
4660       0.282771
4660        5.31167
4660        3.86003
4660         2.4169
4660       0.358346
4660        4.70787
4660       0.280243
4660        5.80904
4660        6.22467
4660        3.17416
4660        4.77421
4660       0.389269
4660        4.24112
4660        5.18336
4660        2.12459
4660        5.51213
4660        2.17545
4660        2.03008
4660        4.18521
4660        4.56023
4660        1.42963
4660        3.77537
4660        1.88428
4660        1.34226
4660       0.817979
4660       0.696428
4660         1.9441
4660        6.23747
4660        4.70725
4660        0.30473
4660        5.88896
4660        5.07261
4660        4.88175
4660        5.28993
4660        4.55168
4660        5.19667
4660       0.481016
4660         3.1858
4660       0.998244
4660        3.92235
4660        1.25244
4660        3.98515
4660        3.95603
4660         3.7178
4660        3.27358
4660        5.35862
4660        1.11851
4660       0.383815
4660        5.24584
4660        4.83854
4660        2.59123
4660        2.26133
4660        3.52869
4660        3.61047
4660        1.28571
4660         1.5735
4660        2.04178
4660        3.82084
4660        2.82998
4660        4.08593
4660       0.610488
4660        3.21012
4660        6.05021
4660        1.31435
4660        6.02966
4660        1.40139
4660        3.16695
4660        5.62268
4660        3.50511
4660        6.09777
4660        1.06708
4660       0.907723
4660        5.63807
4660        5.66346
4660        3.34886
4660        1.07436
4660        6.24383
4660         4.7173
4660        5.01418
4660        4.07493
4660        2.12012
4660        2.97012
4660        3.81984
4660        5.31065
4660        2.90673
4660        1.37055
4660        4.60827
4660        5.77919
4660       0.572204
4660        4.61861
4660        4.08078
4660        1.01594
4660        3.38602
4660        4.68406
4660        1.76742
4660         0.5026
4660         2.9459
4660        3.24231
4660        3.00629
4660        2.04467
4660         1.6187
4660       0.311193
4660        4.13494
4660        5.62498
4660        4.92041
4660        4.98524
4660        3.87236
4660        4.25391
4660        3.55344
4660       0.615757
4660         2.2089
4660        4.51423
4660        5.99984
4660        1.71677
4660      0.0760764
4660         6.1725
4660        2.76207
4660       0.972719
4660         2.7456
4660        0.98078
4660        2.67799
4660        0.67531
4660        1.37073
4660        4.15501
4660         3.3058
4660        2.98055
4660        3.21311
4660        3.63479
4660        4.03482
4660        3.91673
4660        3.57154
4660        4.56427
4660        1.46716
4660        5.19916
4660       0.253269
4660        3.87863
4660        5.05308
4660        5.69582
4660        3.14698
4660       0.434041
4660        6.05832
4660        5.20998
4660        2.59518
4660        3.07756
4660        3.30075
4660        4.55278
4660        3.21733
4660        2.07208
4660       0.119625
4660        3.99157
4660        5.01487
4660        1.89483
4660        3.74946
4660        5.84469
4660        6.20111
4660        1.43168
4660        3.56713
4660        1.03209
4660        2.59016
4660         4.5695
4660        4.71634
4660        2.88362
4660        4.66428
4660        4.79711
4660        1.39749
4660       0.935112
4660       0.748192
4660        3.22537
4660         3.4655
4660      0.0485076
4660        2.80232
4660        5.87004
4660        1.97734
4660        1.70821
4660        2.10687
4660       0.127072
4660        4.68486
4660        4.43122
4660       0.217426
4660        3.61904
4660        6.02664
4660       0.265271
4660        1.87235
4660        4.64678
4660        1.67429
4660        4.91645
4660        1.34926
4660       0.429529
4660        2.77391
4660        1.22272
4660        5.86689
4660        5.22885
4660       0.357605
4660        4.48857
4660        4.85597
4660        0.16757
4660        2.90661
4660         1.1244
4660        2.96489
4660       0.413981
4660         2.6829
4660        4.89594
4660        2.32642
4660        5.95322
4660        6.17179
4660        5.19491
4660         2.4707
4660        4.52429
4660        2.05004
4660        3.85532
4660        4.53104
4660        2.37103
4660        3.87058
4660        4.80557
4660        5.58355
4660         3.8926
4660        3.29367
4660        5.19011
4660        4.01176
4660        4.25401
4660        5.66582
4660        4.13747
4660       0.508551
4660        5.11279
4660        1.72442
4660       0.589343
4660        4.74671
4660        5.69117
4660        4.00512
4660        4.00281
4660        4.27339
4660        3.00831
4660        5.39737
4660        3.52288
4660        1.19201
4660        1.74748
4660        1.97504
4660        2.81515
4660         2.0339
4660        1.94604
4660        4.04859
4660        3.58989
4660       0.907962
4660        5.88498
4660        5.11306
4660        5.91653
4660        1.37461
4660        5.20933
4660        5.61141
4660        2.68103
4660        3.76216
4660        1.41548
4660        2.47911
4660        3.03702
4660        4.93733
4660        6.10718
4660        4.24994
4660        6.05907
4660         5.2229
4660       0.938591
4660        3.12901
4660        3.20161
4660        3.19135
4660        1.28777
4660        3.10147
4660        0.25901
4660        1.55479
4660        1.83886
4660        5.58202
4660       0.322792
4660        2.75116
4660        3.91043
4660       0.688446
4660         3.7458
4660       0.268265
4660        2.55087
4660        1.19532
4660        4.06147
4660       0.404211
4660        3.73385
4660         5.2481
4660        3.44656
4660       0.583036
4660        1.94135
4660       0.164886
4660        3.96379
4660        5.49808
4660        3.94553
4660       0.111566
4660        5.01282
4660        2.76816
4660        3.76625
4660        1.75724
4660        3.45678
4660        3.99486
4660        5.06136
4660       0.799938
4660        3.77931
4660        3.97904
4660        6.13898
4660        2.43196
4660        1.92848
4660       0.716393
4660        2.39785
4660        4.93894
4660        4.87972
4660      0.0323947
4660        2.38921
4660        6.03479
4660        4.10013
4660        5.44881
4660       0.118924
4660        2.98914
4660        4.63201
4660        4.58819
4660        0.17743
4660        0.50723
4660         4.6264
4660        3.93244
4660        3.10005
4660        5.40003
4660        2.51371
4660        2.82396
4660        3.51803
4660        2.51301
4660        1.78499
4660         3.7247
4660        2.88013
4660        3.00593
4660        3.83394
4660        3.70809
4660         5.6954
4660        3.76669
4660        6.17539
4660        2.76806
4660        3.07576
4660        0.62582
4660         4.5624
4660        1.55496
4660        2.14117
4660        3.01924
4660        3.25289
4660        1.37553
4660        2.94542
4660        4.18839
4660        3.28625
4660        5.92437
4660        5.76021
4660        1.73506
4660        2.20997
4660        5.06594
4660        4.11006
4660        5.36985
4660       0.720557
4660       0.928524
4660        4.14488
4660        4.10017
4660        6.18953
4660        2.81616
4660        5.47515
4660        1.36495
4660        4.88178
4660        4.12869
4660        1.54035
4660        3.58084
4660        5.13847
4660        2.28644
4660        4.15789
4660        4.59552
4660        2.61335
4660         3.2766
4660        2.32207
4660        4.97206
4660        4.97952
4660       0.938735
4660        5.10814
4660        4.20402
4660        6.12353
4660         5.8796
4660        3.72233
4660        4.46913
4660       0.952832
4660       0.881858
4660       0.857137
4660        5.73613
4660        4.82163
4660        3.34055
4660        4.32918
4660      0.0165847
4660         6.1155
4660        3.24247
4660        4.34251
4660        4.76237
4660        5.82339
4660       0.948099
4660        3.57502
4660        2.53974
4660        5.09027
4660        4.94141
4660        5.24752
4660        3.89625
4660        2.81335
4660         4.2282
4660        5.23336
4660        3.75687
4660       0.342481
4660        3.37246
4660        1.94622
4660        2.73539
4660        5.27367
4660       0.698146
4660        1.32825
4660        6.28102
4660       0.782249
4660       0.316624
4660        4.21118
4660        2.39286
4660        2.56994
4660        5.32721
4660        4.24251
4660        3.58168
4660        2.18415
4660       0.552953
4660         4.3683
4660        2.73244
4660        3.73345
4660        2.67767
4660        2.58364
4660        3.17667
4660        0.97246
4660        3.76528
4660        4.89321
4660        3.43657
4660       0.812976
4660       0.409607
4660        2.69399
4660        1.55543
4660        4.87031
4660       0.967412
4660        6.11154
4660        1.09398
4660        4.31256
4660        4.21667
4660      0.0267267
4660        5.47156
4660         4.6073
4660          6.264
4660        5.40876
4660        2.09891
4660        4.40116
4660        3.80498
4660        1.45124
4660        5.87698
4660        0.11654
4660        5.25529
4660        5.06762
4660        4.95602
4660        4.27321
4660        2.97939
4660        4.47204
4660        5.32967
4660        4.02453
4660        1.04992
4660        3.70941
4660       0.574453
4660       0.718253
4660        5.51293
4660       0.595201
4660        3.51725
4660        4.82888
4660        0.27126
4660        4.57964
4660        5.53999
4660       0.169627
4660       0.109024
4660         5.2183
4660        5.57347
4660        4.88905
4660        3.45612
4660        3.84743
4660        5.07993
4660         5.6962
4660         2.2688
4660      0.0528071
4660        5.15358
4660       0.651729
4660        2.53156
4660        1.36529
4660        3.88774
4660        5.10447
4660         4.8817
4660        2.14727
4660      0.0917592
4660        4.91549
4660       0.489805
4660        1.85806
4660        5.15355
4660        3.75637
4660        4.82021
4660        5.14241
4660        3.60638
4660         4.9174
4660        1.18841
4660        3.60496
4660       0.962323
4660         2.6148
4660        3.25868
4660         4.8581
4660        5.89363
4660        2.86488
4660       0.940663
4660        2.45607
4660        5.24619
4660        3.00964
4660        3.10458
4660        1.46808
4660       0.146446
4660        2.61228
4660        3.14302
4660      0.0976977
4660        4.48399
4660        3.68163
4660        2.69453
4660       0.693367
4660        3.84402
4660        1.06708
4660       0.386072
4660        1.90129
4660        1.92035
4660        5.74747
4660        2.32434
4660       0.656988
4660       0.762652
4660        4.18512
4660        2.89106
4660         1.6964
4660      0.0999472
4660        5.78292
4660         2.4152
4660        4.25916
4660        6.14274
4660        4.16014
4660        1.19195
4660         2.4826
4660        4.16997
4660         1.6385
4660        2.58032
4660        1.25891
4660        4.25121
4660        5.33532
4660        3.14186
4660        4.49803
4660        4.52609
4660        5.65718
4660        1.09424
4660        1.05713
4660        3.75647
4660        3.19192
4660        2.94268
4660        3.13833
4660        4.64731
4660        6.21233
4660        1.09113
4660         1.0227
4660        1.51148
4660        5.27509
4660         1.7069
4660        1.99556
4660        4.21076
4660        4.24883
4660      0.0963857
4660        2.41375
4660        4.23372
4660        2.06599
4660         4.8133
4660        3.76972
4660        3.15546
4660        3.38497
4660        3.13897
4660        5.73668
4660        3.24672
4660        1.72551
4660       0.610699
4660        4.64691
4660        3.65116
4660        3.60182
4660       0.646242
4660         4.5059
4660        3.44924
4660       0.930542
4660        3.97197
4660        3.31714
4660       0.739561
4660        4.62709
4660        3.17409
4660         1.9694
4660        3.95995
4660        2.40513
4660       0.950531
4660         4.5779
4660        5.19772
4660         6.1989
4660        2.74322
4660        3.83409
4660        4.55665
4660         4.7258
4660        1.42758
4660        1.42828
4660        4.57313
4660         3.0488
4660       0.998891
4660       0.280833
4660        6.20453
4660       0.479927
4660        4.03937
4660       0.851921
4660        3.34286
4660        0.63939
4660       0.958071
4660        2.75136
4660         4.3651
4660        4.86796
4660       0.530169
4660        5.65878
4660        4.53261
4660        3.98716
4660        2.71058
4660        6.26737
4660        6.07452
4660        1.32226
4660        3.04187
4660        3.40459
4660       0.758818
4660        3.69559
4660        3.89072
4660          0.334
4660        2.74361
4660        4.92031
4660        2.18147
4660         2.1388
4660       0.144275
4660        1.09035
4660        1.80851
4660        1.82288
4660        4.40322
4660        5.08743
4660        4.00597
4660        2.83793
4660       0.610674
4660        3.53298
4660        1.61811
4660        4.05317
4660         3.2945
4660         3.0974
4660        3.64706
4660        6.24188
4660        5.20642
4660        3.19413
4660         3.8189
4660        3.31005
4660        5.06658
4660         1.7179
4660        2.56808
4660        2.46057
4660        3.29015
4660        1.00367
4660        5.42064
4660        2.57512
4660        5.24086
4660        2.30775
4660        1.08703
4660        5.04869
4660        1.64777
4660        3.17693
4660       0.946351
4660        3.66762
4660       0.705715
4660        6.22698
4660        3.41064
4660        1.70404
4660        4.85979
4660         4.7238
4660        3.05287
4660         5.3209
4660      0.0269012
4660        5.46202
4660        3.24894
4660        2.80671
4660         3.4666
4660         4.0174
4660     0.00176261
4660       0.263894
4660         3.2274
4660        2.23191
4660         3.3627
4660        5.52224
4660       0.120059
4660        1.70664
4660        6.16953
4660         5.6258
4660        3.42674
4660        3.05796
4660       0.226154
4660        3.12943
4660        1.50833
4660        3.06951
4660        1.25185
4660        4.26681
4660       0.541996
4660         3.2046
4660        4.46847
4660        3.32166
4660        5.02759
4660        5.11982
4660        4.81952
4660        4.18936
4660        1.03073
4660        3.06877
4660        6.17077
4660        4.45155
4660        5.20379
4660       0.561565
4660       0.340869
4660        4.39197
4660        6.01318
4660       0.285304
4660        5.59232
4660        2.09044
4660        5.42068
4660        1.47252
4660        5.57792
4660       0.146728
4660        1.80134
4660        3.93917
4660         5.6129
4660        2.09675
4660        2.54404
4660       0.462665
4660        1.11215
4660       0.519781
4660        4.61841
4660        4.01276
4660        5.71394
4660        5.83748
4660        6.05402
4660      0.0165377
4660        1.87034
4660       0.397449
4660         5.1668
4660        2.63855
4660       0.756853
4660         4.2645
4660       0.105449
4660        1.29986
4660        6.01673
4660        1.30606
4660        5.38162
4660         5.6157
4660         4.2647
4660        5.35177
4660        3.32582
4660        2.56956
4660        4.48213
4660       0.341429
4660        1.47983
4660        5.96797
4660        3.83238
4660        1.61566
4660        1.93562
4660        5.11236
4660        3.41219
4660        3.74898
4660        3.08891
4660        1.76489
4660        1.19827
4660        3.43156
4660        3.72506
4660        0.51676
4660       0.703524
4660         2.8637
4660        3.52545
4660        6.00697
4660        2.98738
4660        4.67242
4660        1.36043
4660        4.40666
4660        4.48725
4660        1.53229
4660        3.46711
4660        4.55459
4660         3.0696
4660        5.59518
4660        5.02152
4660        3.22883
4660        5.71913
4660        2.72152
4660        3.27919
4660       0.742135
4660        2.22481
4660        0.64587
4660        1.34152
4660        5.83897
4660        1.16087
4660        6.04866
4660        1.52186
4660       0.807801
4660        5.61459
4660        5.76112
4660       0.675231
4660        6.22298
4660        6.05742
4660        5.70867
4660        3.03038
4660        3.57736
4660        4.57239
4660        1.39212
4660        3.80128
4660        4.80149
4660        5.00985
4660       0.104927
4660         3.1562
4660        2.15247
4660        2.76149
4660         5.4286
4660        4.53305
4660       0.180761
4660        1.56916
4660        6.28305
4660        4.73629
4660        5.86172
4660        4.61425
4660        1.64149
4660      0.0710726
4660        5.92393
4660        4.37972
4660        5.08037
4660      0.0405671
4660        3.95125
4660        6.18207
4660        2.43786
4660        1.42465
4660       0.672724
4660        2.02217
4660        2.99777
4660        5.97438
4660        5.03831
4660        1.57255
4660        4.02764
4660        1.18911
4660        6.08667
4660        5.80709
4660        4.09735
4660        3.25174
4660        5.46136
4660       0.981347
4660        3.58335
4660       0.718556
4660        4.34968
4660        1.03444
4660        5.97354
4660        5.56722
4660        5.35742
4660         1.2493
4660       0.997912
4660       0.182105
4660        3.26879
4660         3.3161
4660        1.34523
4660        1.65665
4660        4.69776
4660        3.95397
4660      0.0718805
4660        5.31202
4660        4.41099
4660        5.06104
4660        5.40174
4660        2.11546
4660        4.81056
4660      0.0206727
4660        1.33178
4660         2.6459
4660        0.14035
4660        5.81641
4660        4.06281
4660        2.78264
4660        3.28112
4660       0.761436
4660       0.853203
4660        4.15572
4660        4.56963
4660        1.24239
4660         2.0656
4660         3.4367
4660        3.27075
4660        5.82353
4660        1.09316
4660       0.335185
4660        5.09873
4660        5.54914
4660        3.60763
4660        0.73495
4660        2.95261
4660        5.83475
4660        3.46703
4660        1.43057
4660       0.299619
4660        6.13424
4660        5.17671
4660        3.89383
4660        5.93593
4660        2.28858
4660        3.49401
4660        3.53557
4660       0.858813
4660        1.42771
4660        5.32383
4660        3.98707
4660        4.69958
4660        5.06725
4660        4.77751
4660        4.30169
4660        2.49962
4660         1.3982
4660       0.221847
4660       0.837396
4660        4.45192
4660        4.66941
4660        3.87649
4660        1.20672
4660        5.92179
4660        2.83377
4660        3.29378
4660       0.695655
4660        1.27788
4660        1.32573
4660        2.02549
4660        2.86852
4660        2.26052
4660       0.724766
4660        4.69826
4660        4.24439
4660         2.0231
4660        3.68168
4660        4.60351
4660        4.17059
4660        1.09556
4660       0.226302
4660        5.12532
4660       0.476825
4660        5.02747
4660         4.4408
4660        2.78427
4660        2.92789
4660        1.76708
4660        4.95299
4660        6.12978
4660        2.31381
4660       0.962084
4660        1.57179
4660         2.3269
4660        6.14287
4660        2.83166
4660       0.700618
4660        1.16223
4660        1.66524
4660        4.23794
4660       0.553253
4660        5.09023
4660        6.25789
4660          1.079
4660        4.51289
4660        4.87372
4660       0.748814
4660       0.416664
4660         4.4362
4660        4.86572
4660        6.25524
4660        2.61525
4660        2.95164
4660        4.13466
4660        5.68662
4660        3.66688
4660        5.15161
4660        1.20495
4660        1.40606
4660       0.820729
4660        3.58557
4660        4.44782
4660        2.57046
4660        3.97583
4660        2.68721
4660         4.9202
4660        1.96899
4660        1.07626
4660         3.1228
4660        1.18091
4660         4.3807
4660        4.78042
4660        1.92433
4660       0.370039
4660        3.50296
4660        3.00445
4660        1.72852
4660       0.966396
4660        1.42178
4660        2.94467
4660        1.18371
4660       0.160162
4660        1.64615
4660        4.04503
4660      0.0430012
4660        4.52537
4660        3.87925
4660        5.12443
4660      0.0539077
4660        5.65769
4660        1.49063
4660         4.0718
4660        1.14985
4660        1.59041
4660        5.96474
4660        3.81186
4660       0.926411
4660        3.52796
4660        4.18155
4660        2.67203
4660        5.04228
4660        2.90983
4660        1.71752
4660        1.44386
4660         1.4093
4660        4.19302
4660        3.59143
4660       0.997544
4660        1.04425
4660        1.71413
4660       0.735927
4660       0.663333
4660       0.737169
4660         5.2995
4660        1.69548
4660        1.57898
4660       0.458939
4660        3.13853
4660        1.36233
4660        1.06544
4660        5.70308
4660      0.0774926
4660        2.59643
4660        5.35829
4660        0.51197
4660        5.26855
4660        1.41394
4660        4.06133
4660       0.548553
4660        4.25578
4660        3.92711
4660        4.67482
4660       0.426332
4660       0.185402
4660        5.48654
4660       0.308553
4660        2.70408
4660       0.257457
4660        1.50317
4660        1.93619
4660       0.902679
4660        3.58485
4660        5.97649
4660          2.792
4660         5.1548
4660        1.59594
4660        4.99865
4660        0.44721
4660        1.79094
4660        6.27147
4660        3.73356
4660        1.50989
4660        1.34146
4660        3.51646
4660       0.750461
4660       0.422008
4660        4.84063
4660       0.978398
4660        5.45288
4660       0.914471
4660        5.83603
4660         4.9671
4660        4.72118
4660        4.36519
4660        4.12234
4660       0.312105
4660        5.15825
4660        1.61404
4660        3.90707
4660        1.18569
4660        5.19916
4660        5.73593
4660       0.147501
4660        5.14051
4660        1.19438
4660       0.982552
4660        1.26209
4660      0.0632326
4660        4.51642
4660        1.20255
4660        3.71431
4660        2.84015
4660         1.2262
4660        4.10706
4660        5.18952
4660        5.04939
4660       0.811915
4660        3.20611
4660        4.82137
4660        5.20218
4660        4.41022
4660        5.93403
4660       0.433975
4660        4.62684
4660        5.24758
4660        4.04499
4660       0.180788
4660        2.51459
4660        5.77045
4660         3.2948
4660         2.6863
4660         3.5984
4660       0.500502
4660        1.00653
4660        3.38446
4660        3.47142
4660        3.62306
4660        5.07591
4660        5.81126
4660       0.467628
4660        4.90933
4660        5.18396
4660        4.25513
4660       0.227675
4660       0.797898
4660        5.76538
4660       0.166418
4660        1.32438
4660        1.49926
4660         4.9547
4660        2.77628
4660        6.00685
4660        1.87607
4660        1.49826
4660        3.88021
4660      0.0458335
4660        2.06566
4660        5.21642
4660       0.365073
4660       0.244817
4660     0.00969243
4660        3.68772
4660       0.805173
4660       0.296018
4660         5.4974
4660        2.30999
4660       0.584454
4660        2.99213
4660        3.43315
4660       0.708487
4660           3.67
4660        3.78501
4660       0.814503
4660        0.75157
4660        2.54317
4660        6.17725
4660        5.10869
4660        2.05201
4660        3.85516
4660        1.83876
4660       0.805434
4660        4.17696
4660        3.66995
4660        6.18688
4660        4.30561
4660       0.652338
4660         4.2183
4660        5.15812
4660       0.344954
4660        3.70001
4660        2.31035
4660        2.92656
4660       0.808343
4660        2.89916
4660        0.39577
4660       0.991293
4660        5.88527
4660        3.31543
4660        5.01521
4660        4.49648
4660        1.53842
4660        4.44049
4660        6.13868
4660        6.09338
4660       0.031715
4660       0.283542
4660       0.768629
4660        2.49297
4660        1.03686
4660        5.32961
4660        1.04327
4660        5.17843
4660        2.14386
4660        4.22145
4660        3.08546
4660        3.34318
4660        1.20782
4660        3.56704
4660        3.34932
4660        2.81531
4660        5.07878
4660       0.848506
4660        3.52185
4660        2.36261
4660        1.12512
4660        5.78402
4660        2.63352
4660        2.16073
4660        1.57227
4660        1.16199
4660        4.87605
4660        5.11706
4660        2.63097
4660        1.30434
4660        1.04235
4660         4.5838
4660        1.81039
4660        2.41504
4660         2.8797
4660        3.47982
4660         4.1994
4660        1.98108
4660         2.3937
4660        4.85791
4660        1.35237
4660       0.455066
4660        1.13044
4660       0.217882
4660        1.16447
4660        6.04254
4660        2.81828
4660       0.531906
4660          2.831
4660        1.55409
4660         5.2215
4660       0.605329
4660        4.60936
4660        5.37522
4660        1.48572
4660       0.352194
4660        2.28992
4660        3.38552
4660        5.14332
4660        4.30483
4660        3.30721
4660        4.90607
4660        3.77695
4660      0.0862139
4660       0.928645
4660        4.67602
4660        4.23741
4660        1.83341
4660        4.15348
4660        2.80791
4660         5.1432
4660        1.60283
4660        1.55785
4660        5.44551
4660        4.65156
4660        5.90111
4660        6.12404
4660        2.13777
4660        4.03427
4660        5.00326
4660        5.27633
4660        5.00182
4660       0.742197
4660       0.909475
4660        1.43586
4660        6.13177
4660       0.484202
4660         5.2067
4660        4.65325
4660          3.094
4660       0.597019
4660        4.61379
4660        3.70099
4660       0.246831
4660        3.52237
4660        2.40419
4660        1.73142
4660       0.013993
4660        5.24119
4660        4.69308
4660        5.66129
4660       0.838046
4660        5.16375
4660        1.92995
4660        1.98576
4660        1.06642
4660        2.78823
4660         5.0206
4660        6.18147
4660        3.19069
4660        0.18953
4660       0.940446
4660         2.8165
4660         4.2245
4660       0.603615
4660        4.43528
4660      0.0500616
4660         5.5255
4660       0.449006
4660        3.00627
4660       0.214734
4660        6.19003
4660        5.05093
4660         4.6549
4660       0.581029
4660        3.38611
4660        1.20641
4660        4.88643
4660        5.04706
4660        6.01691
4660        3.15738
4660       0.950424
4660        1.38148
4660        5.19245
4660        5.68329
4660        1.88856
4660        5.94467
4660         5.7377
4660        2.57714
4660        1.96039
4660        3.53607
4660        5.27379
4660        2.64871
4660        3.68706
4660        1.67183
4660        4.35573
4660       0.189003
4660        5.67639
4660        2.01101
4660        5.62217
4660        1.13229
4660        2.50635
4660       0.829933
4660         5.8297
4660       0.713797
4660        1.44491
4660        2.70765
4660         4.4653
4660        6.23377
4660        2.57845
4660        6.26876
4660        4.95733
4660        4.26458
4660        4.45137
4660        5.28404
4660        4.24256
4660        2.03163
4660        3.99229
4660        1.09531
4660        3.55962
4660       0.637852
4660        4.55557
4660        4.01714
4660       0.557112
4660        5.91878
4660        3.26605
4660        4.20273
4660       0.960481
4660        2.06299
4660        4.89418
4660        1.96364
4660         3.8215
4660       0.924968
4660        1.66271
4660         6.1197
4660        3.60858
4660         1.5557
4660        4.64325
4660        1.35526
4660        1.90564
4660        1.82426
4660         3.8626
4660       0.971354
4660        1.54199
4660        1.35265
4660       0.705694
4660        2.50801
4660        5.28748
4660        3.11346
4660        3.44933
4660        4.73398
4660        3.34128
4660         4.4723
4660        3.26454
4660        5.03792
4660        2.08077
4660        1.27834
4660        5.05342
4660        1.38225
4660        2.40934
4660        2.11456
4660       0.295836
4660        2.77809
4660        4.64206
4660        6.23771
4660        4.09303
4660        1.42699
4660        6.24649
4660       0.942133
4660        4.30024
4660        4.15773
4660        1.19232
4660        3.50507
4660        1.21163
4660        4.17557
4660        4.68423
4660        2.35337
4660        3.63569
4660        5.62191
4660        2.68917
4660       0.628167
4660        2.49869
4660        4.82917
4660        5.76663
4660        3.00547
4660       0.928542
4660        3.78727
4660        4.59107
4660        3.38129
4660       0.365768
4660        2.26718
4660        4.92494
4660       0.120789
4660        2.87851
4660       0.415343
4660        5.20554
4660       0.669785
4660        1.13684
4660       0.519905
4660        1.13564
4660        1.53002
4660        2.23292
4660        6.01619
4660      0.0139023
4660        1.14595
4660        3.09155
4660        1.49702
4660        3.75826
4660         5.1339
4660        5.17513
4660      0.0031574
4660         6.1826
4660        3.57962
4660        2.12952
4660          2.886
4660        2.81699
4660        5.76304
4660        4.99407
4660        3.62533
4660        5.07619
4660        3.03281
4660        1.99825
4660        6.02383
4660        3.71482
4660        4.92729
4660        4.79059
4660        3.58554
4660        2.91778
4660       0.589962
4660        1.44045
4660        5.42406
4660        3.76358
4660        4.47466
4660        4.11845
4660        1.44009
4660        2.73003
4660       0.560568
4660        1.37128
4660        6.11167
4660        5.59811
4660       0.668299
4660        6.10492
4660         4.1061
4660        1.12031
4660        5.54718
4660        3.72253
4660        3.62598
4660        2.14134
4660        6.26461
4660         3.9291
4660       0.306332
4660        2.90309
4660        2.93001
4660        2.41123
4660        1.10404
4660         5.3611
4660        4.64543
4660        6.25782
4660        1.03786
4660        3.49357
4660        3.71955
4660       0.877248
4660        4.89325
4660        5.27332
4660        1.09522
4660        1.60213
4660        4.93182
4660        2.73854
4660        6.27472
4660          4.886
4660       0.605638
4660        1.72682
4660        3.69585
4660        2.50004
4660        5.07838
4660        2.38874
4660        1.04579
4660        3.52968
4660        4.78488
4660       0.271599
4660       0.956112
4660        1.33225
4660        5.92721
4660        4.15147
4660        3.96765
4660       0.577521
4660       0.245511
4660        2.76753
4660        1.17177
4660        5.08912
4660       0.490842
4660        3.28013
4660        5.67497
4660        5.70076
4660        4.74706
4660        5.23414
4660        3.77126
4660        4.49052
4660        1.12173
4660        1.12116
4660       0.979459
4660      0.0367895
4660        3.53801
4660        6.21198
4660        5.31846
4660        3.71446
4660        1.09217
4660        3.68697
4660        3.46577
4660        3.80113
4660        0.44594
4660        3.61711
4660        3.24586
4660        5.22297
4660        4.02864
4660       0.111616
4660        4.52186
4660        5.21818
4660        5.46549
4660        4.47791
4660         5.9051
4660        5.64291
4660        5.77989
4660        5.86737
4660        1.44785
4660        2.77952
4660        3.46516
4660        4.28869
4660        3.32062
4660       0.870633
4660       0.954155
4660         3.2451
4660        5.73067
4660        1.06563
4660        4.70518
4660        6.07016
4660         5.6026
4660        3.22966
4660        2.86048
4660        2.12852
4660       0.707377
4660        3.68408
4660        1.10932
4660        3.71869
4660         5.4766
4660        2.64472
4660        6.04479
4660        2.96368
4660        1.29052
4660        5.26861
4660         5.9845
4660        5.90692
4660        6.09757
4660        5.19727
4660        3.19379
4660       0.202732
4660        5.67584
4660       0.594887
4660        1.37299
4660        3.43015
4660        2.96255
4660        1.53036
4660         2.7859
4660       0.842798
4660       0.528078
4660        5.33456
4660        1.85458
4660        1.17622
4660        1.97903
4660       0.748445
4660        1.84677
4660       0.903202
4660        1.97782
4660        4.52424
4660         6.1694
4660        6.05433
4660        6.25459
4660       0.538884
4660        4.22823
4660        0.81699
4660        1.40079
4660        4.07911
4660        4.73237
4660        4.18657
4660        4.93323
4660        4.49077
4660        5.05263
4660       0.168574
4660        1.91612
4660        1.32476
4660       0.185102
4660        3.46396
4660         4.8208
4660       0.420656
4660        5.02681
4660        2.96652
4660       0.831909
4660        1.45907
4660         2.4543
4660        5.17292
4660        2.98583
4660        5.32243
4660        1.07264
4660       0.116013
4660        5.36887
4660        1.80508
4660        1.70576
4660         3.9747
4660       0.459936
4660        1.14182
4660         5.3201
4660        4.16747
4660        4.44212
4660        5.38294
4660       0.863335
4660         0.7242
4660        4.65409
4660        3.72057
4660        1.26869
4660        4.82954
4660        5.95602
4660      0.0498288
4660        4.03616
4660        4.89069
4660        3.80995
4660         1.3184
4660        3.79061
4660          4.139
4660        4.68081
4660        4.87937
4660        1.43808
4660       0.768645
4660        5.88202
4660          4.534
4660        4.33504
