4975       0.686742
4975        6.20709
4975        4.89334
4975        2.69214
4975        2.26895
4975       0.691396
4975        1.30565
4975        4.93844
4975        0.14042
4975        4.76184
4975         2.1722
4975         5.5049
4975        1.66492
4975        2.65334
4975        1.24418
4975        1.08604
4975        2.84104
4975        3.04883
4975        2.93375
4975        4.32119
4975        6.01722
4975        2.38963
4975        3.53667
4975        4.60763
4975        3.28528
4975        2.82049
4975        3.00957
4975        2.62562
4975        3.06855
4975        1.06205
4975         2.6765
4975        3.42949
4975        6.15909
4975        2.98374
4975        2.55567
4975        3.73344
4975           2.74
4975        4.30652
4975         3.5067
4975        2.09016
4975        2.97327
4975       0.913479
4975        3.15525
4975        5.70028
4975        5.24484
4975       0.212033
4975        1.81259
4975        1.62911
4975       0.198962
4975        5.39919
4975        5.67683
4975        4.83019
4975        4.05191
4975        5.57687
4975        5.25905
4975        5.36601
4975         2.4956
4975        2.29198
4975        3.97822
4975        5.83549
4975       0.987016
4975       0.515359
4975        3.75126
4975        5.71127
4975        2.28708
4975        2.56655
4975        5.47199
4975        1.46681
4975        1.53994
4975        5.65862
4975        5.79996
4975        2.71842
4975        5.13598
4975       0.059085
4975      0.0130271
4975        3.06525
4975        6.24121
4975       0.315962
4975         2.6729
4975        2.38726
4975        4.06125
4975         4.9177
4975        4.49217
4975        3.29101
4975        5.87626
4975         1.7213
4975        1.20438
4975        2.74075
4975        1.17983
4975        5.43048
4975        5.93319
4975        1.58686
4975        4.99619
4975        1.45431
4975        2.79693
4975        5.63634
4975        6.02082
4975        1.25665
4975         6.2419
4975         2.6133
4975        4.98153
4975        2.43956
4975       0.601113
4975       0.468946
4975        2.15829
4975       0.928042
4975        4.10636
4975        6.12273
4975        2.26148
4975        2.31387
4975        2.38242
4975        5.47805
4975        3.34777
4975        3.66304
4975        5.54075
4975        4.31692
4975        1.54144
4975        1.83535
4975         5.6458
4975        5.86543
4975         4.3683
4975       0.146281
4975        1.47336
4975        3.87042
4975        5.78859
4975        2.95063
4975         5.0481
4975        4.57994
4975        5.40241
4975        5.28993
4975        2.74798
4975        3.37058
4975        1.86364
4975        3.29739
4975        3.53516
4975        5.34356
4975        2.78231
4975        3.72413
4975        5.34319
4975         4.4254
4975        1.60267
4975       0.649003
4975        2.72943
4975       0.143238
4975         1.5565
4975       0.827252
4975         3.8187
4975         5.0039
4975        1.38927
4975        1.61206
4975        5.01373
4975        4.79318
4975        2.73402
4975        4.50874
4975        4.13673
4975        5.92824
4975        2.16586
4975       0.549073
4975        6.25103
4975       0.895426
4975       0.537824
4975         3.0907
4975       0.926097
4975        5.97577
4975         1.8361
4975        2.80913
4975        1.84264
4975        4.74727
4975        2.60393
4975        2.03516
4975        1.80568
4975        5.66583
4975        5.50526
4975        2.72124
4975        5.78577
4975        1.03491
4975        6.04767
4975        2.20993
4975        1.85286
4975       0.688288
4975         2.7228
4975        5.21864
4975        3.30422
4975        2.45284
4975        5.98312
4975        5.85676
4975        5.12712
4975        4.48641
4975        3.40974
4975        3.69943
4975        3.62754
4975        5.76372
4975        2.64541
4975        3.92177
4975        1.48678
4975       0.848304
4975        4.07637
4975       0.902404
4975        1.06256
4975        3.57951
4975        3.06013
4975        4.94552
4975         1.8712
4975        4.78904
4975      0.0867676
4975       0.162492
4975       0.538717
4975        4.21455
4975        4.36366
4975        3.07296
4975       0.238172
4975       0.564456
4975        1.97868
4975        3.67141
4975        2.18091
4975        6.19804
4975       0.279747
4975       0.405981
4975        4.94629
4975        2.33368
4975        3.42329
4975        5.08136
4975        1.41028
4975        3.62687
4975        4.85048
4975        1.10108
4975         2.2194
4975       0.612427
4975        1.83411
4975        3.30057
4975        2.96456
4975        6.20681
4975        5.36231
4975       0.854576
4975        4.77783
4975        1.02589
4975        5.40776
4975        2.25999
4975         2.8472
4975         1.8634
4975        3.26317
4975        1.99825
4975        1.83154
4975       0.319365
4975        3.60719
4975        1.12601
4975        3.37205
4975         5.6723
4975        4.22481
4975        5.95846
4975       0.379271
4975        2.86679
4975        4.53454
4975        0.55474
4975       0.883549
4975        2.14505
4975        5.18157
4975        2.97532
4975        3.25802
4975        4.30122
4975        3.47298
4975        5.40626
4975        5.34197
4975       0.523734
4975        3.39063
4975        5.10188
4975        4.22611
4975       0.373396
4975       0.127103
4975        2.97942
4975        1.14446
4975        2.33444
4975         6.1512
4975        6.19446
4975        4.09033
4975        2.34237
4975        5.27238
4975        4.24275
4975      0.0234715
4975       0.228839
4975        0.80582
4975        5.37029
4975        1.02432
4975        5.73967
4975        5.27936
4975        1.55889
4975        1.62926
4975       0.232551
4975        1.45012
4975        6.17423
4975        1.15752
4975        6.07972
4975        5.31463
4975       0.234495
4975        5.25932
4975        1.32466
4975        1.76179
4975        4.72228
4975        5.41525
4975        6.16773
4975        3.33262
4975        3.82369
4975        4.42179
4975        3.39127
4975         3.4605
4975       0.449887
4975        1.92603
4975        5.87001
4975        6.17909
4975        2.48772
4975        2.23552
4975        3.91914
4975        5.79681
4975        6.17627
4975        4.65071
4975        2.57069
4975         2.7388
4975       0.828348
4975        2.69451
4975        2.06995
4975     0.00585472
4975        5.20836
4975       0.757029
4975        4.91644
4975        2.75971
4975        3.66987
4975       0.206078
4975        4.56268
4975        2.13444
4975        0.45368
4975        3.27485
4975        2.15206
4975        2.10842
4975        3.66149
4975       0.971399
4975        4.71583
4975        1.44911
4975        3.02726
4975       0.222784
4975        3.37092
4975        5.76771
4975        1.35656
4975        3.92347
4975          2.961
4975        2.46536
4975        5.07824
4975        0.85478
4975         4.5971
4975        6.03267
4975         3.3894
4975        5.75246
4975        5.54381
4975        2.93898
4975        5.64729
4975        6.16709
4975        3.37665
4975        1.31049
4975        1.98591
4975        1.50337
4975        1.69972
4975        4.30858
4975        4.16119
4975        1.64393
4975        2.22284
4975       0.563575
4975        2.66781
4975        2.53232
4975        6.13033
4975        2.00553
4975        6.04711
4975        2.26278
4975        4.86843
4975         6.2564
4975        1.99408
4975        5.58793
4975        5.99437
4975        1.83431
4975      0.0514643
4975        0.54017
4975        1.27351
4975        5.64122
4975        1.37854
4975        1.61316
4975        3.05468
4975        2.15908
4975        2.49434
4975        3.24858
4975        4.78786
4975        5.21593
4975        6.19566
4975        4.85122
4975        3.38851
4975        5.56255
4975        4.30406
4975        2.25736
4975        4.06219
4975        2.38753
4975        4.17108
4975        1.91532
4975        4.02855
4975        4.75859
4975       0.410967
4975        1.93524
4975        4.67539
4975        1.94408
4975       0.168054
4975        3.07813
4975        6.14675
4975        2.67467
4975        3.15495
4975        5.28509
4975        4.54389
4975        5.66466
4975        5.96838
4975        4.96214
4975        1.58302
4975        2.60917
4975        5.99726
4975        4.72416
4975         1.1863
4975        4.71343
4975         4.5132
4975        2.89728
4975        3.49483
4975        2.39916
4975        6.17191
4975        3.70832
4975        4.38608
4975        5.39757
4975        4.12802
4975       0.388408
4975        4.13174
4975        3.15756
4975        4.89512
4975        5.54937
4975         1.1284
4975        3.34511
4975       0.163665
4975       0.853309
4975        2.09599
4975        1.63053
4975       0.683707
4975       0.155575
4975        3.10751
4975        2.59705
4975       0.911469
4975        2.90569
4975        5.38676
4975        2.02241
4975        2.92441
4975        2.67882
4975         3.6764
4975        2.37212
4975        4.30946
4975        5.49794
4975        3.59312
4975        4.54678
4975        3.21416
4975        6.05438
4975        6.07585
4975        3.85178
4975         5.3998
4975        5.27457
4975        1.42952
4975          5.082
4975        2.00878
4975        3.77345
4975        5.68843
4975        3.55838
4975        1.06285
4975        5.70218
4975        2.53297
4975        3.38575
4975        4.70448
4975       0.893296
4975         5.8091
4975        2.58582
4975       0.859384
4975        5.54431
4975        5.09607
4975        2.13931
4975        2.01114
4975        3.08928
4975         2.6276
4975        4.08237
4975        5.77228
4975        3.17848
4975        2.45436
4975        2.19632
4975        4.19176
4975        3.77874
4975        4.28015
4975       0.574841
4975        2.86159
4975        1.01655
4975        4.93215
4975       0.589763
4975        3.91127
4975        1.46727
4975        1.41106
4975        5.79881
4975        3.65194
4975        1.50164
4975        3.62614
4975       0.106226
4975        2.89087
4975         3.0391
4975        5.16554
4975         2.8658
4975        4.43572
4975        4.49612
4975        1.69152
4975        6.26336
4975        4.39752
4975        3.26149
4975        4.01832
4975        1.06383
4975       0.702059
4975        2.07127
4975        3.64554
4975        2.56895
4975        5.24874
4975         4.4846
4975       0.929593
4975        5.43248
4975        2.64242
4975         3.6236
4975        3.05235
4975        2.34874
4975        2.42139
4975        3.07935
4975         5.3308
4975        1.10078
4975        2.23334
4975        5.70091
4975        5.55106
4975        1.47217
4975        2.17958
4975        3.77824
4975       0.979291
4975        3.31079
4975        5.26986
4975          6.092
4975        5.86636
4975        3.20492
4975         3.3321
4975        0.28236
4975        2.85472
4975        2.68196
4975        2.23843
4975        1.66992
4975        6.00325
4975        5.53574
4975        5.12552
4975         3.0209
4975        6.18165
4975        3.20599
4975        5.20414
4975        1.97833
4975        5.16827
4975        5.26769
4975        1.94336
4975        3.55755
4975       0.512708
4975        2.01954
4975        5.20296
4975        3.99116
4975        3.13656
4975       0.295612
4975        2.52957
4975        1.70172
4975        4.59066
4975        1.41054
4975         4.7996
4975        4.54619
4975        4.48593
4975        5.20676
4975       0.171891
4975        3.71206
4975       0.320718
4975       0.986228
4975        1.27714
4975        4.80444
4975        1.38465
4975        3.63136
4975        5.94773
4975        4.92376
4975        4.43983
4975        5.82131
4975        5.91732
4975        4.31292
4975        2.77795
4975        3.82301
4975     0.00180451
4975        5.78728
4975        2.76703
4975        2.41337
4975        2.36268
4975       0.871937
4975        1.81257
4975        3.71888
4975        3.37553
4975       0.745464
4975         2.9391
4975        1.58089
4975        1.62525
4975        5.79862
4975        2.77351
4975        2.40505
4975        4.09451
4975        6.20035
4975        1.14971
4975        5.94964
4975      0.0299874
4975        3.77096
4975       0.934063
4975        6.10307
4975       0.622872
4975        2.34611
4975       0.219891
4975        3.28418
4975       0.573724
4975        3.46355
4975        2.36929
4975        1.65316
4975       0.716086
4975         5.9543
4975      0.0710441
4975        3.35863
4975        6.13731
4975        3.36529
4975        5.32773
4975       0.487993
4975        4.32368
4975        5.19901
4975        1.84209
4975        3.50817
4975        4.37867
4975        4.06601
4975        3.18905
4975        2.60353
4975        5.28424
4975        4.99909
4975        5.26499
4975        5.02901
4975        1.75267
4975         5.0432
4975        3.59329
4975        5.63002
4975        3.16377
4975        1.58977
4975        4.35421
4975        5.21141
4975        2.24517
4975        2.44096
4975        5.02405
4975        3.44524
4975        2.13047
4975        3.28804
4975        4.92569
4975        4.21974
4975        2.72624
4975        6.17528
4975        2.72482
4975        2.59159
4975        2.83178
4975        5.77575
4975       0.529009
4975       0.760412
4975        2.82911
4975        4.61908
4975        2.98741
4975       0.747338
4975        3.21226
4975        4.56695
4975        1.86317
4975       0.620758
4975         1.1193
4975        6.00205
4975        2.06915
4975       0.207176
4975        3.80099
4975        5.12817
4975        2.92135
4975        6.11068
4975        4.86885
4975        5.80019
4975        5.37759
4975        3.16066
4975       0.169758
4975        5.18258
4975         2.2301
4975        2.65055
4975        2.66329
4975    2.10565e-05
4975        2.37569
4975        1.15802
4975        6.15919
4975         6.1424
4975        6.15867
4975        3.02608
4975        3.68013
4975        5.50021
4975        2.40542
4975        3.12408
4975       0.803469
4975        2.35748
4975       0.621935
4975        1.35907
4975        2.65912
4975        2.44757
4975       0.285889
4975        5.71863
4975        6.06763
4975        2.94054
4975       0.819193
4975        2.58977
4975        4.93883
4975        5.42992
4975        3.00893
4975        5.80716
4975        4.70471
4975       0.962861
4975        4.02083
4975        5.79464
4975        4.20495
4975        1.78054
4975        4.33564
4975         3.6252
4975        4.71069
4975      0.0175029
4975          1.952
4975        4.01163
4975        5.58546
4975        3.58548
4975        5.58059
4975        4.94177
4975        3.65667
4975         4.3145
4975        2.06078
4975        3.61968
4975        3.01862
4975        4.54897
4975       0.354762
4975        6.12411
4975        2.70354
4975        1.76353
4975        5.91451
4975       0.425836
4975        5.63288
4975        2.87034
4975       0.340292
4975        3.67041
4975        2.32921
4975        2.16184
4975        4.84339
4975        0.29518
4975        1.55854
4975        3.31788
4975        5.64833
4975        2.42637
4975        3.01606
4975       0.468414
4975        1.92006
4975        5.29739
4975         3.5744
4975       0.320035
4975        5.78665
4975        2.92285
4975        3.97992
4975       0.114676
4975        5.73912
4975        3.94313
4975        1.86193
4975        3.57021
4975        3.71576
4975        6.17792
4975         2.2757
4975       0.475965
4975       0.478419
4975        2.50789
4975         3.6241
4975       0.520057
4975        2.79288
4975         3.5786
4975        4.26879
4975        5.67918
4975        2.20342
4975       0.876092
4975         5.5081
4975       0.689504
4975       0.696378
4975        2.83607
4975        3.50485
4975        1.02473
4975        4.35948
4975        4.41073
4975       0.787627
4975        5.86338
4975       0.573463
4975        3.52908
4975        4.89344
4975        2.60231
4975        5.62134
4975        5.45243
4975        2.78868
4975        2.91204
4975       0.346617
4975        5.21494
4975        5.25382
4975        3.74727
4975        6.23121
4975        1.74902
4975        3.19758
4975       0.609458
4975        5.35804
4975        3.61093
4975        4.44989
4975         6.0923
4975        1.28412
4975        1.87138
4975        3.01987
4975        2.29896
4975        0.23263
4975        2.24422
4975        1.29706
4975         4.0618
4975         5.4701
4975        5.88081
4975        5.49194
4975        3.40748
4975         3.5813
4975        1.94516
4975        2.68024
4975        5.58732
4975        2.46496
4975        6.23168
4975         4.8594
4975         1.4291
4975       0.254239
4975        4.85698
4975        4.16615
4975        5.04656
4975        3.68273
4975        2.75661
4975        3.75159
4975        5.09515
4975        2.03721
4975        6.00987
4975        1.59332
4975        6.10878
4975       0.221461
4975        3.05952
4975        5.71713
4975        5.51055
4975        2.50788
4975        1.22242
4975       0.109073
4975      0.0125404
4975        4.42478
4975        4.28833
4975        1.09491
4975        2.26652
4975       0.366248
4975        1.03003
4975        6.15622
4975        3.32093
4975       0.782984
4975        2.70672
4975        4.94065
4975        3.14418
4975        5.24804
4975        2.82811
4975       0.117287
4975        1.86134
4975        5.87331
4975        2.36146
4975        1.14955
4975        2.59976
4975        6.22608
4975        6.10729
4975        1.02524
4975        1.89287
4975        5.46316
4975       0.883989
4975       0.446237
4975        5.64164
4975        4.72837
4975        4.12432
4975        3.56702
4975       0.459533
4975        3.87219
4975        2.57644
4975        3.93954
4975        2.08708
4975       0.964398
4975        1.81559
4975        1.75952
4975       0.208293
4975        5.44663
4975        5.46121
4975        4.01931
4975        5.87764
4975        2.28093
4975        5.94017
4975       0.475248
4975         5.1227
4975      0.0884532
4975        2.40018
4975        5.05921
4975        2.21487
4975       0.855834
4975        2.01566
4975        5.19962
4975         5.1176
4975        4.43677
4975        5.80118
4975       0.390506
4975        3.05248
4975        6.24987
4975        2.83147
4975        5.78662
4975        2.27004
4975        1.56644
4975        5.60582
4975         5.7387
4975        3.82981
4975        2.19251
4975         3.4757
4975        6.04693
4975        1.96371
4975       0.277083
4975       0.034716
4975        4.04096
4975        3.69652
4975        1.67059
4975        2.78833
4975        1.08585
4975       0.451338
4975        2.84549
4975        2.63931
4975         3.1273
4975        3.12759
4975        5.30052
4975        2.52721
4975        5.43797
4975        1.65949
4975        5.07869
4975      0.0332617
4975        4.99219
4975        3.08656
4975        2.85464
4975        5.57636
4975        6.15941
4975       0.204556
4975        5.28569
4975        5.03961
4975        2.68326
4975        4.28551
4975        3.10486
4975        4.59382
4975        1.76726
4975        1.83945
4975        5.29735
4975         2.1203
4975        2.74172
4975        4.21384
4975        5.33544
4975        5.30525
4975        2.83616
4975        3.99775
4975        3.02239
4975        3.81238
4975        2.58023
4975        6.24029
4975         2.0007
4975        4.93775
4975        2.39151
4975        1.22925
4975        2.43616
4975         5.3294
4975        6.14842
4975        5.11296
4975        1.61287
4975        2.01953
4975          1.197
4975        5.83092
4975        2.11463
4975         3.9494
4975        3.43982
4975        2.49787
4975        3.33014
4975        5.11204
4975        1.75046
4975        3.03672
4975         5.9209
4975        4.71983
4975        2.80889
4975        2.16055
4975        3.44572
4975        4.41402
4975        2.98078
4975        3.39188
4975        2.08995
4975        3.19366
4975       0.942322
4975        5.15076
4975       0.253819
4975          5.858
4975        4.68093
4975       0.620939
4975        4.46341
4975        1.16166
4975      0.0226661
4975        4.28569
4975        3.79721
4975        6.07654
4975        3.76971
4975        5.01655
4975        1.96841
4975        6.24174
4975        5.78216
4975        4.57065
4975        2.03655
4975        3.91322
4975        1.43933
4975        4.63893
4975        4.69687
4975        3.08826
4975        5.75808
4975        2.12482
4975        5.55765
4975        5.57125
4975        1.19926
4975        3.15544
4975       0.944225
4975        1.37076
4975        5.17549
4975    0.000104588
4975        3.05588
4975        5.46224
4975        1.58176
4975        2.76471
4975        4.25194
4975        5.02051
4975       0.783283
4975        1.46283
4975        6.18747
4975        1.49094
4975        2.81094
4975        6.02085
4975      0.0755067
4975         3.3558
4975        1.52382
4975         5.1141
4975         3.2078
4975        3.16591
4975        5.24241
4975        5.89641
4975        1.31956
4975        5.07782
4975       0.696522
4975        1.76597
4975        3.96121
4975        5.67935
4975          5.343
4975        2.95373
4975        2.10336
4975        4.78695
4975        4.89098
4975       0.101214
4975        3.76837
4975        5.83428
4975        6.04311
4975        6.09064
4975         4.1214
4975       0.749768
4975         2.6419
4975        4.31437
4975       0.233555
4975        4.42521
4975        6.16037
4975        2.30386
4975         2.7219
4975        4.06909
4975       0.554231
4975       0.997568
4975       0.462629
4975        2.49107
4975        2.82593
4975        1.42905
4975        3.23154
4975        2.99575
4975        2.58616
4975       0.633065
4975        2.40555
4975        5.22695
4975        3.12234
4975        1.68331
4975        4.52467
4975        6.05709
4975       0.624458
4975        2.60145
4975        5.84562
4975        3.94112
4975        1.66747
4975        4.93714
4975        5.81889
4975        2.58921
4975        5.37464
4975        3.49148
4975        5.72051
4975        2.91583
4975         1.9832
4975        5.08715
4975        5.08886
4975        2.55482
4975        5.30738
4975        4.85663
4975          6.037
4975        4.27123
4975       0.990317
4975         3.7364
4975        1.20335
4975        5.66024
4975        5.56508
4975        1.49947
4975        3.28821
4975        1.78691
4975        5.28326
4975        2.87096
4975        3.19643
4975        3.97059
4975        3.06784
4975        1.10522
4975        2.12901
4975        2.13282
4975         6.0562
4975        1.87253
4975       0.104135
4975        2.14684
4975         3.4032
4975        4.57378
4975        3.05458
4975         5.1711
4975       0.807664
4975        5.54888
4975        1.53375
4975       0.898157
4975       0.514389
4975        6.06188
4975         4.1923
4975        1.10392
4975        4.54471
4975        2.94416
4975        3.26402
4975         2.5321
4975        2.51041
4975        2.03322
4975        1.65783
4975        5.89062
4975        4.82093
4975        4.13816
4975         5.6012
4975        4.11518
4975         4.3063
4975       0.104136
4975        1.02025
4975        1.79846
4975       0.147127
4975        2.18928
4975        5.25335
4975        4.52788
4975        5.51389
4975        1.28148
4975        2.37981
4975        1.08422
4975        5.28512
4975       0.123274
4975        6.00574
4975        2.90922
4975        5.69735
4975        3.39595
4975      0.0510369
4975        3.15464
4975        2.22162
4975        6.01571
4975        2.53136
4975        1.00091
4975        2.14693
4975        5.48668
4975        4.57079
4975        3.23679
4975       0.479873
4975        5.91131
4975        5.97813
4975        2.43978
4975        4.22848
4975        2.96737
4975        2.05684
4975       0.480328
4975        2.25283
4975        2.15846
4975       0.194751
4975        5.21319
4975        5.99168
4975        5.18978
4975        5.35274
4975        3.46321
4975         0.1884
4975        5.46982
4975        2.26054
4975        4.32213
4975      0.0764399
4975        3.08012
4975        1.94161
4975        1.10866
4975       0.298482
4975        2.26533
4975        6.24692
4975        5.75251
4975        2.16877
4975        3.40565
4975        2.30082
4975         4.4158
4975        1.01083
4975        3.83255
4975        2.43861
4975        3.33421
4975        1.54223
4975         5.0867
4975        5.11251
4975        2.72126
4975         5.3868
4975        5.41157
4975        5.34656
4975        4.11676
4975        4.03939
4975        5.28131
4975        3.98048
4975        2.52285
4975        2.91745
4975        2.17566
4975        5.64478
4975         1.7258
4975        4.34833
4975        1.57912
4975        3.24625
4975        4.98698
4975        5.42967
4975        5.89457
4975        5.50716
4975        2.01845
4975         2.8013
4975        3.51699
4975        4.74139
4975       0.176513
4975        2.37515
4975        2.57299
4975         2.4058
4975       0.990361
4975        5.18725
4975         4.5061
4975        6.12342
4975        3.71378
4975        5.57701
4975        1.68834
4975        3.68134
4975        2.79086
4975        4.64114
4975        1.59936
4975        5.72828
4975        1.64816
4975        1.52456
4975       0.151388
4975        5.91884
4975        5.98017
4975        3.03254
4975        3.58119
4975        5.05352
4975        2.42815
4975       0.799385
4975        2.17725
4975        3.90275
4975        6.02243
4975        2.51204
4975          2.959
4975         2.7663
4975        4.61533
4975        1.97376
4975        1.85572
4975       0.327429
4975        3.25164
4975        3.11993
4975        2.89454
4975        4.53619
4975        2.21526
4975        2.69115
4975        4.37866
4975        6.19895
4975        1.75866
4975        5.48571
4975        2.52061
4975        2.00139
4975        6.05499
4975        1.70132
4975        4.62366
4975         5.3751
4975        3.36007
4975       0.349181
4975        1.92348
4975       0.859067
4975        1.72884
4975       0.477507
4975        2.04252
4975        6.04516
4975        5.59732
4975        2.97875
4975        5.36962
4975        4.99484
4975        0.60884
4975        1.94474
4975        1.00235
4975        5.73812
4975        2.88708
4975        5.39078
4975        3.55965
4975        4.87245
4975       0.491463
4975        4.71598
4975         2.8861
4975        5.10571
4975        2.11869
4975       0.825166
4975        3.65472
4975       0.589594
4975        5.07453
4975        4.02184
4975        4.85378
4975        4.28736
4975        6.17717
4975       0.408766
4975        3.12013
4975        3.05008
4975        1.28725
4975        4.11139
4975         5.8452
4975        5.81112
4975        5.92346
4975        3.13016
4975        1.56715
4975       0.503731
4975        2.28204
4975        3.49632
4975        3.07904
4975         2.4592
4975        0.23021
4975         2.7814
4975        5.71612
4975        6.16562
4975        2.51431
4975        4.91331
4975        3.90864
4975        3.95645
4975        5.64703
4975        1.00604
4975        2.52769
4975        5.91481
4975        5.81108
4975        6.24274
4975        3.73859
4975         2.2618
4975        5.73343
4975         5.6861
4975        5.02286
4975        2.52782
4975      0.0903779
4975        1.95961
4975        5.37155
4975        2.76969
4975         5.1231
4975       0.469154
4975        1.87276
4975        4.97043
4975        2.24378
4975       0.486451
4975        4.55926
4975        5.36753
4975         3.7307
4975        5.39433
4975        1.63902
4975        4.82152
4975        1.21121
4975        1.65595
4975        4.58421
4975        1.09064
4975        0.25581
4975        4.47611
4975        1.04761
4975        5.62266
4975        2.78556
4975        2.16464
4975        3.07867
4975        2.79674
4975        6.04362
4975        3.38423
4975        2.66267
4975        3.78509
4975        5.34132
4975        3.53837
4975       0.318738
4975        4.44595
4975         5.4122
4975        0.21532
4975        2.33194
4975         5.1522
4975        1.77665
4975       0.836711
4975        5.68276
4975         4.9772
4975        3.02473
4975        2.83012
4975        3.51223
4975        5.93428
4975        3.82121
4975        2.25018
4975       0.882189
4975         1.7669
4975        1.80116
4975        3.17561
4975         3.0671
4975        5.75637
4975        2.41562
4975        2.57103
4975        6.00631
4975       0.335832
4975        2.03544
4975         3.5206
4975       0.055113
4975       0.132591
4975       0.965521
4975         1.7502
4975        3.16431
4975        5.85952
4975        2.42494
4975        5.06987
4975        6.01856
4975        1.85837
4975        2.74551
4975        1.70169
4975        6.15023
4975        5.65883
4975         1.7604
4975        1.21697
4975        2.55095
4975        1.35322
4975       0.550052
4975        3.44722
4975        2.31066
4975       0.914832
4975        6.05035
4975        3.32638
4975        5.07206
4975        4.46858
4975        5.79829
4975          3.695
4975        3.07621
4975        6.12602
4975        3.77588
4975        5.79192
4975        3.20914
4975        2.58153
4975        5.39026
4975        2.16953
4975        4.59456
4975        3.66589
4975        2.20067
4975        2.22286
4975        6.24497
4975        5.00374
4975        1.29913
4975       0.918383
4975        3.75642
4975        3.33893
4975        5.91121
4975         4.8561
4975        4.92109
4975        4.12205
4975        5.09766
4975        4.13098
4975        2.72579
4975        1.04712
4975        1.37092
4975        2.15104
4975        3.76542
4975         6.2602
4975        2.97459
4975        6.01149
4975        4.36747
4975        5.58431
4975        4.86219
4975        1.88728
4975        2.06925
4975        3.62474
4975        2.35953
4975        3.35991
4975        2.00452
4975         3.1891
4975        3.15949
4975        6.20345
4975        2.58441
4975        6.04084
4975        5.98147
4975        4.85622
4975       0.517341
4975         5.9588
4975        2.73737
4975        6.11873
4975        5.83957
4975        2.98586
4975        5.69306
4975        5.09732
4975       0.345691
4975        1.77748
4975        3.48405
4975        3.97999
4975      0.0610764
4975       0.582824
4975        5.42022
4975        3.82017
4975        2.82762
4975        4.77886
4975        4.40076
4975        5.18075
4975        3.40996
4975        5.23997
4975       0.216421
4975        1.70291
4975        2.61012
4975        1.65529
4975         5.7751
4975        2.76131
4975        2.36026
4975        2.81864
4975       0.780667
4975        5.90521
4975        5.83131
4975        3.37413
4975        5.57894
4975        5.86097
4975        4.35529
4975        5.19901
4975        2.66915
4975        1.44385
4975        2.39361
4975        1.19384
4975        5.14647
4975       0.310715
4975        5.13095
4975         5.6178
4975        5.22417
4975        1.83794
4975        2.65099
4975       0.338201
4975        4.45091
4975        1.17203
4975        5.07805
4975        4.74169
4975        5.38008
4975        2.75448
4975        1.01173
4975         5.9075
4975        5.18505
4975        1.22381
4975        1.80243
4975        3.53101
4975       0.749411
4975       0.621185
4975         6.2813
4975        1.07627
4975        5.04364
4975        3.19318
4975         2.5736
4975        2.79062
4975        4.83805
4975        5.12083
4975        4.52313
4975        5.02329
4975        2.78598
4975        3.73615
4975        2.21517
4975       0.371881
4975        3.24428
4975       0.442278
4975       0.240461
4975        5.29928
4975        3.29744
4975        2.02054
4975        4.83239
4975       0.364084
4975        1.39323
4975      0.0141883
4975          3.699
4975        3.39706
4975        3.20185
4975       0.897026
4975        3.02017
4975        1.44712
4975          4.882
4975        5.23464
4975        1.06193
4975       0.239008
4975        3.81094
4975        1.60177
4975        1.28488
4975        0.69781
4975        3.00036
4975        3.39333
4975        3.83204
4975        3.89889
4975        2.11983
4975        1.50079
4975        1.84879
4975        4.73015
4975        1.93543
4975        3.73261
4975        1.67717
4975      0.0755663
4975        5.52965
4975        2.89908
4975        4.54736
4975        4.00688
4975       0.632999
4975        3.93747
4975        4.04211
4975         4.5308
4975        2.75706
4975        5.91792
4975        2.57326
4975       0.812226
4975        4.38985
4975        5.41583
4975        3.72554
4975        2.88042
4975        1.62859
4975        2.10345
4975        2.54379
4975       0.345509
4975        0.47665
4975        4.06396
4975        6.09565
4975        2.65479
4975        6.14432
4975        5.60798
4975          5.128
4975           1.58
4975        3.65617
4975        2.13658
4975        1.32761
4975       0.344484
4975        1.44091
4975       0.512173
4975       0.283334
4975        6.26182
4975        3.73073
4975      0.0798712
4975        5.23161
4975        4.99311
4975        2.68634
4975       0.386677
4975       0.634784
4975       0.179274
4975       0.308947
4975        3.69449
4975        2.09603
4975        2.49306
4975        4.47347
4975        1.70382
4975        5.80167
4975        1.19591
4975       0.467924
4975        2.49393
4975       0.592138
4975        4.59554
4975        2.65565
4975        3.24231
4975        3.97507
4975        2.70187
4975        5.16905
4975        5.82791
4975        5.14895
4975        5.63234
4975        6.18887
4975        2.09647
4975        5.84919
4975        4.83278
4975        2.78276
4975        3.36566
4975        3.14886
4975         5.1154
4975        4.54388
4975        1.23988
4975        2.23054
4975        2.84614
4975        5.15673
4975        3.88915
4975        1.24428
4975        6.15694
4975        5.33187
4975        3.03562
4975        1.26659
4975        2.92339
4975        2.02578
4975        2.16664
4975        5.14033
4975         2.3319
4975       0.467338
4975        3.07722
4975        5.04595
4975       0.265407
4975         2.5636
4975       0.172243
4975        3.36739
4975       0.314281
4975        4.53968
4975        2.84268
4975        5.46338
4975        1.75543
4975      0.0339749
4975        2.96398
4975        3.46251
4975        4.75087
4975        2.88411
4975        1.45423
4975       0.929544
4975       0.181342
4975        6.08231
4975        2.73208
4975        6.07863
4975        5.05663
4975         4.0979
4975        5.97064
4975       0.727031
4975        1.91118
4975        3.05833
4975        5.55096
4975        4.71469
4975         3.2157
4975       0.735601
4975        4.64053
