4867        5.98078
4867        5.62764
4867        2.62071
4867        5.82185
4867       0.188443
4867        5.89878
4867        6.23643
4867        2.90682
4867       0.257165
4867         3.0855
4867        5.28122
4867       0.723994
4867        2.91806
4867        1.91344
4867        6.19317
4867        4.78212
4867        4.69413
4867        1.49126
4867         1.9268
4867        1.79021
4867        1.53612
4867        5.19771
4867        3.05397
4867        1.71088
4867       0.406153
4867       0.410981
4867        3.86734
4867        3.40243
4867        1.00818
4867        4.39793
4867        5.59611
4867        2.12473
4867        5.15991
4867        4.04462
4867        5.99633
4867        2.51809
4867       0.616788
4867        4.96818
4867      0.0403807
4867        2.02285
4867        4.97407
4867      0.0931509
4867        1.72468
4867        5.61508
4867        2.59826
4867        5.99082
4867        3.72163
4867        5.86217
4867        6.01373
4867       0.185094
4867        4.90944
4867        3.09347
4867        5.31062
4867       0.583049
4867        1.63067
4867        1.13951
4867        3.60379
4867        2.60811
4867        3.18915
4867        1.71172
4867        2.60273
4867        2.53687
4867        4.83116
4867        1.16132
4867        4.99801
4867        5.15086
4867        5.81134
4867        2.69797
4867        1.94376
4867        1.11511
4867        5.60438
4867        4.36354
4867         2.4052
4867        0.51098
4867        2.08399
4867       0.401704
4867        5.59472
4867        5.09501
4867         1.3932
4867        2.20933
4867        2.00518
4867        2.63228
4867       0.313738
4867        5.79906
4867        5.33701
4867        4.35028
4867        3.60763
4867      0.0037186
4867        2.21519
4867       0.240069
4867      0.0702568
4867        2.54612
4867        5.65879
4867        6.02926
4867        2.78547
4867         5.7481
4867        4.59991
4867       0.420387
4867        1.27796
4867        2.87187
4867        5.54442
4867        2.33694
4867        1.48011
4867        2.52489
4867        6.08749
4867        4.44134
4867        5.30939
4867      0.0317441
4867        1.37063
4867        5.61399
4867        5.06505
4867        3.19551
4867        5.96512
4867         2.5267
4867        3.84687
4867        1.75585
4867        2.23754
4867        2.92785
4867        6.23904
4867        5.00459
4867        5.33014
4867       0.830782
4867       0.181286
4867        2.35262
4867        5.94269
4867        3.32104
4867        5.55901
4867        5.71023
4867        4.36026
4867         6.1703
4867        1.48348
4867        4.15134
4867        5.85992
4867        5.30118
4867        3.29461
4867        3.59333
4867          5.545
4867       0.341072
4867        3.94328
4867        2.03906
4867        4.84825
4867         2.9679
4867        5.53513
4867        6.17745
4867        3.99806
4867        3.50233
4867        1.60082
4867        4.99015
4867       0.852537
4867        3.34574
4867       0.510192
4867        5.83639
4867        2.39885
4867       0.511675
4867        5.78821
4867        1.91385
4867        2.47682
4867        2.10618
4867      0.0590592
4867       0.236067
4867        2.40513
4867        5.04117
4867        5.65121
4867        3.37847
4867        5.32107
4867        5.21636
4867        5.72627
4867        4.94818
4867        2.82724
4867        2.52936
4867        5.18453
4867        3.03683
4867       0.882879
4867        3.29284
4867        1.07696
4867         5.6352
4867        4.67147
4867        5.56847
4867        4.80058
4867        5.83069
4867       0.212584
4867        4.98456
4867        2.49542
4867        5.88862
4867        4.62329
4867        2.54726
4867        5.38135
4867        1.00295
4867        5.42284
4867        2.56429
4867        5.62567
4867        2.24718
4867        4.93114
4867        5.43239
4867        5.45451
4867        2.18076
4867        2.36948
4867        1.66316
4867        5.47999
4867        6.00886
4867        3.03989
4867        4.14694
4867       0.282692
4867        5.63258
4867        5.78617
4867       0.695244
4867        5.58428
4867        5.46767
4867         5.9156
4867         5.2005
4867        2.24401
4867         4.6234
4867        1.40369
4867        2.19954
4867        5.77911
4867        2.69653
4867        1.88947
4867        2.14817
4867        2.13493
4867         2.7528
4867        3.69574
4867        2.61504
4867        4.67625
4867        4.96795
4867       0.879279
4867        1.98825
4867        1.56411
4867        2.31663
4867        5.84784
4867        3.33664
4867        1.75158
4867       0.999577
4867        1.71667
4867         1.4874
4867       0.643794
4867        5.82373
4867        5.52276
4867        1.90955
4867        1.26097
4867        1.18133
4867        4.98081
4867        5.46554
4867        3.95756
4867        1.17743
4867       0.441448
4867        6.28196
4867        2.57935
4867       0.689817
4867        2.45972
4867        4.94577
4867         3.1449
4867       0.876978
4867         5.3918
4867        5.59832
4867        4.88734
4867        5.70509
4867        5.88444
4867      0.0390194
4867        5.72486
4867        1.22741
4867        1.46146
4867        4.60353
4867        4.04702
4867       0.217217
4867         1.5519
4867       0.320015
4867       0.152225
4867        1.88595
4867        3.88507
4867        1.03352
4867      0.0846327
4867         5.9746
4867       0.359282
4867        3.06064
4867        2.51053
4867       0.563075
4867       0.191385
4867        2.67069
4867        6.17644
4867        5.96364
4867        1.16799
4867        4.62421
4867        5.85785
4867        1.96482
4867        2.42843
4867        2.39004
4867        2.99676
4867        5.58086
4867        3.42656
4867        2.90105
4867        4.26526
4867        1.38218
4867        1.67218
4867       0.403777
4867        2.11632
4867        2.41153
4867       0.341099
4867        2.52833
4867        4.04888
4867         3.3624
4867        2.66513
4867       0.467074
4867        3.11598
4867        2.86006
4867        5.87319
4867         3.9787
4867        4.35582
4867        1.41687
4867        2.61135
4867        3.22696
4867       0.335686
4867        2.56773
4867        5.34627
4867        3.06249
4867        4.60163
4867        1.96368
4867         3.7824
4867        4.01228
4867       0.367982
4867        3.89248
4867        2.67722
4867        4.26276
4867        1.08263
4867        3.02752
4867       0.401219
4867        1.00381
4867        5.60057
4867        3.57587
4867        4.75935
4867        1.79493
4867        3.83769
4867         2.7711
4867        3.01643
4867       0.709398
4867        2.78604
4867        4.55473
4867        1.36995
4867        1.38678
4867        5.49377
4867         6.0719
4867        5.00167
4867        3.26213
4867        3.07187
4867         4.3067
4867        5.34922
4867        5.61754
4867        5.78122
4867        3.36399
4867       0.490544
4867        5.30247
4867        2.53936
4867         3.2657
4867        1.89061
4867        6.22293
4867        5.62734
4867        0.20581
4867         5.2807
4867         5.8587
4867        3.19798
4867        5.76168
4867        5.55443
4867        3.46204
4867         5.0287
4867         2.9897
4867          1.189
4867        5.85377
4867       0.143987
4867        4.06787
4867        3.95488
4867         2.0955
4867        4.33971
4867        4.77032
4867       0.485033
4867        2.14946
4867        2.00307
4867        2.52679
4867        4.56534
4867        2.24573
4867        6.04874
4867         1.4056
4867         6.1197
4867        1.38339
4867        2.57787
4867        5.56678
4867        4.75649
4867        2.89794
4867        2.99736
4867       0.305649
4867        1.49164
4867        1.56404
4867        4.24737
4867         5.0408
4867        1.00813
4867        5.72314
4867        3.60369
4867        1.90358
4867        5.77013
4867        5.97233
4867        5.69318
4867        4.44741
4867         5.8442
4867        5.30173
4867        1.65627
4867        2.75534
4867       0.861895
4867         4.3381
4867        1.15243
4867        6.01034
4867        0.24399
4867        3.07421
4867        4.53315
4867        4.48986
4867        5.53356
4867       0.470173
4867        5.40941
4867        4.23472
4867         1.3802
4867        3.27251
4867        1.06979
4867        4.40739
4867         1.2368
4867        4.94815
4867        1.73131
4867        5.13576
4867        4.29608
4867         6.0428
4867       0.814643
4867         1.4558
4867       0.923169
4867        3.17544
4867        5.23706
4867        5.50294
4867        5.63967
4867        2.01631
4867        4.99232
4867         5.5136
4867       0.345549
4867       0.247465
4867         3.0009
4867        5.12086
4867        5.82368
4867        5.47913
4867        5.86386
4867        5.11727
4867        2.94618
4867        2.34727
4867        4.58798
4867        5.93518
4867        4.24065
4867        2.06926
4867        3.73527
4867        5.48063
4867        5.44067
4867        5.43286
4867        2.52454
4867       0.778051
4867         5.5218
4867        5.07277
4867        5.52854
4867        2.47853
4867        4.82394
4867        5.97004
4867        6.00661
4867        3.96262
4867        3.43648
4867      0.0284517
4867        1.78283
4867        2.25901
4867        0.29306
4867        3.23538
4867        6.28021
4867        2.24018
4867        5.85067
4867        5.31104
4867        2.42038
4867        2.30606
4867        5.86126
4867        5.02332
4867        3.52755
4867        4.44321
4867        5.44906
4867      0.0997874
4867        3.98215
4867        5.56434
4867        5.44047
4867        2.98498
4867        5.49683
4867        2.25396
4867        5.32923
4867       0.432638
4867        1.48475
4867       0.211436
4867        4.19605
4867       0.759445
4867        3.41633
4867        6.14124
4867         3.2899
4867        2.27728
4867        4.15273
4867        0.93442
4867       0.155447
4867        1.15301
4867        1.01581
4867        5.93726
4867        2.02694
4867         2.9474
4867        1.36675
4867        3.85297
4867        3.37049
4867        5.84452
4867         6.0073
4867        5.22762
4867        5.82752
4867         5.6037
4867        3.69851
4867        2.19727
4867        1.98926
4867        2.33837
4867        4.45145
4867        4.02632
4867        5.23381
4867        4.20359
4867        4.37578
4867        5.24871
4867       0.657684
4867        1.36718
4867        6.17667
4867        4.79057
4867        5.56717
4867        6.14511
4867        1.94624
4867        1.90619
4867        4.38108
4867        2.22359
4867        2.14883
4867        2.92072
4867        2.38717
4867        4.86598
4867        5.66239
4867         3.2801
4867        5.09538
4867        5.53175
4867        2.90692
4867        2.13138
4867        5.77149
4867        6.21876
4867        3.22935
4867       0.440345
4867        2.14839
4867        1.24294
4867        2.89135
4867        4.33297
4867        3.17732
4867         0.0747
4867        3.78846
4867        5.40611
4867        2.74549
4867        2.58483
4867        1.66016
4867        5.67729
4867        5.45505
4867        4.83697
4867        5.80745
4867        3.93253
4867        2.94077
4867         2.1126
4867       0.224521
4867        3.72566
4867        5.71368
4867          3.435
4867        2.98606
4867        2.09991
4867        5.66083
4867        5.69343
4867        2.95166
4867        5.89098
4867        1.27992
4867         2.8909
4867        5.81022
4867        3.37801
4867        4.16246
4867       0.173282
4867        4.45027
4867        3.46063
4867        2.66051
4867        5.65942
4867        5.07509
4867        0.13654
4867        1.79439
4867        2.32231
4867        4.12736
4867        5.39346
4867         2.9408
4867        1.04631
4867        6.11202
4867        4.56342
4867        1.93208
4867        3.29128
4867        3.25403
4867        5.84867
4867        2.69156
4867        1.78565
4867        5.35326
4867        1.21293
4867        4.92093
4867        2.50109
4867        4.77205
4867        5.56772
4867        4.88854
4867        2.55485
4867        4.68882
4867        3.68082
4867        5.52606
4867        5.07261
4867        4.54217
4867        3.07586
4867        4.77528
4867        3.64941
4867        3.15656
4867       0.137312
4867        1.96508
4867        5.42756
4867       0.100024
4867        5.54073
4867        6.16615
4867        1.25698
4867       0.880439
4867        1.54843
4867       0.531909
4867        3.08157
4867        3.43977
4867        5.48627
4867      0.0174719
4867        5.93635
4867        5.46229
4867        4.98036
4867        1.57892
4867        3.46786
4867        1.27683
4867       0.167958
4867       0.253628
4867        2.28595
4867        5.81315
4867         1.8629
4867        1.86892
4867        0.13122
4867        0.80304
4867        2.57334
4867      0.0453392
4867        4.68327
4867         3.0394
4867        1.01753
4867        1.51005
4867         1.5566
4867       0.512039
4867        2.96448
4867        2.21819
4867        2.45895
4867        4.81826
4867        2.30109
4867        5.15022
4867        5.52536
4867        3.29328
4867       0.344279
4867        0.33065
4867        5.12601
4867        2.76766
4867        3.11769
4867        1.16234
4867       0.606506
4867        5.55864
4867        5.63247
4867        6.19311
4867        5.83567
4867        2.34877
4867        5.15657
4867        3.90745
4867        6.22162
4867        4.92847
4867        3.50634
4867        5.53577
4867        5.24344
4867      0.0112712
4867         4.9561
4867        4.99639
4867        2.69512
4867        5.45733
4867       0.279285
4867        5.37933
4867        5.36035
4867        2.96459
4867       0.963632
4867        5.72759
4867        3.21658
4867        2.60319
4867         3.4944
4867        5.57738
4867        1.60868
4867        5.18364
4867        1.07456
4867        1.78671
4867         4.6513
4867        1.02701
4867        5.50735
4867       0.814241
4867        6.20226
4867        4.56411
4867       0.623133
4867         3.3226
4867        5.12879
4867        2.66916
4867         5.3073
4867        3.03672
4867        1.84694
4867        5.09596
4867       0.715707
4867       0.534959
4867        3.24645
4867      0.0591966
4867        5.61208
4867        4.25318
4867        4.57104
4867        2.76118
4867        5.45001
4867        0.18842
4867        1.95628
4867        1.51861
4867       0.909284
4867        4.54255
4867        5.26632
4867        4.59877
4867        2.50778
4867        6.04181
4867        2.16516
4867       0.444724
4867        2.63107
4867        6.04427
4867        5.37176
4867        2.44941
4867        2.15114
4867        3.11391
4867        2.78782
4867        2.55437
4867        3.40643
4867        4.69394
4867        6.15551
4867        4.93426
4867        2.32358
4867        6.06351
4867        2.17128
4867        2.29856
4867        1.79861
4867        2.36284
4867        5.54933
4867        6.16692
4867       0.524548
4867        2.66983
4867        1.61526
4867         2.2723
4867        2.72912
4867        2.61062
4867        5.24478
4867        4.36759
4867        2.68046
4867        2.26974
4867        5.83077
4867       0.674858
4867        5.76689
4867        5.78032
4867        2.00985
4867        3.71158
4867        5.83234
4867        2.16402
4867        5.26719
4867        1.76121
4867        5.30518
4867        1.83889
4867        0.13738
4867       0.702443
4867     0.00803003
4867        1.42116
4867        6.24991
4867        2.77865
4867        1.17454
4867       0.229348
4867        5.74417
4867        1.79435
4867        2.93545
4867        5.83451
4867        5.45925
4867        6.21398
4867        4.53356
4867         2.6099
4867         5.8519
4867        4.56872
4867        5.05756
4867        5.81764
4867        1.65441
4867        6.01798
4867        4.92998
4867        1.55335
4867        3.50354
4867        2.68306
4867        2.43789
4867        6.05523
4867        5.06468
4867        5.17984
4867        3.39197
4867         5.9207
4867        6.26836
4867        2.29191
4867        2.43694
4867        2.86707
4867       0.708144
4867        4.31534
4867        5.03099
4867       0.758908
4867        4.40806
4867        2.38196
4867       0.366745
4867        4.31548
4867        3.73303
4867         5.3427
4867        2.89121
4867        5.61447
4867        4.82375
4867        4.31808
4867        1.70104
4867        2.56462
4867        5.94058
4867        4.11822
4867        6.03757
4867        1.07487
4867        5.65036
4867        4.58332
4867       0.594781
4867       0.956631
4867        5.16004
4867       0.245036
4867        4.10334
4867       0.681252
4867        4.48035
4867        5.45547
4867        2.29896
4867        2.49786
4867        4.59958
4867        4.35903
4867        2.89765
4867        4.40412
4867        5.47561
4867        5.76794
4867        5.36821
4867        4.37818
4867        2.37219
4867       0.647981
4867        6.09278
4867        4.41792
4867        4.82308
4867        1.12049
4867        5.09746
4867        2.77726
4867         6.1423
4867        4.34891
4867        0.30164
4867        5.36547
4867        1.82687
4867        4.71876
4867        6.22194
4867        2.72398
4867        2.24669
4867         5.5882
4867        5.28641
4867        4.02489
4867        5.83928
4867       0.171156
4867        6.24126
4867        4.65771
4867         2.4792
4867        6.00609
4867         0.1703
4867         4.0956
4867        5.43976
4867      0.0614598
4867        6.01118
4867        2.41474
4867        1.86268
4867        2.76834
4867       0.235844
4867        5.64112
4867       0.630998
4867        4.95401
4867        2.18074
4867        5.67304
4867        5.14276
4867        5.19889
4867        1.89809
4867        3.26385
4867        4.44509
4867      0.0488661
4867       0.172798
4867         1.3038
4867         6.1571
4867        5.39513
4867        2.59357
4867        2.83815
4867        5.94361
4867        5.51904
4867        2.90225
4867        3.27548
4867        5.64507
4867        3.97024
4867        0.81607
4867        3.78678
4867         2.4696
4867        3.83751
4867        2.52582
4867        2.69734
4867        5.00539
4867        1.64822
4867        6.21767
4867       0.519156
4867        5.50775
4867       0.669549
4867       0.511694
4867        4.38758
4867        4.90674
4867       0.066717
4867       0.814681
4867        5.99609
4867        3.90999
4867         3.7268
4867        2.40336
4867       0.393245
4867        1.74116
4867        3.30001
4867        5.56122
4867        3.24185
4867         4.8867
4867        5.49654
4867       0.501349
4867        2.31962
4867        6.16389
4867       0.820485
4867       0.957715
4867       0.442884
4867           2.22
4867      0.0986669
4867        3.80187
4867        4.31967
4867        2.64024
4867         3.5589
4867        5.95881
4867        3.71643
4867        4.38966
4867       0.773306
4867        1.93219
4867        3.23898
4867        4.90814
4867       0.393444
4867        3.11008
4867        6.06911
4867        6.28249
4867        5.64767
4867      0.0792675
4867        3.65754
4867         5.4418
4867        4.97493
4867       0.340602
4867        5.33886
4867        1.35089
4867        2.08181
4867          3.316
4867         0.5144
4867        2.44153
4867        4.86946
4867        3.32676
4867        4.38819
4867        2.97963
4867        3.60596
4867        6.10109
4867        4.36429
4867        5.53118
4867       0.730356
4867        3.07353
4867        5.92726
4867        1.17237
4867        1.56353
4867        2.38181
4867        2.92689
4867        2.53989
4867        3.82018
4867       0.784767
4867        5.78182
4867        1.86933
4867         6.0818
4867        2.09557
4867        5.37351
4867        3.90847
4867          2.825
4867        2.57782
4867       0.263084
4867        2.72482
4867        2.30518
4867        2.68737
4867        4.62239
4867         1.8521
4867        3.73301
4867        3.79134
4867        2.09447
4867        1.29122
4867        4.35495
4867        4.91022
4867        5.91227
4867        2.95492
4867        1.67906
4867       0.189321
4867        6.17231
4867        4.83955
4867        5.44223
4867        1.26736
4867         2.0467
4867        5.36735
4867       0.170295
4867        0.77756
4867        5.82244
4867        5.62712
4867        2.72992
4867      0.0510455
4867         2.5821
4867        2.52113
4867         4.1349
4867        2.88514
4867       0.704041
4867       0.224749
4867         4.5371
4867        6.23146
4867        2.31035
4867        1.53794
4867        4.72791
4867        5.92627
4867        4.18444
4867       0.729271
4867        5.48454
4867        3.19152
4867        5.38527
4867        5.20256
4867        5.37665
4867       0.517626
4867        3.81189
4867         5.5283
4867       0.517638
4867        1.43183
4867        2.70093
4867        1.78598
4867       0.401297
4867        2.95001
4867        2.44647
4867        2.98044
4867        2.25669
4867        4.76894
4867        3.63686
4867         3.6315
4867        5.33981
4867        2.48702
4867        5.45785
4867         3.9413
4867       0.160587
4867        5.37887
4867        5.14499
4867        6.11406
4867         6.1221
4867        2.40185
4867        1.67401
4867        1.96239
4867        5.45408
4867       0.627435
4867        4.59309
4867        2.32553
4867        1.23228
4867         2.2543
4867         5.9631
4867         2.3266
4867       0.640059
4867        5.84885
4867        2.46309
4867        3.52427
4867        6.04385
4867         4.8421
4867       0.649877
4867        3.71711
4867        4.78331
4867        5.35235
4867        2.98121
4867        4.04506
4867        1.88235
4867        4.61514
4867       0.444674
4867         3.1915
4867         4.9553
4867       0.672508
4867       0.501053
4867        1.81478
4867        1.72241
4867        6.13991
4867        5.65226
4867      0.0905056
4867       0.600238
4867       0.350667
4867         5.7766
4867        5.57712
4867        2.42906
4867        5.29716
4867        5.65039
4867        4.63095
4867        5.11213
4867        2.64646
4867        1.49789
4867        4.85848
4867        2.66987
4867         3.2251
4867        2.47093
4867       0.320716
4867        3.02594
4867       0.334658
4867        5.64683
4867       0.121565
4867        1.42228
4867        2.99946
4867        4.53999
4867        2.76663
4867       0.150547
4867       0.315921
4867          4.866
4867        3.31524
4867        1.92863
4867        3.64534
4867        2.65198
4867        2.34857
4867        4.91153
4867      0.0762159
4867        3.10194
4867        1.67846
4867        1.62004
4867        3.40639
4867         5.0851
4867        2.90928
4867          5.598
4867        2.40789
4867        3.67685
4867       0.668526
4867        5.75648
4867        5.48326
4867        5.87451
4867        2.00511
4867        5.67645
4867        5.72143
4867        5.23644
4867        6.28151
4867        3.09556
4867         2.3064
4867        3.02161
4867        1.01701
4867        4.95483
4867          5.848
4867        2.30548
4867         1.8906
4867        3.08042
4867        2.76185
4867        5.20337
4867        4.31807
4867        6.15055
4867        5.09297
4867        5.78857
4867       0.573055
4867        2.86164
4867         3.0301
4867        5.95573
4867        1.81939
4867       0.922974
4867        2.93623
4867        1.09469
4867       0.573975
4867        1.75695
4867        5.98243
4867        1.81126
4867        5.55626
4867        3.06766
4867        2.48914
4867        4.96975
4867        2.85698
4867        5.72278
4867        2.78305
4867       0.300444
4867        0.21783
4867        4.90509
4867        5.18497
4867        3.69767
4867        2.61933
4867        3.61841
4867        2.76296
4867         5.9602
4867        2.63553
4867        2.38738
4867        2.43194
4867        4.81274
4867        5.81232
4867      0.0354303
4867        2.54169
4867        6.27546
4867         3.3583
4867        5.18728
4867        1.74106
4867        3.83338
4867        2.63265
4867       0.518238
4867        2.02473
4867         5.7921
4867        3.51557
4867        2.36728
4867        5.02233
4867         3.2004
4867        5.50049
4867        3.45734
4867       0.356108
4867        5.60829
4867        4.03658
4867        2.84748
4867         5.0372
4867       0.332079
4867        3.41963
4867        1.37048
4867        4.67694
4867        5.92483
4867        2.89644
4867        1.93789
4867       0.833678
4867        4.95991
4867         5.1871
4867        4.19418
4867        4.02989
4867        3.68384
4867        3.87895
4867       0.442796
4867        4.88501
4867        2.45096
4867        4.54011
4867        5.87702
4867        4.88415
4867        5.80328
4867        5.43141
4867         5.2477
4867        5.49078
4867        5.86777
4867        3.25953
4867        5.53417
4867         5.6756
4867        1.32643
4867        1.72027
4867        5.34476
4867        2.61666
4867        5.00108
4867        4.05421
4867        5.67101
4867        2.17297
4867        5.78527
4867        5.41882
4867        1.82302
4867       0.164293
4867         1.6552
4867        2.53739
4867         1.9992
4867        1.14223
4867        5.00544
4867          2.104
4867        3.90409
4867        6.20488
4867        6.19434
4867       0.852754
4867        3.73062
4867        4.47912
4867        2.83196
4867        3.30507
4867        2.39727
4867        2.08113
4867       0.148366
4867        6.28138
4867       0.660213
4867        4.42088
4867       0.630251
4867       0.361099
4867        2.93667
4867        5.76552
4867        3.10513
4867        5.15832
4867        2.38843
4867        2.20429
4867       0.766856
4867        2.26872
4867       0.577087
4867        5.91688
4867        6.19294
4867        2.87318
4867        5.39795
4867        1.28986
4867       0.690739
4867         0.8329
4867        5.68997
4867        3.62453
4867        5.97571
4867         2.3771
4867        1.07598
4867        4.52826
4867        5.44593
4867       0.235709
4867        3.27884
4867        5.42178
4867        2.52338
4867        4.30436
4867       0.678347
4867        1.33889
4867        6.09945
4867        2.39661
4867        0.78262
4867        4.52382
4867        4.00279
4867        1.69532
4867        2.00825
4867       0.401083
4867        4.97142
4867         4.7839
4867        2.63558
4867        4.41447
4867        1.41471
4867        3.77529
4867        3.22604
4867        5.84914
4867         5.0212
4867         5.7482
4867        3.58154
4867        4.79598
4867        1.40018
4867        4.39899
4867        2.40836
4867       0.461045
4867         5.3521
4867         4.7992
4867        5.34921
4867        5.87756
4867        3.82217
4867        3.82293
4867        2.37192
4867        2.56489
4867        2.11986
4867        5.54939
4867        5.26957
4867        5.52499
4867        5.66012
4867        3.51549
4867        1.09895
4867        6.13156
4867        3.09226
4867        5.52639
4867        6.14976
4867        2.48916
4867         3.8011
4867        6.06864
4867        4.98626
4867        5.14707
4867        4.88104
4867        6.11226
4867       0.451155
4867         2.1067
4867        3.70462
4867        4.13435
4867        3.86281
4867        5.70766
4867        5.90578
4867         6.0782
4867        2.90216
4867        2.79414
4867        4.26496
4867        5.44469
4867        3.59302
4867        3.43805
4867        5.97977
4867        6.17428
4867        2.14786
4867        5.38689
4867        3.42469
4867        5.56695
4867        2.11666
4867        5.86223
4867        1.10662
4867        5.87056
4867        2.60087
4867       0.290817
4867        5.20283
4867        1.17885
4867       0.491928
4867        3.35608
4867        2.18114
4867        0.25613
4867       0.341223
4867        1.09173
4867        1.81391
4867        3.89372
4867        5.69155
4867        0.55217
4867        5.56553
4867        5.08487
4867        2.63548
4867        5.02466
4867         6.0687
4867         5.2927
4867        5.77361
4867        1.86941
4867         4.1127
4867        3.42073
4867        2.72835
4867       0.719025
4867        3.28882
4867         2.0504
4867        3.25156
4867        3.67534
4867        1.34026
4867        2.10339
4867        4.56458
4867        2.56321
4867        2.94712
4867        5.01327
4867       0.807321
4867        5.90492
4867        5.18519
4867         3.5567
4867         3.2813
4867       0.460121
4867        1.74279
4867        2.15708
4867        3.54667
4867        4.57622
4867         3.5784
4867        4.73786
4867         5.5715
4867        4.73643
4867        2.13785
4867       0.315683
4867        2.53882
4867         5.4513
4867        3.52192
4867        2.17413
4867        1.15344
4867        3.94903
4867        5.89627
4867        2.19615
4867       0.256172
4867        3.89606
4867        2.60858
4867        4.65399
4867        6.02146
4867        2.52783
4867        4.81768
4867        2.76749
4867        5.32523
4867        2.94622
4867        1.69436
4867       0.911389
4867         5.1809
4867        2.74634
4867        2.91725
4867         5.3252
4867        5.93727
4867        5.91748
4867        2.69221
4867        6.07908
4867        2.99572
4867         3.3028
4867        6.26924
4867      0.0680363
4867       0.154271
4867        4.84212
4867         2.2386
4867         4.6405
4867        3.41077
4867       0.786422
4867        5.95844
4867        2.35172
4867        4.00438
4867        1.10503
4867        1.95232
4867        3.34283
4867        4.82268
4867        2.92379
4867        3.20584
4867        2.20075
4867         6.2279
4867        3.49746
4867        4.52909
4867        5.24219
4867        1.88661
4867        1.78412
4867        6.11646
4867        2.93317
4867        3.05482
4867        5.08599
4867       0.796078
4867        5.59158
4867        2.51339
4867        2.26934
4867        2.10866
4867        5.02867
4867        2.59096
4867        1.68446
4867        5.08452
4867        2.40553
4867        4.97625
4867        1.63156
4867        4.33907
4867        2.29709
4867        3.48481
4867        1.22643
4867        4.48891
4867         6.1483
4867        4.48587
4867        2.98325
4867      0.0695768
4867        3.07069
4867        2.75107
4867        1.02006
4867        2.92399
4867        1.96993
4867        3.71708
4867        5.61033
4867       0.252567
4867         1.5447
4867        3.73244
4867        3.65537
4867        5.39951
4867         0.1145
4867          3.668
4867        6.20833
4867        2.19573
4867        1.22205
4867        3.45759
4867        5.05986
4867        6.12997
4867       0.943864
4867        4.67287
4867        6.02933
4867        2.06294
4867         0.5424
4867        5.82719
4867        2.78614
4867        4.96886
4867      0.0868163
4867        1.58513
4867        1.55395
4867         2.6081
4867        2.67325
4867        1.70253
4867         5.9177
4867        3.97213
4867        2.99349
4867         6.1357
4867        5.98781
4867        1.50544
4867        1.98286
4867        2.79359
4867        5.85708
4867        3.14397
4867      0.0311466
4867        2.16731
4867        1.03379
4867        1.03118
4867         4.6274
4867       0.951953
4867        4.26706
4867        3.52965
4867        0.98208
4867        3.78306
4867         3.5132
4867        2.73335
4867        1.28526
4867        4.93327
4867        4.81103
4867        5.79798
4867       0.695881
4867        4.98065
4867        3.18297
4867       0.995598
4867        3.02788
4867        5.73925
4867        2.05643
4867        1.37407
4867        2.28547
4867        5.45077
4867        4.59059
4867        5.49335
4867        5.61554
4867       0.678768
4867        5.73278
4867        5.44356
4867        3.48913
4867        5.00114
4867       0.617602
4867        2.58752
4867        2.21102
4867        6.14707
4867        2.61773
4867       0.405738
4867        4.42798
4867        3.10053
4867        2.95282
4867        5.93375
4867        5.40913
4867        5.60261
4867        5.81111
4867        4.52717
4867         4.3733
4867        6.20128
4867         4.7531
4867       0.353041
4867        3.72284
4867        3.23335
4867        1.62365
4867        4.57735
4867        5.51911
4867        5.44921
4867        5.03973
4867        5.87613
4867        1.73158
4867        3.37559
4867       0.663668
4867       0.841301
4867        2.35772
4867        2.49582
4867        2.71591
4867         4.5807
4867        5.56564
4867        2.19612
4867        1.06129
4867         0.3237
4867        2.12558
4867        4.00049
4867      0.0131739
4867        2.88919
4867         4.0256
4867        2.77563
4867        6.14332
4867        2.58596
4867        1.80004
4867        2.72015
4867       0.933401
4867        6.27821
4867        2.38155
4867        3.71148
4867        3.77095
4867        1.48325
4867         5.7795
4867         5.5228
4867       0.508418
4867        1.71768
4867        4.16405
4867       0.983867
4867        1.12381
4867        3.52805
4867        3.17945
4867        2.52731
4867        2.52116
4867        4.86999
4867         5.7535
4867        1.56004
4867        3.00663
4867        5.90377
4867        5.98171
4867        3.90319
4867        2.70151
4867         5.4933
4867        1.93707
4867        4.75686
4867        2.03857
4867         4.9182
4867        5.40566
4867        2.89261
4867        5.89834
4867       0.560232
4867        5.84715
4867        1.63714
4867        4.42774
4867        4.68143
4867        5.91219
4867        3.79062
4867        4.10991
4867        3.99395
4867       0.764918
4867        6.21452
4867        2.36905
4867        1.07215
4867        2.22347
4867        1.30841
4867        5.69657
4867        5.47011
4867        5.68776
4867       0.973395
4867        2.29614
4867        2.20945
4867        6.01102
4867        5.72318
4867       0.507031
4867        4.13722
4867        5.71444
4867          5.991
4867        5.54493
4867        2.98061
4867       0.865616
4867        6.04953
4867        4.01983
4867        4.72228
4867       0.732269
4867        2.27718
4867         4.9705
4867        3.53248
4867       0.460098
4867        6.12755
4867          5.991
4867        0.94867
4867        4.61586
4867        2.73702
4867      0.0630442
4867        2.24216
4867        2.30302
4867        6.09514
4867        5.95129
4867       0.896299
4867        2.99241
4867        5.40999
4867        1.43764
4867       0.243312
4867        3.54967
4867       0.142239
4867        4.77655
4867        1.72541
4867        6.05147
4867        2.67518
