4075        2.46979
4075         3.0386
4075       0.877266
4075        2.33334
4075        1.21171
4075        4.34489
4075       0.469804
4075         3.7962
4075        5.05538
4075        4.68799
4075        5.12011
4075         4.9375
4075        5.35038
4075        4.48396
4075      0.0199955
4075       0.366126
4075        4.59207
4075        1.25181
4075        1.47686
4075       0.888329
4075       0.511197
4075        2.92658
4075        3.13596
4075        2.00015
4075        4.97463
4075        2.76661
4075        5.08399
4075        5.48101
4075        0.67435
4075       0.675187
4075        2.83248
4075        1.29622
4075         4.8001
4075        5.82504
4075        3.41014
4075       0.774382
4075        3.34394
4075        3.63604
4075        3.97797
4075        6.12629
4075        1.90756
4075         4.7045
4075        1.32322
4075        5.66599
4075        4.78855
4075        4.57748
4075        1.18813
4075       0.321719
4075        1.97668
4075        4.28101
4075        2.50976
4075         4.0113
4075        5.36284
4075        6.19346
4075         5.5339
4075        2.71521
4075      0.0760863
4075       0.728244
4075        2.48179
4075         2.5213
4075        3.49905
4075        5.27721
4075        1.71008
4075        4.35721
4075        1.27813
4075        3.88215
4075        4.43712
4075        6.21073
4075        4.56169
4075        4.67744
4075        2.63039
4075        3.33743
4075        1.77545
4075       0.335151
4075        3.74406
4075        4.22288
4075        4.64632
4075        3.72073
4075        4.74151
4075        2.31473
4075        5.18467
4075        5.02729
4075        1.63629
4075        3.61346
4075       0.604848
4075      0.0154389
4075        4.55869
4075         5.7775
4075        3.84549
4075        2.73565
4075        4.31971
4075        3.09432
4075        3.52451
4075        0.24684
4075        1.60899
4075        5.09617
4075        1.95713
4075        1.59569
4075         3.2317
4075        4.21646
4075        4.64681
4075         2.8066
4075        5.76024
4075         4.0706
4075        1.21174
4075        5.44073
4075        0.60492
4075        1.93951
4075        3.76028
4075        1.70177
4075        2.52347
4075        4.54256
4075        4.57352
4075       0.312138
4075        3.26155
4075         3.1715
4075        1.05527
4075         4.2917
4075        3.70589
4075        4.69319
4075        1.07125
4075        2.10349
4075       0.589388
4075         6.1202
4075        4.72774
4075      0.0493826
4075         4.1882
4075       0.374905
4075       0.351316
4075         3.5175
4075        2.45665
4075        3.08567
4075        1.55797
4075         5.2888
4075        3.81862
4075       0.856987
4075        1.50927
4075       0.796724
4075      0.0944878
4075        4.48159
4075        4.09885
4075        3.07301
4075         4.7562
4075        3.38168
4075        4.95386
4075        4.04029
4075        1.70901
4075        3.86047
4075        5.76055
4075        4.74647
4075        4.92443
4075        5.86421
4075       0.341954
4075        1.13553
4075       0.977812
4075        4.53995
4075        6.13945
4075        1.41604
4075        4.76221
4075        2.54629
4075        4.88093
4075      0.0210556
4075        1.08335
4075        4.15702
4075        1.00548
4075        1.30226
4075        1.38977
4075       0.650682
4075        4.76594
4075        4.85319
4075        4.80209
4075        1.42093
4075       0.204704
4075        5.18803
4075        4.04058
4075       0.747128
4075        4.43405
4075        4.42949
4075        5.13123
4075       0.352552
4075       0.156546
4075        4.07555
4075       0.297721
4075        5.29881
4075        4.16081
4075        2.96438
4075         1.7196
4075        3.83378
4075        1.07502
4075       0.665607
4075        1.17132
4075        3.78911
4075        1.10271
4075        1.14741
4075        3.00577
4075        6.26419
4075        3.43119
4075        2.19309
4075        1.16217
4075        5.35127
4075        1.96146
4075        4.96421
4075       0.833948
4075        3.40799
4075        4.15366
4075        5.34683
4075        1.94215
4075        4.89943
4075        5.28174
4075        5.40868
4075        0.76454
4075       0.850854
4075       0.568305
4075        4.81967
4075        4.15088
4075         0.5605
4075         4.2745
4075        3.02472
4075         2.8864
4075        1.18241
4075        1.59838
4075        2.30043
4075        1.01525
4075        2.01262
4075        1.54139
4075         1.2498
4075        3.54739
4075        0.92959
4075        2.22696
4075        5.75509
4075         1.8941
4075        4.04558
4075       0.541871
4075        3.95088
4075        2.74229
4075        4.98912
4075        2.32926
4075        4.26114
4075         4.0059
4075        4.24159
4075        5.82154
4075        2.33833
4075        3.98025
4075        3.18541
4075        3.58489
4075        3.42024
4075        5.64701
4075        1.27706
4075        1.90751
4075        1.51643
4075        1.11768
4075        4.81152
4075       0.612176
4075       0.537149
4075       0.660769
4075       0.747868
4075        0.13107
4075        4.48836
4075        3.75867
4075        4.54796
4075        4.65142
4075        4.62505
4075        6.11358
4075       0.369961
4075        1.87435
4075        1.44972
4075        3.88601
4075        5.08723
4075       0.743738
4075        4.59063
4075        4.49052
4075        4.37027
4075        5.18225
4075       0.378742
4075        3.23434
4075        3.90021
4075         4.8276
4075        0.94618
4075        1.02035
4075        1.71666
4075        1.60246
4075       0.848831
4075        1.32072
4075         4.3076
4075        2.26546
4075       0.643867
4075        2.27136
4075        3.16016
4075        5.69976
4075        2.69556
4075        1.96009
4075        1.68282
4075        3.91381
4075        2.83383
4075        4.82997
4075        1.80292
4075        3.89602
4075        6.08716
4075        5.88099
4075        6.00386
4075        1.70231
4075        5.76289
4075        4.66857
4075         3.3718
4075       0.358433
4075        2.47599
4075        2.38581
4075        5.22007
4075        3.96844
4075        1.50724
4075        6.23089
4075        5.79545
4075       0.510995
4075        1.05994
4075        1.08876
4075        5.44048
4075       0.339297
4075        3.52263
4075        2.13647
4075       0.475894
4075        5.18108
4075        4.61395
4075       0.696151
4075        1.15684
4075        3.80288
4075        3.31649
4075        2.06068
4075        4.20077
4075        6.15788
4075        3.71533
4075        2.20422
4075        2.17955
4075        5.73572
4075        3.53098
4075        2.16031
4075         3.8752
4075          4.018
4075        4.26087
4075         3.6964
4075        4.99909
4075         1.1058
4075         4.7787
4075        4.43239
4075        1.54332
4075        4.08702
4075      0.0338394
4075        1.19042
4075        4.99791
4075         2.0296
4075         2.7899
4075        0.39541
4075       0.957928
4075        3.95763
4075        5.22897
4075       0.672959
4075         5.1818
4075       0.717469
4075        4.05136
4075        5.86926
4075        4.63792
4075        5.05811
4075       0.610358
4075        3.77151
4075      0.0547705
4075        1.59547
4075       0.923792
4075        5.02618
4075         2.9544
4075        1.00029
4075        2.32774
4075        2.85838
4075        3.96856
4075         4.3917
4075        4.31557
4075       0.293546
4075        1.80643
4075        3.77743
4075        2.00165
4075        3.56887
4075        1.14685
4075       0.156682
4075        2.81878
4075        4.10487
4075        4.32149
4075        4.40699
4075        4.63594
4075        3.00321
4075        2.89776
4075        5.41396
4075        5.14581
4075        1.35274
4075        4.20212
4075        1.54176
4075        2.48721
4075        5.22684
4075        6.23905
4075        5.74631
4075        1.50571
4075         0.6891
4075       0.646924
4075        1.70396
4075       0.960086
4075        3.82827
4075        1.27326
4075        1.26707
4075        1.40683
4075       0.809604
4075        5.91463
4075       0.011348
4075        4.42577
4075        1.72959
4075        6.09714
4075        2.94699
4075        1.05768
4075         5.7578
4075        1.47736
4075        4.80383
4075       0.631345
4075        3.21282
4075        4.55849
4075       0.939836
4075        3.83998
4075        3.66454
4075        4.25916
4075        5.49206
4075        2.19078
4075        1.74053
4075         3.3457
4075        4.04775
4075      0.0519441
4075      0.0932574
4075        4.51122
4075       0.379866
4075        4.53293
4075       0.913549
4075        3.43925
4075        1.82654
4075        4.17615
4075       0.991033
4075        3.97904
4075        1.66396
4075       0.990088
4075        5.62299
4075        5.97176
4075        3.52419
4075       0.341755
4075        5.24849
4075        5.40259
4075        3.39531
4075      0.0787622
4075        3.64054
4075        0.96885
4075        3.37219
4075         3.2235
4075        0.21678
4075        3.06561
4075       0.724622
4075        6.00686
4075        1.77733
4075        5.46463
4075        5.21833
4075        3.92384
4075        6.05632
4075        1.47051
4075        1.26561
4075        2.52102
4075         3.9995
4075        6.24246
4075        1.67626
4075        3.13465
4075        2.61415
4075         5.2662
4075        1.30986
4075        5.88223
4075        1.94952
4075         0.9674
4075        2.07219
4075        5.02444
4075        5.16104
4075       0.336307
4075        2.16884
4075        1.83981
4075        2.19053
4075        3.08188
4075        3.95528
4075        4.76776
4075       0.869815
4075       0.836178
4075        5.27278
4075        1.13549
4075        4.45096
4075      0.0133308
4075         4.0485
4075         4.6066
4075        1.91157
4075        3.70578
4075        1.72125
4075         1.6525
4075        2.49878
4075        1.62937
4075       0.821777
4075        5.83861
4075       0.883029
4075        3.95977
4075        4.23202
4075        6.11447
4075        6.03911
4075       0.771504
4075       0.226629
4075      0.0923044
4075       0.717702
4075        1.98436
4075        5.89386
4075        4.21534
4075        4.67786
4075        4.97186
4075        3.58551
4075       0.686354
4075        1.20783
4075        4.36163
4075       0.791005
4075       0.901022
4075        2.11402
4075        1.72263
4075         5.8069
4075        4.72374
4075        3.27859
4075        4.47534
4075        5.80005
4075        4.61126
4075       0.858073
4075        5.08856
4075         1.8478
4075       0.265909
4075        4.08352
4075        4.93385
4075        5.89795
4075       0.881097
4075        4.60962
4075       0.879897
4075        4.22419
4075        3.61952
4075        2.14757
4075       0.678965
4075         5.4158
4075        1.73755
4075        5.37151
4075        4.74735
4075        5.17521
4075         1.6542
4075         5.0673
4075        2.48622
4075       0.152014
4075         2.9255
4075        2.60136
4075        3.09118
4075        6.16137
4075        4.21815
4075       0.610626
4075        6.02022
4075        2.12323
4075        3.91995
4075        1.48768
4075         4.2355
4075        4.26014
4075        4.33883
4075        1.72581
4075        4.80195
4075        6.15983
4075       0.257846
4075        2.90007
4075        4.97817
4075        4.50938
4075        5.05556
4075        5.48337
4075        3.20638
4075        3.18847
4075        3.94866
4075        3.40194
4075        5.43106
4075        4.74179
4075         1.4944
4075        1.86201
4075        5.21363
4075        1.90513
4075        2.60354
4075        1.43738
4075        1.62011
4075       0.198468
4075        2.38072
4075        1.36331
4075        1.88933
4075        4.95579
4075        1.30166
4075       0.450535
4075       0.913222
4075        4.55083
4075        4.37825
4075         3.4336
4075        3.35606
4075        1.18641
4075        2.65904
4075        5.38341
4075        1.62784
4075        0.41162
4075       0.994948
4075        2.43509
4075       0.371298
4075        3.72542
4075        2.62125
4075        4.47065
4075        3.65817
4075        1.64854
4075        2.65054
4075        1.54524
4075       0.772061
4075       0.541626
4075        1.52535
4075        4.72292
4075       0.412772
4075        1.37681
4075        5.17248
4075        4.67866
4075        1.53979
4075        1.36338
4075       0.124587
4075        4.85166
4075        5.17906
4075        4.40611
4075        5.35202
4075        1.11282
4075        1.08543
4075        4.09016
4075        5.54272
4075        5.75116
4075        2.23485
4075        1.70244
4075        3.58019
4075       0.564791
4075        4.80342
4075        3.19123
4075        1.98457
4075         5.3723
4075        4.42598
4075        1.82677
4075        2.53938
4075        4.29394
4075        6.26387
4075      0.0516886
4075       0.495659
4075        3.97124
4075        6.25653
4075        1.31406
4075        1.64351
4075        4.63946
4075        4.92568
4075        3.42889
4075      0.0144407
4075        5.83307
4075        5.41132
4075       0.103737
4075        3.06948
4075       0.387282
4075        3.81954
4075        1.09533
4075        1.25535
4075      0.0580665
4075       0.808023
4075        5.28849
4075         3.9213
4075        4.85578
4075        4.27703
4075       0.625544
4075        4.11549
4075        5.60767
4075        3.35179
4075       0.950229
4075        4.48031
4075        4.12137
4075        5.64249
4075        5.08164
4075        5.25736
4075       0.922451
4075        5.86931
4075        1.33447
4075       0.264142
4075        2.66918
4075        1.45788
4075        3.38007
4075        1.89083
4075         3.9612
4075        3.20428
4075        6.07029
4075         1.2457
4075        5.39335
4075       0.655746
4075       0.449992
4075        3.57523
4075        5.83632
4075        2.15608
4075        5.88454
4075        1.73086
4075        6.27364
4075       0.249073
4075        1.25754
4075        4.17376
4075        2.60209
4075          1.122
4075       0.873812
4075        3.79019
4075        1.65076
