4588        3.42234
4588         5.4513
4588        6.08748
4588        5.67539
4588        4.77948
4588        4.66787
4588        4.23848
4588        4.23551
4588        1.60422
4588        1.71431
4588        2.27106
4588        4.25888
4588        3.04906
4588         5.3883
4588        2.90415
4588        5.61909
4588        2.03034
4588        5.55221
4588         2.7954
4588        4.91242
4588        3.80753
4588       0.530313
4588        2.84656
4588        1.87965
4588        2.11611
4588        3.47998
4588       0.565818
4588        2.03718
4588        0.44045
4588        5.18341
4588       0.922153
4588        2.47894
4588        5.04701
4588      0.0149176
4588        3.80807
4588        4.80568
4588        3.70647
4588        1.29062
4588        5.78495
4588        1.39869
4588        2.02085
4588        1.19595
4588        1.47885
4588        4.50609
4588         3.4944
4588        1.71141
4588       0.681108
4588         1.9097
4588        5.25276
4588        4.05047
4588       0.276819
4588        3.95818
4588        5.31982
4588        3.60301
4588        5.18586
4588        4.45444
4588        5.37997
4588         2.9111
4588        5.65384
4588        4.85717
4588        6.03236
4588       0.513382
4588        3.93235
4588        5.56208
4588        6.14473
4588        1.83905
4588         2.8644
4588        4.93761
4588        3.86266
4588        1.82135
4588        5.66775
4588        3.89006
4588        3.63013
4588        1.15225
4588        2.86924
4588         1.7326
4588        6.25139
4588       0.121112
4588        4.22078
4588       0.109508
4588        3.99644
4588        2.17161
4588        3.60819
4588        2.57765
4588        6.15714
4588        2.77391
4588        3.21813
4588        2.62594
4588        3.86636
4588        5.78638
4588        5.90023
4588       0.350354
4588        5.31876
4588         2.1417
4588        1.16946
4588         3.1825
4588        5.92681
4588        4.42453
4588        5.00042
4588         1.3161
4588        1.46937
4588        5.55238
4588        5.69479
4588        2.51363
4588        4.25423
4588         3.1004
4588        4.86761
4588        2.18347
4588        5.18818
4588       0.687446
4588        5.37372
4588          5.284
4588        2.35745
4588          4.349
4588         5.0492
4588        3.74416
4588        1.79978
4588        1.15839
4588        3.84501
4588       0.139335
4588       0.260803
4588       0.605339
4588        5.34959
4588        2.12841
4588        5.51982
4588        4.61151
4588        2.79998
4588        3.86447
4588        5.87297
4588         1.6077
4588        2.83668
4588        3.13182
4588        5.58398
4588       0.281073
4588        3.34561
4588        5.23466
4588        4.97789
4588         2.3243
4588       0.723295
4588         3.5762
4588        5.77999
4588        2.76951
4588        5.38952
4588        5.73219
4588       0.422209
4588        2.97549
4588        1.78022
4588         5.0727
4588        4.99215
4588         2.0724
4588       0.896815
4588        2.84088
4588        5.40251
4588          4.322
4588        3.75538
4588        5.13051
4588        5.73932
4588        2.51174
4588        2.75856
4588        4.10944
4588        4.94887
4588        5.78541
4588        5.78116
4588        5.75445
4588        4.68928
4588         4.7532
4588        2.82573
4588        3.46886
4588        5.11276
4588       0.927327
4588        2.44522
4588        2.36636
4588       0.973181
4588        1.15239
4588        1.76921
4588       0.678279
4588        5.53054
4588         5.0769
4588        2.78744
4588        1.90774
4588        5.41927
4588        5.19094
4588       0.270698
4588        1.84079
4588        3.94431
4588        1.70134
4588        5.73711
4588        5.10665
4588        1.84463
4588        1.90943
4588        1.29041
4588       0.359754
4588       0.418985
4588        5.07174
4588        2.99092
4588        5.92838
4588        5.84831
4588        3.45913
4588        6.02382
4588        3.68311
4588        3.93959
4588        3.88952
4588        3.01298
4588         2.4712
4588        6.24232
4588         2.2101
4588        2.09296
4588       0.297506
4588        3.15688
4588        5.33708
4588        2.17427
4588      0.0665395
4588       0.271977
4588        4.02266
4588        4.86218
4588        5.07733
4588        2.55969
4588       0.587159
4588        2.95538
4588        2.97645
4588        5.16637
4588       0.245925
4588        2.10321
4588         4.8265
4588        5.80649
4588         1.9578
4588        6.17575
4588        5.38288
4588        5.52257
4588        3.34468
4588        1.45649
4588        5.56344
4588        6.10037
4588        1.31138
4588        2.32461
4588        4.96133
4588        5.95471
4588        6.25583
4588        3.68477
4588        2.87899
4588        4.27799
4588        6.26927
4588         3.5106
4588       0.880732
4588        4.85208
4588        5.24047
4588        5.07036
4588        6.03585
4588        5.32768
4588       0.850617
4588        6.28017
4588        1.48411
4588        5.15888
4588         5.1609
4588        2.97047
4588         3.0879
4588        2.78245
4588        4.75307
4588        1.99168
4588        5.69145
4588        1.95633
4588       0.062459
4588        2.18606
4588        3.50265
4588        3.30974
4588        0.15792
4588        3.90314
4588         6.1643
4588        3.32196
4588        1.77148
4588        6.14539
4588        3.17588
4588         4.7911
4588        3.14045
4588        2.50331
4588        2.85133
4588        4.56617
4588        4.74621
4588        3.13395
4588        5.75812
4588       0.293115
4588         6.1739
4588        2.77003
4588        2.81039
4588        5.57895
4588        5.61702
4588        3.34652
4588        1.79971
4588        4.82768
4588        2.82634
4588        2.98248
4588        2.38977
4588        3.74547
4588        5.86374
4588        4.01714
4588        1.96117
4588        2.17494
4588       0.409933
4588         5.5981
4588        5.59878
4588        0.93559
4588        1.06337
4588        5.36625
4588        2.39523
4588        1.33654
4588        1.37594
4588        3.77814
4588        2.07834
4588        5.93612
4588         2.9822
4588        2.43511
4588        5.80859
4588         5.4622
4588        5.28095
4588        2.82632
4588        2.38951
4588        5.22993
4588        5.96313
4588        5.22519
4588        2.63336
4588         4.4033
4588        3.24781
4588        2.91318
4588         4.9089
4588      0.0933943
4588        3.28612
4588        4.64643
4588        3.60282
4588        5.97254
4588        5.11426
4588         4.7116
4588        1.23532
4588        5.69775
4588        4.99033
4588        3.16718
4588        5.30196
4588         5.7825
4588         2.9326
4588        4.94498
4588        5.35654
4588        2.82001
4588        3.14658
4588        6.14381
4588        2.62972
4588        1.72029
4588        5.19964
4588       0.441007
4588        4.30367
4588        1.91701
4588        2.93343
4588        4.78217
4588        4.29902
4588        5.75512
4588         4.9193
4588        5.30049
4588        5.16426
4588        0.49553
4588         4.0479
4588         1.9122
4588        4.72444
4588         0.9267
4588        2.13897
4588         2.9311
4588        4.81032
4588        5.22669
4588        2.34055
4588        1.83476
4588        6.08421
4588        3.61014
4588        4.92092
4588        3.61556
4588        5.24402
4588        5.32695
4588         5.4894
4588       0.827842
4588        3.07655
4588        1.00853
4588        6.19365
4588        5.29811
4588        2.92722
4588        2.20337
4588        2.48044
4588        3.77976
4588        4.63327
4588         1.1639
4588        4.74944
4588        4.91213
4588        3.74896
4588        4.89389
4588          2.363
4588        1.77111
4588        1.84604
4588         3.9975
4588        4.08237
4588        0.77463
4588       0.443557
4588        5.70555
4588       0.800607
4588        5.87525
4588        2.19491
4588        4.78182
4588        5.38301
4588        4.39081
4588        3.17133
4588        4.90694
4588         6.1441
4588        1.40282
4588        4.95716
4588        5.15075
4588       0.660578
4588        3.37832
4588        1.76577
4588        4.92987
4588       0.535905
4588        3.06783
4588        4.73958
4588      0.0895519
4588        2.86771
4588        5.21074
4588         5.7784
4588        5.68272
4588        3.51129
4588        2.93988
4588        5.56065
4588        5.84883
4588        5.46369
4588        1.21495
4588        2.82985
4588        3.91368
4588        4.34672
4588        2.21764
4588        5.46766
4588        3.82688
4588        3.03006
4588        2.60606
4588        5.17681
4588        5.47694
4588        1.62761
4588        4.89902
4588         0.9089
4588        3.67761
4588        3.74591
4588        4.31429
4588       0.224493
4588       0.737606
4588        3.05745
4588         5.8716
4588        1.59098
4588       0.523005
4588        3.25325
4588        1.45003
4588        2.60169
4588        1.81052
4588       0.599998
4588        4.88646
4588        4.61841
4588        1.22834
4588        4.53216
4588        2.84993
4588        5.98176
4588        3.17113
4588       0.671646
4588        1.36166
4588        5.10128
4588         2.1642
4588        4.67235
4588        5.90941
4588        1.09035
4588        2.03348
4588        5.98995
4588         5.7304
4588        3.93103
4588        4.01562
4588        4.71492
4588        5.72092
4588        5.70657
4588       0.417882
4588        2.30781
4588        3.32353
4588        3.71043
4588        6.01065
4588        5.49654
4588        3.05768
4588        4.60098
4588          2.846
4588         1.6492
4588        5.82968
4588         5.6669
4588       0.305156
4588        1.22518
4588        5.08406
4588        5.20757
4588        5.26038
4588       0.708626
4588        4.38854
4588        4.17342
4588         2.9122
4588        4.31451
4588        3.21981
4588        3.82803
4588        1.44966
4588        5.62721
4588        1.89689
4588     0.00951403
4588        2.87116
4588        1.77284
4588        4.93591
4588        2.83393
4588        1.42907
4588        2.92201
4588        1.36077
4588        1.49579
4588        2.73127
4588        2.82244
4588        2.76784
4588        2.71094
4588        1.61791
4588        5.89483
4588        5.73676
4588       0.525525
4588        4.44971
4588        5.37652
4588        5.73775
4588        5.79541
4588        5.69574
4588        5.20669
4588        5.92255
4588        5.77014
4588       0.371282
4588        5.21132
4588        3.64511
4588        5.11947
4588        2.09074
4588        3.23117
4588       0.256206
4588        5.69793
4588       0.132289
4588        5.21501
4588        5.29624
4588        4.03647
4588        2.83671
4588        4.77236
4588        3.18004
4588        4.06142
4588        3.35477
4588         2.5191
4588       0.080989
4588         1.6288
4588        1.02244
4588        1.73218
4588         5.7945
4588        0.44558
4588        4.69326
4588        1.49594
4588        3.04399
4588        3.35505
4588        2.76019
4588        5.35299
4588        5.42997
4588        2.24824
4588        5.81773
4588        2.88079
4588        2.86981
4588         4.8944
4588       0.822889
4588      0.0899629
4588        5.75477
4588        2.27367
4588       0.521884
4588        4.35091
4588       0.501048
4588        5.47834
4588        1.48992
4588        5.18118
4588        3.02931
4588        5.39204
4588        5.75311
4588        2.47728
4588        5.36021
4588        2.02683
4588        3.86052
4588        5.58377
4588        4.92852
4588        2.09396
4588        4.24601
4588        4.48219
4588        4.98704
4588        5.17889
4588        5.42726
4588      0.0480343
4588         2.0061
4588        4.67911
4588        1.92333
4588        2.94179
4588        2.80098
4588        5.90233
4588        5.13919
4588      0.0280078
4588        5.26462
4588        5.81892
4588      0.0247101
4588         2.3054
4588        5.09739
4588        2.22413
4588         3.8595
4588        5.07274
4588        1.89744
4588        3.05691
4588        2.57119
4588        2.74739
4588        2.49149
4588        2.14206
4588        4.94861
4588        4.47936
4588       0.972727
4588        3.85088
4588        6.18493
4588        5.14451
4588        4.84683
4588        1.85158
4588        2.75941
4588        5.89049
4588        1.79641
4588        5.73635
4588        1.21981
4588        2.06135
4588        5.01483
4588        1.12834
4588        4.20939
4588        5.47127
4588        3.46363
4588        6.03815
4588         2.4016
4588        1.27263
4588        2.98552
4588       0.183626
4588        5.46511
4588         2.3086
4588        2.08208
4588        4.10919
4588        4.32028
4588        6.00335
4588        2.96252
4588         1.2342
4588        5.87183
4588        5.58995
4588        3.75929
4588        1.86323
4588        2.05701
4588        4.58921
4588        2.77489
4588        4.95966
4588        4.09524
4588        2.13273
4588         2.7312
4588        2.38231
4588         1.9486
4588        4.32078
4588        2.49513
4588        4.90372
4588        2.15061
4588         5.8747
4588        2.18202
4588        2.87827
4588       0.649123
4588        1.57249
4588       0.350197
4588        2.71002
4588        5.53259
4588        3.21733
4588        3.98091
4588        4.52185
4588        5.31323
4588        4.70698
4588        3.92217
4588        3.88466
4588        2.60564
4588      0.0752574
4588        4.68238
4588        5.83214
4588        2.30242
4588       0.906284
4588        6.08296
4588        3.17375
4588        3.36189
4588        3.12264
4588        3.37544
4588        2.39926
4588         1.7981
4588          2.481
4588        3.00425
4588        3.96326
4588        3.23811
4588        3.66327
4588        5.25665
4588        4.53668
4588        1.96261
4588        3.13673
4588       0.211299
4588        2.90813
4588        4.33243
4588       0.490254
4588        3.15255
4588       0.584547
4588        2.56366
4588        4.36177
4588        1.40409
4588        2.32104
4588        4.68409
4588      0.0161453
4588        4.95793
4588        5.50956
4588        2.53544
4588          3.637
4588        1.22337
4588        5.75942
4588        2.16914
4588        5.01002
4588        4.28608
4588       0.941087
4588        3.19449
4588        5.97094
4588        5.18513
4588        5.72462
4588        2.77537
4588        2.08886
4588        4.06814
4588        4.85302
4588        6.11708
4588        3.08154
4588        2.99345
4588         6.2281
4588        6.12088
4588        3.37827
4588       0.943109
4588        1.75959
4588        2.39388
4588        4.54983
4588        2.51635
4588         2.1138
4588         3.3976
4588        5.46965
4588        0.54816
4588        4.58382
4588        5.91425
4588        0.33672
4588        3.64869
4588        2.57324
4588       0.222322
4588        1.51293
4588        4.01083
4588        6.20833
4588        5.16031
4588       0.247324
4588        4.12045
4588        1.77402
4588        5.09238
4588        2.45635
4588        5.83871
4588        2.46472
4588        2.33869
4588        3.82447
4588        1.60282
4588         3.1861
4588        6.24869
4588        5.06008
4588         2.2974
4588        5.81292
4588        3.62349
4588         5.4697
4588        1.20348
4588        4.21996
4588       0.127876
4588        4.34042
4588        4.04595
4588        2.96918
4588        1.08143
4588       0.582028
4588       0.681362
4588         6.0283
4588        1.72382
4588        2.70662
4588        2.25985
4588        5.66876
4588       0.308099
4588       0.458094
4588        2.11358
4588        6.17845
4588        1.05341
4588        1.55543
4588        1.39129
4588        5.43026
4588        3.28543
4588        1.86662
4588        2.78624
4588        2.03013
4588       0.899092
4588        4.56239
4588        1.74608
4588        4.61063
4588        2.59292
4588        1.64969
4588       0.300238
4588        3.48623
4588        1.16736
4588        5.45427
4588        3.23493
4588       0.539654
4588        2.09313
4588        1.63186
4588        2.96205
4588        1.15244
4588        1.39498
4588        1.38633
4588        5.18488
4588        4.71694
4588        1.81611
4588        1.92283
4588        3.47745
4588        1.16271
4588         5.8874
4588       0.472566
4588        2.28515
4588        5.06351
4588        4.70482
4588        4.46127
4588         5.0248
4588        6.21806
4588        6.05567
4588        4.83021
4588       0.985679
4588        2.05727
4588        1.70195
4588        2.55291
4588        3.66836
4588        2.23243
4588        2.93766
4588        4.02252
4588        4.04131
4588        5.53966
4588        2.55582
4588        5.59325
4588         3.4615
4588        3.19065
4588        1.84975
4588        6.08633
4588        6.05098
4588        2.90081
4588        3.67046
4588         3.1587
4588        3.62061
4588       0.585363
4588        5.76402
4588       0.819386
4588       0.835162
4588        3.44523
4588        4.85296
4588        5.14722
4588         3.6493
4588        2.61649
4588        5.19762
4588        2.52038
4588        2.47771
4588      0.0511065
4588        2.52998
4588        4.88031
4588         1.3954
4588        3.03307
4588         1.1327
4588       0.513718
4588       0.621455
4588       0.371063
4588        1.33129
4588        6.02119
4588        5.92359
4588        2.56257
4588        5.80997
4588        6.10249
4588         1.7396
4588      0.0590799
4588        2.73037
4588        4.72955
4588       0.045613
4588        4.85064
4588        1.46115
4588        1.97653
4588        2.26347
4588        6.24756
4588        2.00451
4588        3.05933
4588        1.70567
4588        5.40887
4588       0.392211
4588        4.76436
4588        5.27124
4588       0.209182
4588        1.69763
4588        3.48526
4588        1.63413
4588        4.99178
4588        4.88964
4588        2.28517
4588        3.41351
4588        1.66757
4588        2.60482
4588        3.23217
4588        6.09486
4588        5.00692
4588        6.13756
4588        6.27604
4588        5.86804
4588        1.86435
4588        2.06033
4588        3.58519
4588        1.33811
4588        2.96636
4588        1.61649
4588        3.70046
4588        5.34905
4588        2.94838
4588       0.294635
4588        5.88066
4588        5.48832
4588         1.3231
4588        1.22147
4588        1.48861
4588        4.92824
4588        5.95965
4588        2.30106
4588        2.99796
4588       0.531322
4588        1.03711
4588        2.32065
4588        5.19728
4588        3.18955
4588         3.2314
4588        5.82982
4588        2.71533
4588        2.35494
4588       0.208698
4588        1.06964
4588       0.849793
4588        2.42938
4588        3.32331
4588        4.41537
4588       0.487579
4588        2.32307
4588        6.24446
4588        5.39896
4588         5.5683
4588       0.125872
4588         2.2169
4588         5.0856
4588        2.32442
4588       0.557526
4588       0.299879
4588        3.48803
4588        5.60987
4588        1.08943
4588        1.71285
4588        6.05897
4588        2.93976
4588        2.45509
4588        2.89014
4588       0.588265
4588        1.18492
4588        5.34082
4588        5.66254
4588        6.01746
4588       0.856604
4588        3.49678
4588        2.15817
4588        1.84289
4588        4.67535
4588        2.43931
4588        2.02915
4588        3.92034
4588        4.92518
4588        4.97351
4588        5.43443
4588        2.81462
4588        5.55339
4588        3.40221
4588        5.09453
4588        0.95988
4588        3.84847
4588      0.0786927
4588        5.27645
4588        4.29642
4588        1.82836
4588        2.70219
4588        2.08383
4588        3.90164
4588        1.40042
4588        2.90778
4588        2.08831
4588        6.15246
4588         4.3922
4588        4.67667
4588        2.22176
4588        3.28101
4588        1.26702
4588        2.75719
4588      0.0160341
4588        1.98448
4588        3.70978
4588        5.45124
4588        2.65937
4588         4.5585
4588       0.195782
4588        2.44516
4588        2.10865
4588        1.70027
4588        1.92374
4588        4.73774
4588          1.538
4588        1.38594
4588        5.34748
4588        5.54459
4588        4.89709
4588        5.77606
4588        2.35051
4588        3.28873
4588        4.55626
4588        2.74666
4588        5.57418
4588        6.25121
4588        6.08185
4588        2.21136
4588       0.420725
4588        2.58075
4588         4.7776
4588       0.890177
4588        5.77905
4588        5.31341
4588        4.06496
4588        3.09716
4588        4.16804
4588        1.04381
4588        4.66959
4588        5.26608
4588        2.57886
4588        5.89032
4588        1.34902
4588        4.17961
4588        5.31988
4588       0.183721
4588        2.69834
4588        2.65561
4588        2.01686
4588        2.95368
4588        1.32549
4588        5.56421
4588       0.144116
4588        2.73779
4588        4.71282
4588        4.63098
4588       0.676419
4588        5.40658
4588        6.09345
4588        5.52141
4588        5.29556
4588        3.56053
4588        5.17302
4588        2.56917
4588        1.00772
4588        4.73985
4588        4.63219
4588        5.12895
4588        5.39021
4588        2.82086
4588        4.29571
4588        4.97198
4588        4.62978
4588        1.45898
4588        6.00924
4588        3.31524
4588        3.63101
4588        4.48365
4588        1.89574
4588       0.534699
4588       0.740013
4588       0.474311
4588          4.613
4588        2.91476
4588        2.07657
4588        3.60466
4588         5.2754
4588        2.80198
4588        2.27421
4588        6.07273
4588        5.79567
4588        2.50497
4588        5.71307
4588        2.56167
4588        5.95024
4588        3.40729
4588        2.67696
4588         2.3782
4588        2.07645
4588       0.887401
4588        1.54371
4588        1.38712
4588        6.09737
4588        5.03743
4588        2.69741
4588        5.89158
4588        5.28485
4588        5.66773
4588        5.24348
4588           5.69
4588        1.86486
4588        4.21156
4588        2.71253
4588        2.19158
4588        4.56305
4588         2.8633
4588        3.59782
4588        2.48002
4588         2.6708
4588          5.618
4588        4.58403
4588        2.21442
4588        4.62285
4588        5.73527
4588        2.31429
4588        2.24215
4588      0.0685327
4588        5.50598
4588       0.688497
4588       0.571502
4588        5.78864
4588        2.05381
4588        1.29125
4588        1.42842
4588        1.19433
4588        4.21894
4588        4.18296
4588        6.12664
4588        3.77545
4588        5.84141
4588        3.94944
4588        1.91392
4588        2.58947
4588       0.973496
4588       0.771314
4588        5.01198
4588        4.97183
4588        4.65268
4588        1.57764
4588        2.13728
4588        3.87576
4588        0.69579
4588        2.61185
4588        6.07294
4588        6.25371
4588         5.0584
4588        3.00075
4588        4.31992
4588        5.22149
4588        3.09402
4588       0.410889
4588        4.80576
4588        4.80846
4588        4.39328
4588        4.90777
4588        3.30294
4588        2.94107
4588        4.66557
4588        1.47026
4588        2.28148
4588        5.85653
4588        5.48264
4588        2.08894
4588        1.97767
4588        4.94133
4588        2.67948
4588        3.23211
4588        5.38715
4588        5.90588
4588        2.80687
4588        3.93069
4588        5.98756
4588        5.32274
4588        5.18792
4588       0.447068
4588        2.38353
4588        6.09492
4588        4.41729
4588        3.50309
4588        5.46154
4588        2.85832
4588        4.61119
4588        2.09461
4588       0.614779
4588       0.373894
4588        5.94652
4588         5.5416
4588        5.21216
4588        5.07163
4588        5.33266
4588         1.6044
4588          2.987
4588       0.623877
4588        1.59767
4588        4.08555
4588        2.80433
4588        1.06162
4588        6.18108
4588        2.40493
4588        4.00658
4588        3.00666
4588        2.94524
4588        5.81484
4588        4.14111
4588        2.02338
4588        3.92007
4588        5.40681
4588        6.16128
4588        2.70493
4588        5.20809
4588        3.68434
4588        5.32614
4588        4.87985
4588      0.0297503
4588        2.30006
4588        5.03035
4588        4.57854
4588        5.89334
4588        2.27133
4588        5.17775
4588        4.72238
4588        5.71497
4588        3.06242
4588       0.246383
4588        3.14906
4588         1.7594
4588         3.2059
4588        4.17562
4588        2.29758
4588       0.410805
4588        1.93157
4588        3.02833
4588        3.42884
4588        2.21165
4588        5.96809
4588        5.85782
4588        1.42379
4588        5.81428
4588       0.650959
4588        2.06153
4588        5.28282
4588       0.270132
4588        4.92365
4588        5.09066
4588        3.16793
4588        5.49629
4588        1.93552
4588        2.07325
4588        3.30033
4588       0.470534
4588       0.361579
4588         5.6571
4588         5.7143
4588        3.72183
4588       0.268709
4588        3.02958
4588        2.65613
4588      0.0444781
4588        2.35101
4588        5.53891
4588        4.01966
4588        2.04976
4588        4.42094
4588        4.08544
4588        2.70363
4588        1.28557
4588        5.60497
4588        3.29697
4588        3.47753
4588       0.140956
4588        4.93332
4588        1.08548
4588       0.318123
4588        4.92408
4588        4.73041
4588        2.39221
4588        4.19831
4588         4.8435
4588        6.27623
4588       0.691334
4588        5.28621
4588         2.6959
4588       0.615929
4588        4.48161
4588         5.7806
4588        5.24663
4588        1.21932
4588        2.83979
4588        2.06324
4588       0.134478
4588        1.87836
4588        2.76663
4588        5.82326
4588        2.79585
4588        4.98017
4588        2.66287
4588        4.90326
4588        2.44727
4588        3.33965
4588        2.27604
4588         1.4436
4588        1.33414
4588        3.36388
4588       0.120063
4588        5.20412
4588        2.54875
4588        5.52551
4588        5.41292
4588        2.50865
4588        2.75575
4588        2.36406
4588        2.98581
4588        2.14987
4588        4.81005
4588        2.48649
4588        3.10782
4588       0.812081
4588        6.00746
4588        1.79647
4588        3.32716
4588        3.03616
4588       0.179345
4588        2.91145
4588       0.898189
4588        3.22481
4588        5.35248
4588         4.3509
4588        4.11333
4588        1.67449
4588         1.2396
4588        2.71568
4588        1.27848
4588        5.74677
4588        5.87694
4588        4.28878
4588        2.64335
4588        4.04374
4588        3.71098
4588      0.0449107
4588       0.217533
4588        2.39115
4588        5.99908
4588        3.21627
4588       0.550074
4588       0.353947
4588       0.356368
4588        2.47588
4588        5.15649
4588        3.54812
4588        2.86835
4588        4.82358
4588        4.00935
4588        4.40126
4588        1.50006
4588        2.78679
4588        3.17284
4588        0.97377
4588      0.0416773
4588        5.04398
4588        3.04561
4588        4.53188
4588        2.83189
4588        3.67188
4588         5.1314
4588        5.23124
4588       0.424304
4588         5.4174
4588        3.30796
4588        3.46139
4588       0.808184
4588        3.42301
4588        3.51066
4588        2.44273
4588       0.117102
4588        2.65306
4588        5.25939
4588       0.526936
4588        2.35278
4588       0.883837
4588        5.13052
4588        4.54362
4588        3.89485
4588         3.5315
4588        2.55694
4588        3.14834
4588        5.22576
4588        1.68972
4588         3.4032
4588       0.703689
4588        1.34479
4588        1.45158
4588        4.92627
4588        4.68689
4588       0.301625
4588        5.06758
4588       0.662595
4588        4.84437
4588        1.07014
4588        3.01593
4588        1.97866
4588        2.21118
4588        2.90752
4588        5.80852
4588         1.2195
4588       0.222758
4588        3.87572
4588        5.58462
4588        3.72368
4588         1.0628
4588        3.73737
4588         4.5582
4588        3.57645
4588        5.86439
4588      0.0407904
4588        5.16522
4588        1.00312
4588        2.80145
4588        2.42451
4588        4.99974
4588       0.242886
4588          6.224
4588        3.05252
4588       0.413504
4588       0.452673
4588        2.73538
4588        1.36907
4588      0.0144779
4588        3.59304
4588       0.358409
4588        3.81793
4588        2.84127
4588        2.11174
4588        3.06115
4588        5.24469
4588        2.29984
4588        4.70359
4588        5.95829
4588        2.68859
4588        1.93663
4588        2.39318
4588        6.10935
4588       0.115141
4588        2.90952
4588        3.41305
4588        3.22561
4588         2.3671
4588        5.91959
4588        4.67141
4588        5.53392
4588         6.1688
4588        5.19114
4588        1.69581
4588        2.45783
4588        5.45744
4588        4.77959
4588        4.25537
4588        3.44656
4588        3.08102
4588        2.55295
4588        5.07933
4588        4.64172
4588       0.400924
4588        1.28622
4588        2.16248
4588        1.81437
4588        2.84543
4588        2.87896
4588        2.73169
4588        6.20806
4588        5.70006
4588        3.44773
4588        2.22753
4588        6.15792
4588        1.45944
4588        3.13941
4588        4.81141
4588        5.37149
4588        5.78913
4588        1.81138
4588        2.48575
4588        1.98796
4588        1.11677
4588         2.7459
4588       0.663983
4588        1.81792
4588        1.00036
4588        4.83976
4588        4.06709
4588        5.85238
4588        1.08816
4588        2.62674
4588        2.22848
4588        2.37179
4588       0.167927
4588         2.7022
4588        4.87419
4588        5.58736
4588        4.40712
4588        1.37297
4588       0.340176
4588       0.239581
4588       0.481771
4588        1.09396
4588       0.417233
4588        2.07214
4588        2.91522
4588        2.87266
4588        6.10234
4588        5.64629
4588        1.16975
4588        1.86994
4588        5.98832
4588        3.87858
4588        5.29937
4588        3.10296
4588       0.333287
4588        2.66302
4588        4.87754
4588         2.6666
4588     0.00127773
4588        1.04665
4588        1.99006
4588        5.01677
4588       0.270817
4588        6.16388
4588        6.28082
4588        3.41014
4588        2.03728
4588        5.43044
4588         2.5543
4588        2.15655
4588        5.93026
4588        3.92188
4588        3.71966
4588        3.00486
4588        3.31654
4588        5.93179
4588        4.65801
4588       0.705935
4588         3.9227
4588        5.99738
4588       0.810979
4588        5.12594
4588        3.25285
4588        5.74471
4588        2.17241
4588        5.35977
4588        2.89269
4588        5.82882
4588        2.74655
4588         5.4945
4588       0.815247
4588        6.16452
4588        1.68756
4588       0.248483
4588        6.05792
4588       0.615291
4588        5.93788
4588        2.30979
4588        2.74151
4588        1.74463
4588       0.171681
4588         2.1502
4588        6.12752
4588         4.3095
4588        6.17532
4588        4.59978
4588         3.2056
4588        5.81033
4588        3.37367
4588        5.26881
4588        0.25842
4588        1.79685
4588        2.03634
4588    0.000928369
4588        2.76576
4588        2.63947
4588        4.90443
4588        3.95302
4588        5.13718
4588        2.83297
4588        3.10546
4588        3.15904
4588        5.56329
4588       0.555817
4588        5.16087
4588        1.71113
4588        2.22881
4588        2.64222
4588         2.2121
4588        2.69962
4588        5.96708
4588        1.79998
4588        4.52024
4588        5.38527
4588        3.09956
4588          4.613
4588         5.8802
4588        2.54346
4588        2.59155
4588        1.80411
4588         6.0428
4588        2.74235
4588        4.03791
4588        4.27362
4588        2.41583
4588        2.09417
4588        5.86382
4588       0.741788
4588        3.13413
4588       0.393809
4588        2.66269
4588        2.60109
4588        3.07365
4588        5.72458
4588        5.38179
4588        6.01614
4588        2.57882
4588        4.62693
4588        2.93273
4588        4.03279
4588        0.88648
4588        5.12157
4588        1.75596
4588        2.05994
4588        3.53967
4588       0.147977
4588        6.21476
4588        6.02165
4588         2.9232
4588        5.84549
4588        3.54535
4588        5.86605
4588        2.96839
4588        3.12383
4588        2.35305
4588        4.33567
4588        2.63571
4588        4.70356
4588        3.92227
4588       0.146992
4588       0.181244
4588        2.33375
4588        2.80003
4588       0.770684
4588        3.44816
4588        1.58504
4588        1.26863
4588        2.99728
4588        1.11864
4588         3.4325
4588       0.011557
4588        6.21554
4588        2.40648
4588        3.26514
4588        4.06471
4588        2.14391
4588         5.9563
4588        2.50867
4588        2.70397
4588        2.03542
4588        5.69803
4588          3.346
4588        5.93831
4588        5.81922
4588        4.23697
4588        1.92858
4588        4.14262
4588        5.95903
4588        6.19558
4588        5.51834
4588        1.78496
4588        3.04036
4588        5.16298
4588        3.75721
4588        4.89037
4588        2.23504
4588        2.44584
4588        1.87779
4588        3.85745
4588        2.54416
4588       0.379848
4588       0.123212
4588        5.45819
4588        1.43205
4588        4.97081
4588        3.44034
4588        4.93881
4588         2.6241
4588        3.76683
4588        1.32733
4588        5.45385
4588        4.09887
4588         2.6731
4588        3.38727
4588        3.55118
4588       0.584494
4588        2.56062
4588        4.29924
4588        4.87938
4588        3.46301
4588         0.1701
4588       0.731591
4588        6.26168
4588        2.48106
4588        2.89146
4588        5.74449
4588        5.99275
4588        4.84103
4588        6.24373
4588        1.41901
4588        5.08239
4588        5.64124
4588        1.56149
4588        4.00291
4588        5.06661
4588       0.892176
4588        3.58165
4588        1.19304
4588        1.90231
4588       0.594735
4588        5.68246
4588        1.30146
4588        1.65287
4588        3.62737
4588        5.57325
4588        2.18768
4588        5.64752
4588        1.55265
4588        3.40057
4588        1.04601
4588        1.30057
4588        5.78205
4588          3.384
4588        6.09835
4588        1.88003
4588        1.77777
4588       0.315026
4588        4.16969
4588       0.712706
4588        4.93858
4588       0.106687
4588        6.11991
4588         2.4634
4588        1.71967
4588        6.27597
4588        2.47305
4588       0.365945
4588         3.8895
4588         1.3739
4588        2.50048
4588        5.16343
4588         2.4482
4588        1.30538
4588       0.732125
4588        1.75828
4588        1.67103
4588        5.74859
4588        3.55264
4588        4.90481
4588        2.44958
4588        2.58228
4588        2.06886
4588        4.70716
4588        6.12451
4588        4.85213
4588        3.92776
4588        2.67877
4588         2.7972
4588        6.13039
4588        5.76891
4588         3.7068
4588        2.31876
4588        4.82979
4588        1.28477
4588       0.132339
4588        1.89317
4588        4.97751
4588        2.16985
4588         6.0776
4588        2.89332
4588         4.3833
4588        5.45879
4588        1.09314
4588       0.101418
4588        5.17853
4588         5.9567
4588        5.05763
4588        5.83863
4588        5.81215
4588        1.86932
4588          2.523
4588         4.8069
4588        1.37556
4588        4.80487
4588        2.05437
4588        3.67451
4588        2.95755
4588         4.2257
4588        1.67645
4588        4.47827
4588        4.04897
4588        5.66867
4588       0.982642
4588         5.3338
4588        5.42411
4588        1.95025
4588         2.5671
4588        5.56834
4588        2.94742
4588        6.07288
4588         3.7482
4588        5.42398
4588        1.67324
4588        5.11704
4588        4.88402
4588        5.19466
4588        5.41749
4588        4.45885
4588        5.89922
4588        1.06735
4588       0.438063
4588        3.11165
4588        4.78199
4588        2.89557
4588        4.05075
4588        4.91827
4588       0.809635
4588        5.46344
4588        6.15031
4588        2.08605
4588       0.367155
4588        5.32878
4588        1.11051
4588        5.27224
4588          3.099
4588        4.85424
4588        2.10917
4588        3.88647
4588        3.81757
4588        2.65001
4588        5.24484
4588        4.61847
4588        4.91493
4588        3.86913
4588      0.0385872
4588        6.04904
4588         2.7151
4588       0.492775
4588         0.2152
4588       0.520398
4588        4.67656
4588        5.53675
4588        3.51189
4588        1.81346
4588        2.15282
4588        1.52991
4588        3.42532
4588        4.57595
4588        4.41363
4588        3.05442
4588      0.0648406
4588        5.87354
4588        4.78438
4588       0.737138
4588        3.39888
4588        5.70256
4588        2.52426
4588        1.59743
4588        0.66438
4588        2.29099
4588        3.01292
4588         5.1305
4588        2.07182
4588        3.94908
4588        6.26204
4588        3.25484
4588        4.06815
4588         2.3229
4588        5.47231
4588         1.3909
4588        3.54201
4588        5.99236
4588        1.99302
4588        1.18368
4588        4.82238
4588        4.20028
4588       0.595216
4588        5.66322
4588        3.73605
4588        2.27303
4588        1.87771
4588        0.64036
4588       0.580657
4588       0.617892
4588        3.91805
4588        4.94332
4588        5.26576
4588        2.76154
4588        3.37339
4588        4.46578
4588        4.77658
4588        2.83209
4588        5.34365
4588        3.08937
4588        2.08184
4588        4.63091
4588        1.87932
4588         1.3272
4588       0.777808
4588         5.2633
4588        4.01018
4588        5.35517
4588        2.96014
4588        4.98806
4588        1.34369
4588        5.25171
4588        1.85766
4588        6.03565
4588        3.18917
4588        2.52666
4588       0.961773
4588        4.93656
4588        4.20088
4588        4.78426
4588        4.66817
4588        1.66246
4588        5.55754
4588        4.27694
4588         2.1461
4588       0.838474
4588        4.53841
4588        5.96842
4588        2.73602
4588        3.25879
4588         4.0604
4588        1.71377
4588        3.43126
4588        5.28986
4588          6.134
4588        3.63598
4588      0.0864542
4588        3.80066
4588        5.14102
4588         4.9495
4588        3.53905
4588        1.99079
4588        5.78604
4588        3.36303
4588        5.27648
4588         3.0694
4588        1.00025
4588        1.32631
4588      0.0302461
4588        1.94223
4588        2.37225
4588        4.16284
4588        2.96483
4588       0.767248
4588        2.13471
4588        3.14091
4588        5.47823
4588        2.24727
4588        6.02085
4588       0.432036
4588      0.0637343
4588        2.52325
4588        5.33162
4588        1.89864
4588        1.86069
4588        6.03778
4588        1.75807
4588        2.77531
4588        6.22542
4588        1.36187
4588         5.3232
4588       0.738195
4588        3.30675
4588        4.80511
4588        3.82982
4588        1.47167
4588        5.49009
4588        2.10594
4588        2.34301
4588         4.8105
4588        3.23163
4588         6.2818
4588        2.57554
4588        6.22303
4588         4.9276
4588        2.39731
4588       0.960217
4588        6.00872
4588        4.76326
4588        4.54991
4588        5.53732
4588        4.93344
4588        5.55252
4588        6.25937
4588        1.80928
4588        1.87849
4588        1.80174
4588        3.53432
4588        3.02438
4588         3.1343
4588        5.26724
4588        5.95666
4588        4.48047
4588        2.37565
4588        6.11321
4588       0.624614
4588        2.84635
4588        1.96364
4588        4.36379
4588          5.727
4588        3.04541
4588         2.6436
4588        3.24384
4588        1.84663
4588        2.07421
4588        5.01534
4588        4.40511
4588         3.3048
4588        5.11179
4588        1.73342
4588        2.43862
4588        5.54979
4588        5.63176
4588        1.73904
4588        2.93344
4588        5.22415
4588        4.53068
4588        1.84197
4588        2.74541
4588        5.28365
4588        2.30987
4588        2.48621
4588        5.29284
4588        3.00965
4588        4.11238
4588       0.279259
4588        5.40112
4588        4.75458
4588       0.939912
4588        4.83586
4588        1.39975
4588        6.04348
4588        2.89279
4588        6.22428
4588        3.46894
4588        1.64826
4588        4.72092
4588       0.437727
4588        4.21562
4588       0.200855
4588        2.35047
4588        3.75447
4588        3.35308
4588        4.45751
4588        1.56858
4588        5.89005
4588        6.24301
4588        1.94972
4588        1.05668
4588        5.55243
4588        3.68729
4588         2.4393
4588        5.96517
4588        2.34331
4588        4.83248
4588        2.86133
4588        5.30319
4588       0.858105
4588        0.34634
4588        1.29583
4588        1.21625
4588        3.73564
4588        5.77855
4588        6.27301
4588        5.90907
4588        4.35317
4588       0.569588
4588         4.6835
4588        2.36612
4588        5.51157
4588        2.57519
4588       0.639772
4588        1.56587
4588         3.6385
4588      0.0822543
4588        2.66193
4588       0.368374
4588       0.115673
4588       0.509515
4588        5.33337
4588      0.0278694
4588        4.84276
4588        2.10118
4588         6.0653
4588        0.82179
4588        2.54178
4588        0.55024
4588       0.546454
4588        2.05544
4588        2.88792
4588        5.36426
4588        3.39195
4588        4.84982
4588        5.17349
4588        2.32128
4588        3.55544
4588        2.52175
4588        4.57448
4588        4.85251
4588        3.50418
4588        2.47168
4588        1.39958
4588        4.56765
4588        5.62977
4588        6.17456
4588        2.23707
4588        4.57401
4588        1.63487
4588       0.292679
4588        5.17185
4588        3.00399
4588         2.4743
4588        4.27755
4588        4.10624
4588        4.61199
4588        2.26663
4588         5.6894
4588        5.32189
4588        4.81962
4588        3.11836
4588       0.087711
4588        1.80146
4588          3.751
4588        3.63738
4588        2.88375
4588       0.298301
4588        1.09587
4588         6.1616
4588        2.39849
4588        3.07842
4588       0.357232
4588         2.2227
4588        4.66003
4588        2.55446
4588        2.95035
4588        3.49644
4588        2.62175
4588      0.0295499
4588         5.6925
4588       0.591843
4588        2.02221
4588        3.80139
4588        3.20518
4588        4.10818
4588       0.489221
4588        2.35339
4588        5.27452
4588        4.61999
4588        1.57562
4588        2.92395
4588        3.73199
4588        3.37456
4588        5.11787
4588        3.60888
4588        5.39912
4588        3.85188
4588        4.17791
4588        5.93735
4588        5.67762
4588        2.05929
4588        3.23698
4588        5.14081
4588       0.897443
4588        1.84779
4588        6.27583
4588         4.9418
4588        1.22429
4588        1.11119
4588        5.54128
4588        3.87502
4588        4.78104
4588        3.53042
4588        6.09193
4588        1.34049
4588        5.71509
4588        4.03336
4588         5.2601
4588        4.28732
4588        3.43775
4588         5.8154
4588         4.7185
4588        2.68452
4588         2.1624
4588        6.16729
4588       0.110841
4588        3.47902
4588        1.22188
4588        1.94141
4588       0.212685
4588        3.13405
4588        5.46101
4588        2.97218
4588        2.04681
4588        1.78621
4588       0.799028
4588         2.2542
4588        3.23767
4588        4.08265
4588       0.708012
4588        2.25428
4588         6.2797
4588        1.74075
4588         3.6382
4588         2.9294
4588        2.52219
4588        5.56978
4588        6.17363
4588        1.77992
4588        3.72779
4588         1.9788
4588        6.04439
4588        3.25412
4588         3.0633
4588        3.03917
4588        2.03707
4588        1.90083
4588        1.94019
4588      0.0326558
4588        2.83455
4588        5.65871
4588        2.68532
4588        2.91147
4588        5.26419
4588        5.54876
4588        5.95134
4588        2.16107
4588        4.61259
4588        5.67364
4588        1.03947
4588        4.28783
4588        1.77207
4588        5.63157
4588        1.56501
4588        5.31659
4588     0.00533046
4588        4.24028
4588        2.58805
4588        5.70958
4588        2.67058
4588        2.70301
4588       0.317551
4588         1.2829
4588        3.18715
4588        2.60523
4588        2.26643
4588        4.15725
4588        2.20939
4588        3.61544
4588       0.958231
4588        5.09577
4588       0.408082
4588        5.91525
4588        5.54579
4588        2.52717
4588        1.63899
4588       0.707728
4588        5.74645
4588        5.72763
4588        3.75693
4588        1.63334
4588        6.20531
4588        2.34074
4588        5.66674
4588        3.50252
4588        3.17823
4588         5.8575
4588        1.61501
4588        3.12916
4588       0.186972
4588       0.466635
4588        5.41736
4588        1.93968
4588        4.05738
4588        4.11728
4588        4.35792
4588        5.62918
4588        3.89345
4588       0.207116
4588        3.75584
4588        4.93245
4588        3.28109
4588        2.30842
4588         1.5645
4588        2.29855
4588        5.33378
4588        6.08816
4588        3.12692
4588        5.60727
4588        4.59956
4588       0.539766
4588        3.63192
4588        2.62197
4588        2.75015
4588         2.7453
4588        2.92251
4588        2.58014
4588        3.19924
4588        6.09826
4588        1.29127
4588        5.08158
4588        3.14303
4588       0.272482
4588        6.03148
4588        2.37573
4588        3.60484
4588        2.59542
4588        6.20393
4588        5.76679
4588        2.29464
4588       0.940179
4588         3.7008
4588        5.72569
4588         5.9482
4588        1.70789
4588        2.19794
4588         2.0711
4588         3.8169
4588        4.06263
4588        4.49681
4588        6.08772
4588        2.25757
4588        5.14038
4588        4.20389
4588         4.5725
4588        5.79577
4588        6.01902
4588       0.625749
4588       0.770721
4588        4.05652
4588        2.78947
4588        2.28915
4588        5.41264
4588        2.22257
4588        3.63577
4588        1.76943
4588        3.30943
4588       0.031628
4588        2.27292
4588        5.67732
4588      0.0794604
4588        2.63729
4588        2.26391
4588        5.21539
4588        5.73472
4588        3.10182
4588        5.47214
4588        2.92653
4588        2.12404
4588        2.50051
4588       0.577187
4588        4.47632
4588        5.01834
4588        3.45423
4588        5.26897
4588       0.176258
4588        3.34174
4588       0.692903
4588        5.26318
4588        5.35475
4588        5.61026
4588        2.00317
4588        6.16026
4588        4.54935
4588        4.55892
4588        5.68634
4588        2.38311
4588        0.84372
4588        3.38856
4588        4.16274
4588        2.20443
4588        4.85198
4588         1.8008
4588        3.22726
4588        4.95489
4588        1.17539
4588       0.118089
4588        4.84804
4588       0.859889
4588        2.48415
4588        4.24227
4588        5.16326
4588         1.8614
4588        2.98876
4588       0.508742
4588        2.16055
4588        2.34816
4588       0.046445
4588        6.25539
4588        2.85367
4588        1.69139
4588        1.76641
4588        6.05412
4588       0.562581
4588        5.77275
4588        0.58627
4588        1.68741
4588        4.63178
4588        2.64123
4588        4.51521
4588        2.37715
4588        5.65581
4588        5.51378
4588         5.6772
4588        2.79465
4588        4.52331
4588        5.07476
4588        4.03495
4588        5.33773
4588       0.647023
4588        4.75851
4588        4.29967
4588        6.17453
4588         2.0794
4588        1.89027
4588        6.06137
4588        5.93685
4588        3.76933
4588        3.82026
4588        2.55087
4588        4.11531
4588        3.16969
4588        1.52028
4588        2.79462
4588         6.2605
4588        6.02711
4588        2.75651
4588        5.70703
4588       0.582013
4588       0.967096
4588        1.81773
4588       0.198832
4588        5.22166
4588      0.0350609
4588        1.78992
4588        1.65155
4588       0.275539
4588        5.63913
4588        2.46894
4588        3.16734
4588         2.4907
4588       0.699162
4588        5.84614
4588        3.47534
4588        1.98566
4588        3.23539
4588        2.05644
4588        1.23467
4588        6.17909
4588        3.80262
4588        5.12135
4588        3.03008
4588        3.78204
4588        1.11961
4588        3.06517
4588        6.06695
4588        6.06865
4588        1.84132
4588        4.75809
4588        1.85692
4588        1.50686
4588        4.95199
4588        5.93896
4588        2.26114
4588        4.43276
4588         0.4969
4588        2.87172
4588        1.25127
4588        2.51969
4588        3.11392
4588        5.88944
4588        4.89698
4588        5.91522
4588         2.9342
4588        2.67925
4588        6.02627
4588        2.18722
4588        1.10782
4588        1.28248
4588        6.01066
4588        5.19027
