4929        5.53646
4929        1.60385
4929        3.46764
4929        5.30518
4929        3.01931
4929        1.11573
4929        2.55933
4929        1.80219
4929        3.82287
4929        2.43609
4929         3.2407
4929        4.41857
4929        1.46791
4929        1.81924
4929        3.91872
4929        2.64398
4929       0.567122
4929        2.34551
4929        2.32484
4929        4.66899
4929        4.57385
4929           4.88
4929        3.72381
4929        1.32611
4929        1.31276
4929        1.98418
4929        2.32755
4929        1.86013
4929        2.99352
4929        5.06202
4929        4.57831
4929        4.98352
4929        1.00431
4929        1.25762
4929        1.35361
4929        2.65613
4929        4.13677
4929        4.29958
4929        5.54578
4929        5.91212
4929         2.8511
4929        4.87218
4929        5.70574
4929        6.16651
4929         2.8316
4929        1.40554
4929        2.00168
4929        4.70395
4929        5.08042
4929        1.46687
4929        4.87961
4929      0.0631297
4929        5.27423
4929        4.65057
4929        2.37315
4929        5.78929
4929        3.86889
4929        4.78304
4929        5.74963
4929        2.01447
4929        2.73037
4929        3.01344
4929         1.4767
4929        2.89684
4929        3.91586
4929        5.86846
4929        1.87641
4929       0.171391
4929        3.10807
4929        2.24341
4929        2.88742
4929        1.44442
4929        1.20746
4929        4.08738
4929        1.07029
4929        5.61161
4929        3.17246
4929        4.69077
4929         5.3618
4929        3.21762
4929        5.92247
4929        3.54701
4929        5.71039
4929        2.58669
4929        4.46366
4929        2.53784
4929       0.752611
4929        5.48628
4929        3.69849
4929        5.07491
4929        3.99458
4929        4.95227
4929        1.84097
4929        5.73461
4929        1.83226
4929        2.86002
4929        4.46912
4929        3.52906
4929        2.27655
4929       0.254875
4929        5.90317
4929        1.63907
4929        1.98638
4929        4.42565
4929        5.11452
4929        4.71213
4929        1.70859
4929        4.87035
4929        5.74376
4929        2.63876
4929         2.1879
4929         2.3068
4929        5.71396
4929        4.62704
4929       0.211402
4929        1.96969
4929        4.48626
4929        2.65879
4929        3.31239
4929        5.52121
4929         5.3762
4929        4.83053
4929        5.38976
4929        3.61713
4929        5.23073
4929        1.82839
4929        3.80699
4929       0.941707
4929        5.34141
4929        5.17226
4929        5.50999
4929        5.64179
4929        3.35534
4929        1.40718
4929       0.855065
4929        3.85826
4929        4.32797
4929        4.39809
4929        2.31608
4929        1.86582
4929        5.27332
4929        4.26107
4929        5.35689
4929      0.0835491
4929        3.63857
4929        3.13827
4929        5.10767
4929         5.7711
4929        1.63749
4929        1.63866
4929       0.459695
4929        2.24032
4929        5.10464
4929        5.13383
4929        2.43288
4929        5.53327
4929        1.18235
4929        5.82469
4929        2.50945
4929        2.43973
4929        1.23189
4929        4.41186
4929        4.65417
4929        1.02866
4929        5.05774
4929        5.83076
4929        2.98315
4929        4.78337
4929        3.31937
4929        2.02415
4929        4.10187
4929        4.93126
4929        3.33906
4929       0.206201
4929        5.12244
4929        4.83006
4929        2.72609
4929        4.32946
4929        2.80222
4929        4.46308
4929        5.96282
4929         1.5849
4929       0.269788
4929        1.90075
4929        4.68042
4929        5.07011
4929        1.64637
4929        6.25762
4929        1.33328
4929        1.64681
4929        6.10755
4929         6.0167
4929        1.64722
4929       0.360511
4929         3.5965
4929        3.36959
4929       0.395661
4929       0.474573
4929        3.91621
4929        2.52874
4929       0.937836
4929        4.16896
4929        6.01579
4929        4.94247
4929        3.47972
4929        1.59528
4929        4.08129
4929        1.13735
4929       0.818655
4929         2.5151
4929        3.02465
4929        5.88908
4929        4.74191
4929        1.11024
4929        1.20722
4929        2.69555
4929        2.74807
4929        1.97495
4929        6.12474
4929        4.07551
4929        5.49229
4929        1.74944
4929        2.47831
4929        2.88392
4929        4.87328
4929        2.87691
4929        4.75653
4929        6.21211
4929        2.83191
4929        1.31698
4929        2.67849
4929        5.04467
4929        5.13615
4929        5.22007
4929        3.09835
4929        1.86605
4929        1.76712
4929        4.48505
4929         5.2061
4929        5.63428
4929        3.71915
4929        2.43287
4929        2.71164
4929        5.26157
4929        3.39118
4929         5.2152
4929        5.38165
4929        2.87916
4929        2.18952
4929        5.82973
4929        1.32658
4929       0.743027
4929        5.53367
4929        1.77105
4929        6.08425
4929        2.54284
4929        2.76931
4929        3.23818
4929        5.11346
4929       0.687133
4929        4.40424
4929        1.67034
4929        3.59801
4929        1.64643
4929        2.28793
4929        1.32609
4929        1.98155
4929        1.46141
4929        5.90994
4929        4.75018
4929        2.39805
4929        5.39076
4929        2.11632
4929        1.95678
4929        4.66066
4929        2.88587
4929         5.0822
4929         2.5181
4929        2.34169
4929        1.38529
4929        3.12316
4929       0.977155
4929        5.21214
4929         5.6893
4929        4.09711
4929       0.614658
4929        4.28883
4929         4.7441
4929        5.87579
4929        5.19198
4929        3.00385
4929        5.97456
4929         1.6949
4929        3.28067
4929        3.32306
4929      0.0597534
4929        3.17249
4929        1.64537
4929        1.82956
4929        1.32691
4929        5.72875
4929       0.182992
4929        5.52657
4929        3.07034
4929        5.03821
4929        5.77686
4929         1.4526
4929        5.27019
4929        3.85906
4929        5.54177
4929        2.64309
4929        4.25755
4929        3.66485
4929       0.630928
4929        2.39318
4929        6.27437
4929        2.56283
4929        4.53285
4929        2.64028
4929         2.1283
4929        2.26596
4929        2.86109
4929        1.27273
4929        5.32264
4929        4.14971
4929        2.86362
4929         3.7917
4929        4.40162
4929        4.73389
4929         3.0376
4929        4.10947
4929        2.65162
4929        2.52417
4929        2.14485
4929       0.210952
4929        1.55637
4929        1.80981
4929        1.72654
4929        2.17305
4929        6.09456
4929        0.95411
4929        4.85737
4929        6.02492
4929        3.00478
4929        5.21603
4929        1.96978
4929        1.17536
4929         6.0376
4929        5.21936
4929        6.19413
4929        5.31469
4929        1.72787
4929        1.36212
4929        2.14436
4929        1.93988
4929          4.771
4929         2.5227
4929        2.30026
4929        6.14859
4929         2.8663
4929      0.0098126
4929        4.56283
4929        4.15569
4929        5.35565
4929        3.73875
4929       0.189113
4929        3.06523
4929        4.83585
4929        4.86995
4929        2.04436
4929         1.8167
4929         5.3376
4929        5.53775
4929        5.58979
4929        5.87959
4929        1.68179
4929         1.3642
4929        4.43063
4929         4.7382
4929        5.72343
4929        3.91895
4929        5.85274
4929        5.92317
4929        1.13888
4929        3.03768
4929        3.97334
4929        2.83074
4929        4.90101
4929        1.51342
4929        1.82903
4929        3.34693
4929        5.48097
4929        4.69439
4929        4.51365
4929        3.07928
4929        1.03016
4929        2.94889
4929      0.0204548
4929        3.73135
4929         2.4517
4929        5.55121
4929        1.16349
4929        1.00268
4929        2.49022
4929      0.0792824
4929        4.40673
4929        3.43458
4929        0.90325
4929        5.87853
4929       0.189549
4929        2.74084
4929        6.18912
4929       0.199223
4929       0.729592
4929        4.68706
4929        4.48939
4929        1.52866
4929        2.88801
4929        4.98958
4929        2.59477
4929        3.57844
4929        1.99026
4929        1.04121
4929        3.16684
4929       0.256552
4929        6.09838
4929        0.62209
4929        5.82918
4929        4.04952
4929        5.04401
4929        2.50909
4929        0.85709
4929        4.94005
4929        2.05217
4929        2.08151
4929        1.23874
4929        5.32674
4929        5.72823
4929        4.73559
4929        4.44676
4929        4.42361
4929        4.67603
4929        1.80891
4929        4.09007
4929      0.0254462
4929        1.74589
4929        1.39386
4929        5.36538
4929        4.70597
4929        5.62796
4929        4.98145
4929          3.785
4929         4.6986
4929         1.6705
4929        2.24871
4929        2.55916
4929        4.74531
4929        2.45518
4929        4.64275
4929        2.63465
4929        2.20887
4929        1.89678
4929       0.267898
4929        5.04829
4929        1.73695
4929       0.767313
4929        1.77795
4929        5.06679
4929        4.42754
4929       0.530823
4929        2.03622
4929        4.80246
4929        5.44575
4929        1.32108
4929        1.90311
4929        4.66253
4929        2.64412
4929        1.37541
4929        4.63161
4929         2.2058
4929        4.60343
4929        2.81962
4929        1.96769
4929        1.94762
4929        2.35343
4929        2.95856
4929        1.54652
4929        5.81709
4929        2.09662
4929      0.0507851
4929        2.12234
4929        1.01849
4929        1.14672
4929        5.50621
4929        6.20801
4929        4.26886
4929        6.15159
4929        1.89252
4929        5.18423
4929       0.310916
4929      0.0884543
4929        2.13174
4929        2.41624
4929        5.34036
4929        3.16095
4929        6.04358
4929         2.9287
4929        1.35053
4929        2.59384
4929        2.27405
4929        2.80973
4929        4.32357
4929        5.49857
4929        1.59367
4929        2.13336
4929        3.65622
4929        3.80659
4929        4.51916
4929        1.34809
4929          2.073
4929        2.90962
4929        4.26281
4929        4.81176
4929       0.919617
4929        2.52782
4929        4.26684
4929        4.48491
4929        4.57755
4929       0.448317
4929        4.36425
4929        5.41483
4929        1.70861
4929        5.90602
4929        1.88736
4929        2.41901
4929        1.84588
4929       0.774679
4929        2.17691
4929        1.61417
4929        2.57858
4929        5.30026
4929        2.35361
4929       0.773715
4929        0.69386
4929        2.49721
4929        2.72694
4929        3.44351
4929        5.39275
4929        5.14505
4929        2.11622
4929        3.71946
4929       0.552329
4929       0.736422
4929        3.24071
4929        2.51732
4929        2.19435
4929        4.68506
4929        4.50683
4929        5.83095
4929        1.38812
4929        2.62911
4929      0.0106196
4929        4.51674
4929        4.97581
4929        2.86381
4929        4.92715
4929        4.85176
4929        1.59633
4929        6.04683
4929        1.86365
4929        3.32536
4929        1.66648
4929        6.25337
4929        3.86356
4929         2.7536
4929        3.38874
4929        5.76052
4929         1.5256
4929        2.10182
4929        5.68023
4929        5.12991
4929        3.25402
4929        1.72056
4929        4.32064
4929        2.12451
4929        1.47215
4929        4.23363
4929        1.29179
4929        4.31139
4929        4.46215
4929        4.24463
4929        6.04396
4929        4.93547
4929         2.4193
4929       0.723882
4929        5.81695
4929        3.01668
4929        2.42186
4929        2.60471
4929         1.7489
4929        4.81573
4929        5.11997
4929        4.62152
4929        4.87197
4929        3.74815
4929        3.40514
4929        1.10376
4929        2.40842
4929        5.69936
4929        1.91388
4929        6.05981
4929        3.01235
4929        4.92632
4929        1.66105
4929        2.25524
4929        2.21926
4929        2.26091
4929       0.753437
4929        2.28357
4929        2.76758
4929        3.16511
4929        2.65583
4929        3.33429
4929        1.66762
4929        5.33297
4929        4.62193
4929        4.16699
4929        1.56228
4929        4.55289
4929        5.60876
4929        2.85356
4929        1.71289
4929        6.20709
4929        3.82076
4929         4.3161
4929        4.91901
4929        3.09302
4929        1.65434
4929        1.59377
4929        3.93378
4929        4.32316
4929        4.42178
4929        3.12195
4929        2.43392
4929         2.4915
4929        5.64753
4929        2.47139
4929       0.798251
4929        5.74791
4929       0.253124
4929        1.91645
4929        3.94249
4929        2.15965
4929        2.78541
4929        1.44992
4929        4.28202
4929        2.23876
4929        4.07564
4929        3.31613
4929        2.06949
4929         5.3021
4929         4.6821
4929        5.16566
4929        4.46776
4929        1.55881
4929        1.96245
4929        4.11071
4929        6.18029
4929        3.28191
4929        3.17484
4929        2.91862
4929        3.68154
4929        6.08509
4929         1.5287
4929        1.55709
4929        2.04383
4929        2.55987
4929        4.92016
4929        2.58015
4929        2.51881
4929        5.76047
4929        1.86123
4929          1.484
4929        5.03753
4929        5.21699
4929      0.0422754
4929       0.822125
4929        1.71736
4929        3.42082
4929       0.800398
4929        1.88135
4929        4.65946
4929        1.47623
4929         2.4729
4929         2.4879
4929        5.16397
4929        1.65189
4929        4.57356
4929        5.58028
4929         1.8296
4929        5.12351
4929       0.620994
4929        3.91553
4929         2.9828
4929       0.236611
4929        4.77721
4929        2.02037
4929        4.68009
4929        4.55448
4929        4.56783
4929        4.66018
4929        4.99548
4929        5.63757
4929        4.30889
4929        5.86186
4929        6.17918
4929        1.34227
4929        4.52335
4929        2.04141
4929        4.14602
4929        5.34082
4929        5.01794
4929        4.13941
4929         1.9338
4929        2.47634
4929        5.91133
4929        1.52491
4929        2.17532
4929         1.7552
4929       0.194101
4929        3.69869
4929        5.74603
4929         6.1722
4929       0.283195
4929        4.06363
4929        5.68117
4929        5.91778
4929         4.0837
4929        5.08037
4929        5.08323
4929        2.62778
4929        3.10403
4929        2.85553
4929        4.25115
4929       0.555541
4929        3.00448
4929        5.19027
4929          3.527
4929        5.38055
4929        3.16658
4929        5.30212
4929        5.89127
4929          3.673
4929        6.10589
4929        4.39645
4929        2.01537
4929        2.13691
4929         0.8946
4929        1.08207
4929         3.7178
4929        4.31993
4929        1.72365
4929        3.90974
4929        2.13478
4929        5.50307
4929        1.06393
4929        1.29558
4929        1.47185
4929        4.69495
4929        4.56971
4929        1.37191
4929        5.42254
4929        1.19455
4929        1.06718
4929        2.10086
4929        4.89292
4929        6.27737
4929        3.94074
4929       0.294802
4929         4.9052
4929        4.81694
4929        3.09101
4929        5.45785
4929        5.37641
4929        1.55658
4929         5.5035
4929        4.56324
4929        1.89791
4929        3.22092
4929        4.81588
4929        1.96429
4929        3.83816
4929        1.46547
4929        4.90263
4929         3.1514
4929        5.43559
4929         4.4305
4929        3.34297
4929        1.32244
4929        1.67863
4929        4.08581
4929        1.05305
4929         1.3833
4929        3.80472
4929       0.407051
4929        5.91983
4929        2.23709
4929        1.92384
4929        2.11072
4929        6.17097
4929          4.087
4929        5.91265
4929        3.97483
4929        2.77744
4929        2.05371
4929       0.294378
4929        1.92273
4929        5.07007
4929        1.45526
4929        2.33868
4929        2.39269
4929        1.79908
4929        5.92789
4929         1.3989
4929        4.68886
4929        3.63204
4929        1.72558
4929        5.51939
4929        4.71261
4929        0.89498
4929        2.03261
4929        2.49785
4929        1.40753
4929        4.97341
4929       0.597193
4929        1.15773
4929        5.11581
4929         2.1929
4929        5.86665
4929        1.53275
4929        5.18447
4929        2.62447
4929         4.0437
4929        5.93377
4929        4.56034
4929        1.74355
4929        5.22191
4929        2.62331
4929        1.24362
4929        4.58772
4929        2.16375
4929        2.57726
4929        1.15405
4929        1.31623
4929        3.40762
4929           1.59
4929        4.94531
4929        1.22773
4929         2.3272
4929        6.15732
4929        1.13093
4929        5.33741
4929        5.74111
4929        3.29008
4929        1.36696
4929        2.62018
4929         2.6016
4929        3.19416
4929        2.78331
4929          5.975
4929       0.867182
4929        2.24198
4929        2.75416
4929        4.23024
4929        1.55558
4929       0.614003
4929         4.4376
4929         1.1434
4929         2.2512
4929        1.39619
4929       0.073092
4929       0.462587
4929        5.58564
4929        5.18035
4929        1.83538
4929        5.77498
4929        3.13838
4929        4.79043
4929        5.14496
4929        3.44469
4929        3.71925
4929        4.07118
4929        1.42913
4929       0.115035
4929        5.03711
4929        5.56607
4929        2.17135
4929        5.10196
4929        5.59993
4929        2.76668
4929        5.31132
4929        5.37355
4929        1.28575
4929        4.53512
4929        2.14377
4929        2.00059
4929        2.08008
4929        1.16086
4929        2.44634
4929        2.02539
4929        4.79707
4929        2.60923
4929        3.10831
4929        1.13733
4929        5.65813
4929        5.03359
4929        4.25524
4929       0.351091
4929        2.28681
4929        2.03742
4929      0.0459678
4929        2.03635
4929       0.859459
4929        5.61148
4929        5.21571
4929        2.26946
4929        3.35873
4929        2.21107
4929       0.572069
4929        1.95667
4929        3.09409
4929        2.27866
4929        0.74812
4929        3.18637
4929        5.46005
4929        3.72211
4929         3.0565
4929        4.68528
4929         4.6385
4929        5.20234
4929        4.49823
4929       0.761944
4929        2.46316
4929        3.01086
4929       0.296429
4929        1.17456
4929        0.30014
4929         2.5815
4929        4.17487
4929        4.16009
4929       0.924497
4929        2.74984
4929          5.802
4929        5.38566
4929        1.12241
4929        2.22423
4929        1.83859
4929        4.59836
4929        1.89963
4929        5.56369
4929        5.56657
4929        1.94785
4929      0.0821556
4929        5.18992
4929        2.60084
4929        2.11249
4929        1.32961
4929        2.29207
4929        4.61862
4929        1.60706
4929        3.45538
4929        1.24005
4929        2.77567
4929        4.36587
4929       0.350913
4929        2.59974
4929        3.89062
4929       0.593367
4929        3.26491
4929        2.39833
4929        4.09299
4929        1.35735
4929        4.99649
4929        4.51308
4929        3.58641
4929        5.75464
4929        5.95506
4929         2.8675
4929        5.20141
4929        1.40166
4929        5.17322
4929         4.8368
4929        5.20099
4929        4.77712
4929        2.66007
4929        4.56115
4929        2.48392
4929        3.07118
4929        4.75892
4929        4.80221
4929        5.84879
4929          3.168
4929        3.10787
4929       0.621201
4929       0.605787
4929       0.708997
4929        5.11007
4929        4.56089
4929        5.11895
4929        6.21487
4929        5.16314
4929        1.86554
4929        2.88868
4929         5.8389
4929        2.54296
4929        0.19849
4929        1.72013
4929       0.965973
4929        5.48828
4929        5.08772
4929        3.00412
4929        3.00294
4929         5.8221
4929        0.51342
4929        5.47266
4929         3.5674
4929        2.55823
4929        2.40448
4929        4.64956
4929        5.67616
4929        4.98407
4929        2.37628
4929        2.25247
4929       0.299767
4929        6.17303
4929       0.168811
4929        6.11063
4929        2.76291
4929        4.37225
4929        2.62236
4929        2.10733
4929        4.50378
4929        3.37194
4929        1.95688
4929        4.72146
4929        5.89606
4929         1.1849
4929        4.63155
4929        5.44962
4929        3.16517
4929        4.68056
4929        2.28829
4929        1.42466
4929        3.44009
4929        4.23198
4929        4.18099
4929        4.31747
4929        4.19996
4929        1.30254
4929        2.67001
4929        5.59009
4929        4.72811
4929       0.769964
4929        4.74001
4929         5.7357
4929        1.63429
4929        1.01009
4929         4.7991
4929        1.16094
4929        5.16664
4929        4.23239
4929         5.0112
4929        2.51092
4929        4.46104
4929         6.1804
4929        5.09524
4929        2.40515
4929        2.09148
4929        5.24967
4929        4.43313
4929       0.032086
4929       0.339129
4929        4.92319
4929        4.57016
4929        5.99472
4929        4.95324
4929       0.984777
4929        2.00148
4929        5.79189
4929        6.16669
4929        2.01512
4929        5.63801
4929        2.32021
4929        3.00625
4929       0.283696
4929       0.307466
4929        2.16122
4929        2.83135
4929        5.60283
4929        1.19378
4929        1.76971
4929        1.83786
4929        5.67564
4929        3.37111
4929         6.2699
4929        1.74112
4929        3.65799
4929        5.73258
4929        4.33303
4929       0.868867
4929        2.75458
4929        4.82318
4929        5.94895
4929        5.97783
4929        2.31062
4929        6.25266
4929        4.83968
4929        3.56968
4929        5.47881
4929        2.75891
4929        5.69426
4929        4.13758
4929        3.46232
4929        1.67965
4929        3.82186
4929        5.74967
4929         5.8097
4929        1.95506
4929        5.51513
4929        1.86736
4929        5.68073
4929        1.97719
4929        1.42137
4929        5.79173
4929        2.50914
4929        5.80439
4929        1.68471
4929        4.26339
4929        3.47589
4929        2.98187
4929        3.95461
4929        4.21975
4929        4.98718
4929        4.31345
4929        4.08233
4929        2.94535
4929        5.93337
4929        0.42249
4929         2.1085
4929         5.0063
4929        4.99381
4929        3.62663
4929        4.64066
4929        2.62824
4929        5.27529
4929         3.2916
4929        3.43174
4929         3.7574
4929        2.26063
4929        2.94793
4929        6.22792
4929        3.14477
4929        4.04592
4929       0.540828
4929         4.4826
4929        2.52547
4929        4.61234
4929        4.80546
4929        1.66952
4929        5.60599
4929         5.0814
4929        1.51885
4929        6.13574
4929        4.28671
4929        4.84485
4929       0.751253
4929        4.27338
4929        1.39685
4929        2.36922
4929        1.04466
4929       0.941546
4929        4.87099
4929        2.19817
4929        4.88591
4929        4.36942
4929        5.35793
4929       0.801464
4929        4.90445
4929        2.07564
4929        4.16611
4929        2.75214
4929        1.62046
4929         5.2764
4929        1.60236
4929        2.71508
4929        1.59878
4929        1.44167
4929       0.783932
4929        1.08042
4929        2.90283
4929        2.71544
4929        6.24443
4929        1.09337
4929        5.14069
4929        3.63738
4929        1.20416
4929        4.99936
4929        4.64334
4929        1.97275
4929        5.80988
4929        5.71766
4929        1.87513
4929        5.62726
4929        1.46526
4929        4.66655
4929        3.67935
4929        2.07561
4929        5.33671
4929        5.30023
4929        4.73469
4929        5.65268
4929        5.98368
4929        1.21145
4929        2.33406
4929        2.21443
4929         4.3721
4929        6.17857
4929        3.73796
4929        5.62988
4929        5.51903
4929         2.4103
4929        2.66791
4929        4.12965
4929        2.41327
4929        1.76392
4929        2.13785
4929         4.1285
4929      0.0155495
4929       0.316413
4929        4.64052
4929        2.15079
4929        4.55152
4929        5.32093
4929         2.1436
4929        5.93771
4929        2.81254
4929        1.59882
4929         5.8803
4929        5.88158
4929        4.80308
4929       0.107639
4929        2.46152
4929        1.66883
4929       0.183494
4929        2.60541
4929        2.00429
4929        4.16762
4929        2.99314
4929        3.32441
4929        1.60468
4929        2.56446
4929        5.09527
4929        4.08792
4929        4.05445
4929        2.60701
4929       0.282463
4929        5.73967
4929        4.08898
4929        3.75093
4929        5.37724
4929        2.28104
4929        2.62667
4929        2.19211
4929         5.6737
4929        1.64372
4929        5.10549
4929        5.95287
4929        3.28199
4929        5.65628
4929        3.14789
4929        2.38894
4929        5.89452
4929        2.43166
4929        4.24671
4929        1.93247
4929        3.31816
4929         1.8161
4929        4.94006
4929        4.19212
4929          6.021
4929        3.36278
4929        2.07644
4929        6.06194
4929       0.535321
4929        3.73103
4929        5.60718
4929        5.93206
4929        2.81587
4929        2.07086
4929        5.83156
4929         5.7348
4929        5.08058
4929        3.40969
4929        2.94346
4929        1.31416
4929        6.25166
4929         1.3596
4929        5.22162
4929        3.16953
4929        1.57209
4929        2.20431
4929       0.363429
4929        3.23543
4929        3.19264
4929        2.70742
4929        4.27677
4929        2.83486
4929        5.78412
4929        3.79036
4929        1.32766
4929       0.240267
4929        5.50706
4929        2.37105
4929        5.72839
4929        5.43935
4929        3.59563
4929          1.534
4929        3.96343
4929        1.62963
4929       0.466049
4929        5.19594
4929       0.678894
4929        2.54311
4929       0.136833
4929        3.31901
4929        5.19223
4929        5.94421
4929       0.687472
4929        3.48633
4929        0.24727
4929        2.46565
4929      0.0990113
4929       0.826446
4929        5.64899
4929        4.38248
4929        5.36857
4929        3.28724
4929        3.65929
4929        2.85449
4929        1.66204
4929        5.60921
4929        5.77553
4929        1.90209
4929        5.57667
4929        2.73383
4929         1.8447
4929        5.42834
4929        4.72468
4929        3.90308
4929        5.17301
4929        6.03986
4929        2.04928
4929        3.16662
4929       0.958914
4929        3.51788
4929       0.939405
4929       0.872731
4929        4.22058
4929        2.45737
4929        1.69388
4929        5.33231
4929        2.95962
4929        4.79539
4929        4.55525
4929        4.75309
4929       0.236583
4929          2.554
4929        2.04333
4929        3.72542
4929        3.15835
4929        2.17762
4929        5.61451
4929       0.149964
4929         1.5408
4929       0.414207
4929        5.80371
4929        2.43455
4929        2.24277
4929       0.066964
4929        4.13293
4929        1.79655
4929        2.62871
4929        4.60989
4929        5.25147
4929        3.26614
4929        4.46405
4929        4.77483
4929        1.93891
4929         6.2042
4929        2.80298
4929        5.22328
4929        2.77236
4929        1.51859
4929         4.7987
4929        4.81003
4929        4.71076
4929       0.217501
4929        2.77318
4929        5.76091
4929        5.20759
4929        5.20454
4929        1.67902
4929        5.12769
4929        2.07145
4929        2.46346
4929        2.74282
4929        5.85209
4929       0.387773
4929        2.69886
4929        2.09721
4929        3.49309
4929        5.34262
4929        5.60918
4929       0.966614
4929        1.21161
4929        3.71653
4929       0.543587
4929       0.180596
4929        5.61122
4929         2.4919
4929        4.02798
4929         3.1989
4929        4.87829
4929        3.51228
4929        4.19026
4929        3.63885
4929     0.00746091
4929        1.68094
4929        4.18333
4929         5.6787
4929        4.56349
4929        4.95545
4929        5.04082
4929       0.279684
4929        4.42889
4929        5.57745
4929         2.5081
4929         5.4868
4929        2.00097
4929        1.91752
4929        6.05965
4929         2.6257
4929        1.91973
4929        1.41361
4929        2.47462
4929        1.69813
4929        1.93229
4929        1.46145
4929        4.91418
4929        3.60451
4929         4.5757
4929        3.69845
4929        5.85611
4929        2.00853
4929        5.57569
4929        1.18929
4929       0.049879
4929        2.24319
4929       0.719598
4929        2.01854
4929        3.23287
4929        3.27531
4929        4.23342
4929        4.89179
4929        2.25903
4929         5.0209
4929        4.87178
4929        5.41964
4929         2.4675
4929        4.86095
4929      0.0182148
4929        4.98322
4929         4.6089
4929        3.44649
4929        1.62407
4929       0.109713
4929        1.47598
4929         4.8944
4929        3.10954
4929        5.74813
4929        1.84189
4929        5.19204
4929        6.02831
4929        3.22664
4929        2.06312
4929        5.95879
4929        2.12146
4929        4.05152
4929        0.10221
4929        5.70014
4929        1.78629
4929        5.23481
4929        5.34869
4929        3.28722
4929        2.74708
4929        4.38652
4929       0.988319
4929        2.11257
4929        3.00598
4929        4.32125
4929       0.648989
4929        1.15656
4929        6.01401
4929        2.15721
4929        1.30405
4929        3.22779
4929        5.55903
4929        1.36051
4929        0.75589
4929        5.07723
4929        2.97059
4929        5.83458
4929        0.78408
4929        1.85772
4929        2.37936
4929        4.82874
4929        3.86261
4929       0.673396
4929         0.9774
4929        4.87282
4929        0.33177
4929        2.86717
4929        5.80746
4929        4.17487
4929        6.13178
4929        2.49774
4929        4.14811
4929        2.17833
4929        2.60513
4929        5.01781
4929        6.04657
4929        4.86007
4929        6.05595
4929        5.21337
4929        1.62452
4929        3.09478
4929        1.98958
4929       0.629585
4929        1.63155
4929        2.78494
4929         1.7187
4929        5.51021
4929        4.65334
4929        2.13253
4929          3.858
4929        2.72819
4929        5.63176
4929        6.12558
4929        5.50905
4929        2.67995
4929        5.14658
4929        2.54555
4929        2.82002
4929        4.91625
4929        3.04017
4929        2.17393
4929        1.59272
4929         6.2763
4929         3.3683
4929        5.60301
4929        2.54066
4929        4.75277
4929       0.298128
4929        5.78921
4929        5.34043
4929        1.75517
4929        1.97828
4929        2.51714
4929         1.8935
4929        1.71592
4929        3.74027
4929        5.73154
4929        3.60834
4929        2.61123
4929        3.90487
4929       0.164529
4929        4.88539
4929        1.68407
4929       0.776916
4929        5.80573
4929        1.75647
4929        6.08683
4929        1.83696
4929        2.64283
4929        4.63406
4929        4.75734
4929        1.70409
4929         2.3788
4929        2.85258
4929        0.68968
4929        4.47778
4929         6.2749
4929         1.2493
4929        4.11483
4929        5.34366
4929         2.8681
4929        2.71829
4929       0.515723
4929        4.63253
4929        4.03896
4929        4.14584
4929       0.252206
4929        5.29878
4929       0.616717
4929        1.03103
4929        5.84694
4929        5.02421
4929        4.89017
4929        4.88767
4929        1.50885
4929        4.75577
4929        2.87802
4929        4.56423
4929        4.37431
4929         1.1757
4929        2.52566
4929       0.937255
4929        4.23498
4929        1.94193
4929        1.73995
4929        5.72307
4929        0.79094
4929       0.580721
4929        0.14441
4929        1.45071
4929        5.12887
4929        4.95725
4929        5.87857
4929        0.30235
4929        2.52054
4929         5.4255
4929        5.12689
4929        1.38331
4929        5.66557
4929        4.15337
4929        5.68029
4929        5.48683
4929        4.26548
4929        5.81852
4929        5.38576
4929        5.38615
4929        1.89806
4929         5.0358
4929       0.934845
4929        5.96981
4929        2.26361
4929        1.68683
4929        4.18592
4929       0.951235
4929        4.96484
4929        4.56858
4929        6.02307
4929        6.26283
4929        1.70174
4929        5.26119
4929        1.01742
4929        3.40756
4929        4.69395
4929        4.96734
4929        5.97114
4929        2.75874
4929        3.53946
4929        1.19011
4929         3.3669
4929       0.795083
4929        2.18085
4929        5.00812
4929        3.93958
4929         2.2559
4929        5.01499
4929        2.06061
4929        2.90189
4929       0.487091
4929        3.85325
4929        2.26535
4929        4.38094
4929       0.650485
4929       0.901987
4929        3.65906
4929        4.70157
4929        5.02075
4929        1.45925
4929        3.68811
4929        1.65189
4929         1.3762
4929        2.11885
4929        4.94667
4929        1.77326
4929        3.30944
4929        2.56488
4929        6.16122
4929        6.21738
4929        2.69304
4929        2.61938
4929        3.15759
4929        2.83066
4929        3.07413
4929        4.95551
4929        1.47853
4929        5.31432
4929        4.67829
4929         4.1613
4929        3.58154
4929        1.95085
4929        4.03142
4929         3.2184
4929        4.69693
4929        1.86376
4929        1.73177
4929        5.14268
4929        5.13709
4929          2.142
4929        6.12623
4929        5.65338
4929        5.78098
4929        4.20163
4929        5.07998
4929        6.17844
4929        5.11639
4929        1.91679
4929        1.48275
4929         5.5563
4929        4.38634
4929        4.68166
4929        3.78725
4929        1.43994
4929        3.22591
4929        4.97913
4929        5.11453
4929        4.61197
4929        4.79662
4929        3.85343
4929         6.1057
4929        3.92404
4929        3.49699
4929        2.91285
4929        3.00418
4929        4.31541
4929        5.96921
4929        4.06851
4929         4.8287
4929        6.13877
4929        4.82065
4929       0.954275
4929        2.44726
4929         1.9898
4929        1.48569
4929        2.14579
4929        1.86676
4929        4.70247
4929       0.991812
4929        6.19686
4929        4.05185
4929        4.35846
4929        5.29076
4929       0.603184
4929        5.49652
4929        2.69496
4929        3.25339
4929        3.84815
4929        4.35942
4929        2.23628
4929        5.35553
4929        5.29965
4929        6.05479
4929        2.53367
4929        2.56951
4929        2.64566
4929        5.07314
4929        4.60607
4929        2.28868
4929        5.44481
4929        2.73778
4929        1.86027
4929        2.19685
4929        3.31197
4929        3.55903
4929        6.05561
4929        0.27964
4929        1.78375
4929        4.79479
4929        6.14357
4929        4.85779
4929       0.785586
4929        3.18719
4929        2.28392
4929        4.32825
4929        4.60874
4929        5.37817
4929        4.88308
4929        2.03628
4929        1.84066
4929       0.479568
4929        2.08068
4929        1.49299
4929        4.91987
4929        2.74592
4929         2.8391
4929        2.33554
4929        5.52974
4929        2.75559
4929        1.18319
4929        2.48034
4929        1.84769
4929        3.85697
4929        3.31622
4929          1.552
4929        4.08593
4929        6.08522
4929        3.45719
4929        3.23045
4929       0.597298
4929        4.88405
4929        5.44935
4929        3.63751
4929        5.82605
4929        2.56249
4929        6.13236
4929         1.4346
4929        2.95027
4929        5.51352
4929        5.94355
4929         4.8002
4929        5.12564
4929        2.44445
4929        3.46303
4929        1.74937
4929        4.49253
4929        2.55651
4929        2.80679
4929        2.18615
4929        5.59643
4929        5.86344
4929        3.14071
4929        4.67983
4929        2.61734
4929        4.38031
4929        5.45205
4929        1.44488
4929        4.05212
4929        3.01102
4929        2.72773
4929        2.35708
4929        4.11947
4929        2.75183
4929        5.92487
4929        1.64712
4929        2.33355
4929      0.0480319
4929        4.38811
4929        5.71728
4929        4.67172
4929        3.23323
4929        3.62112
4929       0.246697
4929         5.0429
4929        2.79648
4929        4.96662
4929        4.06883
4929        3.68494
4929        2.25087
4929        3.58235
4929        4.59753
4929        1.10953
4929        4.11431
4929        2.21994
4929        4.51201
4929        1.70897
4929      0.0525658
4929        1.57912
4929        4.72497
4929        1.38194
4929        3.49465
4929        5.16693
4929        4.25517
4929       0.086823
4929       0.916384
4929       0.785552
4929        5.57686
4929        3.15212
4929        4.53903
4929        1.34138
4929        2.24182
4929        5.60068
4929        1.72938
4929        0.26012
4929        4.88476
4929        3.87217
4929        3.72452
4929        4.18981
4929        2.82888
4929       0.741055
4929        3.84737
4929        4.16574
4929        2.42357
4929        3.78178
4929        5.60058
4929        5.60931
4929        1.57745
4929         5.2775
4929        4.32797
4929         2.6695
4929        5.50621
4929        2.11955
4929        3.80277
4929        6.14864
4929       0.498667
4929        4.67138
4929         5.1359
4929         2.1419
4929        1.82728
4929        3.69635
4929         1.4649
4929        5.50856
4929        4.42168
4929        6.22762
4929        4.84164
4929        4.38544
4929        4.35475
4929        2.50323
4929        5.23523
4929        4.46562
4929        4.34273
4929            4.6
4929        6.00744
4929       0.387487
4929        2.50621
4929        5.00388
4929        1.27321
4929        5.20361
4929        4.04296
4929        4.46396
4929        2.25856
4929        5.05941
4929         3.2466
4929        4.73026
4929        4.48027
4929        3.24502
4929        5.88998
4929        4.44615
4929        1.34064
4929        2.66908
4929        3.94543
4929         2.6859
4929        4.88416
4929        2.11163
4929        5.08346
4929        1.38286
4929        1.31849
4929        3.99407
4929        1.64613
4929        4.02435
4929        3.49157
4929        4.74884
4929        1.74168
4929        1.43376
4929        2.42404
4929        5.68432
4929        1.95064
4929        5.08449
4929        4.85291
4929        2.38002
4929        2.16089
4929       0.588859
4929        4.95384
4929        5.71615
4929      0.0468447
4929       0.326069
4929          2.844
4929        5.72948
4929        2.24197
4929        2.14211
4929        5.78962
4929        4.95423
4929        3.89515
4929        5.74851
4929        6.08758
4929        2.99966
4929        2.54132
4929        5.27851
4929        1.17499
4929        5.09085
4929        6.00106
4929        6.18975
4929        5.59617
4929        2.08565
4929         1.5564
4929        5.25738
4929        4.43101
4929        2.81451
4929        4.43877
4929        1.46432
4929         4.6633
4929        5.62857
4929        3.50894
4929       0.195055
4929        3.80585
4929        5.06784
4929       0.487446
4929       0.984574
4929        5.05716
4929       0.464489
4929        4.88945
4929        1.63236
4929        5.17823
4929        3.60285
4929        4.02823
4929        5.46834
4929        3.87092
4929        1.52281
4929         2.6246
4929         5.4062
4929        3.48474
4929        2.30593
4929        3.81426
4929        5.13878
4929         1.2388
4929        2.92605
4929        4.50425
4929        3.24893
4929        1.42164
4929        5.09978
4929        6.25576
4929        2.25301
4929        4.66154
4929        4.89717
4929        5.67954
4929        4.35314
4929        1.34151
4929        3.62447
4929        5.49942
4929        4.84505
4929        2.61423
4929        5.36675
4929        2.60921
4929        4.85305
4929        5.30323
4929        2.49674
4929        3.96428
4929        5.44923
4929        5.19576
4929        4.49646
4929        5.64715
4929        5.62826
4929        2.65839
4929        2.65232
4929         4.9025
4929        3.29229
4929        4.91943
4929        6.05188
4929        5.14424
4929        2.35023
4929        1.19979
4929        5.83075
4929        4.95821
4929        4.53585
4929         5.3007
4929        5.88166
4929        1.92795
4929        1.23405
4929        1.43763
4929         2.1386
4929        4.86458
4929          1.359
4929        5.02495
4929        2.66195
4929        3.37286
4929        2.80862
4929        3.73489
4929        1.86699
4929          5.841
4929        5.07623
4929        3.18529
4929        1.42884
4929       0.628714
4929        4.09859
4929       0.151625
4929        1.94156
4929        5.62257
4929        1.44305
4929        2.78718
4929        4.19554
4929         4.7935
4929        5.25099
4929        4.76026
4929        5.85004
4929        5.42707
4929       0.229319
4929        4.92491
4929         5.1864
4929        5.35691
4929        2.31224
4929        5.55242
4929       0.879707
4929        3.11465
4929        2.12917
4929        1.79827
4929        4.05751
4929        2.01005
4929        1.01524
4929        4.39575
4929         4.2751
4929        5.02903
4929        2.72244
4929        5.24997
4929         4.2977
4929        1.56203
4929        2.74095
4929        4.51108
4929        4.07484
4929        1.77852
4929        2.96476
4929        5.56983
4929        2.00847
4929        3.08937
4929        2.96327
4929        5.65835
4929        4.93482
4929        2.21133
4929        1.71751
4929        2.89963
4929         5.0813
4929        1.51108
4929        5.37256
4929        4.15984
4929        2.19313
4929        4.90649
4929        3.38527
4929        5.43359
4929        3.36805
4929        3.51794
4929        2.07635
4929        2.14125
4929         5.5662
4929        1.42948
4929        5.85032
4929        2.12516
4929        4.81512
4929       0.487529
4929        3.18016
4929        2.97431
4929        2.83897
4929        4.76869
4929        5.28636
4929        5.08906
4929        4.01695
4929        3.62724
4929        4.12658
4929        2.02303
4929        1.64413
4929        5.62925
4929        4.20438
4929        4.50568
4929        1.98865
4929         5.4412
4929        1.68252
4929        4.56955
4929        1.86766
4929        2.56354
4929        5.60483
4929        0.36268
4929        5.47346
4929        4.81243
4929        4.31287
4929        2.68387
4929       0.891472
4929        6.05788
4929     0.00946165
4929        1.41949
4929        2.31289
4929       0.942208
4929        1.57842
4929        2.47124
4929        5.16287
4929        3.73794
4929        5.29323
4929        1.01675
4929        1.66557
4929         6.1401
4929       0.985322
4929        4.33241
4929        3.98482
4929        3.02879
4929         1.3628
4929        2.46491
4929        4.92534
4929        2.00139
4929        2.32241
4929       0.897325
4929        4.98454
4929        4.08214
4929        1.08803
4929        4.57466
4929        2.07998
4929        2.35642
4929        6.04406
4929        4.89619
4929         5.7635
4929        2.38482
4929        2.92222
4929        5.53206
4929        5.39453
4929        2.55693
4929        2.12869
4929       0.396567
4929        5.56078
4929        5.90368
4929        2.54655
4929        5.51975
4929        1.81295
4929        4.37513
4929        3.26829
4929        4.66874
4929        1.88435
4929       0.773275
4929        2.40255
4929        1.92396
4929       0.137589
4929        4.83883
4929        4.42524
4929        3.70697
4929       0.654346
4929        2.47915
4929        6.19821
4929         2.5262
4929        4.73541
4929         5.1415
4929        4.81464
4929        3.90767
4929        2.40173
