4096        4.14604
4096        2.68463
4096        1.17671
4096        2.28994
4096        4.45399
4096        4.98585
4096       0.528223
4096       0.314271
4096          4.698
4096       0.986603
4096        3.18121
4096      0.0359468
4096        6.09424
4096        5.86115
4096        2.22722
4096         5.7205
4096        5.21846
4096      0.0228928
4096        5.59015
4096        3.93126
4096        3.97221
4096        1.18624
4096          2.243
4096        3.24487
4096        1.47352
4096        1.98043
4096        5.41071
4096         2.5287
4096        5.63874
4096        1.39022
4096        2.18404
4096        3.94878
4096        5.15424
4096        4.58302
4096        6.04284
4096        3.11305
4096        2.78597
4096        1.70179
4096        3.30112
4096        5.02143
4096         5.1252
4096        1.41234
4096        1.96787
4096        4.19876
4096        3.21032
4096        5.85163
4096        5.53985
4096         4.9512
4096           5.37
4096        3.98934
4096        6.04296
4096        5.08006
4096        5.21192
4096        4.51074
4096        5.37237
4096        1.85861
4096         4.5601
4096        6.10492
4096        2.13675
4096        5.36874
4096        5.47391
4096        5.17453
4096        2.13653
4096        4.64046
4096        5.01759
4096        5.16357
4096        1.64534
4096        1.35145
4096        4.46451
4096        5.22149
4096        2.11488
4096         1.1358
4096        3.10005
4096        1.68476
4096       0.459058
4096        1.43843
4096        3.16108
4096        4.32775
4096        4.70727
4096        5.06986
4096        2.75123
4096        5.51788
4096        5.60692
4096       0.368852
4096        5.53587
4096        2.91743
4096        2.78605
4096      0.0431437
4096        2.76125
4096        6.19889
4096        5.27277
4096        4.04541
4096        1.41238
4096         4.4114
4096        3.16475
4096        5.37687
4096          5.077
4096        3.05084
4096        6.10821
4096        5.46485
4096        3.83588
4096        4.13906
4096       0.972365
4096        3.25274
4096        5.36464
4096        5.46883
4096        1.64809
4096        3.12221
4096        2.58621
4096        3.10556
4096        1.25852
4096         2.3703
4096        1.78545
4096        1.03523
4096         2.9746
4096        5.51216
4096        6.00728
4096       0.412042
4096        5.57231
4096       0.645186
4096        1.69294
4096        3.07411
4096        5.15412
4096        5.37785
4096        5.42856
4096        5.68822
4096        1.70288
4096        5.74903
4096        5.65306
4096        2.95851
4096      0.0810318
4096        4.92392
4096        2.91668
4096        3.33776
4096        5.59964
4096        2.47882
4096       0.759982
4096        3.79529
4096        2.93938
4096        1.78153
4096        6.28253
4096        3.54803
4096        3.55621
4096       0.471345
4096        5.23776
4096        4.21418
4096        2.38747
4096        1.33992
4096        5.26518
4096        4.58879
4096        5.14859
4096        1.37629
4096        5.49083
4096        6.03236
4096        2.20866
4096        1.68031
4096        1.69228
4096        1.94231
4096        5.96496
4096        3.16089
4096        5.50532
4096        3.33765
4096       0.941973
4096       0.943851
4096        4.85885
4096        1.94068
4096        2.52662
4096        5.86818
4096        1.88806
4096        2.32281
4096        2.79684
4096        2.35264
4096        5.52828
4096        1.33829
4096        2.96373
4096        5.94985
4096        3.20352
4096        5.24937
4096        1.24749
4096       0.869203
4096        3.32794
4096       0.012831
4096        1.75401
4096        1.36621
4096       0.787006
4096        1.80805
4096        4.22663
4096         2.0264
4096        1.77102
4096        4.98235
4096        2.81067
4096        2.53469
4096        5.75175
4096        1.75491
4096        4.34816
4096        1.53104
4096        4.09574
4096        5.71613
4096        4.72576
4096        5.77256
4096        6.14139
4096      0.0841816
4096        4.55911
4096        2.40003
4096        2.21969
4096        4.48551
4096        2.08557
4096        5.03242
4096        5.36552
4096        5.49436
4096        2.16659
4096        4.92727
4096        2.16922
4096        2.84138
4096        3.97959
4096        2.04593
4096        5.24043
4096        1.34916
4096        4.06473
4096        5.73299
4096        2.63608
4096        3.46722
4096       0.202077
4096        4.73436
4096        2.45922
4096        1.10852
4096        2.63604
4096         2.7686
4096        1.09013
4096        2.16194
4096        4.99193
4096        5.78146
4096        0.41717
4096         3.2627
4096        5.15397
4096        1.12429
4096        4.12817
4096        3.26911
4096         2.6874
4096         3.4682
4096        2.31697
4096      0.0799384
4096        5.60171
4096       0.481248
4096        2.99123
4096        5.63753
4096        5.03603
4096        3.07824
4096        5.42041
4096        2.35097
4096        3.12923
4096        2.27895
4096        2.16423
4096         3.0856
4096        1.88629
4096        1.40519
4096        0.41407
4096        5.40449
4096        2.95088
4096        1.70605
4096        5.19257
4096          4.244
4096        2.87524
4096        5.53168
4096        2.84757
4096        3.12765
4096       0.586905
4096        4.10613
4096         6.0461
4096         3.1933
4096         3.9111
4096        5.70243
4096        3.55512
4096        4.11125
4096        6.21828
4096         2.1471
4096        5.77433
4096        4.33445
4096        4.86443
4096        2.74449
4096        6.10031
4096         3.6532
4096        4.66674
4096         2.6722
4096        5.29867
4096        1.69017
4096        4.65511
4096         1.2033
4096        2.64423
4096        5.65734
4096         5.3225
4096        6.06328
4096        5.77861
4096        2.28487
4096        2.19226
4096        2.14176
4096        5.00932
4096       0.347475
4096        3.55069
4096        5.83999
4096        6.10343
4096        5.02853
4096        6.17143
4096        3.13649
4096        5.48702
4096        1.82981
4096        5.88353
4096        1.56164
4096        6.11224
4096        5.58879
4096         4.5125
4096        5.04222
4096        5.14049
4096        2.03723
4096        2.52881
4096        2.19976
4096        2.54304
4096        1.64903
4096          3.601
4096       0.803365
4096        5.58074
4096        5.58133
4096        2.61487
4096        5.26209
4096        4.60094
4096       0.553442
4096        5.16926
4096        2.56087
4096        3.68282
4096        5.87562
4096        1.20716
4096        5.36945
4096       0.788132
4096        5.32199
4096        0.66664
4096        2.83044
4096        5.11264
4096        5.73556
4096      0.0481608
4096         1.9548
4096        0.39366
4096       0.723621
4096        1.34119
4096        2.87524
4096        6.19666
4096        5.82806
4096        5.17165
4096       0.273799
4096        5.43499
4096        2.50877
4096        6.08207
4096       0.845352
4096        5.95882
4096          1.284
4096         1.3869
4096        4.21646
4096        4.79282
4096        4.44339
4096        3.48074
4096        4.40846
4096         5.4995
4096        2.78962
4096        2.90499
4096        5.57108
4096        4.04309
4096       0.209067
4096        2.86727
4096        2.88458
4096       0.578208
4096        4.96335
4096        3.12279
4096        2.52266
4096        1.53901
4096        5.47175
4096        2.49597
4096        1.67738
4096        5.34007
4096        3.82813
4096        1.67369
4096        4.37683
4096        2.08303
4096        5.25933
4096        4.58808
4096        2.03845
4096        2.62808
4096         5.1793
4096        1.23765
4096        2.24217
4096        3.20939
4096        3.59529
4096         5.1337
4096        2.06558
4096        3.80301
4096        1.39898
4096        3.12895
4096       0.658658
4096        3.64814
4096        3.36804
4096        1.85245
4096         1.5814
4096         4.4836
4096        5.75953
4096        6.23741
4096        2.55314
4096        4.65754
4096        4.40883
4096        4.53944
4096        5.39382
4096        3.41007
4096       0.763291
4096        3.60938
4096        3.13505
4096        3.44643
4096        2.26692
4096        3.19656
4096          2.055
4096        5.61982
4096        3.28523
4096        5.76497
4096        5.02396
4096         2.7899
4096        3.45867
4096        1.99045
4096        5.24501
4096        3.96292
4096         4.8673
4096         2.0107
4096        5.84111
4096        6.25269
4096        3.66879
4096        5.97044
4096        2.77862
4096        5.28858
4096        1.83195
4096        2.07303
4096       0.564364
4096        2.79173
4096        5.10857
4096        6.02645
4096        2.87124
4096        1.95803
4096        5.65184
4096        2.33718
4096        2.56073
4096        3.80313
4096         5.6152
4096        4.42126
4096        4.37381
4096        5.24077
4096        5.99285
4096       0.344412
4096        1.90999
4096        4.94175
4096       0.458475
4096        5.51805
4096         4.1974
4096       0.578106
4096         5.4304
4096        2.33587
4096        6.26031
4096        6.18035
4096       0.512398
4096        5.27766
4096        5.27469
4096        1.09712
4096        1.62842
4096        2.37001
4096        4.62363
4096        2.81471
4096        2.27677
4096        1.53079
4096        4.64765
4096        1.22484
4096        5.87691
4096         2.3002
4096        5.37269
4096       0.216031
4096        2.37017
4096        2.99829
4096         4.4679
4096        2.22271
4096           5.26
4096        6.08596
4096       0.499851
4096         4.9248
4096        1.91385
4096      0.0859378
4096        2.86318
4096        2.49712
4096        2.17201
4096       0.493185
4096        6.00306
4096         2.5003
4096       0.664847
4096        1.09733
4096        1.60082
4096        5.82939
4096        2.39495
4096        2.79653
4096        5.25404
4096          2.133
4096        2.02824
4096        5.15933
4096       0.948738
4096        4.41222
4096        4.12211
4096         2.6661
4096        2.26424
4096        1.56193
4096        5.77522
4096        6.14899
4096        3.03079
4096        2.50931
4096        1.61126
4096        5.08986
4096       0.879134
4096         1.9252
4096       0.452931
4096        2.97855
4096       0.672214
4096        3.34967
4096       0.823252
4096        5.08685
4096        6.15662
4096        5.45507
4096        5.97626
4096        4.48991
4096        4.18307
4096        4.58825
4096        5.72102
4096         1.7829
4096        2.35622
4096       0.106159
4096        5.25391
4096        5.14299
4096        5.23318
4096        5.08551
4096         3.0252
4096        2.64444
4096       0.458354
4096        3.01231
4096        2.21826
4096       0.755768
4096        1.55405
4096        4.76824
4096       0.711429
4096        4.23227
4096        6.23717
4096        5.11914
4096        2.46825
4096         1.9031
4096        4.67358
4096        3.81651
4096        3.03942
4096        0.81675
4096        3.84439
4096        2.34493
4096        2.21363
4096        4.89479
4096        3.81144
4096        3.69843
4096        2.33037
4096        3.24177
4096        3.20465
4096        5.96479
4096        6.02516
4096        3.17403
4096        5.89217
4096         5.4601
4096        4.04873
4096        2.80703
4096        2.48862
4096        1.60907
4096         3.0739
4096        5.13102
4096        2.62544
4096        3.60317
4096         4.8734
4096        5.43397
4096        1.90476
4096        5.17214
4096       0.154141
4096        5.59523
4096        2.60045
4096        2.88702
4096        5.20772
4096        2.11461
4096        6.12615
4096        5.50483
4096        2.90259
4096        3.28943
4096       0.975087
4096        6.03758
4096        0.18189
4096        5.31618
4096        5.82359
4096        1.13363
4096       0.711296
4096        3.48663
4096        1.85999
4096        5.24377
4096     0.00720398
4096        2.47271
4096         2.7601
4096        5.63233
4096         1.4118
4096        6.25594
4096        5.59646
4096      0.0598036
4096        4.64949
4096        1.18147
4096        3.90177
4096        3.26731
4096         1.2925
4096        3.11479
4096        4.09789
4096        2.32782
4096        1.92324
4096        4.72226
4096        5.50867
4096         2.9014
4096        6.24533
4096         1.0126
4096        3.37061
4096        5.05296
4096        3.00998
4096         6.0658
4096       0.702674
4096         1.6826
4096        4.36718
4096        1.53291
4096       0.608585
4096        2.19699
4096       0.470922
4096        3.52156
4096        3.01847
4096        2.06003
4096        2.47428
4096        2.38871
4096        2.16296
4096        1.88137
4096        1.60866
4096        2.23861
4096        5.63302
4096        2.82725
4096        1.86762
4096        5.22456
4096       0.510606
4096        2.12285
4096        4.71789
4096        4.32645
4096        2.48411
4096        6.08953
4096        4.09689
4096        2.54667
4096        3.13545
4096        2.16209
4096        5.53607
4096        5.62669
4096        5.43491
4096        6.26977
4096        2.70215
4096        1.91961
4096        2.65037
4096        2.53611
4096        2.92629
4096        2.69724
4096        3.13155
4096        3.07801
4096        1.29409
4096         2.1544
4096        3.10255
4096        5.53768
4096        1.97918
4096        2.48886
4096        1.39461
4096        4.77756
4096       0.734716
4096        3.42612
4096        1.72854
4096        2.91928
4096        3.78063
4096        2.22982
4096        3.79183
4096        0.23296
4096        2.61326
4096        5.79266
4096        2.53182
4096        5.84602
4096        5.62779
4096        1.61787
4096        2.51938
4096        2.36958
4096        3.09992
4096        5.96063
4096         2.1107
4096         5.9096
4096        2.70416
4096     0.00385897
4096        1.89672
4096        2.54222
4096        4.84067
4096        2.39707
4096        2.12125
4096        5.13752
4096        1.93869
4096        2.05162
4096        2.94406
4096        1.67894
4096         5.8261
4096        4.80494
4096        2.91088
4096        2.78433
4096        1.94061
4096        6.25975
4096        5.39188
4096        5.41676
4096        2.27116
4096        4.54717
4096        2.25292
4096        5.22839
4096        2.48789
4096        5.41732
4096        1.03279
4096        4.96401
4096        2.69051
4096        2.52405
4096        5.23873
4096        1.53844
4096        2.80849
4096        5.43258
4096        5.47385
4096        3.55134
4096        4.55522
4096        3.79097
4096        1.87123
4096        4.76735
4096        4.43949
4096        4.71072
4096        2.67489
4096        1.82138
4096        1.38566
4096       0.159344
4096        5.26721
4096        5.61056
4096        2.18096
4096        2.60559
4096        1.96714
4096         4.3884
4096        2.56775
4096     0.00290172
4096         2.2535
4096        4.90328
4096        4.35447
4096        5.70343
4096        1.78672
4096           3.68
4096         1.9016
4096         2.9677
4096        3.39464
4096        3.00161
4096        3.04953
4096        6.17109
4096        5.08856
4096        1.20586
4096        1.50676
4096        1.88575
4096        3.18621
4096       0.093046
4096         5.7873
4096        3.28579
4096        2.05023
4096        3.20713
4096        5.56612
4096          4.577
4096        2.76189
4096        5.08805
4096        4.22757
4096           5.15
4096        2.55409
4096        1.94196
4096        4.19879
4096        4.62101
4096       0.487644
4096        6.15453
4096        2.43253
4096        2.75781
4096        6.03726
4096       0.753047
4096         4.7149
4096        5.43297
4096        4.67779
4096        3.79178
4096        3.27437
4096        2.47975
4096        1.33117
4096        1.14586
4096        5.01878
4096        1.78417
4096        2.45432
4096        2.29546
4096        3.42923
4096        2.15959
4096       0.625825
4096        1.86125
4096        1.90975
4096        1.25656
4096        5.19626
4096        1.40495
4096        3.93265
4096        5.73651
4096        5.91445
4096        5.77109
4096        4.91229
4096        2.83343
4096        5.57253
4096       0.768152
4096        4.45922
4096         2.7579
4096           3.82
4096     0.00851612
4096        4.54073
4096        2.11867
4096        3.26043
4096        2.06812
4096         5.3873
4096      0.0688905
4096       0.350057
4096        6.23402
4096        5.65012
4096        4.84698
4096        2.52195
4096        1.45346
4096        6.15528
4096        6.19638
4096        2.47483
4096        5.81984
4096        4.93832
4096         3.1609
4096        1.78192
4096        6.04348
4096       0.723384
4096        1.28133
4096        5.02644
4096        5.75041
4096      0.0767548
4096        1.00429
4096         6.0325
4096        3.96558
4096        2.28302
4096        6.17018
4096        5.40718
4096        6.07461
4096        6.03245
4096        2.57773
4096        3.01414
4096        5.53733
4096        2.77019
4096        4.06869
4096        5.08278
4096       0.397103
4096        2.17127
4096        5.35771
4096        2.61818
4096        2.58496
4096        1.81382
4096        1.26747
4096        5.55762
4096        1.26525
4096        3.44465
4096        5.67264
4096        5.73212
4096         5.2025
4096        2.20627
4096        3.09079
4096        4.53286
4096        2.99853
4096        4.59332
4096        5.16102
4096        2.52279
4096         5.6649
4096        5.88756
4096        4.59766
4096        1.57278
4096        2.98069
4096        3.25026
4096        3.00185
4096        4.18501
4096        5.17605
4096        5.58192
4096        5.70595
4096        1.42886
4096         6.0786
4096        1.78245
4096      0.0395785
4096        1.73186
4096        2.66147
4096        4.60366
4096         4.9302
4096        3.06518
4096        4.72591
4096        1.89017
4096        5.42766
4096        5.11473
4096        5.12063
4096        5.52393
4096        4.52305
4096         1.9944
4096        5.19095
4096        4.99205
4096        2.91508
4096        4.09668
4096        2.86902
4096        6.19485
4096        5.04478
4096        5.10594
4096        5.86357
4096       0.923517
4096        1.77258
4096       0.352193
4096        3.53936
4096       0.856112
4096        3.33345
4096        4.56454
4096        1.97938
4096        3.10029
4096         4.5709
4096       0.841412
4096        5.02381
4096        5.20104
4096        1.91808
4096        6.22912
4096        2.43301
4096        1.28183
4096        6.21385
4096        5.12147
4096       0.501222
4096        2.78595
4096        1.95705
4096         2.2541
4096        5.71141
4096        5.45914
4096        1.62689
4096        2.79418
4096        2.26539
4096       0.296703
4096        3.27218
4096        2.27441
4096        2.55327
4096         5.5602
4096        2.36688
4096        5.63046
4096         1.7684
4096        5.57632
4096        2.18005
4096        5.61605
4096        2.66827
4096        2.76696
4096         3.1463
4096       0.192987
4096         5.5061
4096        5.44241
4096        2.32915
4096        3.72912
4096        3.97876
4096        4.85754
4096        2.10013
4096        2.09754
4096       0.873483
4096        3.95565
4096        4.28092
4096        2.20761
4096        2.10922
4096       0.642731
4096        1.98724
4096       0.217376
4096        5.31999
4096        2.00276
4096        4.68316
4096        4.80413
4096        3.26957
4096        3.35314
4096        2.25905
4096        6.18239
4096        5.17773
4096         4.0139
4096        1.89076
4096        1.40643
4096        4.75876
4096     0.00572794
4096        3.29575
4096       0.224768
4096       0.617917
4096        1.63962
4096      0.0745569
4096        4.87263
4096         4.0176
4096        2.66843
4096        4.37159
4096        3.56406
4096        1.38105
4096        6.21177
4096        3.30153
4096        1.35328
4096        4.36092
4096         5.1555
4096        3.37206
4096        1.08648
4096        3.75815
4096        5.58834
4096        5.48544
4096         2.2108
4096        4.10713
4096        5.82409
4096        5.43533
4096        5.45394
4096        5.29607
4096        1.36983
4096       0.365746
4096        3.42093
4096        3.25179
4096        5.58787
4096       0.179939
4096        4.72529
4096        2.28181
4096       0.915724
4096        5.31813
4096       0.371148
4096        6.16108
4096        6.27099
4096        2.20023
4096         5.7127
4096         3.1668
4096        1.12589
4096        6.24949
4096        5.47867
4096        0.19358
4096        1.34612
4096        3.74206
4096        4.56731
4096        4.45387
4096        5.44978
4096        5.89341
4096        3.13963
4096        2.11822
4096        5.16882
4096        4.89376
4096        6.11939
4096        1.22001
4096        5.16369
4096        5.21915
4096        3.10642
4096        6.04238
4096         1.2505
4096        3.06843
4096        2.00853
4096        5.54679
4096        5.09586
4096        5.47592
4096        1.47937
4096        1.94679
4096        2.66644
4096        2.65466
4096        5.77653
4096        1.22116
4096        4.25601
4096        5.08351
4096        2.40003
4096         5.8597
4096        5.50559
4096        2.10829
4096        5.59864
4096         3.4674
4096        5.34027
4096        2.53763
4096        5.11616
4096        6.05632
4096        1.40896
4096        6.18505
4096        3.13022
4096         2.6831
4096        5.74156
4096        1.82043
4096        3.44746
4096        6.02278
4096        4.81554
4096        1.65182
4096       0.152477
4096        2.06426
4096        4.25176
4096        5.14871
4096          5.226
4096        2.42094
4096        5.67414
4096        3.18061
4096        1.76371
4096        2.24878
4096        3.22575
4096       0.320201
4096        2.02672
4096        1.60921
4096         3.1565
4096        2.99944
4096         4.8517
4096        5.79898
4096        1.89778
4096       0.427354
4096        5.27913
4096        2.76008
4096        5.04151
4096        5.58747
4096        1.72255
4096        2.17105
4096        2.51731
4096        2.32874
4096        6.06405
4096        3.18552
4096        4.95823
4096        5.84149
4096        4.99631
4096        1.50176
4096         5.7801
4096        5.46384
4096        1.41426
4096        3.99866
4096        1.47766
4096        1.59585
