4794        5.25109
4794        5.44425
4794        4.52661
4794        4.15438
4794         5.1964
4794        2.31048
4794        5.88128
4794        4.14812
4794        3.66353
4794        5.80383
4794       0.522544
4794        5.66318
4794       0.357093
4794        4.57283
4794        2.32678
4794         2.2767
4794        4.28969
4794        1.73803
4794          2.275
4794        3.23056
4794        5.54177
4794        3.36035
4794        3.00397
4794        2.87954
4794         4.4311
4794       0.648655
4794       0.982474
4794         3.1564
4794         2.9187
4794        1.70316
4794        3.36244
4794        1.19059
4794        5.99204
4794       0.692147
4794       0.223933
4794        2.27773
4794        5.82344
4794        4.96937
4794        2.55918
4794        5.96564
4794        2.92141
4794        2.62897
4794        2.89496
4794        5.84496
4794        4.97403
4794        4.63741
4794        3.74133
4794        4.80762
4794        4.15383
4794        5.48067
4794        1.39199
4794        4.39142
4794        5.53803
4794        5.24684
4794        1.53167
4794       0.764222
4794        3.56762
4794        4.26086
4794        2.13361
4794        5.31807
4794       0.203648
4794       0.157898
4794        0.97101
4794        1.15332
4794        3.94581
4794        5.36866
4794        4.34001
4794        2.51695
4794        1.08927
4794        5.48622
4794        5.41355
4794        2.06463
4794        2.00903
4794        3.57585
4794        5.37151
4794        1.07879
4794        0.97289
4794        1.39297
4794        4.01789
4794         1.5067
4794        5.81472
4794        2.49415
4794        4.66347
4794        5.76139
4794        5.96926
4794        5.13119
4794       0.886118
4794       0.113641
4794         2.8022
4794        5.41598
4794        2.01914
4794        3.49473
4794        4.67838
4794        5.20058
4794        1.34386
4794        1.54013
4794        2.46711
4794        3.55894
4794        3.34614
4794        5.28404
4794        4.92846
4794        1.85162
4794       0.895826
4794        3.46751
4794       0.152317
4794        4.22214
4794         5.1954
4794        2.12946
4794        3.21511
4794        2.43968
4794        5.08104
4794        2.66285
4794        3.42231
4794        3.42734
4794        5.16387
4794        2.29424
4794        2.36863
4794        4.98203
4794        5.66734
4794        5.40221
4794        2.02569
4794        6.26074
4794        1.65046
4794        3.21944
4794        1.60186
4794        3.48303
4794        1.44002
4794         1.5169
4794        1.02345
4794        6.15979
4794        1.25177
4794       0.898372
4794        5.70841
4794        1.06321
4794        1.88601
4794        2.86393
4794      0.0940708
4794        5.14052
4794        3.89755
4794        1.83085
4794        1.53018
4794        2.44452
4794        3.97221
4794         5.1308
4794        6.23154
4794        2.18805
4794        6.12682
4794        2.18327
4794        1.60325
4794       0.531056
4794        5.10171
4794        4.81342
4794        4.50726
4794        1.59343
4794        4.52313
4794         3.7703
4794        1.19057
4794        0.80007
4794        6.23445
4794        5.90331
4794        1.16179
4794        4.41316
4794        4.72838
4794        1.87923
4794        5.44636
4794        1.12706
4794        1.97171
4794        1.79646
4794        1.80979
4794        2.71774
4794        3.68994
4794        2.70582
4794        2.03673
4794        4.19739
4794        1.62911
4794        3.86492
4794         1.2324
4794        5.35518
4794        2.62054
4794        1.67174
4794       0.336608
4794        2.69956
4794        1.56837
4794        4.58928
4794        2.21766
4794         6.1241
4794        3.56769
4794        1.82244
4794        2.54513
4794        5.45764
4794        5.75432
4794        6.11818
4794        2.79233
4794        6.09718
4794        1.80269
4794       0.978096
4794        6.25458
4794         1.9942
4794        5.61617
4794        4.95135
4794        1.74341
4794        6.23662
4794       0.988382
4794        2.74355
4794        1.74294
4794       0.914399
4794        3.21546
4794         3.0354
4794        2.56319
4794       0.540403
4794        4.31365
4794         2.8372
4794        5.12163
4794        1.64061
4794        2.52526
4794        4.92711
4794        5.73942
4794         4.8998
4794        6.01818
4794        2.74827
4794        1.96751
4794        2.77276
4794        5.61969
4794        5.21163
4794        1.84863
4794        4.58212
4794        3.51691
4794       0.641217
4794        2.96715
4794       0.187909
4794        1.46638
4794       0.188082
4794        4.37598
4794        2.00569
4794        1.76478
4794        2.17428
4794        4.15169
4794        5.34831
4794        1.07551
4794         5.5203
4794       0.640114
4794         4.6192
4794        2.66066
4794         3.0855
4794        3.93094
4794        3.01281
4794        5.49738
4794        3.15162
4794        5.17887
4794        3.53587
4794       0.808069
4794        4.89484
4794        1.16014
4794       0.028715
4794        2.25179
4794         3.9544
4794        4.88903
4794        1.69915
4794        2.24212
4794         2.6972
4794         1.4497
4794        2.75533
4794        2.02439
4794       0.164348
4794        6.06799
4794        2.12543
4794        5.44618
4794        2.66548
4794        3.11656
4794        2.52165
4794        5.74143
4794        5.97103
4794        3.36035
4794        2.80731
4794        5.05825
4794        0.26458
4794        0.67171
4794        1.02352
4794        2.88271
4794        5.78959
4794        2.47751
4794        5.62477
4794        4.33379
4794        3.03902
4794        3.30311
4794        4.54234
4794         0.1162
4794        2.42321
4794        1.59795
4794        1.78959
4794        4.90901
4794       0.345174
4794        2.68425
4794        3.90103
4794        5.78628
4794         3.9819
4794       0.984785
4794        1.99543
4794        1.20311
4794         6.2622
4794        1.19733
4794        1.89092
4794       0.618548
4794        2.58118
4794        1.75152
4794        2.70191
4794        5.99109
4794        3.05184
4794        5.74549
4794        3.81312
4794       0.868596
4794        2.36834
4794       0.409139
4794         1.2203
4794        2.71001
4794         4.6672
4794        4.83035
4794        2.88736
4794        5.14392
4794        2.54165
4794        5.17182
4794        5.69127
4794       0.905095
4794        2.28127
4794        5.65664
4794        1.32929
4794        5.15951
4794        1.24884
4794       0.441921
4794        4.78724
4794       0.278862
4794      0.0478882
4794        1.94088
4794        2.57795
4794        5.00337
4794        1.55096
4794         2.4974
4794        1.05532
4794        5.46945
4794      0.0487459
4794          5.809
4794        1.04705
4794        6.12419
4794        2.56883
4794        5.10352
4794        6.16037
4794        2.27488
4794        1.71907
4794        2.46522
4794         5.3545
4794         4.1305
4794         1.4428
4794        6.16344
4794         2.8802
4794        4.44906
4794        2.51875
4794        4.74258
4794        3.30954
4794        1.90463
4794        1.94905
4794        6.10633
4794     0.00685152
4794        2.83893
4794        1.61462
4794         1.6933
4794        4.92512
4794        6.01619
4794        1.64958
4794       0.296609
4794      0.0852331
4794        3.40374
4794       0.489218
4794        4.50757
4794       0.257975
4794        5.04981
4794        1.69653
4794        4.83553
4794        2.22421
4794        4.27548
4794        2.20394
4794        3.75923
4794        6.12783
4794          5.507
4794        1.01098
4794        2.38836
4794        1.63444
4794        2.69768
4794        2.56738
4794         2.0258
4794        5.90916
4794        5.83475
4794        6.03167
4794        4.33124
4794         1.6525
4794       0.108991
4794         3.0747
4794        5.53869
4794        6.07168
4794        1.43182
4794       0.462112
4794        1.58543
4794        5.95394
4794        4.97864
4794        5.28337
4794       0.525926
4794        2.68812
4794        5.97461
4794        4.63356
4794        1.69431
4794        1.65269
4794       0.141711
4794        1.47854
4794        5.89274
4794        4.79389
4794        2.18269
4794        1.07396
4794        2.00058
4794         2.1602
4794        5.22718
4794        0.31598
4794        1.74006
4794        4.34207
4794        6.16104
4794        5.64611
4794       0.896273
4794        6.26537
4794        4.63109
4794        5.80018
4794       0.981791
4794        1.57793
4794        3.73703
4794       0.212891
4794        4.15687
4794        6.02654
4794        5.59165
4794        2.75222
4794        6.21153
4794        2.80876
4794       0.202641
4794        3.43107
4794        5.59472
4794        2.22798
4794        5.95482
4794        3.77179
4794         5.5958
4794       0.603134
4794        4.13708
4794        2.83807
4794        5.40757
4794         3.6037
4794        5.13486
4794        5.59961
4794        5.17761
4794        6.12087
4794        4.01215
4794        1.16045
4794        2.45712
4794          3.049
4794        3.28315
4794        1.23325
4794        4.52076
4794        2.86282
4794         6.1099
4794        3.30322
4794        4.51418
4794       0.667198
4794        1.67012
4794        2.56048
4794        2.24684
4794        3.63961
4794        3.76184
4794        6.03442
4794        1.20634
4794         4.8395
4794        1.87803
4794        4.44817
4794        1.11289
4794        3.97212
4794        2.59111
4794        3.09781
4794         6.0141
4794        2.87139
4794        5.28291
