4482       0.366662
4482        2.61931
4482        1.69931
4482         4.8397
4482        3.11427
4482        2.85519
4482        2.63381
4482        1.01791
4482        4.34174
4482       0.319179
4482        3.67589
4482        2.70426
4482        3.35429
4482        4.80265
4482       0.978438
4482       0.269639
4482        3.34367
4482        5.70223
4482         3.8507
4482         3.8678
4482       0.752376
4482        5.52679
4482        1.28351
4482        3.30415
4482        5.11985
4482        3.09974
4482          3.145
4482       0.689412
4482         5.0159
4482        3.09521
4482        3.03471
4482        4.13213
4482       0.106647
4482       0.294542
4482        4.14782
4482          1.658
4482        2.75334
4482       0.923373
4482        4.46913
4482       0.620686
4482        1.69503
4482         4.5472
4482        3.59406
4482        4.46224
4482        3.67449
4482        5.24346
4482         3.2166
4482       0.698786
4482        2.10523
4482        2.29747
4482        5.59566
4482        3.61072
4482       0.476493
4482        5.06638
4482        2.56543
4482        1.60835
4482       0.236474
4482         3.6781
4482        2.81593
4482        4.83246
4482       0.536871
4482        3.69716
4482        3.40599
4482        3.97748
4482       0.670778
4482        5.33055
4482       0.834032
4482        5.57493
4482          1.767
4482        4.23231
4482        1.11844
4482      0.0565632
4482        3.23896
4482        1.19744
4482          2.948
4482        2.86111
4482        4.01851
4482        4.54025
4482        2.81602
4482       0.938236
4482        3.54703
4482        3.36854
4482        5.81439
4482         1.1395
4482        2.33966
4482        3.01757
4482        1.07573
4482        5.27123
4482       0.258418
4482        4.89818
4482        3.47723
4482        3.37312
4482        3.79692
4482        6.06404
4482        3.89449
4482         2.5618
4482       0.265949
4482        4.74881
4482        2.86696
4482       0.296482
4482        4.36868
4482         2.9855
4482         2.1291
4482       0.633742
4482        6.18269
4482       0.821028
4482        1.54008
4482        3.06556
4482        1.85647
4482        3.56101
4482        2.44779
4482        5.48891
4482       0.859707
4482         3.4617
4482       0.217165
4482        4.07037
4482        5.36341
4482        5.70783
4482        4.48738
4482      0.0362639
4482        3.10613
4482        3.31787
4482        4.28452
4482        1.61729
4482       0.276213
4482        5.01426
4482        4.64024
4482        5.64158
4482        6.27314
4482        2.53418
4482       0.967538
4482        4.76477
4482         3.1201
4482       0.702904
4482        3.94838
4482        4.10468
4482        1.39044
4482        1.89595
4482       0.836591
4482        4.56308
4482        3.09657
4482        4.62222
4482        1.51464
4482        3.39908
4482        1.93548
4482        5.65118
4482       0.348805
4482        5.75201
4482        6.22341
4482        5.12153
4482       0.110883
4482        4.85474
4482       0.784659
4482        0.33382
4482         5.6327
4482       0.420206
4482        4.55142
4482         2.9836
4482        4.46867
4482        2.84552
4482        3.70596
4482        3.56241
4482        5.91416
4482        1.90544
4482        3.24148
4482         2.5851
4482        3.60034
4482        1.38123
4482        4.38271
4482        2.15174
4482       0.634931
4482       0.280625
4482         2.4505
4482       0.923039
4482        3.92269
4482         1.8353
4482        3.22475
4482        3.41907
4482        5.95856
4482        2.04222
4482        1.26617
4482        2.60663
4482        3.08088
4482        2.93358
4482        4.13974
4482        4.91268
4482        1.07087
4482         2.0689
4482        5.46671
4482        1.51289
4482         4.1601
4482       0.872262
4482        4.77348
4482         3.8384
4482        3.33023
4482        3.60832
4482        5.43148
4482        4.77509
4482        4.66528
4482        3.64025
4482        2.03427
4482         5.6644
4482        4.31192
4482        1.31303
4482        1.04627
4482        4.84239
4482        1.86756
4482        3.71507
4482        3.49846
4482        3.86632
4482        0.22732
4482        2.85343
4482        3.25942
4482      0.0354139
4482        4.50082
4482       0.633539
4482        6.20451
4482        2.93361
4482        3.68498
4482        5.95491
4482         5.5421
4482        3.21743
4482     0.00252519
4482        3.93945
4482       0.914093
4482        3.42288
4482        1.93064
4482        2.93868
4482        4.26902
4482        2.15882
4482        2.02898
4482       0.198332
4482        5.70301
4482        6.12936
4482         3.9325
4482        5.66664
4482        5.19698
4482        6.05884
4482        5.10478
4482        3.21701
4482        6.27675
4482        2.01377
4482        2.92909
4482        2.81708
4482         3.0261
4482        6.09548
4482        1.71221
4482       0.503082
4482        5.76544
4482        4.23606
4482       0.598858
4482         1.0042
4482        1.85522
4482        2.94397
4482        3.08858
4482        2.52148
4482         6.2604
4482       0.563756
4482        6.27222
4482        3.85866
4482       0.766068
4482        3.97864
4482       0.731057
4482        5.25384
4482        5.98574
4482        3.70105
4482       0.739069
4482        5.95837
4482       0.160007
4482        4.62882
4482        3.30746
4482        2.67995
4482        3.41022
4482        4.26684
4482        1.42865
4482         5.3106
4482        4.53479
4482        0.33797
4482        2.78899
4482        5.54203
4482        4.40167
4482        6.05398
4482        5.13234
4482        3.74018
4482        2.25032
4482         4.2494
4482        2.82498
4482        3.42892
4482        1.04811
4482        0.81396
4482        0.23713
4482        3.71745
4482        3.45418
4482        2.29208
4482        4.94771
4482        2.76072
4482        3.18541
4482       0.235936
4482       0.787857
4482       0.455409
4482        2.15005
4482        6.14373
4482        1.63688
4482        4.54953
4482        5.19972
4482       0.736594
4482        2.19309
4482        3.85094
4482        4.66661
4482        3.05162
4482        3.90816
4482        3.67986
4482        6.21484
4482        4.67529
4482      0.0533492
4482         1.9946
4482        2.95066
4482        1.00038
4482       0.236596
4482        3.38644
4482        0.88132
4482        3.76316
4482         3.1601
4482        1.23062
4482         5.9236
4482        3.98716
4482         1.6709
4482        5.87642
4482        4.69375
4482        2.89166
4482        3.13353
4482         4.7618
4482        3.69933
4482        3.26198
4482        3.13365
4482          2.668
4482        1.04103
4482        5.32125
4482        3.02112
4482        1.11094
4482       0.689885
4482        4.63795
4482        2.21657
4482        1.99334
4482       0.666221
4482       0.288135
4482        1.71984
4482        3.92046
4482        1.36521
4482       0.850558
4482        3.51051
4482       0.333273
4482        5.04087
4482        2.80354
4482        2.55416
4482       0.106924
4482        4.25857
4482        6.18436
4482        3.91328
4482        5.53739
4482        5.77405
4482       0.131667
4482        1.52591
4482        5.04781
4482       0.132583
4482       0.293897
4482       0.256384
4482       0.917607
4482        2.15408
4482        1.74872
4482        5.94527
4482       0.270648
4482        4.30987
4482       0.655721
4482        3.91455
4482        4.33705
4482        3.37923
4482        3.91319
4482        3.76534
4482        1.00047
4482       0.199636
4482       0.730765
4482       0.226836
4482        6.14009
4482       0.190167
4482        0.11604
4482        4.76772
4482        2.09202
4482         1.5626
4482        3.19982
4482        5.54135
4482        1.46718
4482        4.10507
4482       0.290397
4482        2.97198
4482        3.11088
4482        3.66436
4482        5.56453
4482       0.358585
4482        4.13366
4482       0.621556
4482        3.25524
4482       0.362131
4482       0.396974
4482       0.287171
4482        3.24261
4482        5.80757
4482         4.9146
4482        4.07614
4482          3.912
4482        1.45957
4482       0.100962
4482        1.67717
4482         3.3362
4482        2.86457
4482        4.35558
4482        3.96559
4482        2.59544
4482         5.7269
4482        4.20953
4482        3.47966
4482        4.91208
4482        1.40868
4482        5.23778
4482        2.10857
4482         4.0025
4482        6.18385
4482         3.0809
4482       0.936565
4482        3.60929
4482        1.94098
4482        1.12419
4482       0.814413
4482        4.60183
4482       0.614539
4482        3.54658
4482       0.216592
4482       0.604651
4482        3.42138
4482        4.02327
4482         5.9808
4482       0.646832
4482        5.08635
4482       0.589981
4482       0.886223
4482        3.89389
4482       0.875364
4482        4.56507
4482        1.47674
4482        4.05432
4482        1.29384
4482        3.62988
4482         5.2582
4482         1.1249
4482        1.25167
4482        3.57553
4482       0.356857
4482       0.364639
4482        1.62343
4482        1.27056
4482        3.98594
4482        4.38837
4482        3.96774
4482        3.11649
4482        1.36847
4482        4.26051
4482       0.416232
4482        1.82571
4482        2.34015
4482         1.9074
4482        4.59941
4482        3.93761
4482        1.33924
4482        3.31701
4482        4.36503
4482        2.12315
4482        5.41511
4482        5.64661
4482        3.64739
4482        5.80828
4482       0.758206
4482         2.8269
4482      0.0707178
4482       0.222054
4482       0.642901
4482        4.66045
4482        1.45285
4482        4.70461
4482      0.0870383
4482         4.0983
4482         1.5515
4482        6.24626
4482        4.10078
4482       0.514392
4482        2.68586
4482        4.04544
4482        5.28968
4482        4.13793
4482        6.21646
4482        3.72337
4482        3.32989
4482        0.69676
4482       0.751455
4482        4.56538
4482        4.47619
4482        3.01153
4482        2.16809
4482        3.30139
4482       0.965663
4482      0.0671452
4482        2.94579
4482        3.90161
4482        1.51585
4482        3.58346
4482        5.65981
4482        4.11147
4482        4.76057
4482        6.01269
4482        3.52628
4482        3.59377
4482        6.12885
4482        3.78164
4482       0.973054
4482        1.03054
4482       0.976725
4482        3.72182
4482        1.19542
4482        2.82586
4482        1.08922
4482        3.47175
4482        1.28214
4482        5.44242
4482        3.81247
4482        2.28474
4482        6.19399
4482        3.60982
4482        1.44775
4482        3.66539
4482        0.65114
4482        0.59605
4482        4.01154
4482        4.16711
4482        3.42982
4482        3.70724
4482        1.27397
4482        3.59779
4482        2.44862
4482        1.06805
4482        4.37558
4482        1.28748
4482       0.762537
4482        2.09036
4482        1.30593
4482        3.66406
4482        5.51619
4482        4.64329
4482        2.79242
4482        3.90038
4482        6.27425
4482        6.02266
4482        1.50015
4482        5.38432
4482        5.74512
4482       0.321265
4482        4.71498
4482       0.658763
4482        3.50904
4482        3.81022
4482        5.25864
4482        3.27266
4482        0.15649
4482      0.0905535
4482        1.48433
4482        1.75136
4482        2.68927
4482       0.379063
4482        2.77047
4482        2.85628
4482        3.57818
4482       0.489356
4482        0.23815
4482         3.7219
4482       0.721092
4482         3.6837
4482       0.789341
4482        6.13211
4482       0.928576
4482        4.06787
4482        1.32943
4482        5.89273
4482        4.21741
4482        4.23536
4482        4.16378
4482         1.0435
4482        3.48775
4482        3.13146
4482        1.30401
4482        4.34818
4482        2.62505
4482      0.0921262
4482        1.20931
4482       0.260431
4482       0.819828
4482        5.48989
4482         4.9578
4482        1.85981
4482        5.18814
4482        0.27246
4482        5.62601
4482        5.05033
4482        3.24919
4482          1.687
4482        1.01395
4482        3.18245
4482        6.03711
4482        2.31396
4482        3.17646
4482         6.2642
4482        5.79288
4482        2.94417
4482        3.92609
4482        5.59223
4482        3.23317
4482       0.734024
4482        3.25669
4482        2.50007
4482         3.7556
4482        2.28675
4482        2.01157
4482        2.74213
4482        3.89456
4482       0.736564
4482        5.15462
4482        4.60159
4482        5.58704
4482       0.449369
4482        2.06176
4482       0.515411
4482       0.220206
4482       0.331539
4482        3.96106
4482        4.61219
4482        2.97457
4482        4.68278
4482        4.14932
4482        4.04193
4482        3.59236
4482       0.953732
4482        5.21113
4482        3.77092
4482        2.05992
4482        5.15265
4482         2.4861
4482        6.13164
4482        2.78427
4482        2.34407
4482        5.79655
4482        4.15735
4482        1.35126
4482       0.820443
4482        1.91807
4482       0.474833
4482        2.86692
4482        4.36081
4482        2.98845
4482         4.6267
4482        4.25054
4482       0.310213
4482        1.39506
4482        4.11921
4482       0.532196
4482        3.07843
4482       0.990299
4482       0.178715
4482        4.50869
4482        3.91122
4482        1.49221
4482        4.41474
4482        0.71323
4482        4.40046
4482        1.40871
4482        4.62552
4482        3.94633
4482        3.40621
4482        2.57327
4482        3.35305
4482        4.48035
4482       0.531039
4482        4.71792
4482        2.35688
4482        5.36508
4482        3.17031
4482        4.22661
4482       0.780903
4482       0.929496
4482        2.21122
4482        1.36039
4482        5.73823
4482        4.54326
4482        3.32798
4482        0.94321
4482        0.16217
4482         3.4678
4482        4.68628
4482        1.43134
4482       0.119916
4482        1.60626
4482        5.88135
4482        3.24164
4482        3.67983
4482        2.18082
4482        2.83545
4482         3.5174
4482         4.8609
4482       0.706013
4482        3.44059
4482        2.18031
4482       0.802005
4482        5.23529
4482        2.68771
4482        3.02419
4482        3.13979
4482       0.300465
4482         4.8711
4482        4.31824
4482        1.80712
4482        3.59969
4482       0.606597
4482        5.11822
4482        4.09948
4482        5.99442
4482        2.46597
4482        3.88301
4482        4.19912
4482        3.74438
4482        6.17682
4482        3.17609
4482        3.46783
4482        1.00778
4482        1.66376
4482        3.38906
4482        3.80587
4482         5.6553
4482       0.920689
4482        0.17394
4482        3.36355
4482       0.391227
4482        1.44754
4482       0.209494
4482         6.0819
4482       0.748252
4482        4.11165
4482       0.737192
4482        2.99758
4482        3.83578
4482       0.143034
4482        2.55849
4482        1.44373
4482        5.49999
4482        4.10151
4482        5.50607
4482        1.18059
4482        2.73782
4482        4.26726
4482       0.565499
4482        3.60176
4482        2.64992
4482       0.284936
4482        3.28176
4482        4.05381
4482       0.362483
4482        5.21007
4482        5.73317
4482        4.72829
4482        3.51213
4482        4.26599
4482       0.775611
4482        2.05074
4482       0.547387
4482        3.08663
4482        2.36933
4482        3.02059
4482        4.43453
4482        6.16352
4482       0.212522
4482        2.68531
4482        1.81074
4482        4.24267
4482        2.16387
4482         4.3128
4482         5.5893
4482       0.584059
4482       0.151475
4482       0.770646
4482       0.820861
4482        1.46822
4482        5.66748
4482        2.86196
4482        3.42718
4482       0.923069
4482        1.12112
4482        2.18553
4482        4.35153
4482        3.76078
4482        4.71108
4482      0.0665709
4482        2.36417
4482         3.7312
4482       0.225551
4482      0.0153668
4482        3.46321
4482        2.30607
4482        2.61795
4482        3.98775
4482        2.85192
4482        3.36041
4482        4.05973
4482        3.03407
4482       0.742589
4482         3.9873
4482          1.383
4482        4.47823
4482        4.09976
4482        4.45788
4482        1.52083
4482        1.88082
4482        3.56705
4482        6.16372
4482        3.34769
4482        1.36706
4482        3.57885
4482        1.16216
4482       0.928176
4482        3.13359
4482       0.258633
4482      0.0413054
4482        5.63728
4482        2.04663
4482        5.54108
4482        2.88328
4482        4.74527
4482       0.873343
4482         2.7699
4482       0.720316
4482         3.7917
4482        2.68969
4482        3.31843
4482       0.782785
4482       0.541205
4482        1.42361
4482        4.97326
4482         5.4416
4482        3.09616
4482        2.09664
4482        3.99172
4482        2.96414
4482        2.92155
4482      0.0764107
4482         3.7944
4482        5.09315
4482        6.13539
4482        4.47238
4482        6.23781
4482        3.65858
4482         4.2958
4482        3.90731
4482        5.04716
4482        4.66035
4482        2.86158
4482        3.27702
4482       0.955945
4482        4.49639
4482        4.63191
4482       0.815602
4482        1.39375
4482        3.23053
4482      0.0819461
4482        3.63721
4482        3.94618
4482        3.15183
4482        3.71284
4482       0.994499
4482         1.2297
4482        3.14987
4482        4.01237
4482       0.361248
4482        3.68633
4482        5.17907
4482        2.89555
4482        3.17544
4482        1.10772
4482        6.21755
4482        4.71283
4482        1.04074
4482        3.23074
4482       0.278048
4482        3.40173
4482        3.24868
4482       0.709165
4482       0.619212
4482        2.35075
4482        5.96526
4482        5.43006
4482        6.03831
4482        4.04887
4482         2.3382
4482        2.56695
4482        0.29268
4482        5.17233
4482       0.333759
4482        2.12819
4482        3.12113
4482        3.49749
4482        5.08096
4482        3.98236
4482        1.13961
4482        5.28178
4482        2.91682
4482        4.18862
4482        3.81294
4482        3.66226
4482       0.699901
4482        4.04789
4482        3.03487
4482       0.250595
4482        3.81766
4482        1.17359
4482        4.23483
4482        3.44475
4482        3.54003
4482        4.17843
4482        3.04299
4482        1.82246
4482        3.45887
4482        1.82763
4482        3.58703
4482        1.02668
4482        3.14375
4482        4.88185
4482        1.53995
4482        5.13598
4482       0.660557
4482        3.97902
4482        1.20059
4482        1.03453
4482         4.5519
4482         5.3273
4482        2.95329
4482         2.8515
4482         2.7121
4482         3.3819
4482        4.17514
4482        3.40277
4482        3.70631
4482        3.90557
4482        5.90957
4482       0.844253
4482       0.983675
4482        3.25826
4482        5.74771
4482       0.957528
4482        4.63586
4482        4.39121
4482        3.06775
4482      0.0576797
4482        1.18822
4482         1.5864
4482        5.86996
4482        4.46172
4482        4.83194
4482         6.1979
4482       0.277326
4482        3.76289
4482        1.90784
4482        4.09182
4482         3.4932
4482         2.2664
4482        3.90088
4482        5.91329
4482        1.18639
4482       0.248185
4482        3.56812
4482       0.852978
4482        1.54224
4482        4.91716
4482       0.694137
4482        1.14217
4482        1.39853
4482        4.15544
4482       0.531932
4482       0.398605
4482        6.15414
4482        1.43454
4482         4.9322
4482        1.36011
4482        2.87478
4482        0.34812
4482        3.22677
4482        4.42663
4482        4.48879
4482         1.2343
4482        1.19325
4482        1.15594
4482        5.11081
4482        4.14614
4482        4.15205
4482        4.17067
4482        3.63372
4482        1.05194
4482        1.28339
4482        3.84107
4482        3.12032
4482       0.241367
4482        4.19791
4482        3.01396
4482        1.10596
4482        1.96163
4482         2.5745
4482       0.782566
4482        2.14722
4482        4.08296
4482        1.16225
4482      0.0886642
4482        5.04231
4482         4.2088
4482        5.96047
4482       0.770973
4482       0.931162
4482        2.82433
4482        2.87373
4482        5.57799
4482        1.83939
4482       0.572047
4482        1.58865
4482        3.13476
4482        3.75615
4482        3.02478
4482       0.461793
4482        2.96834
4482        4.06446
4482        6.15865
4482        4.51174
4482        1.88848
4482         1.3229
4482        4.75248
4482        3.55486
4482       0.776316
4482        3.81274
4482        4.05796
4482     0.00317819
4482        5.11675
4482        3.53888
4482        6.25418
4482       0.668576
4482         5.6366
4482        1.71457
4482        1.63311
4482       0.222763
4482        4.09996
4482        4.62293
4482        2.33136
4482        3.75449
4482        1.49754
4482        5.18383
4482        3.89567
4482        4.62826
4482        3.29447
4482        3.56717
4482        2.69257
4482        0.42781
4482        5.44359
4482        3.85164
4482      0.0391502
4482        6.14883
4482       0.514996
4482        5.62415
4482        1.42427
4482        3.91185
4482       0.461847
4482        3.30762
4482        1.44486
4482        3.16758
4482         2.1697
4482        1.45636
4482        2.12198
4482        3.56466
4482       0.695791
4482        2.95322
4482        1.87283
4482        6.06907
4482        4.91904
4482        1.35615
4482        1.02885
4482        1.39897
4482        4.05255
4482        2.25509
4482       0.317479
4482        3.22019
4482       0.675139
4482        3.02845
4482        1.16653
4482        4.17402
4482        3.81423
4482        1.46141
4482        4.34345
4482        4.55704
4482       0.911218
4482       0.957028
4482       0.718755
4482       0.450713
4482        4.78121
4482        3.50518
4482        4.43841
4482        4.73236
4482        2.84641
4482       0.744878
4482         4.8446
4482        4.41101
4482        3.85724
4482        4.08462
4482        2.66377
4482        2.07759
4482        3.05275
4482        1.61796
4482        2.34194
4482        5.60991
4482       0.847829
4482        3.47159
4482        1.52255
4482        3.76397
4482        4.61082
4482        1.73585
4482       0.689734
4482        5.15482
4482       0.201093
4482         1.2425
4482         2.5513
4482        2.19754
4482        3.66008
4482        4.99349
4482        3.68618
4482        3.63085
4482        5.56444
4482        4.88111
4482      0.0462066
4482       0.455668
4482        4.45232
4482        3.71098
4482        2.98718
4482        1.96656
4482        3.51717
4482       0.839765
4482        2.19035
4482        4.07825
4482        1.74926
4482        4.48217
4482       0.210188
4482        6.25138
4482        4.20125
4482        5.59591
4482        3.68569
4482         1.1273
4482        1.16296
4482        4.98802
4482        5.88398
4482        0.50366
4482        2.86834
4482       0.362359
4482        4.25525
4482          6.114
4482       0.182162
4482         1.6834
4482        3.84351
4482        5.87265
4482        2.27585
4482        1.40986
4482        1.15553
4482       0.976179
4482        3.70142
4482        4.57288
4482        4.21767
4482        3.89088
4482        3.06513
4482        6.22146
4482        5.15185
4482        3.61272
4482        3.90865
4482        3.92093
4482        2.47625
4482        4.23336
4482        1.52633
4482        3.07918
4482       0.755993
4482        6.01406
4482        3.21109
4482        1.03034
4482        3.25542
4482        2.07152
4482        2.71411
4482       0.881324
4482        1.31797
4482       0.826195
4482        4.23078
4482        2.17056
4482      0.0593096
4482        4.14504
4482        2.82409
4482       0.963555
4482        2.85475
4482        4.09891
4482        3.82624
4482       0.245251
4482       0.107098
4482         1.8769
4482        5.33017
4482        4.35919
4482       0.461238
4482        4.72349
4482        1.06762
4482        1.49198
4482        5.12987
4482        0.23225
4482        1.34416
4482        5.42242
4482        1.79888
4482       0.827243
4482       0.825802
4482        4.91039
4482        4.72361
4482        3.52239
4482        1.02493
4482          5.942
4482        3.75643
4482        3.05886
4482        3.51993
4482        2.01245
4482        0.27756
4482        5.43852
4482        1.46909
4482        5.88268
4482        3.96238
4482       0.539824
4482        1.13125
4482        6.15144
4482        1.58959
4482       0.521104
4482         1.2475
4482        3.54253
4482       0.712188
4482        1.65254
4482         4.0541
4482        1.89179
4482        5.36704
4482        2.81777
4482        4.52259
4482        4.99012
4482        3.73541
4482       0.420658
4482        1.85113
4482        1.13874
4482        3.92264
4482        3.49364
4482        1.26465
4482        1.06734
4482       0.396066
4482        3.56558
4482         4.9669
4482         1.1651
4482        1.45038
4482        4.36478
4482        1.11153
4482        0.36921
4482        1.41621
4482        3.10827
4482        2.13009
4482       0.269528
4482        1.88853
4482        4.44645
4482        1.33073
4482        2.92174
4482        1.03595
4482        4.48901
4482        1.65117
4482        2.93655
4482        6.27767
4482        1.08748
4482        0.86369
4482        4.23199
4482        1.38151
4482       0.857793
4482        2.86344
4482        3.66079
4482        2.51311
4482       0.954811
4482        4.30873
4482        3.77083
4482       0.780187
4482        3.21562
4482        3.79475
4482        0.47611
4482        5.56853
4482        1.13286
4482        4.69926
4482        2.53397
4482        3.23665
4482        5.64437
4482        3.62614
4482        3.53763
4482        1.26692
4482        1.86971
4482        1.60794
4482        3.45177
4482       0.109877
4482       0.402661
4482        3.70799
4482        3.18932
4482        1.70241
4482        2.98068
4482        5.69546
4482       0.804068
4482        1.07659
4482        2.87376
4482        4.55513
4482         5.8884
4482        3.14734
4482        6.17055
4482         1.4264
4482        4.31479
4482       0.948895
4482        5.00654
4482        1.86094
4482         5.3441
4482        4.66931
4482        1.84688
4482        5.28981
4482       0.784801
4482        4.78701
4482       0.583986
4482        3.01445
4482        1.04302
4482        4.47438
4482        6.16253
4482        4.87529
4482        0.18031
4482      0.0483905
4482       0.736591
4482       0.225837
4482        3.26173
4482      0.0738501
4482        3.79338
4482        4.86065
4482        5.80894
4482         5.1377
4482        3.55138
4482       0.775836
4482        1.38876
4482        1.08018
4482        4.06232
4482      0.0665731
4482        0.57591
4482        4.26997
4482       0.650425
4482        2.70158
4482        4.02699
4482        1.72477
4482        4.35459
4482        3.22106
4482        2.53484
4482        3.72151
4482        3.13135
4482        5.68067
4482      0.0820252
4482        5.78556
4482        3.75382
4482        1.14454
4482        3.17755
4482        4.11326
4482      0.0673637
4482        1.78396
4482        3.19442
4482        3.80592
4482        4.59385
4482        6.20668
4482         1.6122
4482        2.96699
4482        3.66989
4482       0.644704
4482        5.74838
4482         4.6154
4482        3.75925
4482       0.323578
4482        1.11213
4482         2.4064
4482        2.78464
4482       0.224969
4482        5.41847
4482        4.47264
4482       0.831479
4482        4.59137
4482        2.88585
4482       0.885647
4482        1.12338
4482        5.64448
4482        1.96054
4482         1.3438
4482        1.36469
4482        1.09512
4482        4.88001
4482        2.28055
4482        2.74343
4482        2.85848
4482        5.01045
4482        2.58429
4482        3.89473
4482        2.47816
4482        4.93866
4482        3.22305
4482      0.0435698
4482       0.343604
4482        1.24006
4482        1.73776
4482        2.41414
4482       0.943917
4482         4.9987
4482        3.26405
4482        5.14323
4482        4.82277
4482        3.82469
4482        4.59258
4482        4.04478
4482        3.37758
4482       0.124517
4482      0.0248983
4482         4.4672
4482         3.1685
4482        3.64775
4482        4.32794
4482        1.15816
4482        6.03383
4482        2.02554
4482       0.870347
4482        1.30996
4482        1.83474
4482        6.11825
4482        1.64709
4482        6.27534
4482        6.18542
4482       0.963496
4482        3.44306
4482        4.99878
4482       0.356784
4482        4.50214
4482        2.54795
4482       0.116206
4482        3.75986
4482        3.71997
4482       0.757446
4482      0.0963765
4482       0.163896
4482        3.89629
4482        4.52003
4482        3.69307
4482        3.37298
4482        1.26371
4482        2.63222
4482        0.36435
4482        3.44341
4482        3.62547
4482        3.33378
4482        3.87973
4482        1.36528
4482        4.90943
4482        4.31199
4482        5.44704
4482        3.74685
4482        3.92113
4482       0.373709
4482       0.930402
4482       0.549077
4482        4.84403
4482        3.35788
4482        3.52972
4482       0.489327
4482        1.38155
4482         6.0386
4482        3.82354
4482        3.03993
4482        1.47621
4482       0.509638
4482       0.338162
4482        3.58532
4482         1.2626
4482       0.402178
4482        1.37835
4482        3.94722
4482        1.12162
4482        5.56757
4482       0.949447
4482        4.45874
4482        1.87575
4482        2.21932
4482        5.04311
4482        3.49867
4482        3.68203
4482        3.52465
4482        1.33683
4482        1.26203
4482        6.21378
4482       0.995483
4482        6.04258
4482        2.37609
4482        1.23917
4482       0.552589
4482        5.16848
4482        4.77863
4482        3.03877
4482        2.55734
4482        0.21269
4482        1.17696
4482         5.9149
4482        2.78331
4482        4.44098
4482        3.23919
4482       0.561063
4482         5.7127
4482       0.625931
4482        3.80471
4482        1.77029
4482        3.29837
4482       0.405015
4482         6.0526
4482       0.695237
4482       0.829061
4482       0.667616
4482       0.339681
4482        3.32312
4482        5.39163
4482       0.262516
4482        4.25638
4482        4.52693
4482       0.710552
4482       0.946364
4482        1.27659
4482       0.164704
4482        2.01819
4482        5.05081
4482         3.4225
4482          3.054
4482       0.812283
4482        5.95613
4482        4.40415
4482       0.985164
4482        3.36689
4482         2.1747
4482       0.694739
4482        1.51422
4482        2.88373
4482        3.45972
4482        4.22515
4482        3.32575
4482        2.56948
4482        3.26338
4482         1.2105
4482        3.92222
4482        2.47344
4482         3.7203
4482         1.0321
4482         2.6595
4482        3.14023
4482       0.555673
4482        3.58333
4482       0.594423
4482        6.12377
4482        1.13996
4482        6.05767
4482       0.432009
4482        4.54577
4482        5.93445
4482        3.78528
4482       0.748514
4482        3.80541
4482        0.78502
4482        2.59237
4482         5.6977
4482        2.34067
4482        3.81562
4482        3.85037
4482        5.40203
4482        6.25211
4482        3.55556
4482        3.28058
4482      0.0290337
4482        4.35967
4482        3.90776
4482       0.056481
4482       0.897787
4482         1.3264
4482       0.804797
4482        4.27946
4482        4.22779
4482         1.0993
4482        1.36345
4482        4.20379
4482        3.95263
4482        3.06097
4482        3.42573
4482        2.89062
4482        3.59525
4482        3.05225
4482        4.95785
4482        3.63296
4482        3.67926
4482        4.98509
4482        4.92984
4482       0.193722
4482        5.42926
4482        2.43781
4482        5.05281
4482        4.11118
4482       0.123082
4482        3.92301
4482        2.76981
4482        1.57106
4482        2.00896
4482        3.36959
4482        0.09655
4482        1.47899
4482        4.41737
4482        4.04957
4482       0.879662
4482        4.30899
4482        4.69485
4482        3.01804
4482        0.57699
4482         3.0818
4482       0.813562
4482        1.12441
4482        4.38711
4482        5.21976
4482        3.49361
4482         6.2047
4482        3.98189
4482        6.24508
4482        4.71496
4482        1.44275
4482        3.52065
4482        1.52419
4482        3.32254
4482        2.84104
4482        3.97834
4482        3.48173
4482         6.0954
4482        1.76537
4482       0.602781
4482        4.77217
4482        5.27547
4482       0.839578
4482        4.39772
4482        3.52814
4482        5.28629
4482        4.77236
4482        3.29846
4482        2.21456
4482       0.866774
4482        3.17878
4482        4.79899
4482        1.20179
4482        2.68455
4482        6.12745
4482        6.27755
4482        4.25103
4482        3.78597
4482        1.61741
4482        4.35329
4482        4.54306
4482       0.276691
4482         4.3758
4482       0.894698
4482        1.91522
4482         5.0513
4482       0.657245
4482        0.35121
4482        3.41707
4482       0.742149
4482       0.803634
4482        4.39613
4482        5.98297
4482       0.288783
4482       0.969169
4482       0.198276
4482        1.12961
4482        4.24913
4482        2.91511
4482        5.91404
4482       0.791571
4482        4.43752
4482       0.687634
4482        5.86372
4482           3.75
4482        2.83319
4482       0.336438
4482        2.80569
4482        1.56155
4482        1.81733
4482        3.23671
4482       0.167925
4482       0.622617
4482        1.07047
4482        5.09633
4482        6.20542
4482       0.279081
4482         5.3677
4482         1.8065
4482        2.78702
4482        3.96369
4482        4.43554
4482        2.64201
4482        3.51987
4482        1.30363
4482        0.93104
4482        1.87512
4482        3.84676
4482        2.95534
4482        3.27478
4482       0.590959
4482        6.27038
4482       0.381502
4482        4.51959
4482       0.926208
4482        3.17437
4482        4.48992
4482        5.89594
4482        4.22127
4482        3.61173
4482       0.640882
4482        4.81559
4482        4.33181
4482        2.99798
4482        4.74971
4482        4.76545
4482        4.78779
4482        5.62104
4482        4.43036
4482        2.92299
4482       0.859091
4482         5.3736
4482        6.27919
4482        1.84054
4482        6.24442
4482          2.093
4482        1.87134
4482        0.52437
4482      0.0336156
4482         3.4958
4482        5.29039
4482        5.29165
4482        3.92236
4482        3.23403
4482       0.877854
4482        1.93959
4482       0.085191
4482        1.26472
4482        2.56638
4482        5.38492
4482        2.43461
4482        3.21743
4482        3.90579
4482       0.731674
4482       0.720648
4482        2.15202
4482       0.555294
4482        6.06885
4482       0.642394
4482         1.3026
4482         2.4637
4482       0.591536
4482       0.822974
4482        3.78779
4482       0.289025
4482        2.07309
4482        3.73675
4482      0.0718631
4482        3.05504
4482         1.0235
4482        3.22293
4482        5.91288
4482        5.87603
4482        5.61373
4482        3.17164
4482      0.0513061
4482        5.79851
4482        4.41595
4482        3.05805
4482       0.768232
4482        2.79289
4482        1.78618
4482        3.12141
4482        2.03608
4482      0.0930328
4482        1.90177
4482        3.71865
4482        1.12245
4482       0.980256
4482        2.90179
4482        3.03507
4482        3.15952
4482        4.37364
4482        2.69133
4482       0.833816
4482        3.64971
4482        4.96073
4482        0.84823
4482        1.27627
4482         5.5006
4482        4.27098
4482        1.39976
4482       0.051188
4482        1.19393
4482        5.56952
4482       0.014409
4482         6.1568
4482        2.35582
4482        1.49784
4482       0.419666
4482        3.72318
4482        4.28453
4482        2.39141
4482        1.87082
4482        3.85109
4482        3.31208
4482        3.32736
4482        1.49813
4482        3.39281
4482        5.81475
4482        3.37103
4482        3.58033
4482         5.9809
4482        4.39733
4482        3.63486
4482         4.2249
4482        2.96017
4482        5.94819
4482        6.04178
4482        2.97988
4482        2.99737
4482        5.66122
4482        3.16892
4482        3.05372
4482       0.882567
4482        4.85866
4482       0.603705
4482        4.13603
4482        4.00945
4482       0.605665
4482        3.60703
4482       0.498977
4482        4.08193
4482       0.554452
4482        3.41292
4482        4.21196
4482        3.61707
4482        4.67904
4482       0.505395
4482        1.38813
4482        3.13805
4482        6.21572
4482         2.1764
4482        1.76839
4482        6.11637
4482        5.11777
4482       0.890804
4482        3.04515
4482        1.32858
4482        2.08172
4482      0.0741624
4482        3.56431
4482        5.68725
4482        1.20292
4482        0.38454
4482       0.823822
4482        1.70594
4482        3.47968
4482        1.14135
4482      0.0201148
4482        4.76941
4482        5.78158
4482       0.797157
4482       0.888255
4482        6.09107
4482        4.27533
4482         4.1558
4482        3.41464
4482        3.45917
4482        1.30474
4482        3.11087
4482        4.08697
4482        4.10779
4482        3.52356
4482        5.71837
4482        4.14483
4482         3.7189
4482        1.03459
4482        1.14057
4482       0.261181
4482        2.73087
4482          4.081
4482        2.15632
4482         5.0382
4482        2.22711
4482        3.54687
4482         4.5719
4482       0.421184
4482        3.61639
4482         1.0598
4482        2.56114
4482        1.01091
4482        2.70605
4482        3.38664
4482        6.01556
4482        6.15391
4482       0.518173
4482        4.27472
4482       0.718227
4482        1.20571
4482        3.12611
4482        4.39052
4482       0.631544
4482        1.53201
4482        2.95149
4482        0.61302
4482       0.151629
4482        5.01228
4482        4.73852
4482        3.32223
4482        1.43203
4482       0.893807
4482        3.08653
4482        4.68271
4482       0.725794
4482        1.61545
4482        6.01538
4482        6.17911
4482        6.25917
4482        3.70399
4482        1.46762
4482       0.314899
4482        3.42857
4482        1.15187
4482        1.76035
4482        4.35172
4482        3.21958
4482        5.93874
4482        4.29561
4482        4.42499
4482        4.04159
4482         3.4223
4482       0.878446
4482         4.4151
4482       0.966004
4482       0.559267
4482         3.8741
4482        1.42673
4482       0.645246
4482        1.71552
4482        2.24617
4482        4.03377
4482       0.911659
4482        6.26367
4482        4.03508
4482        6.19507
4482        3.24754
4482        2.79222
4482       0.510118
4482       0.562957
4482       0.587311
4482        3.51549
4482        2.77481
4482        3.18495
