4088         6.1784
4088        3.81479
4088        4.17889
4088         1.4152
4088        2.88908
4088        2.27149
4088        3.97112
4088        5.96718
4088        1.23451
4088        5.80606
4088        2.01354
4088          4.975
4088        3.25132
4088        1.12058
4088         1.6074
4088        4.98162
4088       0.286374
4088        3.78617
4088        4.25004
4088        0.52956
4088        0.43965
4088        1.77652
4088       0.697212
4088        3.48223
4088        3.81267
4088        2.80582
4088        5.40796
4088       0.148115
4088        6.05254
4088        4.17302
4088        1.74498
4088        3.38445
4088       0.770219
4088        2.54954
4088        5.90428
4088        4.89671
4088        5.94849
4088        1.69654
4088        3.51816
4088      0.0680898
4088        3.89602
4088        5.05582
4088        4.94678
4088        4.84409
4088        5.02856
4088        5.29032
4088        2.95971
4088        1.95688
4088        4.94002
4088        3.78519
4088        3.64531
4088        2.98121
4088      0.0305976
4088        3.20135
4088        1.40874
4088        6.21352
4088        2.18797
4088         0.8394
4088        2.71064
4088        4.81585
4088        5.90154
4088        2.30293
4088          5.748
4088        1.87375
4088        4.07074
4088        2.28928
4088        2.51691
4088        1.53586
4088         1.7155
4088        5.04227
4088        3.37463
4088        5.95546
4088        4.54032
4088        3.54184
4088        4.46539
4088        4.02038
4088        4.16514
4088        2.22643
4088        3.97026
4088       0.130341
4088        2.30808
4088        3.23811
4088        1.38797
4088        4.72536
4088        2.37274
4088        3.55906
4088        2.32585
4088        5.39527
4088        1.77841
4088        4.95401
4088        1.11274
4088        3.75531
4088         3.9913
4088        3.07305
4088        4.36981
4088       0.678117
4088        2.30519
4088        3.80861
4088         5.4699
4088        5.17203
4088        1.47762
4088        4.61237
4088        2.75579
4088        3.46729
4088       0.378252
4088        2.86608
4088       0.980229
4088        3.41867
4088        4.92142
4088        2.87754
4088        3.07452
4088        1.55973
4088        1.35846
4088        4.99458
4088        4.22436
4088        4.29389
4088          1.431
4088        3.89701
4088        4.94525
4088        5.48255
4088       0.870622
4088        1.14917
4088        1.09112
4088        5.41348
4088       0.402284
4088        2.30948
4088        3.62336
4088        3.77573
4088        2.25245
4088        1.33152
4088        4.51854
4088        3.67293
4088        1.39068
4088        4.18796
4088        2.89109
4088       0.738764
4088        5.68821
4088        3.28196
4088         2.7661
4088        3.28073
4088        4.88919
4088        3.21444
4088        3.27979
4088       0.913117
4088         1.5666
4088        4.28132
4088        5.96392
4088        3.72514
4088        3.06651
4088       0.956509
4088        1.44404
4088        2.56548
4088        5.67349
4088        2.81003
4088        6.13361
4088        5.96308
4088        4.69954
4088        6.06099
4088       0.239223
4088        3.81557
4088        1.35778
4088        4.38781
4088        5.34954
4088        1.03482
4088        5.75295
4088        4.01542
4088        5.98729
4088        2.62909
4088        1.02176
4088        5.04772
4088        3.15914
4088        2.93729
4088        2.12446
4088        3.22544
4088        4.59081
4088        6.13183
4088        5.94442
4088        5.51888
4088        5.15624
4088       0.858917
4088        6.15243
4088        5.94514
4088        4.90479
4088         1.7178
4088        5.79199
4088        5.77256
4088        0.68555
4088        3.19181
4088        4.16359
4088        1.21438
4088        3.82563
4088        1.23827
4088        3.72666
4088        4.50602
4088        4.62028
4088        5.54877
4088        4.96404
4088        1.92997
4088        3.84741
4088         6.1234
4088        4.12098
4088        3.96033
4088        5.72854
4088       0.339488
4088        5.20089
4088        4.36975
4088        1.41903
4088        3.70042
4088        5.36549
4088         5.9508
4088        5.53368
4088        5.13846
4088          1.564
4088        1.29106
4088        1.91911
4088        1.50271
4088        2.24534
4088        4.39049
4088        6.02279
4088        2.07026
4088       0.628032
4088        3.43725
4088        1.69681
4088        3.07413
4088        2.92907
4088        2.73313
4088       0.942363
4088         5.0571
4088        4.26397
4088       0.880107
4088        4.25834
4088        5.66799
4088         4.3386
4088        1.52526
4088       0.643773
4088        4.47347
4088         5.3428
4088        2.68369
4088        4.80631
4088        4.37537
4088         3.0492
4088       0.597451
4088       0.849348
4088        2.00525
4088        4.04288
4088        4.28244
4088        5.44095
4088        5.32903
4088        3.28147
4088        0.79581
4088        2.68184
4088        3.04373
4088         2.1463
4088        6.15031
4088        2.91252
4088        3.64731
4088        1.14663
4088        5.37484
4088        2.00752
4088      0.0709047
4088         6.0362
4088        5.32388
4088        4.91319
4088       0.132349
4088        3.98799
4088        6.11225
4088        3.39628
4088        1.27833
4088        2.74874
4088        5.05911
4088        4.89533
4088        1.03723
4088        3.63056
4088        5.16955
4088        1.73193
4088       0.220379
4088        4.57161
4088        3.94631
4088        2.25875
4088        2.63056
4088        3.65604
4088        4.96601
4088        4.11465
4088       0.412976
4088        1.46153
4088        1.11143
4088       0.612737
4088        4.13244
4088        3.49837
4088        1.40158
4088       0.694161
4088        1.42259
4088        2.37284
4088        1.92529
4088        4.05761
4088        5.78359
4088        5.75586
4088        1.84794
4088        3.03178
4088        2.65851
4088       0.176234
4088        1.65898
4088        1.05388
4088         5.6766
4088        1.09537
4088        5.92769
4088        3.70446
4088        1.67326
4088        1.56463
4088        6.12245
4088        3.06924
4088         3.6081
4088        2.62214
4088        2.47172
4088        3.98686
4088        1.44226
4088        4.61273
4088        1.82195
4088         5.0718
4088        5.01964
4088        3.92791
4088        1.18378
4088        3.68089
4088         4.6125
4088        2.33307
4088        1.18259
4088        5.91203
4088        3.64269
4088        1.94091
4088        0.51091
4088        2.13509
4088        4.37792
4088        1.76312
4088       0.678092
4088        4.87966
4088        4.13357
4088        4.98167
4088        0.29257
4088        3.74413
4088        4.63579
4088         4.8537
4088       0.262116
4088       0.676681
4088       0.722146
4088        4.35565
4088       0.590557
4088        1.04616
4088        1.27211
4088        3.67814
4088        4.82662
4088        2.16199
4088        6.11293
4088        3.02765
4088        3.77962
4088        3.37469
4088         6.0641
4088        5.10203
4088         4.3587
4088        4.90441
4088        3.70084
4088       0.386802
4088        5.49283
4088        3.80974
4088       0.120232
4088        3.90823
4088        2.06064
4088        1.12398
4088        1.67772
4088        3.31252
4088        4.23252
4088        3.49742
4088        3.73896
4088        6.26155
4088       0.396799
4088        4.75088
4088        3.46373
4088        5.74458
4088        1.75999
4088     0.00975781
4088        2.82322
4088        5.41569
4088       0.357461
4088        2.58528
4088        2.22381
4088        1.29903
4088        1.89999
4088        5.12048
4088       0.227043
4088        6.10066
4088        2.57662
4088        3.50135
4088        1.28984
4088        2.09534
4088        4.31072
4088        4.09911
4088        5.96724
4088        2.57497
4088        2.89885
4088        1.46518
4088        4.19526
4088        1.99177
4088         1.0527
4088        1.30434
4088        3.79591
4088        4.81561
4088        3.58288
4088        4.87783
4088        3.52526
4088        0.80281
4088        4.07442
4088        1.91985
4088        3.64986
4088        3.34984
4088       0.456781
4088        4.53497
4088        3.27355
4088        3.77465
4088         4.3257
4088       0.933359
4088       0.836605
4088        5.85316
4088        4.80186
4088        1.67885
4088        4.19406
4088        2.21956
4088        2.85196
4088        2.49054
4088        5.68168
4088        1.45489
4088        1.99049
4088         3.8511
4088       0.121082
4088        3.48593
4088        4.50559
4088        4.01117
4088        2.50956
4088       0.958815
4088        4.46324
4088        2.92147
4088       0.764937
4088         3.3148
4088        4.81805
4088       0.158709
4088        5.12946
4088      0.0486045
4088       0.340442
4088        5.61202
4088        1.34663
4088       0.243799
4088        5.95252
4088        4.17987
4088          1.475
4088        3.41606
4088        4.48034
4088        2.35811
4088        5.34173
4088        3.88801
4088        2.67066
4088        1.60508
4088          5.797
4088      0.0694231
4088        5.53886
4088        4.83171
4088         6.1986
4088        6.05199
4088       0.712247
4088        1.96834
4088        4.50214
4088        1.77119
4088        2.68563
4088      0.0984779
4088         5.1933
4088        2.19328
4088       0.451616
4088        3.02916
4088        4.43936
4088        1.20491
4088        4.11062
4088        4.00096
4088        4.71348
4088       0.205904
4088         6.0368
4088        3.35901
4088        1.82339
4088       0.518858
4088        3.86236
4088        1.12793
4088        4.31422
4088        2.39684
4088        5.47858
4088        6.00945
4088        4.31916
4088       0.356545
4088         6.2823
4088        4.39946
4088        4.61335
4088        5.19568
4088        4.77992
4088        1.62559
4088        3.12063
4088       0.563428
4088        4.67865
4088        4.85537
4088         1.7919
4088        5.40044
4088        1.05001
4088        3.57348
4088        1.54909
4088        3.63535
4088        4.70492
4088        3.94623
4088        2.19674
4088       0.541051
4088        3.57107
4088        2.20108
4088        5.11226
4088       0.447822
4088        2.02304
4088        1.97138
4088       0.327182
4088        4.41511
4088        3.09267
4088        6.01176
4088        3.30284
4088        5.74358
4088        2.82361
4088        5.86031
4088        2.11367
4088       0.669104
4088         1.0435
4088        1.13217
4088        3.53113
4088       0.867061
4088       0.338633
4088        6.23834
4088        3.09851
4088       0.169129
4088       0.900119
4088        2.97859
4088        1.92665
4088      0.0714713
4088        1.33574
4088        4.08292
4088        3.13017
4088        2.38942
4088        1.39048
4088        3.42542
4088        1.86992
4088        4.09325
4088        6.27969
4088        3.46764
4088        4.33817
4088        3.14891
4088        3.60306
4088        3.87904
4088       0.346038
4088        2.20213
4088        1.44251
4088        2.59515
4088        5.82137
4088       0.529455
4088        5.07282
4088          3.121
4088       0.758697
4088        1.56678
4088        4.11608
4088        3.44671
4088        6.26034
4088        1.36184
4088        2.87994
4088        5.62941
4088        1.75971
4088        2.55477
4088       0.995872
4088        5.14336
4088        5.70226
4088       0.105988
4088        4.69938
4088        5.44569
4088        1.63891
4088        5.64807
4088         3.4238
4088         3.2793
4088         1.3837
4088        4.37295
4088        5.03332
4088        4.37148
4088        4.01091
4088        4.59113
4088        4.18038
4088        6.27618
4088        6.27746
4088        6.06568
4088       0.817827
4088        3.07242
4088       0.600007
4088        5.37623
4088        5.28111
4088        1.44651
4088        4.42118
4088         1.8976
4088        1.00326
4088        5.57013
4088        2.81139
4088        6.20982
4088        5.91819
4088        3.74441
4088       0.732041
4088        5.44088
4088       0.148554
4088        3.04924
4088        1.32459
4088        1.39772
4088        4.68808
4088        3.95605
4088        1.18911
4088       0.239787
4088        1.05692
4088        1.79529
4088        3.51003
4088        5.59507
4088       0.634464
4088        2.89108
4088        5.04632
4088        5.51145
4088        2.63166
4088        6.13644
4088        4.59816
4088       0.837292
4088        2.97326
4088        5.24945
4088       0.800194
4088        1.06081
4088        5.36247
4088        1.78366
4088        1.98149
4088        4.43561
4088        4.26558
4088        2.57432
4088        2.76857
4088       0.565016
4088         2.7927
4088        5.44931
4088        5.41988
4088        4.28908
4088        5.89807
4088        1.91366
4088       0.681339
4088          5.201
4088         5.7782
4088        2.51184
4088        2.41522
4088        5.46765
4088        4.01236
4088        2.13047
4088        5.22546
4088        3.62883
4088         1.9402
4088        6.16586
4088        1.17496
4088        5.67717
4088       0.379533
4088        5.75957
4088        0.99804
4088        3.53049
4088       0.817853
4088        1.15815
4088        5.89097
4088        3.74824
4088         3.9418
4088        4.85115
4088         6.2638
4088      0.0916632
4088        2.72415
4088         4.7944
4088         2.9779
4088        2.81264
4088        4.63619
4088        3.11681
4088       0.928882
4088        5.45373
4088        2.52846
4088        3.60961
4088        5.94206
4088        4.38098
4088        6.26982
4088        1.41169
4088         2.0487
4088        5.55724
4088        5.90141
4088        2.43064
4088        6.22407
4088         3.7488
4088        3.94382
4088        1.44428
4088        5.67349
4088        3.21278
4088        4.80621
4088        5.43267
4088        3.47654
4088        2.39437
4088        4.52056
4088        2.54284
4088         1.9251
4088        5.73716
4088        2.88556
4088        1.20378
4088        3.98684
4088        3.04768
4088        1.70769
4088        3.32642
4088       0.561701
4088        4.92953
4088       0.874541
4088       0.102224
4088        2.15693
4088        5.48653
4088        5.03811
4088         2.0413
4088        2.12443
4088        4.25922
4088        6.06859
4088        3.65098
4088        3.22475
4088         2.9864
4088        2.16715
4088        2.95517
4088        3.65568
4088       0.937609
4088        3.16054
4088        1.33439
4088        4.80808
4088        4.44243
4088       0.418852
4088        2.02558
4088        1.52263
4088       0.794617
4088         3.7231
4088        3.21616
4088       0.539015
4088        4.18879
4088        1.79146
4088        4.49309
4088        3.66992
4088        0.31335
4088        3.31237
4088        5.94559
4088        5.90246
4088        6.16701
4088        4.16491
4088        2.29037
4088       0.304581
4088        2.04195
4088        2.92701
4088        6.01231
4088        6.03715
4088        3.12385
4088        3.94255
4088        5.67656
4088        5.31585
4088        1.29275
4088        6.06246
4088        1.10973
4088       0.717901
4088        3.02054
4088       0.801114
4088       0.864809
4088        4.65476
4088        3.50907
4088        5.40737
4088         1.4303
4088        4.67119
4088        2.42533
4088        5.45664
4088        1.74905
4088        3.84617
4088        5.22661
4088       0.170884
4088        3.32089
4088        5.44978
4088        3.56428
4088        1.91395
4088        4.14388
4088        5.78884
4088        3.28363
4088        5.14056
4088        5.09195
4088        4.90024
4088         1.1776
4088        2.74621
4088         1.8987
4088        3.77068
4088        1.58738
4088        1.76716
4088         3.0963
4088         5.9101
4088        5.99639
4088        3.52859
4088       0.866014
4088        2.89197
4088       0.880054
4088        5.03141
4088       0.325593
4088       0.360055
4088        3.31493
4088        5.79425
4088       0.817161
4088       0.931771
4088       0.245819
4088        5.31891
4088        1.30207
4088       0.118244
4088       0.545467
4088        2.36635
4088      0.0611478
4088        5.83223
4088        4.90111
4088      0.0548372
4088        4.54322
4088        5.03031
4088       0.603051
4088       0.999051
4088        5.44902
4088        6.22232
4088        5.47785
4088        2.90459
4088        2.75471
4088        3.54058
4088        4.28641
4088        3.00679
4088       0.886211
4088        4.71306
4088        5.96669
4088        1.58456
4088       0.539679
4088        5.10979
4088       0.464885
4088       0.402261
4088       0.975454
4088        5.73011
4088        1.43943
4088        2.11375
4088        4.64232
4088        3.00678
4088        5.34091
4088        2.34205
4088        4.72123
4088        1.14993
4088       0.836614
4088        6.05372
4088        5.97548
4088        5.39461
4088        4.55903
4088        1.35639
4088        2.59381
4088       0.615339
4088        2.50677
4088        2.43717
4088        0.89793
4088       0.947516
4088         4.9914
4088        2.46429
4088        3.58033
4088        3.71502
4088        6.14203
4088       0.835034
4088        2.61306
4088        4.48189
4088       0.864605
4088        4.56328
4088        1.74908
4088        2.26454
4088        4.17406
4088        4.19523
4088      0.0204221
4088         2.3443
4088         1.1829
4088        4.33606
4088        5.33811
4088       0.459333
4088        5.71301
4088       0.911742
4088        4.36566
4088        4.07424
4088        2.08514
4088        4.26328
4088        1.72342
4088        3.56983
4088        4.96713
4088        6.01499
4088       0.470952
4088        3.84808
4088        3.34749
4088        1.21072
4088        3.56435
4088        2.29186
4088        3.31718
4088        4.03372
4088       0.836477
4088        4.20663
4088        3.33476
4088         1.5422
4088       0.971509
4088        2.91894
4088        5.08563
4088        1.55882
4088        1.77761
4088        3.48764
4088        1.35119
4088        3.12712
4088       0.289075
4088        2.12523
4088        1.09084
4088        5.99902
4088        4.98422
4088    0.000655668
4088         0.7462
4088        2.63251
4088        2.71411
4088        2.68013
4088        1.15885
4088        5.60415
4088        6.27613
4088       0.887389
4088        1.93056
4088        3.04647
4088       0.360416
4088         4.4617
4088         1.3288
4088        3.08586
4088       0.312231
4088        4.45146
4088        2.01466
4088        1.33619
4088        1.89373
4088        3.40696
4088        1.34944
4088        1.17415
4088        2.96215
4088        1.82609
4088        5.99214
4088      0.0435915
4088        1.13294
4088         2.4958
4088        2.23781
4088        3.55883
4088        1.18143
4088        1.91514
4088        1.14868
4088       0.278403
4088        1.98814
4088         6.1735
4088       0.148305
4088        4.03365
4088       0.370874
4088        5.03632
4088        5.43868
4088        2.98697
4088        4.14938
4088        3.25388
4088        5.78502
4088        1.61757
4088        3.54598
4088        6.01871
4088        4.68715
4088        2.71862
4088        5.62463
4088        5.51895
4088        3.04583
4088        5.75086
4088        4.16704
4088        6.20473
4088        4.00408
4088        5.76189
4088        1.40691
4088        4.59744
4088       0.168048
4088        0.80509
4088        1.30278
4088        2.57284
4088        5.32659
4088         3.9347
4088        1.51897
4088        3.03269
4088        4.70394
4088        6.23811
4088       0.927712
4088        2.64375
4088        4.32664
4088       0.270223
4088        1.63877
4088         6.0361
4088        4.24079
4088        3.21549
4088       0.911053
4088       0.189938
4088        3.20367
4088        2.87262
4088        5.89229
4088        1.37844
4088        1.97579
4088         6.1967
4088        2.13053
4088     0.00752446
4088        3.99484
4088        6.19525
4088        5.65621
4088        5.84507
4088       0.581661
4088        1.07823
4088        2.75071
4088        5.22615
4088       0.832056
4088        5.57424
4088        4.40089
4088        1.43109
4088        2.74282
4088        4.24248
4088        4.88998
4088        2.00741
4088        3.93194
4088        2.56072
4088        3.29347
4088        5.09177
4088         4.2908
4088       0.904137
4088        5.11123
4088       0.552306
4088        3.67017
4088       0.189172
4088        3.03419
4088        2.99051
4088        4.15019
4088       0.366976
4088        1.41367
4088          4.654
4088       0.719191
4088        1.14795
4088        4.26093
4088         4.5544
4088        2.68846
4088        2.75712
4088        5.92183
4088        1.07731
4088        6.27797
4088        3.07443
4088        2.07626
4088        4.56457
4088        2.66137
4088        3.53447
4088        5.00647
4088        3.25896
4088        6.12837
4088       0.178995
4088        6.03497
4088        4.02251
4088        1.73169
4088        2.85353
4088       0.760658
4088        4.50996
4088        3.11821
4088      0.0866955
4088        5.70578
4088        2.49568
4088         2.2264
4088        2.97482
4088     0.00900314
4088       0.622864
4088        4.11557
4088        5.96271
4088          4.819
4088        5.83665
4088      0.0590616
4088        2.19962
4088        3.85694
4088         3.6174
4088        5.85539
4088        2.38196
4088        2.00809
4088          3.201
4088        5.54136
4088        2.89449
4088        2.76516
4088        5.08019
4088        3.08769
4088        2.13268
4088        4.59474
4088        1.52124
4088        1.21186
4088        3.98466
4088       0.733199
4088       0.536178
4088        6.02377
4088       0.769402
4088          5.163
4088        1.34068
4088        1.15703
4088        1.66376
4088        5.17974
4088        3.97637
4088        3.54364
4088        3.84838
4088        4.50913
4088        6.11361
4088         2.7754
4088        1.28423
4088        2.27921
4088        3.64844
4088        3.29567
4088         4.0817
4088         3.9548
4088        4.24781
4088     0.00167282
4088       0.640812
4088        4.64277
4088        0.40435
4088        1.91605
4088        1.25601
4088        4.77919
4088        3.56509
4088        3.15767
4088        3.89244
4088        2.87806
4088       0.532452
4088         6.0047
4088        3.09895
4088       0.301965
4088        5.22013
4088          3.515
4088       0.301401
4088        1.39597
4088       0.136386
4088        2.65851
4088        2.93762
4088       0.941193
4088        5.02082
4088         2.2212
4088        2.48085
4088        3.83685
4088        6.18225
4088        5.44472
4088         3.7941
4088        2.02237
4088      0.0227711
4088        5.03032
4088         3.7334
4088        4.94286
4088        5.40308
4088        4.14038
4088        2.77979
4088        2.05888
4088        5.45922
4088        5.90668
4088       0.955127
4088        5.18938
4088        2.82498
4088        2.97637
4088        3.56017
4088        3.55897
4088        2.67172
4088         4.3271
4088        5.22243
4088        1.08079
4088       0.294633
4088        3.14662
4088        1.32591
4088        4.49084
4088        0.75485
4088        4.38757
4088        2.25579
4088        1.57984
4088        3.25296
4088        1.04847
4088        2.51288
4088        1.27464
4088        5.42557
4088        4.08804
4088        2.02431
4088        1.26091
4088        3.50377
4088        2.22638
4088        4.79101
4088        4.14237
4088         3.8097
4088        2.85614
4088        3.61273
4088        6.02705
4088        1.25698
4088        5.05779
4088        3.93254
4088        4.11024
4088       0.633705
4088         5.9713
4088       0.777675
4088        1.93021
4088        5.04677
4088        2.93656
4088       0.562043
4088        2.08122
4088       0.800602
4088        5.90425
4088         3.1059
4088       0.111096
4088        4.33991
4088        5.05685
4088        2.29821
4088        5.45553
4088       0.527393
4088        1.30891
4088        6.08357
4088       0.800622
4088        2.59562
4088        3.34916
4088        3.59848
4088        4.28342
4088        3.75195
4088        5.04365
4088        3.28419
4088         2.4348
4088        1.67615
4088       0.875326
4088        2.42133
4088        1.62869
4088        3.04844
4088        3.20022
4088        3.49412
4088        1.07728
4088        2.03042
4088        4.95219
4088       0.702622
4088       0.191798
4088       0.985074
4088         5.9455
4088        4.60394
4088        1.51233
4088        4.10199
4088       0.115409
4088        4.53144
4088       0.502868
4088        4.88263
4088      0.0915828
4088        3.80338
4088        1.20325
4088        5.97124
4088        4.22925
4088        4.13049
4088        3.76782
4088       0.577692
4088        3.20068
4088        3.01974
4088        2.75187
4088        4.05057
4088        4.79035
4088          3.582
4088        3.22292
4088        5.74092
4088        5.04288
4088        3.14756
4088        2.16012
4088       0.692701
4088        4.85972
4088      0.0217747
4088        3.38516
4088        3.51932
4088       0.755377
4088        1.49859
4088        3.20546
4088       0.527529
4088        5.73111
4088        3.53904
4088        4.87352
4088        3.62667
4088        3.44821
4088        4.47158
4088        2.76224
4088        5.81148
4088        5.83491
4088        2.51368
4088        1.21437
4088        1.20083
4088        2.14368
4088        2.26459
4088        2.17525
4088        4.32205
4088        2.28403
4088      0.0871335
4088        3.04515
4088         0.9235
4088        3.70195
4088        1.07546
4088        1.39186
4088        4.26165
4088        2.23684
4088         2.6996
4088        3.75725
4088        2.36329
4088        2.64686
4088        2.69248
4088        4.04017
4088        5.64461
4088        1.26636
4088        1.04869
4088        1.85724
4088         4.3394
4088       0.662121
4088        1.67603
4088        1.00072
4088       0.233619
4088       0.322084
4088         3.5939
4088       0.711892
4088         1.1261
4088        5.38509
4088        5.37725
4088        2.98535
4088        3.78815
4088        2.87456
4088        5.55575
4088       0.861623
4088        3.00854
4088        5.63569
4088       0.853869
4088        1.93728
4088       0.356316
4088        4.87801
4088        2.18828
4088        5.34719
4088       0.281657
4088        5.78343
4088        1.90187
4088        2.03168
4088        3.21901
4088        3.03574
4088        4.33265
4088        3.36476
4088         5.4831
4088        6.23188
4088        5.76034
4088        2.65606
4088       0.813107
4088        5.51952
4088        1.71698
4088        4.25418
4088        1.44629
4088        3.24061
4088       0.906973
4088        1.80135
4088        3.83431
4088        4.69733
4088        4.61182
4088        3.94141
4088        1.50842
4088        3.19124
4088        1.47764
4088        6.00812
4088        6.18148
4088        3.15251
4088       0.553142
4088        5.84971
4088        2.54123
4088        1.15898
4088        1.52182
4088        4.54711
4088        1.98545
4088         2.1868
4088        3.24636
4088        3.91002
4088        5.35762
4088        1.37391
4088        1.48906
4088        1.00741
4088        5.65105
4088        1.61078
4088        1.36878
4088        4.39106
4088        5.43399
4088       0.912795
4088        1.51435
4088        5.14687
4088        5.83052
4088        3.78466
4088        3.70363
4088        3.78724
4088        2.69402
4088         2.0372
4088        4.35122
4088        4.68563
4088       0.310678
4088       0.498394
4088        2.87435
4088        1.46006
4088        3.59187
4088        1.04406
4088          3.395
4088        6.16259
4088         1.3046
4088        6.14236
4088        6.21555
4088        6.20526
4088        3.12532
4088        1.61912
4088        1.49872
4088        4.97043
4088       0.557931
4088        4.96977
4088        1.30443
4088        2.00555
4088        1.22424
4088       0.849367
4088       0.558928
4088        1.65826
4088         4.0591
4088        4.31749
4088        5.61397
4088        5.61918
4088        5.85054
4088        3.43165
4088        3.64584
4088        4.19734
4088        5.67949
4088        4.66352
4088        1.34674
4088        5.84431
4088       0.939127
4088       0.461199
4088        3.22497
4088       0.316612
4088        4.02448
4088        1.89839
4088        4.42203
4088        3.26754
4088        1.15607
4088        1.84891
4088        5.49737
4088        5.56225
4088        3.04873
4088        5.68492
4088       0.910011
4088        5.03332
4088        6.28229
4088        1.21254
4088       0.632205
4088        1.69499
4088        4.98162
4088         3.1967
4088        2.69408
4088        4.53929
4088        4.40944
4088        3.81782
4088        4.05824
4088        2.66348
4088       0.474161
4088        1.74554
4088       0.662561
4088        0.38458
4088        2.55956
4088        5.44576
4088         1.4563
4088        4.98201
4088       0.556477
4088        2.98502
4088        1.32903
4088        6.19291
4088        4.54499
4088        4.20679
4088        2.50685
4088         1.0124
4088        1.90293
4088        2.65367
4088        2.62724
4088        4.63474
4088        3.39746
4088       0.510265
4088        4.94784
4088        2.92737
4088        2.83441
4088         5.2997
4088        4.93237
4088        4.50977
4088       0.341014
4088        4.41943
4088        2.21122
4088        1.42073
4088        4.70849
4088        5.87958
4088       0.553138
4088       0.182312
4088        1.77926
4088        1.79264
4088        2.00783
4088       0.578396
4088        3.91053
4088        1.45365
4088        2.33991
4088        4.56158
4088       0.587412
4088        2.14664
4088        2.84893
4088        4.75236
4088        0.18524
4088        2.43383
4088        3.15508
4088       0.325484
4088        3.68065
4088         3.5679
4088       0.543734
4088        6.09813
4088        3.31304
4088        4.15506
4088       0.486767
4088        1.97618
4088        4.23073
4088        4.17393
4088        6.25337
4088        3.50601
4088       0.718071
4088        1.30322
4088         4.7153
4088        1.27459
4088        6.25371
4088        0.37062
4088        3.77426
4088        3.69888
4088       0.935546
4088      0.0299665
4088        4.71441
4088        3.93596
4088        5.61376
4088        5.81165
4088        4.20072
4088        2.33641
4088        3.62417
4088        4.56386
4088        5.74391
4088        2.50716
4088        5.20168
4088        3.35931
4088        3.89174
4088        1.70867
4088       0.748789
4088        4.30923
4088         3.0115
4088        4.57082
4088        4.12257
4088        1.51555
4088       0.844925
4088        5.02631
4088        3.37733
4088        5.17508
4088        5.91357
4088       0.843952
4088       0.249135
4088       0.446423
4088        4.82963
4088        3.63109
4088        3.68724
4088       0.429891
4088        5.84078
4088       0.856681
4088        5.59284
4088        4.54536
4088       0.642308
4088        3.65386
4088        5.78564
4088        2.23766
4088        4.20663
4088        3.20031
4088        5.95643
4088        2.95256
4088      0.0576259
4088        4.39268
4088         1.5097
4088        2.23277
4088       0.739469
4088        0.57923
4088        2.80294
4088        2.35946
4088        4.70619
4088        5.99673
4088        3.93086
4088         4.1624
4088        2.47819
4088        5.49526
4088        1.42886
4088        5.92537
4088        3.26969
4088        3.24819
4088        2.91418
4088        4.27481
4088        4.21059
4088        1.09335
4088       0.671585
4088        6.14297
4088        3.59556
4088        2.00142
4088        5.55382
4088        1.68959
4088        1.50179
4088        5.50905
4088       0.502849
4088        2.87542
4088        4.58548
4088       0.984576
4088       0.182358
4088        6.18872
4088        3.15913
4088       0.565359
4088        4.24153
4088        3.94921
4088        3.16579
4088        5.00771
4088        4.12807
4088        3.35868
4088        4.39715
4088        2.28921
4088        5.41364
4088        4.60376
4088        2.66785
4088        1.77415
4088        1.27551
4088         2.1226
4088        5.55843
4088        2.57269
4088        1.03061
4088        5.60317
4088        3.55178
4088       0.678554
4088        6.03879
4088        5.91004
4088        2.05548
4088        1.81263
4088         1.4719
4088       0.491326
4088        3.45534
4088       0.362049
4088        3.02869
4088        1.43163
4088        2.97448
4088        5.78414
4088         1.8025
4088        2.41623
4088        1.43272
4088        5.58754
4088        4.35524
4088        1.62615
4088         5.5656
4088        3.72374
4088        4.34103
4088        2.04913
4088       0.542605
4088        2.82773
4088        4.10498
4088        2.89358
4088        4.75343
4088        1.70373
4088       0.182787
4088        5.69281
4088       0.542139
4088        3.69209
4088          4.933
4088        1.65943
4088       0.165168
4088        5.28642
4088        6.26801
4088        6.11738
4088        2.05465
4088        2.10184
4088        3.22552
4088        3.50029
4088        4.58489
4088        6.08199
4088        1.57056
4088        5.61345
4088        1.25759
4088        2.00419
4088         4.2065
4088        5.80519
4088        1.07754
4088        3.65282
4088       0.111754
4088       0.683639
4088       0.693864
4088        2.82617
4088        1.06159
4088        3.38268
4088        1.81096
4088         4.8806
4088        4.32377
4088        1.82321
4088        1.35513
4088        5.10652
4088       0.639612
4088        3.79385
4088         6.2646
4088       0.548808
4088       0.851881
4088        3.24999
4088        5.19025
4088       0.855002
4088        1.02848
4088        3.15673
4088        3.38518
4088        3.91114
4088        5.25221
4088        5.89381
4088        1.24631
4088        2.58403
4088        5.51222
4088        5.33868
4088        2.43093
4088        3.69546
4088        2.79532
4088        4.54397
4088         4.8504
4088        2.89508
4088         6.1355
4088        5.70844
4088        5.85036
4088        2.57117
4088        4.61061
4088       0.420346
4088        4.32307
4088       0.829278
4088        3.14767
4088        2.26095
4088         1.1022
4088         4.0486
4088         1.3988
4088        6.10591
4088        6.25606
4088        5.00525
4088        0.88605
4088         3.8839
4088        3.37689
4088        4.46132
4088        1.49153
4088       0.059916
4088       0.895327
4088        4.02324
4088        3.05677
4088        3.27309
4088        1.67887
4088        4.08555
4088        1.79219
4088        3.11879
4088        3.26812
4088        5.09587
4088        0.25238
4088        5.18713
4088        3.39303
4088        4.54941
4088         4.2856
4088        1.64336
4088        6.14791
4088         1.4907
4088         3.7203
4088       0.406482
4088        3.70375
4088         2.0607
4088        4.26627
4088        3.88078
4088        4.04074
4088        2.43503
4088        4.99664
4088        5.03535
4088        3.24922
4088        5.17868
4088        2.63703
4088        2.98442
4088        2.56336
4088        4.61928
4088        1.27009
4088        3.30232
4088        2.81418
4088        3.17771
4088         4.9556
4088        1.01535
4088        5.53406
4088        2.70465
4088        1.57639
4088       0.683177
4088         4.9837
4088       0.445878
4088        2.22373
4088        5.01356
4088        3.49454
4088        4.63328
4088        4.65874
4088        4.20097
4088        4.63945
4088        1.08738
4088        2.11569
4088        4.56629
4088        3.34142
4088         4.0773
4088        1.94205
4088        5.31302
4088        4.30941
4088        4.77531
4088        6.02623
4088        3.97774
4088        2.08588
4088        1.56348
4088       0.982049
4088        2.05245
4088        1.46348
4088        1.74321
4088        3.79691
4088        1.57575
4088       0.114626
4088        5.78098
4088        5.49432
4088        2.89893
4088        4.72477
4088       0.230606
4088       0.290881
4088        2.83373
4088        5.38644
4088        3.36048
4088        5.99441
4088        2.97352
4088        1.25888
4088        2.81061
4088       0.628589
4088        2.54578
4088        4.29788
4088        2.78386
4088        3.55835
4088        5.51995
4088        5.56478
4088        2.73716
4088      0.0965796
4088        4.86179
4088        3.99544
4088        2.62045
4088        5.62089
4088        1.57555
4088       0.919671
4088       0.600412
4088        3.59601
4088        3.26299
4088        2.71779
4088       0.794935
4088        3.66208
4088        2.91237
4088        2.56645
4088        1.10103
4088        5.70807
4088        3.55913
4088        4.57242
4088        5.99882
4088        3.30808
4088        2.39933
4088        4.67537
4088        1.94461
4088        0.46704
4088        5.36067
4088        1.28461
4088        1.51158
4088        3.53307
4088       0.513611
4088        6.19082
4088        1.07791
4088        1.42849
4088        3.03431
4088        1.72572
4088        5.57419
4088        3.09797
4088        2.62672
4088       0.141242
4088        1.87972
4088        4.65742
4088        4.28934
4088        2.74144
4088       0.163764
4088        6.20744
4088        5.78541
4088        3.66656
4088        5.41031
4088        3.37922
4088        3.41899
4088        6.19202
4088        3.44611
4088        4.49613
4088        3.55106
4088        4.09021
4088       0.323077
4088        3.34929
4088        1.87709
4088        3.57508
4088        4.63355
4088        3.20888
4088          5.989
4088       0.135547
4088        3.21721
4088        1.21816
4088        3.76535
4088        1.22701
4088       0.853318
4088        4.50292
4088        3.20258
4088        0.27472
4088        5.34896
4088        5.62929
4088       0.588149
4088        4.63048
4088        6.14119
4088        5.81018
4088        2.05155
4088        6.03719
4088        3.59541
4088        2.90897
4088        6.19863
4088        1.45645
4088       0.496282
4088        5.90608
4088       0.133524
4088        1.14828
4088        4.11206
4088        6.22791
4088        3.00825
4088       0.961737
4088        3.81358
4088         2.7657
4088       0.389669
4088        1.07158
4088        2.40126
4088        3.24475
4088        2.98995
4088        5.26672
4088        5.59396
4088        1.83044
4088        1.10328
4088       0.808647
4088        3.01514
4088        1.05294
4088        3.37488
4088       0.345385
4088        3.33378
4088        1.16151
4088        2.69475
4088        3.73276
4088        1.66919
4088        1.17731
4088        5.82558
4088        1.82186
4088        4.34186
4088        4.51385
4088        1.40482
4088        4.83854
4088        3.64865
4088        5.90763
4088       0.514907
4088        1.35201
4088        3.30384
4088        3.95196
4088       0.617469
4088         5.7085
4088        3.29767
4088         3.5684
4088        6.25772
4088        1.81639
4088       0.823194
4088        4.05309
4088          3.511
4088        1.84381
4088        4.11631
4088        5.67239
4088        1.16999
4088        0.83636
4088        3.98649
4088       0.475288
4088        5.88545
4088         4.7253
4088        4.95192
4088        4.60843
4088        3.52998
4088        2.49557
4088        5.42381
4088        3.67119
4088        1.85012
4088        2.50654
4088        5.74926
4088        5.36031
4088        3.87127
4088        4.36636
4088        3.18787
4088        3.89037
4088         1.4666
4088        5.55447
4088        3.98027
4088         5.7498
4088         4.4973
4088        2.51452
4088        5.38539
4088        3.79317
4088       0.486143
4088        1.19528
4088       0.608125
4088        6.07948
4088       0.701267
4088        4.96588
4088         5.9263
4088       0.735658
4088        2.26957
4088        2.30902
4088         3.0824
4088        3.17764
4088        1.92894
4088        6.19088
4088        2.31647
4088        0.65541
4088        1.22541
4088        1.10244
4088        4.50231
4088       0.791922
4088         4.7691
4088        5.88822
4088        2.93611
4088        5.74128
4088        6.13167
4088        5.17049
4088        3.33801
4088       0.682532
4088         4.6238
4088        1.98072
4088        4.98552
4088       0.341098
4088        2.06831
4088      0.0798433
4088        0.99757
4088        4.61437
4088        5.68139
4088        2.97114
4088        1.00257
4088        0.68349
4088        1.35955
4088        3.11802
4088        3.81523
4088        6.04191
4088       0.763385
4088        3.62446
4088        2.07286
4088        0.67207
4088       0.778802
4088        3.77337
4088        1.10253
4088        2.03291
4088       0.829442
4088        1.74456
4088        1.08827
4088        5.19602
4088        2.05756
4088        4.18348
4088        1.32085
4088        5.62055
4088        4.67271
4088        2.64332
4088        1.11443
4088       0.721349
4088        3.52187
4088       0.119851
4088       0.357057
4088        3.73448
4088       0.311214
4088        1.18623
4088        5.86278
4088        4.81458
4088        4.69755
4088         2.7998
4088        1.02175
4088        5.59765
4088        1.76386
4088        3.27557
4088        1.88027
4088        4.94259
4088        5.25565
4088        3.77319
4088        1.03247
4088        2.85233
4088        4.82937
4088         4.5269
4088        1.18996
4088       0.793147
4088        4.42091
4088         1.6495
4088       0.539338
4088        6.21855
4088        4.24397
4088        3.68888
4088        4.16068
4088        4.47509
4088        4.52702
4088        5.67348
4088        3.06295
4088        1.70941
4088        5.98907
4088        4.92072
4088        3.04367
4088        4.97503
4088        1.21568
4088        5.30431
4088        1.86936
4088        4.00861
4088        4.04504
4088        2.80121
4088         1.9741
4088        3.52093
4088        3.21083
4088        2.35668
4088         5.1872
4088        4.92541
4088       0.302659
4088       0.160505
4088        3.67576
4088        1.32876
4088        2.18302
4088       0.381697
4088        5.12485
4088        2.67569
4088        5.30119
4088        3.56943
4088        3.03934
4088        3.61844
4088        4.42376
4088        4.54713
4088        2.20998
4088        1.62932
4088        3.69397
4088       0.194118
4088        6.13625
4088        5.59032
4088        5.76465
4088        4.31937
4088       0.253813
4088        3.63217
4088        1.39824
4088        3.10434
4088        5.40964
4088        4.82403
4088        2.95687
4088        1.88934
4088        2.70935
4088        5.00331
4088        3.34756
4088        4.00686
4088        2.43781
4088        3.18062
4088       0.490178
4088        4.95443
4088        1.77017
4088       0.855725
4088        5.74885
4088        3.64547
4088        2.58839
4088        1.67432
4088        4.93681
4088        1.34322
4088        2.89886
4088         3.9961
4088        5.86911
4088        5.52929
4088        6.03666
4088       0.656311
4088        3.82522
4088        1.67197
4088        2.94954
4088        3.09454
4088        3.71417
4088        1.82688
4088        0.73292
4088      0.0261717
4088        4.57926
4088        3.49884
4088        1.46436
4088        2.45791
4088        5.08881
4088        2.52144
4088        5.88795
4088        3.18375
4088        4.98914
4088        1.26609
4088       0.358253
4088        4.53674
4088        3.96103
4088        3.51746
4088        2.72541
4088        3.84326
4088        3.00781
4088        4.00417
4088        3.52587
4088       0.580415
4088        1.30172
4088        3.10562
4088       0.860776
4088        6.25357
4088       0.549405
4088        3.42662
4088        3.32697
4088         1.7091
4088       0.537955
4088         2.4713
4088        1.62224
4088       0.426356
4088      0.0836665
4088        3.27944
4088        3.33019
4088        1.57435
4088      0.0619335
4088       0.758252
4088       0.161898
4088        1.52972
4088        2.39702
4088        6.11288
4088        6.19124
4088        4.19961
4088        1.01811
4088        5.14277
4088       0.518837
4088        4.30276
4088        3.84614
4088         3.2622
4088        2.39078
4088        5.34997
4088        6.11903
4088        3.21748
4088        5.17966
4088        3.83029
4088        5.86885
4088       0.388253
4088        3.72097
4088        2.73681
4088         4.9403
4088       0.862327
4088        3.40936
4088        4.16877
4088        3.84238
4088         4.4169
4088       0.383579
4088        3.22809
4088        3.38994
4088        4.51677
4088        2.62584
4088        3.22092
4088       0.556761
4088       0.207571
4088        5.99315
4088        4.10533
4088        3.54401
4088        1.50855
4088         4.8197
4088       0.224141
4088        6.10806
4088        5.59763
4088        1.89392
4088         0.1493
4088        3.44966
4088     0.00177155
4088        4.21181
4088        4.52493
4088        3.92096
4088        4.53417
4088        2.81392
4088        5.87247
4088        3.79887
4088        3.30211
4088     0.00996864
4088        3.93954
4088        2.02397
4088        4.85829
4088       0.445364
4088         1.2586
4088        4.67639
4088       0.205719
4088        3.56495
4088        6.05739
4088       0.303815
4088       0.640312
4088       0.917479
4088        1.20422
4088        1.17873
4088        5.73413
4088         0.2855
4088        1.76545
4088        6.15842
4088        4.75178
4088        4.83293
4088       0.926087
4088        1.12454
4088        2.86535
4088         5.6995
4088        1.46525
4088        3.55738
4088        1.32449
4088         5.7445
4088        1.56312
4088       0.908018
4088        5.60157
4088        3.31898
4088        1.85005
4088        3.11916
4088       0.174773
4088        3.70768
4088        5.46705
4088        4.96108
4088        1.74418
4088        3.48389
4088        1.57349
4088        1.53918
4088        3.62639
4088        2.59865
4088        0.82743
4088       0.696423
4088        2.60358
4088        3.77988
4088         5.0842
4088        5.38838
4088        4.36542
4088        2.95628
4088        4.24116
4088        3.31665
4088        4.04852
4088        3.35544
4088         2.2534
4088       0.861703
4088        4.00261
4088       0.233804
4088        2.57961
4088        5.35195
4088        4.46399
4088        5.69151
4088        1.91381
4088        2.08968
4088        3.16619
4088        1.71076
4088        5.03163
4088        3.23187
4088       0.112416
4088        3.29315
4088        5.33323
4088      0.0179776
4088        5.69932
4088        1.06201
4088        2.05411
4088       0.683753
4088        3.97614
4088       0.229039
4088       0.890669
4088        5.95498
4088       0.674947
4088        1.75272
4088         1.3823
4088        3.21422
4088        5.95488
4088        4.54844
4088        4.90281
4088       0.997156
4088         1.1997
4088        2.44209
4088        5.74538
4088        5.94763
4088        1.85981
4088        1.28548
4088        5.67326
4088        3.01693
4088       0.452897
4088        1.32978
4088        2.98052
4088        4.44997
4088       0.427599
4088        6.04852
4088        3.03085
4088         5.7019
4088        3.39076
4088        3.33466
4088        4.86624
4088        2.06091
4088      0.0069739
4088        3.36651
4088        3.69069
4088        4.17445
4088        5.54454
4088        4.04574
4088        1.74085
4088        2.67267
4088        5.88469
4088        5.90228
4088        3.74769
4088       0.255633
4088        5.00574
4088       0.236071
4088        4.54347
4088       0.944357
4088        1.47502
4088        1.35345
4088        4.36189
4088        3.17256
4088        2.62373
4088        2.57411
4088        1.11292
4088        1.09589
4088        1.16002
4088        3.84439
4088        0.90076
4088        6.10167
4088        4.37148
4088        3.00303
4088        1.62434
4088        2.47783
4088         1.4666
4088        4.66178
4088         2.3176
4088        4.08875
4088        4.63076
4088         4.0918
4088        4.92284
4088         2.7869
4088        2.54705
4088        4.81139
4088         4.3418
4088        2.11041
4088        1.49807
4088        5.42364
4088        3.54513
4088        1.99214
4088        2.54687
4088        2.55922
4088        1.78119
4088        2.35084
4088        2.87762
4088         1.4407
4088        6.19655
4088       0.854427
4088         2.7599
4088       0.950359
4088       0.864906
4088        1.68147
4088        3.06968
4088        4.78821
4088        3.49328
4088       0.534838
4088        4.56479
4088        5.21395
4088        3.46987
4088        3.23381
4088        2.18436
4088        4.81303
4088        3.77333
4088        1.15699
4088        3.35669
4088        3.19188
4088        3.63526
4088       0.230351
4088       0.458064
4088        1.41333
4088       0.327442
4088        6.21148
4088        4.83443
4088        0.25088
4088        5.69381
4088        5.30367
4088       0.638826
4088       0.727141
4088        2.86345
4088        3.81158
4088        3.54729
4088        1.26585
4088       0.915617
4088        3.21934
4088       0.749832
4088        5.43582
4088        6.02068
4088        3.00428
4088         5.0001
4088        3.06768
4088       0.422646
4088        6.02113
4088        6.15666
4088       0.866054
4088        1.75934
4088        1.99216
4088        3.16515
4088        4.14406
4088        4.35127
4088       0.801759
4088        3.85025
4088       0.594407
4088        3.72767
4088        1.03258
4088        4.88861
4088        1.98257
4088        3.07512
4088       0.615006
4088        3.61924
4088          6.176
4088         5.6028
4088       0.265397
4088        1.81977
4088        1.84258
4088        2.19181
4088        2.44341
4088        1.24975
4088        3.49757
4088        3.70305
4088        3.57456
4088       0.993911
4088        5.10588
4088        6.21734
4088        3.76141
4088        6.13966
4088        3.72688
4088        4.96502
4088        3.89565
4088        5.50481
4088        5.67993
4088        3.06761
4088       0.731255
4088         4.2958
4088        3.77482
4088          3.036
4088       0.489153
4088        2.18315
4088       0.776173
4088       0.694754
4088         0.7262
4088       0.533077
4088        4.25768
4088        3.42444
4088       0.579242
4088       0.466172
4088         5.5092
4088        4.80299
4088     0.00113352
4088        4.56193
4088       0.775866
4088       0.978358
4088        4.00193
4088        2.51346
4088      0.0501317
4088        5.14634
4088        3.19487
4088        1.92658
4088        0.63523
4088         3.6205
4088        5.39229
4088        2.68087
4088        4.44322
4088        2.27077
4088        4.55864
4088        3.55722
4088         1.9236
4088        4.19099
4088        4.32928
4088        3.55747
4088        5.38851
4088        1.66392
4088        5.74177
4088         5.1986
4088         1.4983
4088        4.78854
4088        1.25807
4088        1.01075
4088        2.13823
4088        5.06241
4088        2.71984
4088      0.0609622
4088        1.26321
4088        4.62075
4088        2.59371
4088        2.09115
4088        6.08994
4088       0.941303
4088       0.617652
4088        1.56149
4088        3.58014
4088         3.4827
4088        5.64982
4088        3.41507
4088       0.927473
4088       0.944475
4088        2.85104
4088        1.26818
4088        5.86073
4088         2.3424
4088        4.64461
4088        4.88351
4088         4.0752
4088        4.04916
4088        1.19477
4088         3.2194
4088        5.95355
4088        1.91751
4088        3.46108
4088        1.30993
4088       0.388161
4088       0.736051
4088        3.07683
4088        4.32631
4088        6.18722
4088        3.14701
4088        3.06172
4088         1.8172
4088        5.94685
4088        1.88677
4088       0.340418
4088        6.23255
4088        6.26173
4088         3.3218
4088        5.53746
4088        1.29718
4088        3.25762
4088        3.34156
4088       0.171434
4088        3.17005
4088        5.72606
4088        3.50716
4088        1.00414
4088        5.78862
4088        4.83683
4088        2.34447
4088        3.46366
4088        1.81596
4088        5.36403
4088       0.106729
4088        3.36005
4088         3.0552
4088        2.58859
4088        1.41631
4088        4.55116
4088       0.063418
4088        2.52162
4088        3.03983
4088        4.69601
4088         4.6178
4088       0.922456
4088        4.07345
4088        1.54404
4088       0.960554
4088        3.42135
4088        1.49866
4088         2.6745
4088        2.78486
4088        2.71622
4088        2.40384
4088        5.72193
4088       0.444663
4088        0.89018
4088        2.74708
4088        1.89356
4088        3.04568
4088       0.670524
4088       0.914999
4088        1.06725
4088        0.26412
4088        2.38385
4088        3.15717
4088        5.69035
4088        2.72677
4088           4.79
4088        2.50598
4088        2.44242
4088        3.99762
4088        5.38422
4088       0.656931
4088       0.729142
4088        3.22279
4088       0.185834
4088        1.09603
4088        3.29225
4088        4.50589
4088        4.58671
4088        4.19197
4088        3.12263
4088        3.22806
4088        4.36281
4088        2.74349
4088        4.53763
4088        4.99724
4088        4.62878
4088       0.592671
4088       0.124056
4088        2.58318
4088        3.11824
4088        2.58924
4088        5.80978
4088        1.92409
4088        4.53125
4088        2.66391
4088        1.15083
4088        5.24159
4088       0.520101
4088        1.00063
4088        3.36724
4088        1.26026
4088         5.1497
4088        3.77226
4088        1.80572
4088        6.00926
4088        6.06392
4088        5.44966
4088        1.54848
4088        5.10538
4088        3.12894
4088        3.75787
4088       0.730393
4088        6.09947
4088          2.346
4088        1.96119
4088         4.7617
4088        2.04635
4088        3.59376
4088      0.0943479
4088        1.71694
4088         2.0062
4088        4.61943
4088        5.99363
4088       0.639609
4088       0.718477
4088        4.09079
4088        4.15762
4088        4.02821
4088        2.99703
4088        3.55109
4088        3.86288
4088        5.33721
4088        1.38648
4088        5.17415
4088         4.0195
4088        4.34052
4088       0.146589
4088        5.53467
4088        4.23224
4088        5.43219
4088        3.20809
4088        4.19634
4088        5.93267
4088        3.97707
4088      0.0676032
4088        1.82181
4088        6.03847
4088        1.23166
4088        2.51236
4088        1.35118
4088        6.16661
4088        6.19853
4088        2.00097
4088        3.29368
4088        6.13225
4088        2.59969
4088        2.18081
4088       0.940311
4088        5.70718
4088        0.17948
4088        4.36863
4088          2.026
4088       0.875907
4088        1.92274
4088        3.49138
4088         2.9741
4088         3.4013
4088         3.5571
4088        4.23188
4088        2.42432
4088        5.71991
4088        1.63441
4088        2.61314
4088        5.05806
4088        4.13933
4088        6.09597
4088        2.30868
4088        5.53262
4088        5.56904
4088       0.849389
4088        3.58175
4088        4.34451
4088         2.6217
4088        4.19015
4088        6.25981
4088       0.827419
4088        5.55158
4088         2.0842
4088        4.33947
4088        5.30588
4088        3.51527
4088        5.29991
4088        4.41917
4088        4.55998
4088       0.507083
4088        5.23877
4088        3.59067
4088        2.17344
4088        0.11164
4088       0.615876
4088        3.06094
4088        1.47552
4088        4.05814
4088        4.21093
4088        6.11596
4088        6.02885
4088        2.72834
4088         5.0684
4088       0.432418
4088        4.03308
4088        5.05059
4088        1.76481
4088        6.07611
4088        0.31277
4088         4.9329
4088       0.507068
4088       0.224597
4088      0.0417178
4088        3.28181
4088        4.86008
4088        4.59872
4088        5.88284
4088        3.05134
4088       0.562892
4088        4.42165
4088       0.729364
4088        1.26415
4088        1.78296
