4761        5.20987
4761        5.43131
4761        5.89775
4761        2.73461
4761        4.00438
4761        2.52753
4761        3.46927
4761        2.41188
4761        2.89404
4761        3.72144
4761        2.52209
4761        6.18991
4761        2.91755
4761        5.94697
4761        5.24487
4761      0.0238053
4761        1.18951
4761        6.10583
4761        2.94687
4761        2.85289
4761          5.406
4761        2.58638
4761       0.390739
4761        2.62487
4761        2.80455
4761        2.84539
4761       0.143437
4761        3.44998
4761        3.43518
4761        3.52511
4761       0.926293
4761        5.50366
4761        4.48222
4761        3.60127
4761        2.86681
4761       0.629736
4761       0.115678
4761        2.18507
4761         3.1237
4761        2.60429
4761        2.17428
4761       0.491782
4761        5.48084
4761        6.10718
4761        1.63426
4761        4.18839
4761         5.4679
4761        3.60407
4761        1.70956
4761        3.22919
4761        4.32125
4761        5.98535
4761        6.03448
4761         5.7603
4761        3.80823
4761        5.15936
4761        6.13908
4761       0.307476
4761        6.26499
4761       0.753708
4761        6.22828
4761        4.03151
4761       0.054858
4761        1.84555
4761        3.29913
4761        4.66783
4761       0.210307
4761        4.06412
4761         1.2466
4761        2.45373
4761        1.00943
4761        5.83844
4761        6.21743
4761        3.71384
4761       0.349704
4761        1.63575
4761        4.34626
4761        4.11737
4761        2.00057
4761        3.95389
4761        5.65867
4761        6.19223
4761       0.596948
4761        3.38829
4761        6.15394
4761        2.47923
4761         4.6414
4761         5.9024
4761         3.2737
4761        4.42119
4761        2.91074
4761        2.78105
4761        3.22634
4761       0.216833
4761        4.52845
4761        5.33683
4761        4.25025
4761        4.12609
4761       0.626172
4761        2.62118
4761        3.67538
4761        1.71499
4761       0.289633
4761        5.26364
4761        6.14203
4761       0.661759
4761        1.04752
4761          1.645
4761        4.38775
4761        0.11083
4761        3.01458
4761         1.9991
4761        1.46595
4761        5.69744
4761         3.0928
4761        6.08251
4761        3.73918
4761        5.68376
4761       0.037136
4761        3.08113
4761        5.45084
4761       0.937049
4761       0.882695
4761       0.229089
4761        3.27996
4761       0.740787
4761       0.155594
4761       0.473646
4761       0.783936
4761        3.57819
4761        2.77615
4761         2.4556
4761        3.02774
4761        5.96067
4761        2.52101
4761        5.63957
4761        4.67758
4761        5.67452
4761        2.90678
4761        5.82416
4761        3.27438
4761        4.85646
4761        5.34346
4761        5.96064
4761        2.96341
4761        2.82894
4761        6.20192
4761        5.15523
4761       0.740111
4761        5.76297
4761        4.36849
4761       0.150497
4761        1.10692
4761       0.657185
4761        5.94252
4761        6.15599
4761        5.89035
4761       0.180327
4761       0.193423
4761        1.17245
4761        2.91899
4761        3.49426
4761       0.524219
4761        6.05165
4761        2.75279
4761        3.67659
4761        3.12733
4761        6.04008
4761        6.19774
4761       0.436134
4761        1.46185
4761          1.695
4761        5.60057
4761        5.09824
4761         5.9986
4761        6.02577
4761        4.68001
4761        3.06885
4761        5.69616
4761        6.25408
4761        2.65581
4761        3.49857
4761       0.081848
4761        5.91565
4761        2.54836
4761         5.8669
4761        3.24087
4761        5.82254
4761        5.37319
4761        2.99706
4761        5.38953
4761       0.758619
4761        2.75964
4761        3.51129
4761        4.16014
4761        2.58292
4761        1.06988
4761        3.50843
4761        2.23815
4761         0.3053
4761        5.64861
4761        4.11718
4761        5.21864
4761        3.57335
4761        5.98422
4761      0.0543722
4761        3.36028
4761       0.473197
4761        1.75653
4761        3.46937
4761         5.8594
4761        3.05899
4761        5.65432
4761        2.32983
4761        4.44681
4761        3.77904
4761        4.12469
4761        5.61414
4761        4.17939
4761       0.793023
4761        2.86568
4761       0.251665
4761        1.53696
4761        5.16116
4761        1.10781
4761        4.25718
4761        5.57486
4761        6.12739
4761       0.181647
4761        2.67983
4761       0.364343
4761        1.33798
4761        3.05568
4761         1.1756
4761        3.61849
4761        3.02948
4761        3.00613
4761        2.50773
4761        6.10565
4761        5.46586
4761        1.41614
4761        2.34732
4761       0.237117
4761        5.96429
4761        5.95014
4761        3.31724
4761        1.59582
4761         3.3729
4761        5.55853
4761         3.5184
4761        5.38435
4761       0.455553
4761        2.30072
4761       0.254029
4761        5.56192
4761        5.24925
4761        1.18366
4761        6.11077
4761       0.840071
4761        5.61962
4761        3.20398
4761         3.1576
4761        1.09287
4761        2.46045
4761        5.66098
4761        6.08221
4761        3.40362
4761        5.87748
4761      0.0818787
4761        5.82348
4761        0.65782
4761        1.31091
4761        5.11553
4761        0.62107
4761         6.1202
4761        2.36859
4761        3.10772
4761        6.08758
4761        4.07905
4761        3.95458
4761        3.21763
4761        2.04371
4761        6.02262
4761        5.32139
4761        2.58321
4761        2.89194
4761        2.62407
4761       0.543397
4761         2.8302
4761        3.41041
4761       0.702408
4761       0.592123
4761        4.53333
4761        4.40012
4761        6.15254
4761        1.55087
4761        5.94401
4761      0.0570935
4761        2.54607
4761        1.05643
4761        3.74777
4761        5.41833
4761        3.29969
4761        2.57928
4761       0.028786
4761        5.62802
4761        5.77957
4761        3.42867
4761        6.26158
4761        5.27607
4761       0.147958
4761        2.53501
4761        5.75307
4761         2.9524
4761         5.6875
4761        5.62069
4761        5.65151
4761       0.338858
4761        1.83768
4761        1.60349
4761       0.699055
4761        2.71984
4761        6.17752
4761       0.310989
4761        2.98975
4761        5.43909
4761         2.8942
4761        3.31208
4761        3.26512
4761         4.8792
4761        2.67504
4761        2.12221
4761       0.845493
4761        3.42972
4761        6.02689
4761        3.41697
4761        1.58142
4761        4.79071
4761        4.45141
4761        5.06924
4761        4.37673
4761      0.0784231
4761        2.08754
4761        3.73393
4761          2.936
4761        6.12339
4761        3.22042
4761        3.02346
4761        4.63783
4761        3.13616
4761        3.28451
4761        5.04543
4761        5.75416
4761        3.98202
4761        1.09594
4761        2.43785
4761        5.80058
4761       0.206349
4761        2.71625
4761        5.62063
4761         3.0446
4761        2.40167
4761        2.51382
4761        6.24023
4761       0.427076
4761        0.55277
4761       0.393131
4761         2.3608
4761        5.55954
4761        3.94712
4761         2.7635
4761        3.66151
4761        2.77455
4761        0.62365
4761        2.06455
4761       0.136578
4761       0.561921
4761        3.06837
4761         4.2001
4761        5.98306
4761       0.634291
4761        5.46705
4761        5.63994
4761       0.156173
4761        5.08777
4761        1.91876
4761       0.583797
4761       0.976345
4761        4.08548
4761        4.93734
4761        3.05507
4761       0.991395
4761        5.09093
4761        3.53808
4761        5.80364
4761         4.3247
4761       0.217778
4761        3.15263
4761        4.05963
4761        5.97481
4761        2.08651
4761        2.90754
4761           2.16
4761       0.133972
4761        3.31323
4761       0.161415
4761        2.48199
4761        2.40967
4761        5.25955
4761        3.04204
4761         6.0068
4761        2.61724
4761        2.66433
4761        3.57728
4761        2.11119
4761        1.89179
4761        3.00745
4761        6.27302
4761         2.9252
4761          0.423
4761       0.562039
4761        1.90122
4761        2.95166
4761       0.412026
4761        5.58196
4761        5.82305
4761        5.95828
4761        5.92456
4761        5.57426
4761        6.04213
4761      0.0019843
4761        2.63232
4761         3.8125
4761       0.677884
4761         6.2602
4761        1.73143
4761        5.62761
4761        5.80565
4761       0.442023
4761        1.77153
4761        5.37864
4761        6.21487
4761         3.6163
4761        3.03457
4761        4.92301
4761         3.3725
4761        3.77768
4761       0.317202
4761        2.56186
4761        2.49472
4761        5.18383
4761        2.69515
4761        5.76759
4761         4.1868
4761         3.8322
4761        2.93462
4761        1.44691
4761        1.80156
4761        5.22837
4761        3.62482
4761        3.10012
4761        6.24265
4761        3.95789
4761       0.598605
4761         4.1444
4761        1.79003
4761         3.4727
4761        5.97735
4761        6.20111
4761       0.181208
4761        2.41778
4761       0.329072
4761        3.52446
4761        5.25775
4761       0.453598
4761        2.54337
4761        4.10963
4761       0.106947
4761        2.74455
4761        3.29504
4761       0.875863
4761        4.05219
4761      0.0566166
4761        3.68855
4761        4.04475
4761        2.83974
4761        3.57532
4761        2.32896
4761       0.333728
4761        5.60249
4761        5.60514
4761       0.843635
4761        4.18133
4761        3.00351
4761        2.88543
4761        6.02852
4761        6.08382
4761        3.17785
4761       0.385985
4761        3.29122
4761        5.79014
4761        3.68023
4761        3.95279
4761       0.727216
4761        5.21754
4761        5.78327
4761        3.82322
4761       0.656583
4761        6.21295
4761        5.04312
4761        5.70578
4761        3.61923
4761        3.69369
4761        5.97001
4761         2.1952
4761        6.00008
4761       0.442169
4761        5.59864
4761        3.37691
4761        1.31984
4761        2.24168
4761        2.81384
4761        2.77607
4761        1.04794
4761        3.71726
4761       0.119812
4761        3.42846
4761        3.53679
4761        5.03809
4761       0.578604
4761       0.388738
4761         3.4038
4761        1.53472
4761       0.219689
4761       0.504575
