4612        4.29976
4612        2.37945
4612        3.44377
4612        1.76692
4612        2.83539
4612       0.366643
4612         3.8453
4612        5.55895
4612        6.21659
4612        6.25031
4612        4.31443
4612         5.8009
4612         6.1256
4612         5.8994
4612       0.977491
4612        2.13919
4612        3.49192
4612        5.04481
4612        2.37999
4612        0.74913
4612         2.0843
4612        6.22156
4612        3.22845
4612        4.65921
4612         4.7806
4612       0.955536
4612        5.69946
4612      0.0231412
4612         3.9824
4612        2.93172
4612        1.10254
4612        2.54157
4612        2.66158
4612        6.12581
4612        2.70582
4612        5.34267
4612        4.48765
4612        4.55802
4612        4.50164
4612        1.71503
4612        2.08676
4612        3.31449
4612        3.04431
4612       0.241195
4612        2.94157
4612        5.38155
4612       0.233232
4612        3.93621
4612        2.42142
4612         2.6951
4612        5.78625
4612        1.60287
4612        1.54386
4612        6.24414
4612        2.29962
4612        1.88403
4612         5.2427
4612        0.75233
4612        2.77635
4612       0.169336
4612         5.5172
4612        2.33992
4612        2.51017
4612         2.7266
4612        2.49937
4612        5.46577
4612        3.93922
4612        1.07602
4612        5.22895
4612        4.46317
4612        2.93595
4612       0.782291
4612        1.66037
4612      0.0558413
4612        5.00753
4612        5.63033
4612        1.89874
4612        5.29613
4612        4.81748
4612        3.28365
4612        3.06619
4612        1.36569
4612         5.5556
4612        4.46552
4612        5.51579
4612        5.46035
4612        4.24514
4612         0.8505
4612        4.93193
4612        5.20629
4612        2.54668
4612        5.86492
4612        5.58016
4612        5.21346
4612       0.231567
4612        6.15571
4612        4.79287
4612        1.51645
4612         5.4076
4612        5.34772
4612       0.146131
4612      0.0243741
4612        4.74649
4612        2.69522
4612        4.81805
4612        2.87365
4612      0.0586215
4612       0.710407
4612        3.86626
4612        4.65169
4612        5.53718
4612        5.18576
4612       0.226868
4612        2.96377
4612        3.45636
4612          3.322
4612         4.4128
4612       0.411096
4612       0.114661
4612       0.594668
4612        4.52171
4612        2.67653
4612        2.71634
4612        2.27559
4612        1.15237
4612        2.57101
4612        4.75797
4612        1.59395
4612        4.00854
4612        2.64587
4612        3.38309
4612        5.54949
4612        4.87225
4612        5.25123
4612        5.78559
4612        2.78062
4612        2.74961
4612        5.56454
4612        1.46018
4612        1.15125
4612        6.23311
4612        2.44867
4612        2.91637
4612        2.00997
4612         6.0827
4612        1.48218
4612        5.81388
4612        6.22693
4612        5.97936
4612        0.48057
4612        2.51122
4612        4.86383
4612        2.47981
4612        3.65262
4612        2.99485
4612        5.08028
4612        1.78177
4612        6.02272
4612        6.07243
4612        5.57442
4612       0.207022
4612        2.79194
4612        5.94195
4612        2.15184
4612        4.81659
4612        3.10871
4612        2.99441
4612        3.46386
4612        2.90794
4612        3.38459
4612        5.69195
4612        2.38504
4612        5.00167
4612        4.70492
4612        1.44734
4612        3.02106
4612       0.233258
4612        2.12935
4612        4.78052
4612         1.2187
4612        6.26615
4612        1.40066
4612        3.54547
4612        1.89955
4612        2.65863
4612        4.68744
4612        5.10052
4612        5.48824
4612        6.23813
4612        3.18642
4612         5.1583
4612        3.97659
4612       0.775851
4612        4.81331
4612        6.03338
4612        3.39199
4612       0.693839
4612        4.16534
4612        0.92513
4612       0.114152
4612          2.373
4612        5.53074
4612        2.33337
4612        1.29488
4612        1.65201
4612        3.02894
4612        6.07875
4612        6.28272
4612        5.39908
4612        2.52613
4612        1.88099
4612        4.88701
4612        5.67479
4612        1.96179
4612        2.48928
4612        5.81719
4612        1.48435
4612        2.55595
4612        6.04503
4612        2.03642
4612       0.263323
4612        4.03412
4612        2.06956
4612         3.1391
4612        5.12952
4612         3.2568
4612        2.25955
4612        1.39319
4612        2.94494
4612        5.26168
4612        2.73685
4612        0.26421
4612        1.04861
4612        4.14639
4612        5.66622
4612        2.12616
4612        3.51651
4612        4.59455
4612         4.9034
4612        3.58584
4612         1.8833
4612        1.68271
4612       0.171366
4612        2.58338
4612        5.65418
4612        3.86739
4612        5.08296
4612        5.68885
4612        5.44868
4612       0.553857
4612        2.94932
4612        3.16169
4612       0.174577
4612        2.41137
4612        4.82057
4612        5.66524
4612         4.2169
4612        4.83989
4612        2.24676
4612        0.58103
4612        2.49414
4612        4.53527
4612        5.44234
4612        2.99796
4612        6.26571
4612        5.45439
4612        3.24764
4612       0.102051
4612        2.07268
4612        5.06802
4612        5.49113
4612        2.91204
4612        6.02715
4612        5.05183
4612        2.80736
4612       0.438504
4612        4.43118
4612        3.43468
4612        4.15761
4612        2.40284
4612        1.47024
4612        6.04122
4612        2.72784
4612        3.83897
4612      0.0768477
4612        1.61699
4612        1.10625
4612          5.954
4612        1.44727
4612        1.35983
4612         6.2184
4612        4.98412
4612        1.66473
4612        5.35976
4612        1.12769
4612        3.43077
4612        3.81132
4612         5.4316
4612        2.69124
4612        5.16471
4612        4.73452
4612        3.67517
4612        6.18228
4612        6.10453
4612        6.26743
4612        3.81923
4612        3.35133
4612        3.74573
4612        6.10638
4612        4.08211
4612        5.03019
4612       0.058662
4612       0.617422
4612        3.57664
4612        1.99546
4612        4.14565
4612        4.00119
4612        3.71263
4612       0.166428
4612       0.892502
4612        1.12988
4612         6.2783
4612        3.46607
4612        3.32395
4612        2.63489
4612        5.47939
4612        5.86435
4612        1.70926
4612        3.79277
4612       0.988464
4612        2.01419
4612        4.02294
4612        3.33905
4612        2.89852
4612        2.47703
4612        5.39591
4612        3.50221
4612         4.5164
4612        2.96563
4612       0.658674
4612        5.02918
4612        2.99087
4612      0.0966763
4612        3.53087
4612        1.27826
4612        3.89804
4612        3.16973
4612        2.22689
4612         4.2682
4612        2.24868
4612        4.77688
4612        1.89198
4612        3.36608
4612         4.0245
4612       0.360677
4612        4.95241
4612        3.69766
4612        4.27415
4612        5.00104
4612        4.96143
4612        1.52023
4612        5.99007
4612        5.28924
4612        6.01186
4612       0.843773
4612        3.02595
4612        3.41905
4612        2.50084
4612           3.08
4612        2.61801
4612        4.10393
4612        1.83785
4612        3.82478
4612        5.29653
4612        2.55106
4612        2.34301
4612        5.17241
4612        5.97143
4612        2.51108
4612        4.53422
4612        3.89729
4612        2.95784
4612        3.63827
4612        3.44707
4612        2.75321
4612       0.440178
4612        2.49984
4612        5.28953
4612        1.94675
4612        2.27578
4612        5.73499
4612        2.70123
4612        4.45093
4612        4.68224
4612        5.23896
4612        4.74186
4612        5.91232
4612       0.575169
4612         3.9652
4612        2.18226
4612        5.90133
4612      0.0260735
4612        5.28901
4612        4.00375
4612    8.68265e-05
4612        2.37099
4612        4.08269
4612        6.11631
4612        6.27204
4612        3.29397
4612        1.38584
4612        6.23143
4612        6.16716
4612        5.18508
4612       0.816113
4612        2.14651
4612        1.80943
4612       0.505298
4612        2.55217
4612        3.59243
4612        5.39321
4612        4.10348
4612        3.33132
4612       0.101635
4612       0.551319
4612        4.27157
4612        2.47872
4612        1.26874
4612        5.52073
4612        5.34949
4612     0.00713059
4612        1.26821
4612        2.36894
4612        6.01288
4612        2.30598
4612        6.01705
4612        3.59095
4612        2.63339
4612        3.01671
4612        4.62833
4612        6.03145
4612        3.36239
4612       0.388868
4612        0.16413
4612         4.6936
4612        1.89085
4612        5.35469
4612        5.78159
4612        4.20793
4612        4.49529
4612        2.77754
4612        5.34506
4612        2.29849
4612        2.02305
4612        1.44765
4612        3.90621
4612        5.77851
4612        2.49956
4612      0.0602483
4612        6.14214
4612        4.40447
4612       0.440196
4612        3.73796
4612        6.16917
4612        3.32149
4612        4.90899
4612        5.32986
4612         2.9869
4612        2.17966
4612       0.182104
4612        5.89033
4612        3.45704
4612         5.4122
4612        3.86325
4612        3.44823
4612       0.476134
4612       0.337335
4612       0.412885
4612       0.385697
4612        6.23318
4612        1.63412
4612        1.61068
4612        3.88955
4612        2.53136
4612        1.67811
4612        6.15989
4612        3.09928
4612        5.74509
4612        4.18513
4612        5.21074
4612       0.396845
4612       0.521851
4612        4.69119
4612        3.06193
4612         2.9898
4612        6.25146
4612       0.562214
4612        5.89795
4612        1.27896
4612        2.56352
4612        5.93245
4612        4.11814
4612        6.03714
4612        2.18231
4612      0.0626285
4612        3.84036
4612        2.18423
4612        1.32767
4612        5.04104
4612        1.31012
4612        4.83776
4612       0.559841
4612        1.53412
4612        6.01548
4612        4.87228
4612        0.59442
4612        3.06272
4612        3.10684
4612        2.55157
4612        1.54304
4612        5.80288
4612        1.58535
4612        3.98645
4612        4.73495
4612         4.0049
4612        1.38997
4612        2.94321
4612         4.6908
4612        3.74409
4612        3.24159
4612        4.86619
4612        4.17852
4612         2.9393
4612        3.88931
4612        2.86201
4612        2.90895
4612        4.38932
4612        1.39153
4612        1.61851
4612        4.70987
4612        5.88082
4612        4.67084
4612        4.87744
4612        3.41164
4612       0.681428
4612       0.982666
4612        1.82271
4612        2.32215
4612        3.22347
4612        2.12143
4612        5.18921
4612        2.34338
4612        4.25994
4612        5.32957
4612       0.522566
4612        3.15997
4612        1.79341
4612        6.28004
4612        2.23509
4612        4.34053
4612         3.5191
4612        2.94371
4612        2.12373
4612        5.18113
4612        5.56314
4612        1.74456
4612        2.75983
4612        5.60679
4612        5.93249
4612        3.23534
4612         2.5662
4612        5.45795
4612        2.69267
4612        2.93986
4612        1.21652
4612       0.365187
4612        2.63428
4612        1.79874
4612        5.12719
4612        4.30771
4612        5.31372
4612        4.09596
4612        2.00851
4612       0.136996
4612        3.53554
4612        3.99448
4612        3.40471
4612        3.29617
4612        5.54308
4612        2.82712
4612        6.14327
4612     0.00779355
4612        2.43718
4612        3.54365
4612        2.32833
4612        1.90285
4612        5.14606
4612        3.28649
4612        6.26553
4612        1.75783
4612        6.17593
4612       0.399047
4612        2.44937
4612        3.75044
4612       0.149716
4612        4.89729
4612       0.593895
4612       0.446669
4612        2.04265
4612        2.36161
4612        5.10868
4612        5.19464
4612        1.73445
4612       0.376966
4612         1.7999
4612        1.40455
4612        3.65619
4612        3.35055
4612        1.33721
4612        3.79926
4612        5.20693
4612        2.86595
4612        5.80412
4612        2.66504
4612        1.33793
4612        3.27391
4612        2.21132
4612        4.89903
4612        1.30769
4612        2.94669
4612        5.81158
4612        4.82418
4612        4.69032
4612       0.501113
4612        3.47643
4612        4.58758
4612          1.395
4612        5.40089
4612        2.85772
4612        4.84063
4612          1.572
4612        2.94373
4612        3.29612
4612         3.8874
4612        2.76534
4612         2.4786
4612      0.0284669
4612        2.72591
4612        2.86498
4612         1.4823
4612        1.38193
4612        6.22669
4612         1.1295
4612        2.32138
4612        4.22577
4612        4.55528
4612        5.28883
4612        4.34598
4612       0.477286
4612       0.285973
4612        3.79376
4612        5.46815
4612       0.479424
4612        2.97591
4612        3.18117
4612        3.55714
4612        2.59305
4612       0.658256
4612        4.56382
4612        2.08341
4612        5.29973
4612        1.02925
4612        2.14117
4612        5.74946
4612       0.499114
4612        4.23142
4612       0.532813
4612        1.86902
4612        1.87062
4612        2.32324
4612        1.70294
4612        1.41038
4612        2.77371
4612        6.22823
4612        1.53284
4612        1.05147
4612        3.43142
4612        3.20792
4612        5.41428
4612         4.6613
4612        3.08235
4612        5.44744
4612        2.02608
4612        4.57541
4612        3.67107
4612        5.75277
4612         1.4907
4612        1.68214
4612      0.0989091
4612        1.08284
4612        5.71802
4612        5.53574
4612          3.007
4612         6.1627
4612        3.14457
4612       0.148869
4612        1.35665
4612        3.79143
4612        5.57392
4612         2.0256
4612        4.58173
4612        5.45042
4612        5.32637
4612        3.03928
4612       0.382755
4612        5.64979
4612       0.495008
4612        4.02213
4612        3.04636
4612        5.15834
4612        1.73971
4612        4.22342
4612        3.00456
4612        0.86362
4612        3.58802
4612        5.91992
4612        6.09574
4612        5.51605
4612        1.03491
4612        4.86194
4612        2.71891
4612       0.319729
4612        6.09221
4612        3.29664
4612        4.24029
4612        2.33153
4612         3.5408
4612       0.495685
4612        2.72595
4612        5.99344
4612          2.753
4612        2.33559
4612        5.20147
4612        3.31476
4612        1.17506
4612        5.62025
4612        2.15808
4612        5.02536
4612        2.38024
4612        2.87597
4612        6.03429
4612        2.33478
4612        4.04582
4612        5.28008
4612        5.54553
4612        5.25131
4612        2.74565
4612       0.207922
4612        1.98208
4612         1.5673
4612        5.67736
4612        2.34838
4612        4.69186
4612        3.01326
4612        4.31311
4612        1.17637
4612       0.144339
4612        1.62478
4612        2.29701
4612        5.16108
4612        5.39514
4612       0.868458
4612        1.73647
4612        3.85776
4612        2.41707
4612        4.49666
4612        2.25633
4612        5.39188
4612        5.16151
4612        5.01992
4612       0.812534
4612          2.017
4612        3.88106
4612        3.76511
4612        2.37657
4612        3.81714
4612        3.63327
4612        5.03958
4612        2.37611
4612        2.89771
4612         6.2104
4612        1.93903
4612        3.59424
4612       0.186496
4612        4.74173
4612        3.23684
4612        3.53129
4612        1.81041
4612       0.441425
4612        6.13335
4612        3.64678
4612        1.39339
4612        3.61483
4612        2.67152
4612        3.20032
4612        2.34332
4612        5.56265
4612        3.32057
4612       0.195998
4612        5.99065
4612         1.4333
4612        1.88668
4612        4.83167
4612        2.04078
4612         6.2775
4612        1.68581
4612        3.02871
4612        6.03298
4612        2.66777
4612         1.6935
4612        4.42586
4612        5.05953
4612        5.05692
4612        3.33111
4612        5.54775
4612        5.52869
4612       0.181987
4612        4.00734
4612        4.05296
4612       0.795095
4612        3.46197
4612        5.65724
4612        4.77128
4612        3.50448
4612         1.0623
4612        2.77075
4612        4.38014
4612       0.740564
4612          1.227
4612         4.9004
4612        1.68694
4612        5.38538
4612        5.72163
4612       0.592672
4612        5.69593
4612         4.6459
4612        5.32107
4612        3.31778
4612       0.271718
4612       0.580482
4612        3.11693
4612        1.14355
4612        6.00433
4612        6.18896
4612        3.45645
4612          6.274
4612        6.14756
4612        3.32179
4612        1.58826
4612        2.79762
4612        2.70333
4612       0.762621
4612        6.15595
4612         1.7421
4612       0.648918
4612        2.36406
4612        5.02684
4612        4.01105
4612        4.86125
4612        0.14415
4612         6.1026
4612        5.67785
4612        4.99751
4612        3.62043
4612        4.95513
4612        2.69107
4612        5.33175
4612        2.26978
4612        2.39638
4612        3.30635
4612         5.3064
4612        1.25554
4612        4.59849
4612        2.13103
4612        2.59398
4612       0.299987
4612        5.28504
4612        4.04431
4612          3.401
4612        2.35213
4612          5.652
4612        6.13286
4612        4.95826
4612        5.42422
4612        2.80544
4612        6.25658
4612        3.11517
4612        4.54431
4612       0.183454
4612        3.83234
4612        5.65142
4612        5.27316
4612        5.97363
4612        5.25653
4612        5.52796
4612       0.165287
4612         2.4145
4612         5.1767
4612         5.6781
4612        0.23515
4612        5.02661
4612        1.92976
4612        1.28693
4612        1.47489
4612        1.04077
4612        3.63674
4612        2.03314
4612        6.18248
4612        3.08944
4612        2.17978
4612          6.187
4612        3.13009
4612        4.47279
4612       0.513709
4612        3.57515
4612         6.0108
4612        4.59307
4612      0.0332621
4612        2.52048
4612       0.103837
4612       0.532258
4612        2.47922
4612        1.81358
4612       0.575339
4612        4.32581
4612        4.91181
4612        2.45231
4612        1.39142
4612        1.83331
4612        5.49324
4612        2.01567
4612        4.53767
4612       0.239323
4612        3.09416
4612         2.8878
4612        4.71471
4612        4.39498
4612        0.39117
4612        4.84335
4612        4.90967
4612        1.31013
4612        5.45477
4612        1.17006
4612        4.57666
4612        6.21343
4612        1.25883
4612        6.22062
4612        2.55526
4612        5.41777
4612       0.731747
4612       0.202167
4612        5.34657
4612        4.68745
4612         5.4934
4612        3.98236
4612         3.8103
4612        2.34685
4612        6.22137
4612        6.20478
4612        3.08316
4612        2.37279
4612        1.65318
4612        4.40353
4612       0.758721
4612        3.53423
4612         3.6742
4612        5.60249
4612        1.52588
4612        4.89806
4612        3.08878
4612        3.92385
4612        6.08466
4612        3.94729
4612        2.86461
4612        3.13757
4612        2.10602
4612        6.02997
4612        5.65502
4612        5.41935
4612        3.98239
4612        4.20279
4612        2.49686
4612        4.17543
4612        1.44062
4612        1.99632
4612        1.53332
4612        1.70636
4612        4.95939
4612        4.86266
4612        1.08574
4612        5.43125
4612        1.36505
4612        0.18583
4612        2.18737
4612        0.42598
4612        5.50491
4612       0.525641
4612        3.69909
4612       0.434893
4612       0.268114
4612        2.23126
4612        2.97489
4612        3.01344
4612        1.42019
4612        2.97381
4612     0.00368293
4612        2.44089
4612       0.552131
4612        1.74903
4612        3.76999
4612        1.84315
4612       0.322177
4612        6.01433
4612        1.69034
4612       0.217321
4612        5.75561
4612        5.23038
4612        2.39639
4612       0.366924
4612        4.08331
4612        6.05605
4612        4.81009
4612        1.44841
4612        2.03636
4612        2.51672
4612        2.83701
4612         6.1783
4612        5.25734
4612        2.03562
4612        1.50399
4612          5.715
4612         1.1335
4612        2.39541
4612        2.28816
4612        3.57923
4612        5.00318
4612       0.782787
4612        1.59014
4612         4.9007
4612        5.72181
4612        2.52953
4612        3.25696
4612        3.52528
4612       0.252467
4612        4.82703
4612        1.73036
4612        1.77123
4612          5.592
4612        3.28047
4612        5.72274
4612        1.40787
4612         5.5038
4612        2.66049
4612        2.68982
4612       0.268713
4612        2.39411
4612        1.74843
4612       0.390226
4612         3.3286
4612        3.91124
4612        2.71722
4612        5.17183
4612       0.334257
4612        2.58722
4612       0.106337
4612        5.98917
4612        2.38585
4612        2.43164
4612        4.05086
4612        1.17097
4612        5.55508
4612        5.61384
4612        5.49955
4612        6.08293
4612       0.474303
4612        2.45461
4612        4.65634
4612        3.70384
4612        3.57799
4612        5.02124
4612        3.03582
4612        2.62342
4612        6.15699
4612        2.89317
4612        1.03957
4612       0.272776
4612        5.98455
4612        6.24874
4612       0.676231
4612        6.17335
4612        1.34748
4612        0.29879
4612        2.07829
4612       0.494102
4612        6.13633
4612         6.0583
4612        6.05813
4612        2.77378
4612        2.13339
4612        5.75848
4612        3.42183
4612        4.57162
4612        5.46651
4612        5.96628
4612        4.80273
4612        5.27319
4612          2.024
4612        5.88568
4612        4.92967
4612        2.86086
4612        4.87777
4612        1.14706
4612       0.381661
4612        0.71274
4612        3.51073
4612       0.718179
4612        4.69344
4612        5.69632
4612        3.12323
4612        4.25562
4612        2.63027
4612        1.33048
4612        6.27417
4612        2.91596
4612        5.44228
4612        3.87812
4612        4.67885
4612         1.5233
4612        2.71682
4612        4.73772
4612        5.62909
4612        2.58694
4612        2.09593
4612       0.737381
4612        1.91298
4612        2.64262
4612         5.3913
4612        2.28841
4612       0.585831
4612        3.06185
4612        4.10717
4612        5.98463
4612        4.71975
4612        3.96902
4612       0.356922
4612        2.92249
4612         1.9625
4612        3.67948
4612        5.29628
4612        1.86955
4612        5.84246
4612        6.05086
4612        5.92621
4612        4.07834
4612        2.97722
4612        3.34673
4612         5.9228
4612         2.3275
4612        3.89471
4612        5.99461
4612       0.922303
4612       0.144176
4612        4.29288
4612        5.71462
4612        6.07933
4612         4.4297
4612        2.36851
4612        5.40921
4612       0.197708
4612        1.85369
4612        2.19331
4612        4.72019
4612       0.674418
4612        2.50636
4612        6.06331
4612       0.575219
4612        2.98762
4612        3.07811
4612        5.28158
4612        3.11259
4612        5.44403
4612         5.2979
4612        1.41808
4612        5.55423
4612        3.23877
4612        6.20576
4612        5.42294
4612        5.09879
4612       0.422034
4612        4.89616
4612        4.84369
4612       0.239894
4612       0.944535
4612        2.50442
4612        5.20623
4612        0.55394
4612        3.47526
4612        1.80263
4612      0.0300702
4612        4.37768
4612        2.87941
4612        3.70822
4612        6.06504
4612        3.59323
4612        5.82613
4612         2.0179
4612        4.91314
4612        4.46819
4612        5.34044
4612        5.75708
4612        3.64859
4612        2.10659
4612        2.25166
4612        5.71588
4612        2.32098
4612        5.89177
4612        2.46775
4612        1.20457
4612        2.82926
4612        1.90179
4612        2.64813
4612        3.50218
4612        1.67311
4612        4.76557
4612        1.86987
4612        5.45331
4612        5.98497
4612        2.93047
4612       0.519936
4612        5.13302
4612        4.79705
4612        1.13796
4612        5.67103
4612        3.97389
4612        2.16521
4612        6.25163
4612        4.79362
4612        1.43024
4612        6.16624
4612        5.38757
4612      0.0696879
4612       0.893653
4612        2.81467
4612         2.4442
4612        1.72755
4612        6.15745
4612        1.55723
4612        3.11258
4612         1.6252
4612        5.22694
4612        5.10532
4612          5.028
4612        0.37582
4612        3.99905
4612        3.41983
4612       0.277745
4612        2.79486
4612        5.61507
4612       0.924455
4612        2.41112
4612        4.67526
4612        1.23061
4612        5.29132
4612        6.22408
4612        2.52947
4612        5.68709
4612      0.0344736
4612        2.73731
4612        4.77422
4612       0.959574
