4520         3.4265
4520        6.24202
4520        2.81086
4520        2.69207
4520        1.03092
4520        2.59822
4520        1.24332
4520        3.48796
4520     0.00219719
4520        6.24542
4520       0.106082
4520        1.05196
4520        2.17991
4520        2.80074
4520        1.71742
4520        3.73338
4520         5.0813
4520        5.62277
4520        1.27545
4520        2.22294
4520        4.71382
4520        4.79678
4520         5.9822
4520        5.91263
4520        1.44508
4520        2.33516
4520        2.89845
4520        3.56007
4520        5.96497
4520        5.61447
4520        5.16225
4520        2.47305
4520        5.94752
4520        3.23482
4520       0.374441
4520       0.778242
4520      0.0142467
4520        6.24455
4520        2.77457
4520       0.314545
4520        2.97407
4520        2.41351
4520        2.02293
4520        3.49674
4520        6.21016
4520         1.3273
4520        3.89584
4520        3.36808
4520         1.0526
4520        3.07223
4520        5.30268
4520        4.91386
4520       0.910638
4520        2.67426
4520        2.82644
4520        2.12789
4520        2.92127
4520        4.99337
4520        2.37878
4520        1.74534
4520        5.91786
4520        4.39407
4520       0.160225
4520        1.38401
4520        5.84197
4520        6.09276
4520        6.26609
4520        6.20186
4520        5.77749
4520       0.349923
4520        5.37757
4520       0.845181
4520        1.75433
4520       0.722613
4520        2.10459
4520        2.74512
4520        6.27934
4520        0.25104
4520        5.12233
4520         1.1494
4520        2.04067
4520       0.274357
4520        1.50065
4520       0.351334
4520        1.85886
4520        6.04007
4520       0.912406
4520        2.01608
4520       0.256819
4520        0.76366
4520        5.17875
4520        1.12488
4520        4.91972
4520        5.38018
4520         5.2537
4520        5.80673
4520        1.60048
4520        2.15607
4520        5.46772
4520        1.85746
4520       0.364004
4520        1.02227
4520        3.03461
4520      0.0244477
4520        0.96335
4520        3.65428
4520        5.65449
4520        3.85767
4520         1.0516
4520        4.99195
4520        6.25582
4520        4.79779
4520        2.69868
4520        2.68082
4520        2.21307
4520        5.75842
4520        5.40747
4520        4.77601
4520        2.67605
4520        2.81063
4520        3.54701
4520       0.543865
4520         4.2617
4520       0.335928
4520         3.6269
4520        4.45744
4520        4.54311
4520        5.12166
4520        4.02857
4520       0.569723
4520       0.724919
4520        6.07364
4520        5.41822
4520        3.61275
4520        6.10991
4520        5.90475
4520         3.3253
4520        5.70909
4520        6.26132
4520        0.88662
4520        5.71351
4520        3.42866
4520        0.78683
4520        3.32737
4520        5.93723
4520      0.0582397
4520        3.53127
4520       0.685196
4520        5.97135
4520       0.143015
4520       0.204756
4520        4.87068
4520          4.828
4520         1.3584
4520        4.50551
4520        5.74618
4520        1.11559
4520       0.692634
4520       0.281056
4520       0.125442
4520        5.94471
4520        5.06768
4520        5.92223
4520      0.0531026
4520        6.19693
4520        3.63217
4520         2.1286
4520        5.82054
4520        4.79711
4520        4.15475
4520        5.76418
4520        4.05647
4520        4.27765
4520        2.59971
4520       0.699598
4520        2.35918
4520       0.382005
4520        5.30085
4520        4.51725
4520        4.67547
4520        5.69708
4520        1.46434
4520         3.5229
4520        3.24951
4520        2.78711
4520        2.51036
4520        5.63175
4520        3.19099
4520       0.385081
4520        1.63378
4520        2.67392
4520        2.97508
4520        5.84817
4520        3.18848
4520        3.72463
4520        5.29467
4520        2.55407
4520        3.30806
4520        2.59701
4520        1.96427
4520        2.32901
4520         1.1628
4520         1.7767
4520        4.80243
4520        4.31636
4520        6.18902
4520        1.02329
4520        3.75115
4520        2.91749
4520        1.44436
4520        4.02431
4520       0.788679
4520         0.8213
4520     0.00445541
4520        5.25263
4520      0.0367165
4520           2.74
4520        5.33057
4520        4.07966
4520        4.35513
4520       0.648059
4520        5.09234
4520        5.46933
4520       0.740032
4520        3.51624
4520        5.33383
4520        3.02582
4520        3.58497
4520       0.988932
4520        5.02523
4520        2.08769
4520        5.35542
4520        6.10482
4520        2.64923
4520         2.7978
4520        2.39465
4520        5.00488
4520         1.7021
4520        1.91294
4520         3.6754
4520        5.04767
4520        5.44507
4520        2.53442
4520        1.63559
4520        5.06329
4520        5.79858
4520        4.54876
4520         3.1535
4520         3.3069
4520        6.13318
4520        3.17229
4520        2.67349
4520         3.7547
4520        5.96742
4520       0.170617
4520        6.16503
4520        2.75093
4520        2.86362
4520        2.86849
4520         1.0878
4520        6.06165
4520        3.88577
4520        1.78339
4520        1.32496
4520        2.37853
4520        5.71817
4520       0.809487
4520         1.4324
4520        1.10731
4520        1.09327
4520      0.0922917
4520        5.57441
4520        2.84673
4520        1.34257
4520        6.01045
4520        3.35203
4520        3.40446
4520        4.09996
4520        4.71471
4520          2.002
4520        3.45424
4520         2.2685
4520        4.55839
4520        3.45198
4520        4.27556
4520        2.23774
4520       0.192195
4520        1.64059
4520        6.14282
4520         4.9971
4520        3.22313
4520       0.396037
4520        2.41195
4520        2.49567
4520        4.49616
4520        1.11828
4520        2.64575
4520        6.11379
4520        2.47549
4520       0.717836
4520        3.47648
4520        1.90404
4520        4.77972
4520         2.3466
4520        1.32136
4520        3.37016
4520       0.400167
4520        3.25169
4520          3.385
4520        6.21218
4520        5.67102
4520        2.21089
4520        5.42764
4520        3.10112
4520        2.45202
4520        5.45311
4520        5.72561
4520        1.62125
4520        5.47601
4520        1.78872
4520        2.67725
4520        1.41651
4520       0.546711
4520        2.44372
4520         3.1228
4520        2.14822
4520        3.68861
4520        2.69758
4520       0.276129
4520        2.50409
4520        1.59315
4520        3.80041
4520         4.3912
4520        3.80359
4520        2.38866
4520       0.126511
4520       0.243373
4520        2.92721
4520        2.92029
4520       0.247461
4520       0.877723
4520      0.0128232
4520        2.59407
4520        5.18338
4520       0.129767
4520         2.6092
4520        3.16648
4520       0.717626
4520        2.61146
4520        1.66268
4520          2.688
4520        2.42471
4520        2.05777
4520        2.93459
4520        3.69462
4520        2.09203
4520        6.22668
4520        2.79681
4520         3.9477
4520        1.89122
4520        5.03277
4520        1.06436
4520        0.77284
4520        4.35001
4520        2.66024
4520        2.66598
4520         1.3438
4520        4.21748
4520        1.11051
4520        2.00909
4520        2.31394
4520        3.21656
4520        2.99887
4520        5.38372
4520        4.65704
4520        2.50199
4520        1.26668
4520       0.789384
4520       0.127717
4520        3.36037
4520         4.9702
4520        2.15453
4520        5.17404
4520        2.22306
4520        3.07972
4520       0.576818
4520        4.05935
4520        2.11494
4520         5.2121
4520       0.564116
4520         5.2592
4520        4.57699
4520        6.16185
4520        1.51665
4520        6.21081
4520        2.51621
4520       0.733298
4520        5.07922
4520        2.95615
4520        3.68359
4520       0.362484
4520        2.03243
4520        1.48735
4520        4.78794
4520        1.58847
4520        5.37077
4520        4.94933
4520        2.82548
4520        3.81636
4520         4.3119
4520        6.07287
4520        2.87254
4520        1.76494
4520        6.09438
4520        4.67784
4520        2.21866
4520        2.95519
4520        2.22178
4520        3.70421
4520        5.61921
4520       0.632661
4520        5.43807
4520        5.74824
4520         5.1099
4520        3.80005
4520        4.99733
4520        1.84657
4520        3.46345
4520        1.83486
4520         1.9256
4520         5.5975
4520        4.22278
4520        2.54733
4520        5.92958
4520       0.701777
4520        6.06772
4520         2.9039
4520          3.406
4520        5.82361
4520        2.44602
4520        2.01694
4520        2.66674
4520        5.86398
4520       0.821366
4520        5.43343
4520       0.366435
4520        3.39499
4520        4.58213
4520      0.0480822
4520       0.404571
4520         1.8286
4520        2.70854
4520        2.66415
4520         5.4045
4520        5.35792
4520        1.60613
4520        1.87437
4520        3.90986
4520        2.82571
4520       0.696338
4520        3.05983
4520        2.87987
4520        4.18896
4520        5.95521
4520        3.12954
4520       0.137597
4520        2.68537
4520        1.59796
4520        4.66812
4520        1.29061
4520         0.3885
4520        2.91421
4520        3.92237
4520        2.03924
4520        4.01386
4520        5.51283
4520         2.4921
4520        3.06131
4520        2.57487
4520        2.44843
4520         4.6785
4520        3.41529
4520        1.88562
4520        1.31178
4520       0.500818
4520        4.23134
4520        1.66877
4520        5.91192
4520        5.98092
4520        2.48793
4520        1.97207
4520        5.29334
4520        3.43298
4520        5.29168
4520        2.57587
4520        2.96909
4520        5.63188
4520       0.528548
4520        1.46598
4520        1.47101
4520        1.74677
4520        4.87801
4520        1.92312
4520         1.2011
4520        5.74567
4520        2.68647
4520        6.27754
4520       0.849358
4520       0.625437
4520        2.08549
4520        2.46795
4520        5.84993
4520       0.750812
4520        4.40637
4520        5.06357
4520        2.05258
4520        6.23187
4520        2.21025
4520        4.55495
4520        1.00009
4520        2.65403
4520        5.15592
4520        4.81443
4520        2.80822
4520        1.98409
4520        4.21147
4520        1.39112
4520         2.7972
4520         3.7627
4520        2.48299
4520        5.84774
4520        0.79752
4520         1.0095
4520        4.24047
4520         4.3964
4520         1.2864
4520        4.27691
4520         1.4853
4520        6.26631
4520        1.88736
4520        5.26948
4520        2.10245
4520       0.552394
4520        2.22186
4520         4.7911
4520        6.15378
4520        5.87667
4520        2.68037
4520        2.70114
4520        5.24938
4520        2.55791
4520        5.88548
4520        2.18492
4520        4.10176
4520        5.80719
4520        5.42571
4520        1.46612
4520        3.85889
4520         4.7762
4520        1.81513
4520        3.23959
4520        5.37515
4520        5.58618
4520        2.42094
4520        5.18917
4520        5.91687
4520         3.1017
4520        6.21658
4520        5.47636
4520        1.24745
4520        3.15269
4520        0.62288
4520        5.38917
4520        3.83209
4520        1.97628
4520       0.618425
4520         1.2354
4520        3.53124
4520        2.21566
4520        2.23394
4520        5.82275
4520        5.50269
4520        3.41613
4520        4.85501
4520        5.76197
4520        1.71561
4520       0.164646
4520        2.15163
4520        2.26187
4520        2.01695
4520        5.77824
4520        4.44964
4520         5.2012
4520        3.11694
4520       0.416154
4520        5.85439
4520        3.61323
4520     0.00471667
4520        1.67208
4520        2.21692
4520       0.199914
4520        5.53077
4520        3.96371
4520       0.278259
4520        4.46151
4520        5.95145
4520         5.9772
4520        2.49332
4520        4.38491
4520        3.45127
4520       0.461526
4520       0.331705
4520        5.62725
4520       0.051477
4520        2.42042
4520        3.78916
4520         2.7822
4520        4.77487
4520       0.254806
4520        4.02089
4520       0.217442
4520         5.7667
4520        2.88108
4520        3.64254
4520       0.952006
4520         5.0036
4520        2.83954
4520        5.43472
4520        1.89584
4520        3.99552
4520        4.75783
4520        2.74747
4520        2.33017
4520        4.08586
4520        4.07248
4520       0.283122
4520        2.05162
4520        2.27436
4520        4.24647
4520        6.15347
4520        2.40442
4520        2.06351
4520        5.31653
4520      0.0903119
4520        6.15163
4520       0.073749
4520        6.00562
4520         2.7595
4520        5.86144
4520        6.12806
4520       0.811263
4520        5.84681
4520        6.15678
4520       0.838687
4520       0.575769
4520        3.23293
4520        2.36224
4520        4.02963
4520        4.31066
4520         2.8755
4520        6.20888
4520        2.88149
4520       0.195346
4520        2.63378
4520        2.23559
4520        5.93809
4520         2.0677
4520        2.48701
4520       0.171313
4520       0.770018
4520       0.370694
4520        5.21613
4520        2.29948
4520        4.99531
4520        2.70352
4520        0.62816
4520        5.46336
4520        6.28148
4520        1.36562
4520        6.00793
4520        2.68181
4520       0.374204
4520        2.14858
4520        4.70434
4520        2.26345
4520        5.43609
4520       0.105614
4520        5.07561
4520        3.87804
4520        3.06297
4520        6.00545
4520        2.08488
4520        5.31913
4520        3.04206
4520        2.86077
4520        1.52458
4520        3.92003
4520        5.07575
4520        2.76723
4520        5.80766
4520        5.88677
4520        5.50079
4520      0.0800959
4520        2.73144
4520        3.20663
4520         2.0124
4520        6.02272
4520        4.79999
4520         1.4491
4520     0.00245664
4520        2.90987
4520        4.01232
4520        2.90696
4520        5.82932
4520        4.04218
4520        2.83725
4520        4.79532
4520        2.10848
4520        1.54826
4520        2.04918
4520        2.74664
4520        2.48459
4520        2.90823
4520       0.357091
4520        5.80116
4520        3.65452
4520        1.68922
4520        4.25635
4520       0.397187
4520        5.74829
4520       0.151861
4520       0.595707
4520         3.1803
4520        4.24052
4520        3.66848
4520        2.21984
4520     0.00155088
4520        5.13495
4520        4.39549
4520        5.80727
4520        6.16509
4520       0.732491
4520        2.23587
4520        5.66727
4520         6.1037
4520        2.71736
4520        6.12644
4520       0.643943
4520        2.98881
4520       0.921566
4520        5.56095
4520        6.22939
4520        2.03488
4520       0.803659
4520        2.31058
4520        6.14229
4520        3.81599
4520        2.40738
4520        5.97976
4520       0.966048
4520        4.24527
4520        2.89944
4520        4.30543
4520        6.13653
4520       0.268887
4520        2.14534
4520        5.98138
4520        4.81609
4520         3.2882
4520         3.9769
4520        5.11862
4520       0.506429
4520        3.09039
4520        3.87794
4520        4.78642
4520        6.23632
4520        4.64266
4520         5.4023
4520        1.32479
4520         1.9295
4520        5.20473
4520         2.0069
4520        0.97089
4520        2.68701
4520        5.43775
4520        3.97176
4520        2.07716
4520        1.92455
4520        5.87647
4520        4.27673
4520        4.93349
4520        5.74625
4520        5.71635
4520        3.61094
4520        1.80877
4520        5.67755
4520        2.43454
4520        6.02892
4520        3.84896
4520        3.92469
4520        1.60004
4520        5.16571
4520        3.40681
4520        1.28386
4520        3.93767
4520        2.89484
4520       0.215198
4520        2.45003
4520        4.38107
4520        3.04624
4520        3.78219
4520       0.991788
4520        2.66794
4520        1.54747
4520        6.20563
4520         4.9845
4520        6.23614
4520        1.59762
4520        1.60872
4520        4.43501
4520        5.41763
4520        5.86836
4520        4.84273
4520        3.91548
4520        1.69436
4520       0.464497
4520         2.8974
4520        3.07096
4520        5.19852
4520        4.48742
4520        5.39185
4520        1.31447
4520        2.11233
4520        5.76272
4520        2.73285
4520        3.88406
4520       0.251968
4520        5.92293
4520        2.30246
4520        1.93813
4520        2.33078
4520        4.59272
4520        2.04572
4520        6.27853
4520       0.483143
4520        3.22486
4520        5.98474
4520        5.51573
4520        2.24845
4520     0.00995176
4520        2.31613
4520        2.03231
4520        2.05807
4520       0.038591
4520        4.83144
4520        5.71344
4520        6.14369
4520        2.70381
4520         2.8045
4520       0.916393
4520        3.98197
4520        5.36208
4520        1.29917
4520        5.72295
4520        2.73862
4520        2.76709
4520      0.0344634
4520        4.65653
4520        4.80031
4520        4.69811
4520        2.50064
4520        2.61452
4520        5.46699
4520        6.20523
4520        2.82172
4520        3.77207
4520       0.237741
4520        3.71509
4520        5.04269
4520        1.63297
4520        2.63568
4520        3.02051
4520        6.02989
4520       0.197475
4520       0.484601
4520        6.17653
4520        2.43858
4520        5.28286
4520        2.71916
4520        4.81756
4520        4.17745
4520         3.5593
4520        2.99477
4520       0.810424
4520        5.97529
4520        2.38143
4520        3.69262
4520      0.0734276
4520        2.22477
4520       0.075253
4520        1.49563
4520        4.46018
4520        3.15375
4520        1.63074
4520        4.94773
4520        2.83965
4520        1.67849
4520        5.65371
4520       0.882449
4520        2.59948
4520        2.56534
4520        5.13241
4520        0.37853
4520        3.31528
4520       0.551769
4520        5.34277
4520        5.45909
4520        6.01366
4520         5.0781
4520        4.00427
4520        4.14236
4520        3.40879
4520        3.98392
4520        5.10295
4520         5.6085
4520        5.80391
4520      0.0297716
4520        2.56501
4520         2.0244
4520        6.03257
4520        5.51126
4520         6.0595
4520        6.10715
4520        5.78521
4520       0.616986
4520        1.68687
4520        2.46041
4520        2.00806
4520        3.05858
4520        3.14825
4520        3.09845
4520         2.4786
4520       0.260388
4520        5.31549
4520        1.21117
4520        4.66952
4520        1.71778
4520        2.02289
4520        4.14519
4520       0.653637
4520        3.03349
4520        5.78626
4520        1.81665
4520         2.6548
4520         5.0815
4520        3.04926
4520         5.0645
4520        5.73045
4520        4.25291
4520        6.06092
4520         2.9633
4520        2.47043
4520        5.88483
4520        1.78874
4520      0.0504585
4520        3.07279
4520       0.667392
4520        5.03669
4520       0.505082
4520        2.45141
4520        5.39564
4520        6.16305
4520        5.70467
4520        0.35906
4520      0.0689569
4520       0.720126
4520         4.3827
4520        5.44883
4520       0.362408
4520        5.50561
4520       0.286126
4520       0.699156
4520        3.58585
4520         2.5161
4520        1.48583
4520        2.38201
4520        4.27846
4520        2.94505
4520        4.76465
4520       0.528872
4520        5.27777
4520        5.28584
4520        4.73367
4520        1.51985
4520        5.39279
4520        4.94346
4520       0.393647
4520        2.44799
4520        2.54745
4520       0.342066
4520       0.498009
4520        2.47425
4520        2.38302
4520        6.19145
4520        4.91948
4520        2.52405
4520        2.34879
4520        3.04337
4520         4.8526
4520        5.70569
4520        5.63156
4520     0.00947143
4520        5.83718
4520       0.245663
4520        3.45119
4520        2.91382
4520        4.47439
4520        4.53501
4520      0.0807892
4520       0.677288
4520        5.92137
4520        3.08133
4520        2.79022
4520        1.93195
4520       0.978516
4520        5.96058
4520        4.88524
4520        5.92512
4520        6.04317
4520        2.01602
4520        2.62684
4520        4.81499
4520        5.72832
4520        4.70558
4520        2.88358
4520        3.89272
4520        5.56599
4520        1.56585
4520        4.02495
4520        3.19598
4520       0.921606
4520        1.81178
4520        2.17885
4520        2.85449
4520        2.81984
4520         3.0211
4520        5.47986
4520        2.34009
4520        5.30974
4520        6.02534
4520        4.33036
4520        4.19091
4520        1.91405
4520        2.57223
4520        2.67536
4520        2.21017
4520       0.754962
4520        5.17701
4520        5.48294
4520        2.33076
4520        5.20965
4520       0.962744
4520        3.50384
4520        3.66346
4520        5.55495
4520         3.8806
4520        5.73138
4520        5.74796
4520       0.393185
4520        5.79725
4520        3.51477
4520        2.30954
4520        3.07688
4520        5.88484
4520        5.47943
4520        4.91821
4520        2.78047
4520        3.22972
4520        2.53427
4520        2.40714
4520      0.0790339
4520        4.92385
4520         4.3717
4520        5.76826
4520        6.25259
4520       0.640769
4520        2.70516
4520       0.181045
4520       0.397881
4520        3.08079
4520         2.8227
4520        2.85806
4520        4.19796
4520        2.95143
4520         5.5705
4520        3.96887
4520        2.71525
4520        1.63375
4520        4.30606
4520       0.892639
4520        3.46429
4520      0.0196112
4520        2.47387
4520        3.38046
4520        5.58141
4520        6.23502
4520       0.442274
4520        2.74959
4520        4.01471
4520        1.73874
4520        4.79207
4520        1.94677
4520        3.03401
4520        5.40228
4520        2.31497
4520        4.26067
4520        6.21013
4520        4.72463
4520        3.31291
4520        4.70866
4520        3.74018
4520        5.71663
4520        5.16972
4520        2.13801
4520        5.79063
4520        4.75619
4520        2.31737
4520        2.47334
4520        4.91324
4520        2.93399
4520        4.98948
4520        6.06777
4520        2.27494
4520         3.2939
4520        3.56933
4520        4.74835
4520        2.22206
4520        5.18809
4520        2.11167
4520         3.4287
4520       0.764036
4520        4.07738
4520        6.14147
4520        2.53491
4520      0.0389639
4520         6.2438
4520       0.187361
4520        5.72967
4520         6.1915
4520        2.48239
4520        4.40409
4520          3.009
4520        1.99508
4520        3.43673
4520        3.73069
4520        5.24728
4520        2.62452
4520        5.13442
4520        1.20511
4520        5.46708
4520       0.114499
4520        6.03729
4520        4.37447
4520        3.57856
4520        5.67828
4520        3.33204
4520        6.24973
4520        4.90014
4520        2.37057
4520        5.04323
4520        3.46363
4520        1.46449
4520       0.778479
4520        4.91871
4520        5.03907
4520       0.659966
4520        4.56977
4520         5.3157
4520        4.96129
4520        2.02791
4520        5.22583
4520       0.316927
4520        4.80647
4520        2.78739
4520         3.7406
4520        3.11084
4520        2.67683
4520       0.464812
4520        3.75042
4520        1.25424
4520        4.28177
4520        2.18773
4520        5.26241
4520        4.62734
4520        2.52069
4520        5.56478
4520       0.164116
4520         2.6627
4520        5.90842
4520        3.49771
4520        5.37484
4520        5.79782
4520        1.78511
4520        3.44968
4520        2.83607
4520       0.534038
4520        1.61425
4520        2.70524
4520         3.3677
4520        0.86261
4520        2.99127
4520        5.43389
4520        1.00451
4520        3.74538
4520        2.29713
4520        3.39212
4520      0.0966816
4520       0.300918
4520        1.66722
4520        1.75221
4520        3.05533
4520        6.12082
4520        5.69619
4520        2.52809
4520         2.9188
4520        2.14606
4520       0.417539
4520        5.12688
4520       0.707763
4520        2.28503
4520        2.56061
4520       0.791971
4520        2.54298
4520       0.472651
4520        4.87882
4520        4.86373
4520        1.65857
4520        5.98431
4520        6.14902
4520        4.51132
4520       0.348928
4520        4.09709
4520       0.111461
4520       0.887161
4520       0.884234
4520        6.18919
4520        2.02901
4520        5.27811
4520        4.50911
4520        3.04657
4520        5.05245
4520        3.82523
4520        2.99122
4520        2.09498
4520        0.20994
4520        3.36482
4520        3.47697
4520        1.22072
4520        2.09868
4520        5.76031
4520        1.93931
4520        3.94096
4520        5.86629
4520         1.5357
4520       0.342633
4520         2.1148
4520        5.53466
4520        3.10658
4520        2.83025
4520        2.60527
4520         2.3497
4520        3.61977
4520        5.06705
4520        5.54246
4520        4.91551
4520         5.4268
4520        3.93056
4520         3.0948
4520       0.131552
4520         4.0104
4520        6.06058
4520        5.59348
4520        2.94356
4520        1.68271
4520       0.975669
4520        3.59852
4520        2.71704
4520        2.49612
4520        6.12261
4520        4.64933
4520        3.74553
4520       0.747655
4520        2.31341
4520        1.90791
4520          0.396
4520        2.07539
4520        3.71829
4520       0.392967
4520        4.86114
4520         6.0351
4520        5.80961
4520        3.22938
4520        1.54313
4520         6.0939
4520        2.07871
4520        4.13803
4520        2.58955
4520        5.48575
4520         2.4418
4520        4.91537
4520        4.91444
4520        4.52695
4520        2.83779
4520        2.50551
4520        1.61379
4520        6.21803
4520        2.12569
4520         4.1096
4520        3.38723
4520        2.18917
4520        6.24808
4520        1.26106
4520        2.48404
4520        2.49365
4520        3.50079
4520         4.9348
4520        5.48787
4520        5.64765
4520        3.31217
4520        5.32068
4520      0.0132096
4520        4.82208
4520        3.96719
4520       0.531333
4520        5.24105
4520        6.01835
4520        5.78214
4520        0.24475
4520        3.02971
4520        3.44508
4520        5.85207
4520        5.35971
4520        5.48874
4520        6.24941
4520        6.26696
4520        5.55256
4520         1.4558
4520        3.08303
4520       0.159886
4520        3.30676
4520        5.59122
4520        1.52116
4520        5.61415
4520         3.4477
4520        5.14577
4520        5.00234
4520        6.07574
4520        5.87177
4520        4.04608
4520       0.273621
4520        5.42698
4520         5.1213
4520        3.27381
4520       0.335375
4520        3.18187
4520        4.45147
4520        4.65606
4520        2.15144
4520        3.60553
4520        3.91719
4520       0.149154
4520        1.94823
4520        5.15392
4520        3.79092
4520        3.67491
4520        5.69543
4520        2.52262
4520        4.43938
4520        3.46384
4520        4.84269
4520        3.20189
4520        5.66406
4520        2.03786
4520         1.0867
4520        5.38163
4520      0.0543108
4520        5.16305
4520        5.86051
4520        5.19643
4520        1.44911
4520        5.27684
4520        4.40047
4520        2.54624
4520        5.31287
4520        2.73536
4520        5.36003
4520        2.95466
4520        3.25157
4520        1.71588
4520       0.187239
4520         3.2955
4520        4.74773
4520        4.75589
4520        5.26272
4520        2.62783
4520        2.27152
4520        5.00648
4520        5.48057
4520        2.43291
4520        1.63037
4520        1.01951
4520        6.03361
4520        4.55333
4520        3.09469
4520        2.60911
4520          1.806
4520        3.38545
4520        4.03293
4520        4.05366
4520       0.513105
4520        3.19671
4520        0.90348
4520        2.08135
4520        5.72862
4520        4.19358
4520        2.76847
4520        1.29583
4520         2.4346
4520         1.3743
4520        2.48849
4520        1.90887
4520       0.965713
4520        5.98809
4520        5.64187
4520        1.65633
4520        4.21733
4520       0.373516
4520        1.79863
4520        2.10229
4520        2.97913
4520      0.0272881
4520        5.57012
4520        4.48024
4520        5.20072
4520       0.866342
4520         2.9474
4520        4.21925
4520        6.03691
4520        2.37046
4520        4.43638
4520       0.853788
4520        6.18483
4520        6.10078
4520        1.85975
4520        2.24311
4520        5.36381
4520         3.8901
4520        3.20842
4520        2.81205
4520        4.45814
4520        5.93479
4520           5.77
4520       0.604171
4520        2.65131
4520        4.67499
4520        4.13366
4520        3.51869
4520        3.51592
4520         2.4017
4520       0.748005
4520        5.50164
4520         1.0537
4520        5.61487
4520        3.77823
4520        2.08574
4520        4.47259
4520         3.5018
4520        4.16115
4520        1.99368
4520        3.40184
4520        2.85057
4520        5.49324
4520        5.97338
4520        4.77638
4520        5.08689
4520        4.60455
4520       0.083079
4520        3.60986
4520        2.11021
4520        5.39465
4520        1.33126
4520       0.171905
4520       0.198684
4520       0.696722
4520        1.74245
4520        1.13906
4520        1.03239
4520        1.23838
4520        4.75899
4520        5.03892
4520        4.47805
4520       0.635716
4520        5.69189
4520        2.63509
4520      0.0736936
4520        0.86187
4520        1.81384
4520        1.16418
4520          3.576
4520        4.81434
4520        2.44534
4520        0.50766
4520        6.20698
4520        3.73295
4520        2.71587
4520        6.15445
4520        4.17534
4520        2.92023
4520        2.70035
4520        4.40927
4520        4.42548
4520        2.61517
4520        5.58263
4520        2.17193
4520        5.88098
4520         5.6287
4520        4.34448
4520        2.13512
4520        5.48805
4520        4.01568
4520        5.40235
4520        4.09216
4520        3.56119
4520      0.0298248
4520        3.71335
4520        3.79439
4520        2.29571
4520        5.87173
4520        2.52237
4520      0.0808628
4520        2.82697
4520        5.22946
4520       0.118515
4520        5.99726
4520        2.79925
4520         5.2674
4520        3.48867
4520       0.889929
4520        2.04846
4520        4.28015
4520        3.76765
4520        4.89711
4520        1.36988
4520        2.64008
4520        5.62629
4520        5.10635
4520        4.31138
4520        6.11395
4520        4.07182
4520        1.77139
4520        2.73071
4520         3.7314
4520        3.74239
4520        3.57223
4520        5.55834
4520        6.23957
4520        5.41984
4520        2.50529
4520        3.35533
4520        2.91867
4520        2.81712
4520        5.71063
4520        3.56124
4520        4.65941
4520        3.68935
4520        2.24463
4520        2.08812
4520        3.49861
4520        4.78807
4520        5.81819
4520        4.76797
4520        1.99162
4520        5.20264
4520        3.20484
4520      0.0155166
4520        2.07809
4520        4.68487
4520        1.94503
4520        3.79779
4520        5.06377
4520       0.335403
4520        5.97094
4520        4.87222
4520        1.72438
4520        2.68531
4520       0.203709
4520        1.74652
4520        4.48112
4520      0.0559062
4520        5.49198
4520       0.220658
4520         2.6064
4520        5.27508
4520        2.79573
4520        0.21081
4520        3.27685
4520        1.15288
4520        5.58787
4520        2.29444
4520        1.94856
4520        5.02698
4520       0.577075
4520        5.11496
4520        4.13177
4520        2.65168
4520         5.4314
4520        2.31812
4520        2.44618
4520         5.1383
4520        4.63809
4520        5.46125
4520        2.29718
4520       0.644799
4520       0.818327
4520        0.29384
4520        2.95048
4520        6.16761
4520        0.58093
4520        6.17143
4520       0.419467
4520        2.08362
4520        2.93578
4520       0.579101
4520        1.05081
4520        6.03682
4520         1.1229
4520        1.16299
4520        5.72436
4520         4.5396
4520        3.58406
4520        3.88248
4520        4.95237
4520        2.28424
4520        2.80636
4520         1.7754
4520        3.57039
4520        1.89046
4520        3.13548
4520        6.25552
4520        5.70409
4520       0.120729
4520        5.55712
4520        4.67081
4520        5.15945
4520           6.24
4520        5.10447
4520        4.69514
4520        5.69498
4520       0.956265
4520        2.26814
4520        2.19688
4520         0.6743
4520        1.12164
4520        1.72287
4520        4.13426
4520        5.71939
4520        5.12831
4520        6.11232
4520       0.154165
4520       0.723273
4520        4.76898
4520        5.16145
4520        1.26639
4520        6.15454
4520        1.24196
4520        4.68633
4520        1.32405
4520        2.01497
4520       0.670143
4520        4.22556
4520        5.77934
4520        5.82136
4520        2.57714
4520        1.54887
4520        2.86992
4520        5.35188
4520        3.38564
4520        3.66757
