4007       0.527864
4007        2.43139
4007        2.73028
4007          2.233
4007        5.71744
4007        3.79302
4007        1.49952
4007         2.1859
4007        3.55736
4007        4.62572
4007        2.06646
4007        0.34668
4007         5.3113
4007        2.94724
4007        4.96604
4007          2.487
4007        4.35364
4007       0.115489
4007        3.94635
4007        6.26304
4007        2.41889
4007        5.49469
4007        1.61203
4007          6.209
4007        3.51559
4007        3.72366
4007        4.25508
4007        2.53935
4007        2.64777
4007        1.68418
4007        0.63205
4007       0.281006
4007        1.70827
4007      0.0897383
4007        4.72581
4007         3.1901
4007        3.52487
4007       0.593848
4007        5.65789
4007        2.77509
4007        3.35855
4007        2.21425
4007        2.67689
4007        3.54522
4007        5.32912
4007        5.35924
4007       0.163135
4007       0.185574
4007        3.31576
4007        3.36263
4007       0.532062
4007        3.57016
4007       0.713172
4007        3.26747
4007        0.51576
4007        4.92768
4007        1.17524
4007         2.2402
4007        1.47078
4007       0.167149
4007        2.35038
4007       0.783638
4007       0.781511
4007        5.71016
4007        2.61119
4007        4.09608
4007        5.98557
4007         4.7606
4007        4.53816
4007        2.40532
4007       0.378622
4007        5.20046
4007        2.81443
4007         3.5754
4007        1.96688
4007      0.0714911
4007      0.0499813
4007       0.456333
4007        4.20235
4007        1.79977
4007        1.76399
4007        5.47035
4007        1.38769
4007        5.98388
4007        1.06316
4007        3.93599
4007        3.15041
4007        6.14102
4007        4.56353
4007        1.57337
4007        2.73353
4007       0.838343
4007        4.65014
4007        1.31634
4007        5.05152
4007      0.0385781
4007        5.49436
4007         3.4468
4007        1.98292
4007        3.32071
4007        3.58091
4007       0.420859
4007        3.33984
4007        2.39557
4007         4.9658
4007        5.55371
4007       0.426421
4007        3.48204
4007        5.56598
4007        2.38896
4007       0.326059
4007        2.15896
4007         5.1268
4007        2.88114
4007       0.121406
4007        2.83742
4007        3.46644
4007        4.67858
4007        5.73573
4007        1.22888
4007        5.21483
4007        5.75906
4007        0.62816
4007        2.00324
4007        4.86415
4007        2.77691
4007       0.946166
4007        4.07036
4007        1.84374
4007        2.12374
4007        2.12754
4007        5.46775
4007        2.24675
4007         5.2468
4007        4.81087
4007        5.38811
4007        1.78304
4007        3.74854
4007        4.48193
4007        5.90789
4007        2.81906
4007       0.871188
4007        2.95083
4007        6.07508
4007        3.31333
4007       0.777953
4007        5.45999
4007       0.732582
4007        1.19687
4007       0.843725
4007        3.69862
4007        1.68298
4007       0.324289
4007        2.12192
4007        3.17353
4007        4.83206
4007        1.51312
4007        4.22088
4007       0.406466
4007         1.7518
4007        5.95459
4007        2.57146
4007         1.9881
4007        4.20156
4007        2.47409
4007        3.90753
4007        1.01175
4007        3.30301
4007        1.41479
4007       0.313928
4007        6.10173
4007        5.83772
4007      0.0394044
4007        5.74382
4007        2.56139
4007        3.51002
4007        2.61115
4007        3.81049
4007        1.32211
4007        5.76686
4007        3.72321
4007       0.287403
4007        1.25349
4007        5.10334
4007        6.08323
4007       0.706723
4007        4.20691
4007        3.00359
4007        3.41858
4007        1.79154
4007        2.26588
4007        2.17353
4007       0.548675
4007        1.97522
4007       0.396074
4007     0.00882135
4007        1.31561
4007        3.20585
4007        3.27987
4007          4.883
4007        5.15134
4007        3.38884
4007        3.71589
4007        2.67474
4007        6.26317
4007       0.497564
4007        2.06402
4007        5.25618
4007        2.38399
4007        4.75884
4007         3.2605
4007        6.06253
4007        4.60103
4007        2.32055
4007        5.58476
4007        1.65147
4007        0.38547
4007        2.40866
4007        5.68116
4007        2.70735
4007        5.10895
4007        3.98468
4007        4.08658
4007        3.37849
4007        3.32906
4007        3.67932
4007       0.264992
4007        4.06956
4007         5.4234
4007        4.36653
4007        1.90055
4007       0.369717
4007        3.27044
4007        3.95841
4007        1.04582
4007        5.49493
4007        2.87472
4007        3.00407
4007        4.93471
4007        4.60233
4007        3.34541
4007        1.21999
4007        2.86648
4007        2.98421
4007       0.720165
4007        4.13235
4007        6.16842
4007        3.83198
4007        5.73202
4007        1.21666
4007        2.74234
4007        2.40473
4007        4.43601
4007        2.30264
4007        4.61444
4007        1.60659
4007       0.836935
4007        3.23293
4007        2.83491
4007        3.28257
4007         5.9075
4007      0.0489085
4007        2.75007
4007         1.5424
4007        3.10143
4007        3.55222
4007        3.07629
4007        2.78576
4007        4.80802
4007        3.41927
4007        2.25261
4007       0.144245
4007        5.55427
4007        6.14345
4007        3.65727
4007        0.15439
4007       0.407696
4007         4.0838
4007        0.80558
4007        1.02112
4007        5.84976
4007       0.970028
4007        4.29714
4007         2.3379
4007        5.86951
4007        4.61422
4007        5.28245
4007        3.70475
4007        5.88054
4007      0.0507081
4007        2.45146
4007       0.336427
4007        3.27742
4007        4.63059
4007        2.68204
4007       0.340362
4007       0.501583
4007        5.30364
4007          2.455
4007         5.2469
4007        2.86941
4007        1.78906
4007       0.970072
4007        6.07818
4007        1.31834
4007        2.30538
4007        4.35203
4007        4.08082
4007        1.23405
4007        6.08557
4007        5.89459
4007        2.93076
4007        2.28395
4007       0.829579
4007        3.29917
4007        4.59783
4007        6.24601
4007       0.834728
4007        1.76334
4007      0.0198032
4007       0.408239
4007        4.36972
4007        3.80126
4007        1.25195
4007        3.23329
4007      0.0233747
4007        3.54236
4007        3.35053
4007        3.96431
4007        3.51888
4007        3.49331
4007       0.184645
4007        3.48365
4007        4.26827
4007        5.07566
4007       0.181311
4007        3.23355
4007        3.95876
4007        1.37187
4007        3.68364
4007        1.96854
4007        2.13299
4007        2.45818
4007       0.200405
4007        4.08901
4007        2.35005
4007        1.87926
4007        3.32078
4007        5.88239
4007        1.40939
4007        5.44067
4007      0.0956095
4007        1.91905
4007        3.60858
4007        3.35623
4007       0.396215
4007        2.01691
4007         3.6103
4007       0.937429
4007        2.82023
4007        1.72887
4007       0.743284
4007        3.60375
4007        6.06007
4007        3.94567
4007        4.77626
4007        4.12176
4007        5.50248
4007        2.85126
4007        5.50903
4007        2.50615
4007        3.79185
4007        5.21801
4007        3.44359
4007        3.37099
4007        6.27517
4007         6.1621
4007        1.76061
4007        2.39115
4007        1.06154
4007        5.41835
4007        3.13012
4007       0.192869
4007        2.23165
4007        4.52176
4007        6.18107
4007        3.27759
4007        2.32584
4007        2.35201
4007        3.18378
4007        2.52301
4007        4.15356
4007        4.86974
4007        1.77298
4007        2.63215
4007        1.24731
4007        0.36019
4007        5.02447
4007        5.70083
4007        5.64215
4007        2.26577
4007        2.99202
4007       0.744576
4007        3.56049
4007        5.43416
4007        3.10586
4007        5.04565
4007        3.46664
4007        4.71862
4007        3.68589
4007        3.77805
4007        3.54729
4007        2.90734
4007        2.27448
4007        2.15471
4007        2.61189
4007        6.19921
4007        3.62656
4007        3.49919
4007       0.126854
4007       0.834743
4007        4.06851
4007        2.80421
4007        2.48856
4007        5.52781
4007        6.26457
4007         3.1175
4007        2.43018
4007         1.4967
4007        2.43985
4007          4.784
4007        4.21519
4007       0.622634
4007        2.01967
4007       0.412696
4007        4.44527
4007        1.73889
4007         3.5458
4007        2.72335
4007        3.54999
4007        4.19968
4007        2.05273
4007        2.58321
4007        4.29889
4007        4.32564
4007        5.12597
4007        6.08262
4007        3.10985
4007        4.07569
4007       0.972171
4007        2.55758
4007        3.86501
4007        2.95206
4007        6.11627
4007         5.9178
4007        3.60428
4007         3.9594
4007        5.97971
4007        6.10061
4007        5.82123
4007        4.81212
4007        2.32674
4007       0.848463
4007        1.55904
4007        3.87925
4007       0.117039
4007        3.57799
4007        1.43324
4007        5.73235
4007        5.04802
4007        2.83606
4007        3.40453
4007        3.00081
4007       0.461118
4007        5.44511
4007        1.77797
4007         4.3364
4007        3.89585
4007        2.09859
4007         2.9224
4007          1.797
4007        5.30759
4007        5.78585
4007        5.24309
4007        6.20297
4007        1.91356
4007        3.43417
4007        4.78485
4007        5.74208
4007        3.37215
4007        4.12885
4007        2.84176
4007       0.990281
4007        3.28012
4007       0.962112
4007        6.05607
4007        4.78671
4007       0.151764
4007       0.352152
4007        3.76322
4007         1.8844
4007        2.39767
4007        5.56733
4007        1.47884
4007        3.02836
4007         5.9607
4007        3.46768
4007        0.58116
4007        5.51482
4007        1.31997
4007        6.27954
4007        2.96407
4007        6.16319
4007        3.08185
4007        2.35199
4007        5.79729
4007        3.07087
4007      0.0529237
4007        2.48271
4007        2.89474
4007        2.72761
4007        4.97283
4007       0.209674
4007         2.4605
4007         3.3813
4007        5.34361
4007        4.13666
4007        2.55303
4007        4.09597
4007        5.30393
4007        6.02279
4007        2.69339
4007      0.0381317
4007        5.78939
4007       0.734167
4007        1.13355
4007        2.84304
4007        2.84626
4007        1.04593
4007        2.49568
4007        5.54784
4007        1.45593
4007       0.195404
4007       0.230952
4007        1.47632
4007        4.57024
4007        3.47467
4007        3.49976
4007         2.5096
4007        4.06891
4007        6.00713
4007       0.119926
4007        4.01638
4007        2.33617
4007        2.80554
4007        2.71594
4007       0.615298
4007        3.77134
4007       0.228909
4007        1.78389
4007        3.95862
4007        3.33167
4007        3.24006
4007        2.77666
4007        2.08683
4007         6.0112
4007        2.46069
4007        2.14344
4007        3.16539
4007       0.655094
4007        6.16182
4007        3.77836
4007        2.58495
4007       0.855422
4007        3.23646
4007        6.11596
4007       0.990936
4007        5.85018
4007       0.665001
4007        1.87063
4007        1.15061
4007        1.66796
4007        5.98332
4007        3.70033
4007        5.61858
4007        3.51575
4007        5.86491
4007        6.18248
4007        5.98798
4007        3.47124
4007       0.226176
4007        5.38332
4007         2.4945
4007       0.528506
4007        5.45319
4007        1.94576
4007       0.557035
4007        2.02075
4007        2.48371
4007        1.96484
4007        2.54632
4007        1.57291
4007        5.21305
4007        2.27747
4007        3.33677
4007        5.50371
4007        1.01458
4007        5.67118
4007        5.27374
4007        3.05614
4007        1.99198
4007       0.634491
4007        5.80351
4007        2.41476
4007        4.53728
4007        5.42241
4007        1.62113
4007        6.05668
4007        4.22948
4007        2.58541
4007        1.73621
4007        3.44355
4007        2.61246
4007      0.0879609
4007        5.09897
4007        3.45541
4007        2.76134
4007        3.76848
4007        5.34705
4007         1.0473
4007        3.03804
4007        3.92694
4007        4.19373
4007        3.95181
4007        2.67087
4007       0.407703
4007        4.84059
4007        3.35185
4007        2.58535
4007        3.19983
4007       0.912045
4007       0.509256
4007        5.21339
4007        5.68444
4007        6.24172
4007        3.41177
4007        5.56716
4007        2.60595
4007        3.36656
4007       0.663923
4007        5.79123
4007        1.07927
4007         2.5525
4007      0.0864944
4007        3.86118
4007        3.25317
4007        3.22554
4007        5.57918
4007          4.082
4007        5.65546
4007        2.97112
4007        4.56732
4007        4.89139
4007        2.63366
4007         4.0974
4007        3.90707
4007        2.74471
4007         4.8127
4007        2.37149
4007        2.05721
4007       0.486244
4007        3.09509
4007       0.525316
4007       0.288972
4007      0.0178408
4007        2.54735
4007        4.65897
4007        1.48179
4007        2.47858
4007      0.0549106
4007        3.50536
4007        5.98452
4007       0.366813
4007        6.01465
4007        5.34233
4007        4.24825
4007       0.368708
4007         3.7166
4007         1.4333
4007        6.13588
4007        1.76939
4007       0.814118
4007        4.83063
4007       0.688555
4007        2.69353
4007        3.82284
4007        5.30365
4007        4.96606
4007        1.84658
4007        4.96064
4007         1.0858
4007        1.18361
4007        3.82547
4007        2.42095
4007        5.41158
4007        5.91142
4007        3.10547
4007        5.25953
4007         3.7418
4007        1.68661
4007       0.529847
4007        1.40497
4007        3.31218
4007       0.335197
4007        4.97596
4007        2.81217
4007        6.20867
4007       0.359289
4007        5.97243
4007        6.20258
4007        4.78467
4007        3.90904
4007       0.121918
4007        6.16522
4007        0.19529
4007        2.73573
4007        2.32852
4007       0.730289
4007        1.95361
4007        3.63743
4007        3.15762
4007        5.51491
4007        3.15388
4007        2.50453
4007         1.2565
4007        2.15932
4007       0.805906
4007        1.71604
4007        2.42413
4007        5.22145
4007        3.32274
4007        3.45802
4007        3.54673
4007        3.34942
4007        3.39534
4007        3.17206
4007        3.01409
4007         2.8898
4007        1.01605
4007        1.15947
4007        4.52843
4007        3.46628
4007        2.22439
4007        2.76846
4007        3.84807
4007        2.76469
4007        4.99454
4007        5.93564
4007        5.97125
4007        4.10533
4007        2.38108
4007        4.75633
4007          2.941
4007        1.45693
4007        1.02501
4007        2.41681
4007        1.70924
4007        1.82475
4007        3.70661
4007        3.15813
4007        3.09374
4007         5.7294
4007       0.382048
4007        6.09671
4007        1.72717
4007        2.46072
4007        1.73293
4007        3.30827
4007        3.17603
4007        3.10676
4007        3.21557
4007        5.44049
4007        1.21205
4007       0.127255
4007        1.51226
4007       0.237589
