2021        1.72082
2021        1.49672
2021        3.20569
2021       0.470999
2021        3.50332
2021        5.55854
2021        3.04653
2021        4.76288
2021         1.0587
2021        4.28638
2021        1.20139
2021        2.95716
2021        3.11657
2021        4.03697
2021        1.43124
2021       0.268353
2021         3.4722
2021         2.8768
2021        3.38475
2021       0.619854
2021        2.02767
2021        3.46072
2021       0.491789
2021       0.307429
2021        2.27826
2021       0.787887
2021        5.96589
2021        3.67357
2021       0.196304
2021        4.87782
2021        2.56578
2021        5.60293
2021       0.598996
2021       0.871595
2021       0.912022
2021        6.09328
2021        5.20772
2021        1.63409
2021        1.93408
2021          2.385
2021        5.37589
2021       0.595651
2021        4.41824
2021        3.56367
2021       0.797024
2021        2.77881
2021        5.69546
2021        0.13386
2021     0.00442497
2021       0.547938
2021        3.64246
2021        2.68167
2021        4.61184
2021        3.18464
2021        3.19071
2021        4.29706
2021        3.66493
2021         5.1782
2021         3.7887
2021       0.121554
2021       0.549004
2021       0.992905
2021        3.00323
2021        1.44153
2021        4.27946
2021         2.9235
2021       0.051787
2021        3.54027
2021        6.14472
2021         1.9776
2021        0.21761
2021       0.294652
2021        5.52611
2021       0.638642
2021        2.77298
2021        3.01948
2021        0.49727
2021        3.80715
2021       0.817545
2021        4.49902
2021        5.24734
2021        2.16938
2021        3.91894
2021        2.11195
2021        3.13464
2021        2.61126
2021        1.02369
2021        4.19337
2021        5.60206
2021        3.17584
2021        2.09838
2021        6.23425
2021       0.841033
2021       0.194634
2021        3.52973
2021        5.74331
2021        2.84574
2021       0.231481
2021       0.223302
2021       0.283967
2021        6.13083
2021       0.243022
2021        3.37391
2021       0.493979
2021        3.24521
2021        1.09386
2021        3.89005
2021        3.90854
2021        6.22641
2021        2.83679
2021         6.1968
2021       0.144232
2021        3.16907
2021        2.80878
2021       0.734157
2021        5.26756
2021        5.35188
2021        5.28816
2021        5.11212
2021        6.06899
2021       0.455393
2021        3.37521
2021        5.39799
2021        1.55385
2021         1.0289
2021        2.25251
2021         1.6046
2021        1.89021
2021        1.31665
2021        4.11298
2021         6.2343
2021        4.12438
2021        3.02464
2021        1.36016
2021       0.974826
2021        2.88095
2021       0.945439
2021        1.94558
2021        1.91127
2021        1.90171
2021        1.89158
2021        3.60104
2021        5.24332
2021       0.689311
2021         3.4728
2021        3.32289
2021        3.68933
2021        2.00099
2021        5.86814
2021        6.25542
2021       0.581433
2021        1.31611
2021        4.30323
2021        2.64439
2021        3.23419
2021       0.766793
2021        1.92589
2021        2.33941
2021        2.50659
2021       0.691959
2021        3.27467
2021        4.34239
2021        2.85063
2021       0.358942
2021          4.794
2021        5.74118
2021        1.35888
2021        2.53499
2021        6.14726
2021        2.90727
2021       0.691005
2021       0.532057
2021       0.771546
2021        3.35064
2021        4.88491
2021        4.42489
2021        3.59013
2021        5.67847
2021        5.02695
2021        5.10545
2021         1.2019
2021        3.67296
2021        1.02986
2021       0.556986
2021        6.24315
2021        1.75076
2021        5.10718
2021        2.58441
2021        3.81568
2021        1.28936
2021      0.0617798
2021        5.26788
2021        1.05094
2021        6.24484
2021        3.22706
2021         3.1326
2021        4.39722
2021        4.63414
2021        3.22449
2021        3.24049
2021        3.79124
2021        5.73419
2021           2.99
2021       0.116688
2021        2.63261
2021       0.189223
2021         1.2308
2021         4.0429
2021        6.25836
2021         6.0693
2021        5.95991
2021       0.162274
2021        1.95643
2021        5.42149
2021       0.113792
2021        4.65507
2021       0.820435
2021      0.0777782
2021        1.41019
2021        2.78838
2021        5.74405
2021        4.37371
2021        4.19469
2021       0.125305
2021       0.160985
2021          6.117
2021       0.165285
2021        0.66524
2021        2.38075
2021        5.50065
2021        4.47577
2021        3.60661
2021       0.980555
2021        4.18676
2021        5.21985
2021       0.408691
2021        5.66879
2021       0.656785
2021        3.74668
2021        3.75981
2021        5.23408
2021       0.919885
2021        2.51705
2021       0.507578
2021        3.13029
2021        4.37412
2021        5.89352
2021        4.64136
2021        2.52836
2021        5.97486
2021        3.51304
2021         5.1247
2021        5.58109
2021       0.168844
2021        2.80915
2021       0.447709
2021       0.767577
2021        2.14019
2021       0.951944
2021         5.7855
2021        6.01534
2021        5.59248
2021        6.13051
2021        3.03649
2021        1.32074
2021        6.24855
2021        4.04862
2021        3.60304
2021        2.41725
2021         2.3519
2021        5.69222
2021        6.23721
2021        5.10212
2021        6.18917
2021        3.87485
2021        5.12349
2021        3.82907
2021        1.15526
2021        6.17754
2021        4.32547
2021        3.14208
2021        6.13643
2021       0.815966
2021        6.12804
2021        1.27418
2021        4.71677
2021      0.0521715
2021        3.09459
2021        4.13084
2021        5.89591
2021        0.19612
2021         4.3915
2021        6.04495
2021        3.53791
2021         1.8091
2021        5.84493
2021        5.43394
2021        3.59875
2021       0.506383
2021       0.821038
2021        4.89714
2021        3.18768
2021        0.31473
2021       0.176924
2021        3.57684
2021        5.87923
2021        3.48942
2021        2.67871
2021        4.14442
2021        6.18604
2021         3.4869
2021        3.74075
2021         6.0134
2021     0.00423649
2021       0.527315
2021       0.118591
2021       0.150286
2021         3.8152
2021        3.90488
2021        1.85755
2021        5.37487
2021       0.155447
2021       0.255059
2021       0.118373
2021        3.99726
2021        3.06887
2021        0.24527
2021       0.171079
2021        4.20149
2021        2.58474
2021        2.35542
2021        3.45726
2021         3.3297
2021         3.3946
2021        3.54894
2021        6.21351
2021        3.27161
2021        4.78011
2021        3.65884
2021        1.43736
2021       0.206897
2021        0.38536
2021        5.91854
2021        2.00101
2021        5.88006
2021        4.86635
2021        3.14219
2021       0.118432
2021        2.62459
2021        3.54565
2021        5.54035
2021        5.51919
2021        4.56312
2021        2.94009
2021        5.96331
2021        5.68343
2021        4.12094
2021        5.44886
2021       0.556148
2021       0.390238
2021        4.01858
2021        1.47082
2021        4.73451
2021          3.842
2021       0.198383
2021         1.5893
2021        3.58106
2021        4.51976
2021        0.21331
2021        1.21983
2021        3.39865
2021        3.73159
2021       0.109601
2021         4.6065
2021        3.08217
2021        3.72489
2021        1.91033
2021         2.5873
2021        4.14507
2021         2.9096
2021       0.284512
2021       0.426555
2021        2.79112
2021         5.7747
2021        0.96885
2021        3.83069
2021        3.09141
2021         5.5359
2021        6.10148
2021        3.16861
2021       0.627662
2021        5.74316
2021        3.83263
2021         2.6204
2021        1.15603
2021        3.15561
2021        2.16033
2021        6.24799
2021        1.40938
2021        2.51548
2021        2.24111
2021        2.52989
2021        3.77844
2021        5.42808
2021        5.12971
2021        2.02688
2021        1.82778
2021       0.439893
2021         4.7887
2021        3.80733
2021        4.97468
2021       0.570375
2021        0.20965
2021        2.97802
2021        4.19593
2021       0.673455
2021        5.53274
2021        2.12377
2021        5.94695
2021       0.421226
2021        1.15668
2021        2.20831
2021        5.21396
2021        5.21414
2021        3.71217
2021        1.53001
2021        2.00848
2021        2.84081
2021       0.896668
2021       0.188181
2021        2.61668
2021      0.0345255
2021        4.34832
2021        3.48798
2021        3.68234
2021        6.02227
2021        3.93178
2021        1.70576
2021        3.50625
2021        3.14436
2021        1.51853
2021        5.85035
2021        4.06528
2021       0.230703
2021       0.212515
2021      0.0762023
2021        2.20666
2021       0.927213
2021        1.70172
2021        2.96697
2021        2.98942
2021       0.157371
2021        2.69705
2021        6.03936
2021        5.94929
2021        3.14093
2021       0.640731
2021        6.15232
2021        3.03109
2021        6.13575
2021        3.70463
2021        4.34134
2021          3.323
2021        3.52408
2021      0.0102775
2021        3.92972
2021        2.86682
2021        4.67331
2021        3.97544
2021        1.50159
2021        4.86413
2021        3.62395
2021         0.0144
2021        6.22583
2021         5.5839
2021        2.31687
2021        1.83456
2021        4.44868
2021        1.98696
2021        5.77851
2021        1.64173
2021       0.258363
2021        4.58489
2021        2.82176
2021       0.904007
2021        2.62847
2021      0.0870254
2021        6.05843
2021       0.325259
2021         1.7245
2021        0.93938
2021        2.20705
2021       0.573592
2021         4.2781
2021        1.31998
2021        6.04013
2021        2.98294
2021        2.21643
2021         2.2054
2021       0.739274
2021        2.61238
2021       0.429734
2021        4.10102
2021       0.958049
2021         1.0408
2021        4.45802
2021        1.88013
2021        3.67383
2021        6.13761
2021       0.231216
2021        4.56796
2021        5.94022
2021        5.40651
2021        3.59554
2021        2.97384
2021        3.69275
2021        5.01428
2021        4.22818
2021        5.54056
2021        2.33591
2021        3.93076
2021        1.39979
2021         6.1663
2021       0.811189
2021       0.699145
2021       0.808868
2021        5.54404
2021        3.80686
2021        3.38659
2021        3.18635
2021        2.50631
2021       0.816877
2021      0.0348035
2021        4.47114
2021        6.06382
2021        0.39642
2021         5.1952
2021        5.58051
2021        2.13412
2021        2.32317
2021        5.04302
2021        5.94154
2021        2.51705
2021        6.16527
2021          2.583
2021        1.94191
2021        2.28191
2021        6.04706
2021        1.71555
2021        2.77559
2021        2.73091
2021        4.86682
2021        1.36354
2021        5.91093
2021        5.30454
2021        5.43437
2021        3.35356
2021         6.2768
2021        4.70266
2021        2.83354
2021       0.123144
2021        3.18487
2021       0.995841
2021        1.45422
2021      0.0433407
2021        2.37799
2021        0.33183
2021        2.82495
2021        3.49589
2021        3.38001
2021        5.86645
2021        5.70611
2021        4.79816
2021         3.4429
2021        1.46592
2021       0.886622
2021        3.16071
2021        4.83828
2021         3.4495
2021      0.0052522
2021        1.06537
2021        2.12401
2021        3.18778
2021        4.04561
2021       0.972985
2021       0.822576
2021        2.98435
2021        4.59582
2021       0.315891
2021        4.59293
2021        6.22472
2021         2.5461
2021       0.230633
2021        3.97886
2021       0.178909
2021        1.09168
2021        3.46465
2021        4.38973
2021        6.26696
2021        5.93944
2021        5.33414
2021        3.06766
2021        3.37032
2021        6.20503
2021        5.89206
2021       0.448791
2021        2.83946
2021        3.42401
2021        2.97109
2021        2.07815
2021        6.25131
2021        5.18592
2021       0.807105
2021        4.99354
2021        4.77784
2021        3.37365
2021        1.40594
2021       0.589846
2021        6.22219
2021         4.2098
2021        4.87153
2021        4.26872
2021        1.19694
2021        4.61054
2021        2.94216
2021        4.92606
2021        5.47045
2021        5.91511
2021        4.97293
2021        3.03314
2021        2.77048
2021        4.14087
2021        2.99954
2021        3.57474
2021        5.70786
2021        3.22299
2021        3.79422
2021       0.504282
2021          4.932
2021        2.09303
2021        4.18699
2021        2.92624
2021        5.88612
2021        0.44907
2021        3.33094
2021       0.913011
2021        1.67779
2021        3.75612
2021        3.23162
2021     0.00638542
2021         4.0363
2021        5.99156
2021        3.56082
2021        2.62735
2021        3.39216
2021        1.02835
2021         5.9574
2021         3.8119
2021        3.75376
2021        3.35739
2021       0.741764
2021         3.6573
2021        2.85941
2021        3.61025
2021        2.95714
2021        3.36915
2021        2.30446
2021          6.239
2021         3.5496
2021        3.45483
2021         3.2707
2021        6.07994
2021        3.07821
2021       0.854288
2021         2.5668
2021        3.14099
2021        5.90551
2021        3.19614
2021        3.13569
2021       0.424228
2021        2.23179
2021     0.00461318
2021        3.28796
2021        3.32717
2021         3.6788
2021       0.194507
2021        5.78132
2021        6.26255
2021        3.47438
2021         3.4688
2021        2.10734
2021        5.80387
2021       0.617502
2021       0.215025
2021        2.62057
2021        3.18567
2021        5.26113
2021        2.96515
2021        5.14598
2021         3.4059
2021        3.56719
2021       0.643696
2021        2.22708
2021       0.303513
2021        3.17697
2021       0.745981
2021        3.42496
2021       0.649771
2021        5.15721
2021        2.42014
2021       0.268957
2021        3.44162
2021        0.93732
2021       0.225033
2021        3.22454
2021        0.43005
2021        3.03238
2021        3.42834
2021        4.93892
2021        2.67457
2021        5.91994
2021        4.45569
2021       0.708231
2021        5.91027
2021       0.952642
2021        3.04745
2021       0.346927
2021        1.26818
2021        3.47633
2021        5.47595
2021        3.81974
2021        4.89991
2021        1.49543
2021        3.69798
2021        6.26388
2021        2.73016
2021         5.6126
2021        3.49155
2021        4.49273
2021        3.07532
2021         4.5778
2021       0.912833
2021        1.57626
2021        2.50875
2021       0.981618
2021        5.39614
2021        3.48173
2021       0.935448
2021       0.914991
2021      0.0681792
2021        4.55179
2021        1.01877
2021        4.06934
2021        6.04231
2021         6.2362
2021        5.66747
2021        1.24889
2021        5.66498
2021        4.10634
2021        3.08355
2021        5.62909
2021        5.85234
2021        4.95741
2021         1.1031
2021      0.0603161
2021        2.69899
2021        3.80508
2021         1.8663
2021        3.18679
2021        2.92931
2021       0.647464
2021        3.63114
2021        1.55184
2021       0.159664
2021        4.13098
2021        2.90842
2021        3.14952
2021        2.83433
2021        3.67114
2021        1.40262
2021       0.170033
2021        2.69045
2021        5.58577
2021        1.19115
2021        5.84237
2021       0.994458
2021        6.28272
2021        6.14283
2021        6.17305
2021        2.81535
2021         6.0533
2021        1.35938
2021       0.148976
2021       0.981636
2021        1.27079
2021        3.04646
2021        4.42048
2021      0.0661132
2021        1.50789
2021        5.65068
2021         4.8281
2021        1.66414
2021        1.35831
2021        2.14182
2021        6.10765
2021        3.44951
2021       0.811483
2021        1.99798
2021        3.80298
2021        6.19156
2021        2.59376
2021        1.80259
2021        2.94375
2021        6.08914
2021        5.49809
2021        0.70522
2021      0.0702738
2021        4.07955
2021        2.88926
2021        2.54335
2021        5.10753
2021         3.6227
2021         1.6329
2021        3.97925
2021        2.61141
2021        2.58233
2021        2.39959
2021        3.28769
2021         5.7075
2021        0.85096
2021        5.83209
2021        2.81894
2021        3.40431
2021        2.35229
2021        4.37336
2021        4.54968
2021          4.316
2021        2.52817
2021        1.13701
2021        3.73498
2021        5.95021
2021        6.23074
2021        5.55007
2021        1.02426
2021        2.30544
2021        3.38946
2021       0.194265
2021       0.599355
2021        4.90684
2021        1.15037
2021        5.07364
2021        3.49514
2021        5.60839
2021        2.61157
2021        1.12515
2021        3.48909
2021        2.77585
2021        3.53361
2021       0.270134
2021        2.32995
2021        3.23687
2021        4.09501
2021         3.3317
2021        2.40311
2021        4.38321
2021        0.75411
2021        3.19257
2021       0.289943
2021        4.55283
2021        4.14499
2021        4.47491
2021        3.99476
2021       0.301259
2021        3.10674
2021       0.588229
2021        3.13083
2021        2.76698
2021        3.55011
2021        2.67862
2021        4.28126
2021        2.70203
2021        4.07838
2021        5.14885
2021        2.25882
2021        5.42221
2021        3.17638
2021       0.624076
2021        3.71512
2021         4.9334
2021        3.40131
2021        5.72192
2021        2.73644
2021        3.99818
2021        2.82271
2021        1.33153
2021        2.81307
2021        3.66071
2021        0.66791
2021        5.70374
2021        1.94985
2021        5.01958
2021        3.00557
2021       0.156719
2021        5.93993
2021        2.43131
2021        2.61163
2021       0.925218
2021      0.0653185
2021        1.81571
2021        1.40535
2021        1.73787
2021       0.862705
2021        6.17337
2021       0.676311
2021        2.64017
2021       0.587702
2021        5.34337
2021        1.19828
2021         3.9806
2021        3.32059
2021        3.57882
2021       0.947255
2021        2.85317
2021        4.56786
2021        3.10488
2021        3.93223
2021        3.24852
2021        2.25716
2021        3.84471
2021        3.05961
2021        2.51538
2021        1.89899
2021        3.07649
2021       0.506425
2021        1.06461
2021        6.02193
2021       0.449319
2021         5.6226
2021        4.54582
2021        1.83277
2021        1.60209
2021         4.0382
2021       0.331654
2021        2.38738
2021        1.33573
2021      0.0982026
2021       0.487065
2021       0.659826
2021        3.77213
2021       0.771193
2021        5.70447
2021       0.347455
2021        4.10715
2021        2.71747
2021        2.67853
2021        3.60396
2021        6.06428
2021        5.96109
2021        2.77728
2021        2.82978
2021        3.87503
2021        4.44002
2021       0.216632
2021        4.35254
2021        5.86574
2021        4.38827
2021       0.203514
2021        3.57242
2021        4.53287
2021        4.67021
2021       0.158943
2021       0.391803
2021        4.92332
2021         4.7271
2021        1.98343
2021        4.07302
2021        2.58993
2021         5.0851
2021       0.535698
2021         3.9772
2021         1.9634
2021        1.93525
2021        2.90242
2021        4.58155
2021        3.20203
2021        2.16737
2021         3.6568
2021        1.00012
2021        1.49019
2021        2.90074
2021       0.171425
2021        3.84627
2021        2.65707
2021       0.706579
2021       0.630331
2021         3.7022
2021       0.424698
2021        3.82537
2021        4.06874
2021        4.55511
2021       0.331557
2021        4.79831
2021       0.355017
2021        1.29541
2021        4.53586
2021        2.95634
2021       0.621159
2021        4.06779
2021        5.62523
2021        2.65542
2021        3.48372
2021        5.40085
2021        5.54743
2021         5.7262
2021        3.54165
2021        3.84824
2021       0.181957
2021        5.84269
2021        5.17609
2021        4.16473
2021        4.43772
2021        1.05708
2021        3.27261
2021        2.84155
2021        3.65564
2021        3.87638
2021        3.44145
2021        4.40629
2021        3.18486
2021       0.816035
2021        5.78514
2021       0.239826
2021       0.606178
2021        3.41906
2021        4.38292
2021       0.620956
2021        1.49295
2021        1.17781
2021        3.64313
2021        1.76742
2021      0.0927303
2021        4.60922
2021       0.934821
2021        2.13664
2021        4.09292
2021        5.86482
2021        2.61304
2021        5.48342
2021        4.21457
2021        0.79752
2021        3.20763
2021        3.30449
2021         3.7255
2021        3.74266
2021       0.374665
2021        1.11265
2021        4.25381
2021        2.90925
2021        3.21056
2021        3.63681
2021        2.22147
2021         5.4946
2021        2.12417
2021       0.388548
2021        5.78009
2021        4.84069
2021        4.95558
2021        3.70055
2021        3.15647
2021        2.35896
2021        2.93564
2021        0.87296
2021        3.29599
2021       0.344328
2021        6.23886
2021        3.57843
2021        1.17671
2021        5.12747
2021        6.25247
2021        3.84314
2021        2.87918
2021        6.23798
2021        1.62056
2021        1.13218
2021        3.87619
2021        5.87208
2021        5.22142
2021        1.30991
2021        3.89083
2021        2.98361
2021        4.52756
2021        3.99498
2021        4.52906
2021        3.67084
2021         5.7262
2021        2.58301
2021        3.75011
2021        1.03456
2021        3.32127
2021        4.05022
2021        5.87022
2021        3.86796
2021        2.66494
2021        6.12872
2021       0.187947
2021        3.82619
2021        3.11927
2021        0.18942
2021        3.14999
2021        4.28686
2021       0.971673
2021        3.47443
2021        3.91973
2021       0.973869
2021        0.99298
2021        3.22441
2021        2.46143
2021        5.51722
2021       0.940559
2021        3.37422
2021       0.495916
2021       0.145964
2021       0.748631
2021        5.21531
2021       0.374316
2021      0.0473211
2021       0.622396
2021        3.55159
2021        5.47377
2021       0.924017
2021        4.13927
2021        0.43372
2021        5.68504
2021        5.01816
2021        5.18855
2021        4.34465
2021       0.819726
2021        1.88065
2021        3.33236
2021        3.74927
2021        2.19577
2021        3.43803
2021        3.52143
2021        4.32423
2021       0.211581
2021        1.07717
2021         5.5656
2021        1.74872
2021        2.33053
2021        2.90257
2021        1.09698
2021        4.23798
2021        3.81524
2021       0.165508
2021        1.13322
2021        1.20281
2021        4.10398
2021        2.10741
2021        4.42986
2021        3.79262
2021        5.90162
2021        2.74309
2021        4.85852
2021        1.77188
2021        3.19492
2021       0.930041
2021       0.427449
2021        3.79816
2021         2.7508
2021        4.41529
2021        0.37465
2021        5.73767
2021        2.99381
2021        2.13152
2021       0.801215
2021        3.38792
2021        3.74875
2021        5.90891
2021        2.83891
2021         4.7539
2021        3.94718
2021        4.90766
2021        2.91139
2021        3.40953
2021        5.12244
2021        3.08019
2021       0.518646
2021        2.03405
2021        3.61519
2021       0.341831
2021        1.16375
2021        2.47263
2021        6.28318
2021      0.0973819
2021        6.10011
2021        5.64872
2021        1.65162
2021        2.11293
2021        1.46703
2021        1.03876
2021        3.06761
2021        2.88478
2021       0.769005
2021         1.8636
2021        5.88911
2021       0.196088
2021        3.20084
2021        1.73614
2021         4.6948
2021        5.48406
2021       0.479389
2021        2.81605
2021        3.03184
2021        2.57512
2021         3.7166
2021        0.18322
2021        5.68768
2021         2.8541
2021        6.11951
2021        2.74223
2021        4.26136
2021        2.97206
2021       0.367785
2021        2.67981
2021        4.38347
2021        1.23665
2021        3.74706
2021      0.0710141
2021        2.95822
2021        1.21359
2021        3.12435
2021        1.18279
2021       0.064343
2021        2.85504
2021        1.60568
2021        4.18493
2021      0.0579109
2021       0.631823
2021         1.8625
2021        2.69185
2021       0.709718
2021       0.224156
2021        2.08486
2021        4.11129
2021        6.01927
2021        2.74072
2021       0.505942
2021       0.692775
2021        3.05874
2021        3.48392
2021        2.34438
2021       0.554296
2021        1.71119
2021        4.57236
2021        1.91057
2021        3.54113
2021        5.55505
2021        3.66683
2021       0.856674
2021       0.233285
2021        3.57372
2021       0.736425
2021        2.89346
2021        4.67183
2021        1.78049
2021        6.02543
2021        5.91802
2021        1.99588
2021         6.2718
2021        3.43505
2021        1.79436
2021        5.87055
2021        3.98722
2021        0.79528
2021       0.829088
2021        3.37899
2021        1.13233
2021        2.67919
2021        3.44468
2021        2.73152
2021        2.92401
2021        3.25054
2021        2.36457
2021        6.22661
2021        4.36328
2021        0.66545
2021       0.212261
2021        6.02899
2021       0.524182
2021        4.46275
2021        1.77597
2021        2.79832
2021        4.50225
2021       0.812747
2021        3.19466
2021       0.245216
2021        1.16687
2021       0.997199
2021        3.64312
2021       0.860939
2021       0.112371
2021        0.98065
2021        2.88932
2021        3.33744
2021       0.846584
2021        2.34132
2021        5.73136
2021        4.81398
2021        2.83543
2021        5.11644
2021       0.728264
2021        3.17404
2021        3.68622
2021        5.03151
2021       0.513886
2021      0.0824749
2021       0.429352
2021        1.54531
2021         5.7525
2021        3.23133
2021        3.31622
2021         5.4077
2021         4.2645
2021        3.60835
2021        5.96313
2021        6.25935
2021        3.29935
2021         3.4762
2021       0.129348
2021        3.48266
2021       0.970169
2021       0.691398
2021        2.63078
2021        1.93259
2021        3.70856
2021        3.07873
2021        1.97383
2021         5.4558
2021       0.396599
2021        4.13565
2021       0.302292
2021         4.5129
2021        4.15458
2021        2.48891
2021        3.33958
2021        4.99256
2021         4.6033
2021         3.8811
2021        2.09031
2021        4.85353
2021         3.2458
2021       0.272587
2021        2.87158
2021       0.767738
2021        2.94843
2021        1.84588
2021        3.06049
2021        3.18636
2021        1.60047
2021        0.18044
2021        2.31983
2021       0.503291
2021        5.46608
2021        4.48443
2021        4.74722
2021        4.14243
2021        3.41418
2021        3.17049
2021        3.12026
2021        6.24946
2021        5.28479
2021        4.07933
2021       0.835388
2021        3.71069
2021        4.80799
2021        3.08384
2021        5.65851
2021        3.24889
2021        0.54875
2021        3.98898
2021        6.10568
2021        3.20742
2021        2.27708
2021        2.88496
2021       0.599833
2021        1.97067
2021        6.00913
2021       0.888266
2021        3.12932
2021       0.669064
2021       0.069729
2021        2.33307
2021        4.03684
2021        1.54073
2021        2.64547
2021       0.686156
2021       0.618222
2021        1.87697
2021        1.99419
2021       0.807001
2021        3.01462
2021        6.17787
2021        2.87508
2021         3.7476
2021        3.71968
2021        3.51417
2021        4.50594
2021        2.83143
2021         1.3047
2021       0.559343
2021        5.84723
2021         1.0113
2021        4.06524
2021        2.54754
2021        1.98381
2021        3.66231
2021       0.499864
2021        5.09908
2021         4.1731
2021        1.30451
2021        4.43327
2021        2.99733
2021        5.26132
2021        2.13713
2021        5.79658
2021        2.10374
2021        1.96274
2021        4.23008
2021        4.43913
2021        1.22513
2021         5.9108
2021        6.20888
2021        2.03398
2021      0.0380443
2021        1.40621
2021        2.87064
2021         3.9508
2021        5.95197
2021        3.91432
2021         5.4718
2021        3.48115
2021        5.88002
2021        4.67647
2021        3.57352
2021       0.916731
2021        3.88563
2021         3.4779
2021        2.45359
2021       0.399069
2021        1.13248
2021        3.59022
2021          5.793
2021       0.528565
2021       0.307426
2021        5.93903
2021        3.42997
2021        4.54647
2021        1.69328
2021        5.90291
2021        3.62233
2021       0.700997
2021         5.5231
2021       0.111592
2021        4.20879
2021        3.40038
2021       0.624229
2021       0.713975
2021        3.42093
2021        3.70649
2021        4.46536
2021       0.417363
2021        3.45815
2021        1.49444
2021        2.33368
2021        4.05598
2021        4.39071
2021        2.93268
2021        6.13166
2021        3.06804
2021        2.90886
2021        2.63431
2021        3.33666
2021        5.15255
2021       0.726142
2021       0.837158
2021        3.98628
2021        1.11363
2021        5.42345
2021        1.48145
2021        3.02432
2021        3.26693
2021        5.93521
2021         3.4282
2021        3.38226
2021        3.61458
2021        1.41248
2021        2.68774
2021        2.60884
2021        4.28673
2021       0.366899
2021        4.10659
2021        5.99337
2021        4.48825
2021        5.89683
2021         6.0411
2021        4.22059
2021        2.34923
2021       0.161313
2021        4.81767
2021        2.00732
2021        4.25573
2021         3.7983
2021        5.74937
2021        1.17425
2021         5.2741
2021        3.45435
2021        3.17797
2021      0.0634931
2021        6.02844
2021        4.30533
2021        2.90785
2021       0.270379
2021        3.43318
2021        5.37191
2021        5.86587
2021        2.48977
2021        5.41939
2021        5.74875
2021        6.15431
2021        5.93612
2021        2.18946
2021         2.9964
2021         3.6838
2021       0.764084
2021        5.79818
2021       0.747326
2021        3.56809
2021        5.12146
2021         3.8236
2021        4.54246
2021       0.445993
2021         1.9313
2021       0.664723
2021        3.59547
2021        4.20572
2021        5.81912
2021        3.16682
2021        5.25829
2021       0.921101
2021         1.1249
2021        3.76075
2021        2.22838
2021         1.7213
2021        4.10715
2021          4.085
2021        3.15224
2021        4.28571
2021        2.89251
2021        2.99449
2021       0.325493
2021        5.30644
2021       0.484445
2021        4.51039
2021        4.15702
2021       0.081058
2021        4.87503
2021        5.53208
2021        3.11614
2021         3.9853
2021        2.41069
2021        2.88422
2021       0.551927
2021        3.77385
2021        5.71616
2021         2.7889
2021        2.70114
2021        6.27042
2021        2.96941
2021        5.44155
2021        1.96105
2021         2.6264
2021        5.51264
2021        6.13723
2021        2.96145
2021       0.442492
2021        4.06277
2021        2.56799
2021        2.63154
2021        3.87982
2021      0.0132813
2021        6.03823
2021        2.57335
2021        3.50072
2021        2.88916
2021       0.414262
2021        2.90799
2021        4.31492
2021        3.99748
2021        5.69613
2021        3.59948
2021        5.22377
2021        1.77858
2021        3.60611
2021        5.25423
2021        2.47786
2021       0.545713
2021      0.0711362
2021        3.05952
2021       0.407586
2021         4.8417
2021        4.02565
2021        4.21834
2021       0.638849
2021        2.63326
2021       0.727505
2021        5.92534
2021        3.67591
2021        5.88834
2021        4.25422
2021       0.811106
2021      0.0106761
2021        3.63328
2021         3.2685
2021        1.79295
2021        3.95091
2021        3.46869
2021        2.94818
2021         2.1169
2021        5.05975
2021        3.70067
2021        5.95513
2021        4.88526
2021       0.870252
2021        2.76465
2021        3.76053
2021        0.19911
2021        3.54603
2021        1.35179
2021        4.30758
2021        1.26944
2021        5.96187
2021        5.48963
2021       0.980417
2021        1.51405
2021        3.19964
2021         3.2995
2021        2.00037
2021        5.48519
2021        3.47451
2021        3.44911
2021       0.778707
2021        3.22605
2021        1.42048
2021        2.24509
2021       0.919838
2021        2.89907
2021        3.29348
2021        4.53854
2021         5.8385
2021       0.668688
2021        3.97525
2021        2.87322
2021        2.56394
2021        4.72536
2021        5.13568
2021        1.92113
2021       0.479198
2021        2.44487
2021        3.47494
2021        2.74373
2021       0.367031
2021       0.646877
2021        2.43386
2021        3.91149
2021        5.69378
2021        5.21395
2021        3.53029
2021       0.465615
2021        6.06617
2021        3.73233
2021        6.23434
2021        2.59586
2021        5.83945
2021       0.774416
2021        5.21216
2021        1.09972
2021        2.81767
2021      0.0293533
2021        6.14741
2021        6.26375
2021        1.23723
2021         4.8041
2021        4.81782
2021       0.062605
2021        3.63838
2021        3.76724
2021        4.74892
2021         6.0128
2021        5.59972
2021        3.57991
2021        5.88557
2021        0.28679
2021        2.23891
2021        6.14102
2021       0.085591
2021        2.28923
2021         2.9957
2021        6.22938
2021        2.62053
2021        3.71233
2021      0.0593016
2021        3.36154
2021        3.20096
2021        3.43189
2021        5.98659
2021       0.877926
2021        2.82793
2021        3.59929
2021        6.01952
2021        5.66824
2021        3.80815
2021        1.14126
2021        5.13985
2021        4.97203
2021        3.89825
2021        6.24367
2021        2.95471
2021         0.3355
2021        3.88122
2021       0.828375
2021        4.36411
2021        1.24406
2021         5.7832
2021      0.0207182
2021        1.01018
2021        3.63256
2021        6.25221
2021        3.47902
2021        3.87728
2021        6.26607
2021       0.538945
2021        3.16263
2021        4.73437
2021        5.93109
2021        1.24505
2021        4.19064
2021        5.96779
2021        2.56158
2021        3.90441
2021          2.523
2021        4.54107
2021        3.61263
2021        1.85443
2021        1.42001
2021        1.45949
2021        1.52433
2021        2.56861
2021        6.10865
2021        2.71572
2021        4.23656
2021        4.99737
2021       0.165464
2021       0.755335
2021        2.28023
2021        2.07783
2021        1.21951
2021        2.55325
2021        5.43943
2021        1.35974
2021         3.8747
2021       0.329652
2021        2.41632
2021        6.24971
2021      0.0656831
2021      0.0724444
2021        1.09869
2021        2.37083
2021        4.23641
2021        4.38436
2021      0.0347206
2021        5.98248
2021        1.01959
2021        4.21246
2021        2.79219
2021        1.14585
2021        3.51462
2021        0.88611
2021      0.0220042
2021        2.88197
2021       0.536869
2021        0.37866
2021        2.96429
2021        6.08225
2021       0.293816
2021        1.27458
2021        3.58539
2021        1.55962
2021        5.12126
2021        5.28555
2021        5.46542
2021        4.86335
2021        3.74065
2021        1.06851
2021        1.85293
2021        3.17279
2021       0.399742
2021        3.62393
