2790        4.35655
2790        3.63692
2790        5.80317
2790        3.40454
2790        2.53164
2790        4.63458
2790       0.483282
2790        5.72606
2790        3.78241
2790        1.02293
2790        5.02196
2790        3.73259
2790        5.02254
2790        5.01722
2790        1.27646
2790       0.150967
2790         6.0231
2790        6.18121
2790        3.38803
2790        1.60916
2790        3.91844
2790       0.323941
2790        5.55072
2790        2.73324
2790        2.64242
2790        1.48257
2790        4.47448
2790        3.89621
2790       0.480386
2790      0.0696173
2790        3.38915
2790       0.860912
2790        5.95226
2790        2.95878
2790        3.06259
2790        1.16417
2790        3.99403
2790        6.20394
2790        2.24297
2790        5.18281
2790       0.598635
2790      0.0723479
2790        2.94015
2790        2.06253
2790        3.12848
2790        3.73579
2790        3.95435
2790        3.68442
2790        5.43394
2790       0.618713
2790        3.01034
2790        3.51343
2790        5.96416
2790       0.800029
2790        2.86077
2790       0.524012
2790        3.04065
2790       0.780317
2790        4.90376
2790        1.22481
2790        5.84719
2790         2.9217
2790         3.0879
2790        3.90131
2790         4.6386
2790        5.12955
2790        1.30252
2790        3.13901
2790        3.75773
2790        3.15979
2790         5.4492
2790       0.221049
2790        1.23542
2790         5.4543
2790       0.566707
2790        2.12354
2790        4.43801
2790        3.31682
2790         3.1173
2790       0.875655
2790        2.00088
2790         2.6701
2790        3.26321
2790        1.98281
2790        4.40576
2790      0.0249173
2790        4.06807
2790       0.124943
2790        1.32018
2790        3.91639
2790      0.0625891
2790        5.20954
2790        2.32788
2790        5.25762
2790        2.90678
2790        3.64536
2790        1.71232
2790        5.89288
2790          2.385
2790        2.48763
2790        3.73615
2790        2.82532
2790        3.04661
2790        1.24457
2790        6.00541
2790        3.20852
2790        0.65186
2790        2.21268
2790        3.96234
2790       0.395256
2790       0.558487
2790        1.47919
2790        5.63573
2790         2.6869
2790        1.68747
2790        2.66121
2790        2.68994
2790        2.37939
2790        2.06671
2790        4.41513
2790           1.55
2790        6.16373
2790         3.3629
2790        3.34294
2790        3.46769
2790        4.09755
2790        3.90003
2790        2.13874
2790         2.7269
2790       0.136657
2790        2.11213
2790        2.62591
2790        4.48848
2790        1.28851
2790        3.41223
2790       0.212911
2790          5.919
2790        5.89028
2790        5.79006
2790       0.450639
2790        3.79045
2790        5.88714
2790        3.81066
2790        5.72294
2790        2.48463
2790        4.19378
2790         4.6398
2790        2.51531
2790        2.54268
2790       0.584099
2790        1.54104
2790         1.1091
2790        2.73428
2790       0.512167
2790        5.56371
2790        2.85992
2790       0.304443
2790        3.02203
2790       0.602964
2790        2.66916
2790        6.21189
2790        3.46416
2790         5.4035
2790        5.99994
2790        3.39539
2790        3.10353
2790        3.37883
2790        3.86038
2790        3.73575
2790        2.54939
2790          1.877
2790       0.453543
2790        3.66016
2790        2.21183
2790       0.703294
2790        3.47854
2790        5.74161
2790        5.80481
2790        3.53699
2790        2.09548
2790        3.98212
2790       0.445086
2790        5.49926
2790        3.60274
2790      0.0577344
2790        2.73391
2790        3.69306
2790        1.05249
2790        2.80644
2790        1.15507
2790        2.80007
2790        5.63671
2790        2.87044
2790       0.988423
2790       0.141019
2790        5.99892
2790        2.63895
2790        2.48656
2790        3.18765
2790       0.950451
2790        5.59735
2790        2.03262
2790         2.8799
2790       0.782736
2790        3.22753
2790        4.47063
2790        6.08196
2790        5.61176
2790        3.95176
2790        4.40201
2790        3.99781
2790        2.92953
2790        3.12009
2790       0.687291
2790        6.04903
2790        2.56913
2790       0.607227
2790        0.33619
2790        4.47816
2790       0.239929
2790        5.92948
2790        2.91858
2790       0.970027
2790        6.24099
2790        1.78187
2790        4.53246
2790       0.404461
2790        3.07153
2790        5.32776
2790         5.6789
2790        2.22802
2790        5.35116
2790        2.22293
2790        1.77519
2790      0.0537487
2790        1.79022
2790         3.6383
2790        4.36994
2790        4.17798
2790        2.34388
2790        4.28164
2790       0.798528
2790        2.05642
2790        3.77924
2790        6.24601
2790        2.31618
2790        4.55905
2790        1.24153
2790        4.48884
2790        3.28066
2790         2.3776
2790         5.8873
2790        2.46414
2790        2.16903
2790         3.9488
2790        3.33545
2790        1.52826
2790        4.21584
2790        0.90037
2790       0.624977
2790        5.45204
2790        2.91955
2790        3.46774
2790        3.25138
2790       0.569569
2790        3.92254
2790        5.92504
2790        4.70087
2790        1.11825
2790        6.24035
2790        3.34575
2790        6.06296
2790        5.23306
2790        2.22378
2790        4.58301
2790        5.04031
2790        0.37444
2790       0.266853
2790        6.18892
2790        4.34562
2790        6.00155
2790        1.61045
2790        4.13067
2790        3.69036
2790       0.804201
2790        3.14505
2790       0.729439
2790        6.07447
2790        2.85112
2790        2.87653
2790       0.884202
2790       0.126041
2790        6.23748
2790        6.08291
2790        3.28507
2790       0.239956
2790        2.79585
2790        1.31314
2790        4.93648
2790        5.84518
2790         5.3863
2790        5.39792
2790        4.83751
2790        5.33599
2790        4.51883
2790        2.84804
2790        5.24788
2790        5.62979
2790        4.34838
2790        5.06768
2790        5.91133
2790        1.48995
2790        6.01823
2790        2.59567
2790         1.8789
2790        5.03773
2790         5.6332
2790        3.13609
2790        2.65594
2790        3.23937
2790        3.13419
2790        3.57567
2790        4.18871
2790         3.6558
2790        5.79712
2790        2.82344
2790          3.782
2790        5.91281
2790        3.27785
2790        4.67893
2790        2.40119
2790        6.17194
2790        3.92145
2790        2.80339
2790       0.513701
2790        3.77229
2790        3.59162
2790        2.39116
2790        3.31935
2790        5.94482
2790        3.10063
2790        5.92459
2790       0.851514
2790        2.05321
2790        5.31214
2790        3.38775
2790         3.4324
2790        2.45813
2790        3.93986
2790        2.37773
2790       0.491473
2790        4.17762
2790        2.24124
2790       0.371556
2790        5.21905
2790       0.820645
2790        5.19977
2790        1.06052
2790        5.38936
2790        1.90108
2790        5.42941
2790       0.883141
2790        0.11575
2790       0.977527
2790        3.08132
2790        6.09589
2790       0.988481
2790        3.38379
2790         3.8605
2790      0.0199786
2790        2.72424
2790         1.9401
2790        3.26181
2790       0.421131
2790         5.1496
2790        2.04245
2790        5.06248
2790        2.51126
2790        5.01385
2790        1.90885
2790        5.76152
2790        3.16145
2790        3.95696
2790         5.1874
2790         6.0437
2790        5.91381
2790        4.04425
2790        3.23494
2790        6.08887
2790        5.35979
2790        2.94451
2790        4.21853
2790        3.80805
2790        5.93705
2790        3.18183
2790        2.82545
2790        2.79133
2790        2.81904
2790        5.93689
2790        3.99584
2790         3.2986
2790        6.16198
2790          5.882
2790        3.35424
2790        2.82158
2790        4.22397
2790      0.0774544
2790        3.59111
2790        2.88999
2790        1.73366
2790        2.76786
2790        5.76404
2790        3.87535
2790       0.624946
2790       0.721638
2790        4.21863
2790        3.58119
2790        4.88014
2790        1.18233
2790        2.07324
2790        4.37451
2790        5.19706
2790       0.597716
2790        2.63467
2790        2.77633
2790        1.39883
2790        3.64237
2790        3.76144
2790        3.39899
2790       0.905046
2790      0.0389166
2790        2.94907
2790        3.87547
2790        6.08307
2790        2.07193
2790       0.707288
2790        4.82921
2790        6.18319
2790        4.72725
2790        2.04197
2790       0.524339
2790       0.484628
2790        5.47692
2790       0.536896
2790         6.2295
2790       0.281006
2790        2.52448
2790      0.0365937
2790        2.67223
2790        4.19392
2790       0.141856
2790        4.72657
2790       0.692347
2790        5.96568
2790        2.29663
2790        6.16931
2790        5.57754
2790       0.244264
2790        3.36614
2790        3.56781
2790        1.84426
2790        4.15391
2790       0.866431
2790        2.24004
2790         6.0676
2790        4.40807
2790        3.51109
2790        2.56824
2790        6.03928
2790        3.11995
2790        0.67754
2790        3.44746
2790         4.8082
2790        5.42232
2790        2.32841
2790        5.58034
2790         3.7596
2790      0.0233881
2790         2.6622
2790       0.923398
2790       0.634264
2790        4.03539
2790        5.85974
2790        3.70496
2790        4.00062
2790        4.00113
2790        1.96532
2790        3.24022
2790        6.06307
2790        5.32536
2790       0.892947
2790        5.31614
2790        1.94205
2790       0.717678
2790        5.31645
2790       0.209548
2790        2.82458
2790        6.10704
2790       0.097555
2790         0.3985
2790       0.154903
2790        3.10689
2790        5.66398
2790         3.7301
2790        3.70299
2790        6.09825
2790        2.40392
2790        3.41933
2790        2.89215
2790        4.79391
2790        5.11663
2790        1.69111
2790        4.47356
2790        4.20481
2790       0.822715
2790       0.378684
2790        4.42138
2790       0.662171
2790        6.17451
2790        5.98851
2790         5.9099
2790        3.58765
2790        1.47775
2790        2.15976
2790        2.81074
2790       0.395975
2790        2.60271
2790        2.73514
2790        6.21466
2790         4.1204
2790        1.66221
2790        5.79183
2790         3.4618
2790        3.28922
2790        3.08308
2790       0.579961
2790        3.21726
2790        3.84053
2790         4.2344
2790         3.4958
2790         5.6715
2790        3.65691
2790        2.21549
2790       0.468021
2790        2.93741
2790       0.387867
2790        6.20307
2790        0.15474
2790        1.94498
2790        5.51122
2790         4.3454
2790        3.30373
2790        2.56227
2790       0.301977
2790        2.52755
2790        2.31202
2790        1.04285
2790        3.97546
2790        0.61321
2790          6.203
2790        3.42309
2790        5.72754
2790        3.05719
2790       0.351341
2790        5.52993
2790      0.0735965
2790         2.4112
2790         3.4333
2790      0.0356753
2790      0.0468276
2790        4.04867
2790        3.70521
2790       0.985261
2790        3.87797
2790        5.71773
2790       0.375108
2790        0.96066
2790        3.58036
2790         4.2475
2790        4.82605
2790        2.22099
2790         5.2164
2790        5.08404
2790        5.26023
2790        3.15014
2790        3.61543
2790        5.98302
2790         2.4618
2790        4.68997
2790        6.08634
2790        4.26793
2790       0.153787
2790        5.89825
2790         1.1647
2790        3.09267
2790        2.63036
2790       0.347081
2790        3.25039
2790        3.13112
2790       0.859618
2790        4.80635
2790        0.97495
2790        6.22664
2790        4.30408
2790       0.365088
2790        3.18178
2790        3.88363
2790         3.2122
2790        5.37393
2790        3.25876
2790       0.370813
2790        3.46219
2790        1.42292
2790        4.21872
2790       0.428216
2790        3.63964
