2452        4.79583
2452        3.78631
2452        3.33852
2452         3.6528
2452       0.751303
2452        5.19158
2452        3.23014
2452        5.33646
2452        5.96936
2452        3.92025
2452         4.3076
2452        1.50716
2452        4.09695
2452       0.429891
2452        1.73719
2452       0.898727
2452         5.3594
2452        1.68214
2452        4.31303
2452       0.596084
2452        1.20588
2452        2.40979
2452         2.8537
2452        1.18563
2452        4.61358
2452        2.34155
2452         4.0018
2452      0.0785682
2452        2.75354
2452         1.4561
2452       0.378803
2452        4.48049
2452        2.07637
2452         3.8774
2452       0.744331
2452         6.1368
2452        3.42877
2452        5.31081
2452       0.372631
2452        4.53426
2452        2.79713
2452        4.61521
2452       0.559065
2452      0.0881347
2452        3.78343
2452        3.02329
2452        4.46664
2452        3.93344
2452        1.55566
2452       0.793249
2452       0.739686
2452        2.66592
2452        5.49634
2452        5.93656
2452         1.9056
2452         1.2295
2452        5.85775
2452        4.88619
2452       0.905567
2452        5.93562
2452        5.19307
2452        1.83047
2452        3.41664
2452         4.6185
2452         4.0762
2452        3.32518
2452       0.185909
2452        1.77838
2452        3.64613
2452         1.5234
2452        4.51143
2452       0.979585
2452          1.583
2452       0.331054
2452         3.8547
2452        3.12042
2452        5.62346
2452        1.96704
2452        1.98694
2452        1.31865
2452        4.70392
2452        4.94087
2452        4.01816
2452        3.99412
2452         4.9582
2452       0.359197
2452        4.03361
2452       0.882502
2452        2.21486
2452        3.08248
2452        1.62228
2452        6.17502
2452        1.33722
2452       0.318339
2452        4.63905
2452        3.90397
2452        1.36301
2452        5.59484
2452        5.37535
2452      0.0228954
2452         4.1733
2452         4.0219
2452        5.46041
2452         6.0555
2452        4.63151
2452       0.956513
2452        1.56969
2452        1.70439
2452        5.56663
2452        3.12919
2452       0.909394
2452        3.28584
2452         2.5524
2452        5.72469
2452       0.526273
2452     0.00671904
2452        1.64786
2452        2.25269
2452         1.3857
2452       0.626033
2452        4.76357
2452       0.341476
2452        6.10214
2452        1.81493
2452        3.62949
2452        2.58453
2452        3.62376
2452        3.58006
2452        5.43376
2452         1.7141
2452        4.01709
2452       0.872817
2452        4.07024
2452        1.66139
2452       0.147556
2452         4.9983
2452       0.954108
2452       0.460477
2452        2.13747
2452      0.0170274
2452        4.61013
2452        5.55199
2452        3.51107
2452        5.01979
2452        2.35958
2452        4.30735
2452        3.67586
2452        4.52937
2452        4.08646
2452       0.937961
2452       0.856855
2452        0.86718
2452        4.59518
2452        6.01551
2452       0.438583
2452        2.21271
2452         5.7358
2452        1.54692
2452        0.27803
2452        5.94996
2452       0.905304
2452        3.63176
2452         1.5957
2452        1.12938
2452        6.25319
2452        1.42229
2452        4.53832
2452        4.60876
2452        1.15425
2452        3.22113
2452        1.13121
2452        2.19382
2452        5.23888
2452        4.40658
2452        3.44656
2452         3.7886
2452         3.3449
2452        5.49272
2452       0.862996
2452        2.58915
2452         5.2801
2452       0.480488
2452        3.15266
2452        1.63655
2452       0.340939
2452       0.829823
2452        2.23687
2452       0.495812
2452        2.28269
2452        3.42709
2452        1.07122
2452        1.44655
2452         3.3337
2452        4.76712
2452        2.07719
2452        2.79711
2452        0.39967
2452       0.641937
2452        4.06611
2452        1.32488
2452       0.623529
2452        3.66489
2452        1.66417
2452        4.78032
2452        2.15841
2452        4.93773
2452        1.55075
2452        4.30049
2452       0.410368
2452        6.13122
2452       0.785895
2452        4.78185
2452        4.89421
2452        2.30405
2452        5.00758
2452        4.89861
2452        4.98871
2452       0.663355
2452         3.0884
2452        4.56663
2452        3.86061
2452      0.0442919
2452         3.2291
2452        3.65347
2452        4.26269
2452        1.64194
2452       0.353222
2452        4.98284
2452         3.9017
2452         3.9415
2452        3.76199
2452        3.33153
2452        3.59315
2452        4.26316
2452        2.00608
2452          2.362
2452        1.87429
2452        5.00847
2452        5.27867
2452        1.48832
2452        5.19905
2452        3.51905
2452        1.29943
2452        1.07346
2452        5.73439
2452        4.34899
2452        4.90176
2452        1.36034
2452        5.32054
2452        1.47171
2452       0.401798
2452        1.27904
2452         3.9969
2452        4.10033
2452        1.97944
2452        0.26098
2452        4.37737
2452        3.77744
2452        4.20801
2452       0.874387
2452        1.50833
2452       0.316737
2452       0.985837
2452        2.28114
2452        1.32086
2452        4.17793
2452        1.92325
2452        5.23257
2452        3.94779
2452        6.12367
2452        1.98161
2452        6.06466
2452        6.06047
2452        5.10245
2452      0.0947651
2452          4.732
2452         3.3194
2452        1.90307
2452        4.03813
2452        1.98603
2452        1.88549
2452        4.77732
2452        2.06305
2452        1.59554
2452        2.52695
2452        3.39685
2452        3.68642
2452        5.02021
2452        4.55402
2452        2.07631
2452       0.721348
2452        2.60363
2452        3.95964
2452        3.32349
2452        4.80827
2452        1.33182
2452        1.23548
2452        1.28102
2452        4.75207
2452       0.349659
2452        2.70763
2452        3.41004
2452        4.28451
2452        1.10627
2452        3.32374
2452        2.89968
2452        3.67298
2452        1.78514
2452        1.14709
2452      0.0499174
2452       0.276939
2452        6.13554
2452        2.08858
2452         4.4833
2452       0.484977
2452        2.00834
2452        1.85919
2452       0.915009
2452        4.20341
2452        3.68149
2452      0.0292386
2452        4.29894
2452         1.2221
2452        4.49665
2452        1.67746
2452        1.75868
2452        0.21741
2452        5.04747
2452       0.850113
2452        4.24439
2452        4.88502
2452        3.58113
2452        3.44311
2452       0.913878
2452        1.59206
2452         3.8395
2452       0.812575
2452        3.73842
2452        3.06272
2452        5.14492
2452        6.10444
2452        4.40666
2452        3.01231
2452        4.35956
2452        6.15221
2452        2.17227
2452        1.52828
2452        2.08779
2452        2.86552
2452        1.43068
2452        4.14915
2452        1.25795
2452         5.4471
2452        1.66492
2452       0.931527
2452        4.91881
2452        3.17948
2452         3.1357
2452       0.523363
2452       0.520942
2452        2.36082
2452       0.508732
2452      0.0448776
2452        4.88588
2452       0.897446
2452       0.408707
2452        0.50034
2452       0.904422
2452        3.69352
2452        4.56177
2452        2.11265
2452        3.57451
2452       0.728838
2452        5.40313
2452        3.20882
2452        5.12601
2452        5.91222
2452        3.30153
2452       0.789031
2452         4.7609
2452        3.04715
2452         3.3092
2452        2.80662
2452        1.86813
2452        1.56419
2452        5.01833
2452        2.78694
2452        5.34345
2452       0.188935
2452        4.36503
2452        6.21588
2452        3.76559
2452        4.03883
2452        4.03352
2452        4.50988
2452        5.08073
2452         5.2166
2452       0.604642
2452        2.28649
2452        5.74303
2452        2.14261
2452        2.06961
2452        1.80722
2452        2.45836
2452        1.10089
2452        3.22873
2452        5.27295
2452        4.30654
2452        4.56577
2452        1.16209
2452       0.525985
2452        1.52873
2452        1.38689
2452        1.45312
2452        1.96946
2452        5.43549
2452         3.7157
2452        1.04135
2452        1.42364
2452        5.12756
2452       0.943853
2452        3.69604
2452       0.386665
2452       0.642513
2452        1.86265
2452        3.34778
2452        1.94792
2452        1.94266
2452        1.60204
2452        4.77188
2452        0.32586
2452         0.8564
2452        4.45729
2452        4.03029
2452        1.12089
2452        6.04522
2452        5.05774
2452        4.95662
2452        3.17087
2452        1.02132
2452        4.17799
2452      0.0303189
2452       0.644993
2452       0.816205
2452       0.397251
2452        1.22448
2452        5.10049
2452        1.21483
2452         0.7439
2452         1.8488
2452        4.13809
2452        4.12572
2452        4.95487
2452        3.65879
2452        0.82786
2452         4.6215
2452        3.70069
2452        5.04467
2452        2.05597
2452        3.16064
2452        5.52416
2452        3.37428
2452        2.94279
2452        1.69557
2452        6.23177
2452        5.44345
2452        4.31427
2452        4.63291
2452        1.76766
2452        1.33579
2452        1.29922
2452        6.15746
2452        1.08663
2452        4.79623
2452         1.6319
2452        1.23259
2452        2.16263
2452        1.57598
2452        4.73811
2452        5.75562
2452       0.637951
2452        5.66036
2452        3.56656
2452        4.02703
2452       0.882563
2452        0.65477
2452       0.805942
2452       0.440696
2452        4.27212
2452       0.103761
2452        5.72099
2452        4.59584
2452        1.89963
2452        3.61133
2452        5.22122
2452         1.6152
2452        5.17219
2452        6.11698
2452        4.97527
2452       0.793584
2452       0.940254
2452       0.345118
2452        4.44358
2452        4.72564
2452       0.457488
2452        1.46158
2452        2.03688
2452        2.12652
2452       0.960284
2452        5.03284
2452        3.43237
2452        5.79835
2452        1.63523
2452        6.02948
2452       0.128146
2452        3.72232
2452        3.42072
2452        3.03604
2452         4.8267
2452        5.95475
2452        1.39512
2452        2.79339
2452       0.598193
2452        3.84854
2452       0.183285
2452        1.98889
2452        5.47042
2452        3.12177
2452        6.09276
2452        1.44301
2452       0.905921
2452       0.547289
2452         3.8645
2452        3.78072
2452        3.89563
2452        4.32565
2452         4.6982
2452       0.897011
2452        1.98632
2452        3.71298
2452         1.5682
2452       0.555633
2452        5.12432
2452        1.46715
2452        2.66044
2452        5.51464
2452        4.05308
2452        5.05251
2452        0.98399
2452       0.724202
2452        4.98212
2452        4.82248
2452        3.80682
2452        4.04857
2452        3.09305
2452        3.03499
2452        3.74711
2452        3.98684
2452        4.40598
2452        4.62115
2452        2.43835
2452        1.92754
2452        5.62511
2452       0.657704
2452        4.98555
2452        3.97846
2452        1.02128
2452        3.60241
2452        1.26426
2452        3.55805
2452       0.292776
2452        3.93107
2452        1.28031
2452       0.775616
2452       0.297913
2452       0.856965
2452        1.67708
2452        1.26913
2452         4.7651
2452        4.53063
2452        4.00657
2452        4.75951
2452        4.36027
2452        4.20864
2452        1.41476
2452        1.75688
2452        5.20292
2452        1.76106
2452        3.42105
2452       0.812956
2452        3.43167
2452        4.27953
2452        4.86634
2452        1.13884
2452        1.59925
2452         5.6383
2452        4.92103
2452       0.999103
2452       0.961908
2452        1.83176
2452       0.743145
2452        1.34971
2452       0.686509
2452        3.82876
2452       0.276542
2452        1.10666
2452       0.694966
2452        4.86514
2452        1.75996
2452        4.47688
2452        2.99961
2452        2.98125
2452        4.55145
2452        4.49175
2452        0.41527
2452        3.51186
2452        2.72033
2452        1.46006
2452       0.380325
2452        0.16094
2452        1.56512
2452        5.13505
2452        4.94793
2452        1.81634
2452        5.40899
2452        3.35003
2452       0.284001
2452       0.337968
2452        4.90593
2452        3.98773
2452        3.52348
2452        2.76821
2452        5.39196
2452        5.75434
2452        4.68417
2452        2.73748
2452        5.03889
2452         4.8606
2452        1.15145
2452       0.711874
2452        3.92557
2452        4.99259
2452        5.41604
2452       0.787127
2452        4.10468
2452        2.36337
2452        2.76289
2452        2.67504
2452       0.883722
2452        1.40785
2452        3.84402
2452        3.90111
2452         4.0772
2452        3.63819
2452        2.61809
2452        4.41391
2452        4.22663
2452       0.723956
2452      0.0596541
2452        3.43881
2452        1.22732
2452        2.01848
2452        1.72131
2452        5.83887
2452        4.06725
2452        2.58027
2452        4.00027
2452        1.99447
2452         0.2793
2452         1.7034
2452        4.60692
2452        3.77972
2452       0.146667
2452        4.36009
2452       0.227788
2452       0.213917
2452       0.496857
2452        1.42783
2452        2.40328
2452        5.89621
2452        1.37683
2452       0.735457
2452        4.70944
2452        4.54752
2452       0.802442
2452       0.621393
2452        5.98223
2452        1.52202
2452        0.46678
2452        4.25143
2452        2.85349
2452       0.636232
2452       0.940387
2452        3.87103
2452        4.36532
2452       0.206845
2452         1.0806
2452         2.3625
2452         2.0023
2452        5.33399
2452        3.68152
2452         1.2489
2452          2.433
2452       0.484343
2452       0.901127
2452        1.07304
2452        2.07944
2452        4.60397
2452       0.812505
2452        1.92327
2452        3.84401
2452        5.70471
2452       0.104302
2452       0.548243
2452        4.86644
2452        3.83914
2452        4.85379
2452        5.23004
2452        2.13023
2452        4.87866
2452         2.1474
2452        3.73293
2452        4.20972
2452      0.0823309
2452        4.99617
2452        1.16648
2452        1.36421
2452        2.09464
2452        5.25817
2452        5.02759
2452        1.52715
2452        6.00537
2452        1.01735
2452        1.39358
2452        4.69546
2452        4.50407
2452        4.21178
2452        2.19107
2452        4.30802
2452        0.82068
2452       0.250067
2452        3.75851
2452        4.06236
2452        4.06765
2452        3.39003
2452        4.06188
2452        6.28023
2452        5.28806
2452        2.67121
2452        1.43405
2452        4.47541
2452        0.89559
2452        4.83682
2452        4.79691
2452       0.119659
2452        1.39042
2452        3.29891
2452        4.86114
2452       0.668308
2452        4.42426
2452        1.49494
2452        1.89576
2452        0.34446
2452        1.65742
2452        3.85392
2452        5.59903
2452        1.05117
2452        5.18801
2452        4.50396
2452        2.09854
2452       0.215064
2452       0.417932
2452        1.01451
2452        2.05288
2452         1.9019
2452        1.04502
2452        1.01766
2452        3.76373
2452        2.03692
2452        4.37174
2452       0.999556
2452        4.62134
2452        5.47691
2452        3.22098
2452        4.83607
2452        4.13422
2452        1.97354
2452        3.91894
2452        5.25912
2452        4.59099
2452        4.76557
2452        3.46259
2452        4.79622
2452        1.14892
2452        3.99061
2452        1.20365
2452        2.92444
2452        3.98118
2452        3.19341
2452        1.61626
2452        4.77565
2452        1.33959
2452        4.11348
2452        5.85501
2452        1.46745
2452        4.95306
2452        5.15021
2452        4.22328
2452        4.10048
2452        3.65913
2452       0.781672
2452        4.72619
2452        1.55731
2452        6.17331
2452        1.36608
2452        3.89676
2452       0.483275
2452        2.08592
2452        1.57696
2452        4.03021
2452        1.89147
2452        1.41897
2452        5.15862
2452          5.124
2452        4.44626
2452        4.67465
2452        1.16436
2452        6.05068
2452        5.42384
2452        2.86531
2452        2.66652
2452       0.348033
2452        6.01177
2452        4.45574
2452        4.49949
2452        3.72479
2452        2.09437
2452        4.50573
2452        0.78447
2452        6.18115
2452        2.92318
2452        4.10159
2452        1.50525
2452        4.69243
2452        4.03491
2452       0.356608
2452        5.96931
2452        4.14561
2452        5.25309
2452        4.49164
2452        3.39287
2452        1.72091
2452        2.69188
2452        4.80687
2452        1.56148
2452       0.943634
2452        4.63284
2452        2.18909
2452        5.59937
2452        4.03798
2452        3.94986
2452        1.68012
2452        1.44513
2452        1.00084
2452        2.47346
2452        3.57862
2452        4.68371
2452        2.09373
2452        4.08657
2452        1.14141
2452        3.87205
2452        3.81442
2452        3.81821
2452        5.05774
2452       0.174389
2452        5.37502
2452        2.53212
2452        1.81759
2452        4.83219
2452       0.784177
2452        4.46429
2452        2.83493
2452       0.636025
2452        3.50487
2452         4.1542
2452        1.35067
2452        2.01985
2452       0.788791
2452       0.458341
2452        3.97122
2452        3.42946
2452        1.44763
2452       0.901755
2452        5.42059
2452       0.592741
2452        3.77701
2452        3.24396
2452        4.60549
2452        0.99967
2452        2.91791
2452        1.08863
2452       0.566144
2452        1.25477
2452        1.49581
2452        1.52776
2452        2.74379
2452        5.01548
2452        5.41528
2452        3.23969
2452        3.45358
2452        3.35947
2452        5.29853
2452         5.3705
2452       0.780683
2452        2.22458
2452        3.28108
2452        2.65599
2452        5.77044
2452        1.33589
2452        1.82606
2452        3.90788
2452        2.41359
2452        4.30011
2452        1.45082
2452       0.316317
2452         3.2986
2452        4.75456
2452        3.72421
2452        4.62406
2452        1.40554
2452        3.77204
2452        3.96751
2452       0.141356
2452        4.04072
2452        5.86242
2452        1.94182
2452        4.14425
2452        5.50513
2452       0.810722
2452        2.31999
2452       0.900938
2452       0.963682
2452         2.1957
2452         6.1986
2452        1.78592
2452        3.74949
2452        3.64639
2452        4.66864
2452        3.43608
2452        2.22427
2452        2.66101
2452        5.60355
2452        3.66367
2452        3.90767
2452        4.23755
2452        3.05611
2452        4.34879
2452        4.99521
2452        6.07177
2452        4.25352
2452      0.0369118
2452     0.00614531
2452        1.91559
2452        3.03245
2452        6.24916
2452        3.92918
2452        5.00965
2452        3.65959
2452        1.92982
2452         4.5639
2452        1.51421
2452        3.72584
2452       0.987163
2452        6.03899
2452        5.60644
2452        3.23581
2452       0.506393
2452        4.98977
2452        4.17464
2452        5.05761
2452        1.02861
2452        4.25843
2452        4.53953
2452        3.94449
2452       0.172719
2452        4.60393
2452        1.72243
2452        1.84782
2452        2.35897
2452         1.5328
2452        1.40218
2452        1.59337
2452        1.03254
2452       0.742065
2452        1.08219
2452        1.74248
2452        1.97585
2452        6.24602
2452        4.00376
2452          4.754
2452       0.387415
