2282        5.22576
2282        2.55487
2282         2.3598
2282        1.25447
2282        5.30454
2282        5.17151
2282        3.38474
2282        1.21565
2282       0.856895
2282           5.27
2282        5.28939
2282        4.92456
2282        1.76176
2282        5.81264
2282        6.02106
2282        2.66528
2282        1.91022
2282      0.0524776
2282        1.84298
2282        3.91264
2282       0.275876
2282        3.71572
2282        5.26263
2282        4.29971
2282        4.53044
2282      0.0481364
2282        5.32635
2282        1.68602
2282        4.70815
2282        4.61555
2282        1.28474
2282        2.81364
2282        4.41451
2282        5.00519
2282        1.13162
2282        2.99251
2282        3.02145
2282         2.5262
2282        4.64883
2282        1.89705
2282        1.42818
2282        1.05914
2282        4.29514
2282        4.98451
2282        3.27784
2282       0.988156
2282        1.87356
2282        2.65283
2282        4.78081
2282        6.02581
2282        5.17166
2282        3.25952
2282        2.36852
2282       0.713104
2282        0.43121
2282        5.97271
2282        6.07189
2282       0.945226
2282         1.7479
2282        5.11529
2282        1.88565
2282       0.518526
2282        4.93659
2282        0.34974
2282        4.12747
2282        2.51026
2282        2.35467
2282        3.94984
2282        5.44099
2282        1.43918
2282        6.10151
2282        3.55711
2282        4.72803
2282         4.2611
2282       0.100977
2282        4.67916
2282        1.45215
2282        4.34428
2282        2.25429
2282        5.41925
2282        2.41329
2282        2.90466
2282        2.30337
2282        5.58345
2282        2.69673
2282         4.8084
2282        1.52063
2282       0.324377
2282        1.95545
2282        4.28906
2282        5.45078
2282        3.00818
2282        5.14087
2282       0.802221
2282        5.34012
2282        1.36044
2282        2.14433
2282        3.96397
2282       0.511254
2282        1.69137
2282        2.35829
2282       0.237763
2282       0.716497
2282       0.117036
2282        4.76563
2282        5.26162
2282        2.10157
2282        5.67432
2282       0.408628
2282          5.003
2282        1.72154
2282        2.00663
2282        5.03852
2282        2.48842
2282        5.10329
2282        2.33276
2282         4.7289
2282        1.21489
2282        4.57386
2282       0.305633
2282       0.209878
2282        5.56402
2282        4.69143
2282        5.74377
2282        5.65138
2282        4.74846
2282        2.51066
2282        5.74036
2282        5.36105
2282        2.37746
2282        5.15653
2282      0.0938008
2282        1.46814
2282        4.95544
2282        2.68017
2282         4.7896
2282        2.17626
2282         1.8839
2282       0.845405
2282        5.02562
2282        5.02796
2282          2.892
2282         6.0456
2282        3.95356
2282        2.99343
2282        4.17184
2282         1.6303
2282        3.73406
2282        4.81148
2282       0.346869
2282         3.6538
2282       0.706497
2282        5.48804
2282        1.42883
2282         3.3437
2282        1.61518
2282        2.70056
2282        0.64739
2282        2.69753
2282        5.46672
2282         1.3447
2282       0.992283
2282       0.995711
2282        1.86272
2282         1.8421
2282        2.33378
2282        5.68607
2282       0.726946
2282        2.52061
2282        4.31584
2282        4.90344
2282        5.70532
2282        4.35064
2282        4.81668
2282        1.68586
2282        4.55318
2282       0.436474
2282        2.41899
2282        3.25471
2282        0.57543
2282        1.01686
2282        4.23927
2282        1.23322
2282        5.54064
2282       0.467809
2282        5.25444
2282        1.04284
2282        5.54548
2282       0.481295
2282       0.577304
2282        2.28874
2282         4.7055
2282        2.77198
2282        5.54751
2282        2.66417
2282        5.40137
2282        3.01543
2282        5.78586
2282        5.78189
2282        5.52542
2282        6.24653
2282       0.686173
2282        5.98823
2282        5.62231
2282         1.3982
2282        1.30784
2282        4.20101
2282       0.183195
2282        1.12623
2282        5.05049
2282        1.49521
2282        1.11336
2282         2.6156
2282       0.401242
2282        6.05442
2282         5.4919
2282        4.92958
2282        5.46011
2282        2.29765
2282        1.87621
2282        5.58626
2282        4.27534
2282        3.59373
2282       0.500919
2282       0.550472
2282        4.74795
2282          4.687
2282          2.548
2282        3.20881
2282        2.07891
2282        6.24099
2282       0.478513
2282        1.50362
2282       0.204355
2282        2.30958
2282        3.99062
2282        3.03567
2282        5.39968
2282        2.49682
2282        3.60287
2282        3.54313
2282       0.622043
2282       0.433675
2282        2.25414
2282        2.11676
2282        1.36022
2282        5.24156
2282        1.64712
2282        2.10759
2282       0.860887
2282         1.0645
2282         5.9212
2282        3.80697
2282       0.160624
2282       0.563817
2282        2.13428
2282        4.63301
2282       0.722401
2282        5.00993
2282        5.10135
2282        1.37636
2282         0.3387
2282        4.30998
2282        3.10362
2282         3.2593
2282       0.853169
2282       0.524785
2282        6.19827
2282        1.50703
2282        5.69037
2282      0.0226619
2282       0.578774
2282      0.0163609
2282        4.09616
2282        1.75491
2282        4.03337
2282        6.21028
2282        5.74113
2282      0.0545444
2282        4.63011
2282        5.67119
2282      0.0507076
2282       0.754941
2282        4.61603
2282        5.07902
2282        4.15191
2282       0.381032
2282        2.22936
2282        4.30147
2282        6.16406
2282          6.158
2282        4.38827
2282        3.32871
2282       0.501653
2282        5.32609
2282        2.56065
2282        1.48616
2282       0.704705
2282        1.08231
2282        2.47136
2282         5.5702
2282        5.31806
2282        3.58617
2282          5.574
2282        2.29408
2282        4.34089
2282        1.83182
2282        1.36599
2282         1.4983
2282        6.14432
2282        4.41677
2282        2.77754
2282       0.671343
2282        4.69499
2282        4.83951
2282        5.64709
2282        3.96648
2282         3.2872
2282        5.73749
2282        4.82621
2282        3.66493
2282        4.66583
2282        4.05738
2282        4.78003
2282        5.71369
2282        5.90575
2282      0.0772169
2282        5.00961
2282         1.6179
2282        1.20826
2282        1.78586
2282        2.46635
2282        3.19942
2282        3.34821
2282        1.67075
2282        2.57795
2282        2.02235
2282        5.27043
2282        0.79833
2282        4.42395
2282        2.36581
2282        0.82646
2282        2.10659
2282         2.9535
2282     0.00188657
2282        1.85205
2282        3.27641
2282        5.42832
2282        5.75055
2282        6.18523
2282        1.01517
2282        5.04836
2282        1.83978
2282        2.27567
2282        4.41003
2282       0.135194
2282        1.18428
2282        6.17414
2282        6.13805
2282       0.422956
2282         2.6519
2282        3.26363
2282         2.8689
2282         2.5374
2282        2.32766
2282          1.726
2282        1.18839
2282        1.88021
2282        1.73576
2282         5.8113
2282        6.25313
2282        2.67146
2282        6.22589
2282        1.66533
2282        5.68653
2282        2.97148
2282        5.63327
2282        2.50012
2282        5.51096
2282       0.725428
2282     0.00343043
2282        4.07494
2282        5.28395
2282        4.71659
2282         2.9506
2282       0.264129
2282       0.828212
2282        5.62548
2282        3.89989
2282        5.49105
2282        4.73566
2282        6.05265
2282        5.90527
2282        5.30752
2282        1.66552
2282         4.8426
2282        2.53268
2282        4.12386
2282        4.44705
2282        3.80292
2282        1.50696
2282        1.75618
2282        1.55802
2282       0.576567
2282        4.69932
2282         3.6163
2282        3.58843
2282        2.32357
2282        1.85659
2282        3.40384
2282        2.07325
2282        5.41008
2282        1.80829
2282        4.31172
2282      0.0698816
2282        4.84853
2282        4.80235
2282       0.557696
2282        2.90604
2282       0.802922
2282        4.75311
2282       0.526449
2282        2.26586
2282       0.579373
2282        5.11023
2282       0.884156
2282        1.33507
2282        4.66861
2282        2.83196
2282        3.93097
2282        2.49951
2282        4.77867
2282        1.01064
2282        1.09239
2282         3.4342
2282        5.25674
2282       0.601984
2282        2.21629
2282        1.49404
2282       0.643101
2282        2.23438
2282        3.88151
2282        5.02132
2282       0.340332
2282        4.45648
2282        2.44463
2282        2.23275
2282        0.41737
2282        1.82642
2282       0.195756
2282        2.74949
2282        5.62885
2282        5.59956
2282        2.08111
2282        5.09275
2282      0.0258797
2282        2.91509
2282        1.40815
2282        1.45907
2282        3.12512
2282        4.88062
2282        4.59546
2282        5.67457
2282        0.73261
2282        1.03975
2282        3.74252
2282        5.62948
2282         1.7365
2282        1.87125
2282        3.35851
2282         5.5694
2282        5.85142
2282        3.74072
2282        2.33391
2282         4.7874
2282        2.30754
2282        5.71786
2282        5.36786
2282        5.48372
2282         3.7971
2282        2.64978
2282        2.79127
2282       0.634858
2282        5.10581
2282        1.71673
2282        1.91888
2282       0.121973
2282        6.06729
2282       0.350414
2282        4.84455
2282        3.92003
2282        1.18863
2282         5.7724
2282       0.641017
2282         1.3531
2282        5.17329
2282        1.25404
2282        5.75921
2282        1.26757
2282         1.6662
2282        2.75022
2282        4.65118
2282        2.12129
2282        2.42907
2282        1.11056
2282        5.79857
2282         1.0807
2282        4.66834
2282        4.43456
2282         5.5734
2282        1.98618
2282        4.69621
2282       0.673649
2282        4.26239
2282       0.752794
2282        5.10917
2282        2.75971
2282        5.21883
2282        2.77423
2282        1.96848
2282        3.49826
2282        2.42519
2282        1.01435
2282        5.28006
2282        1.72209
2282        1.94154
2282        2.70741
2282        5.74975
2282        4.15067
2282      0.0849242
2282       0.404887
2282        3.75687
2282        1.95529
2282        3.73608
2282        3.05014
2282        2.40091
2282        3.48719
2282        4.49224
2282        5.21924
2282       0.598068
2282       0.917044
2282        1.78577
2282        4.45933
2282        4.82166
2282        1.60665
2282        3.73215
2282       0.304563
2282        5.59405
2282       0.774937
2282        4.13547
2282        3.51721
2282        2.50098
2282        5.20569
2282        3.97611
2282        2.49065
2282        4.98762
2282        1.94343
2282         1.7307
2282       0.191372
2282         1.1257
2282       0.618306
2282        5.18912
2282         1.1524
2282        3.88138
2282        4.93371
2282        5.36112
2282       0.245062
2282        2.78704
2282        2.11664
2282        5.02688
2282         1.3116
2282        4.28143
2282        4.34305
2282       0.918017
2282        1.45781
2282        4.33811
2282        4.91809
2282        1.11028
2282        1.72114
2282         5.4824
2282        5.37516
2282        6.07509
2282        5.32534
2282        6.26255
2282        6.24815
2282        2.17628
2282        5.30461
2282        6.20214
2282        2.62596
2282        3.71134
2282        3.33051
2282        4.77425
2282        5.21604
2282        4.46427
2282        1.19863
2282        3.26984
2282        2.23699
2282        2.26471
2282        4.02014
2282        1.53965
2282        1.99518
2282        1.19028
2282        2.95161
2282         3.3405
2282        4.92887
2282       0.548602
2282        4.07286
2282        1.02928
2282        6.05328
2282       0.252336
2282        1.41649
2282        2.75332
2282        4.67646
2282        1.29721
2282        2.85539
2282        6.18843
2282          3.127
2282        6.13876
2282        2.02691
2282        1.14546
2282       0.912398
2282        4.92804
2282        3.59482
2282       0.590229
2282        2.43883
2282        3.87732
2282        3.11035
2282        1.93209
2282        4.32349
2282         5.3462
2282        3.37581
2282        2.03485
2282        2.56584
2282        3.70221
2282        4.93981
2282       0.136261
2282         5.1579
2282        4.38035
2282        4.05144
2282       0.811712
2282        4.31815
2282       0.440268
2282        1.69991
2282       0.873377
2282        4.65071
2282        1.99362
2282       0.161078
2282        5.97833
2282        2.24197
2282        4.59308
2282        5.58064
2282        4.26857
2282        4.67433
2282         5.6621
2282        1.92355
2282       0.470628
2282        4.15262
2282       0.099378
2282        2.38036
2282        2.23453
2282        3.56588
2282        3.63532
2282        3.41253
2282        5.92896
2282        1.17552
2282        5.88409
2282        5.81079
2282        5.52411
2282        4.72229
2282        2.28705
2282        2.36231
2282         6.0306
2282        4.86248
2282        1.31714
2282        1.01524
2282        5.71309
2282       0.497492
2282        5.53987
2282        6.24142
2282        3.99422
2282        5.28519
2282         4.1676
2282        3.96713
2282         2.5884
2282        1.39821
2282        2.23152
2282        2.24789
2282       0.694875
2282        5.06053
2282         1.4518
2282        2.23286
2282        6.26488
2282        1.39401
2282        2.89749
2282          4.585
2282       0.690357
2282        1.64301
2282       0.255757
2282        1.87922
2282        5.16467
2282        1.67695
2282        2.38728
2282         4.5746
2282        3.01761
2282        2.76991
2282         1.3093
2282        4.77113
2282        3.80454
2282        2.79516
2282        1.88892
2282       0.746682
2282        5.91519
2282        5.79757
2282        3.86754
2282        1.23805
2282          2.063
2282        4.14163
2282        3.70785
2282        5.75498
2282        5.72967
2282        4.76276
2282       0.914915
2282        4.93589
2282       0.503625
2282       0.318466
2282       0.763478
2282        2.88603
2282        6.18825
2282        0.17003
2282       0.703471
2282        4.92826
2282        5.90023
2282        1.95752
2282        4.01524
2282        2.33656
2282         3.0818
2282        4.95777
2282        5.60387
2282        1.33292
2282        5.77517
2282        4.59842
2282        4.04168
2282        3.11308
2282       0.696895
2282        2.89034
2282        4.62838
2282        5.68166
2282         4.8827
2282        1.14671
2282        4.94403
2282        5.75927
2282        5.14388
2282        1.04968
2282        2.33398
2282        1.92998
2282        1.22893
2282        4.92293
2282        4.27429
2282        2.38582
2282        2.05789
2282        3.86368
2282        1.03618
2282        1.96208
2282         5.2526
2282        3.28306
2282        4.92651
2282        5.54622
2282        1.33116
2282        4.38411
2282        2.38887
2282         6.1402
2282        1.92475
2282        2.23122
2282        3.57179
2282        2.03617
2282        1.37054
2282        1.93318
2282        2.84384
2282        1.90578
2282        2.28281
2282        2.61211
2282        2.36497
2282        1.91605
2282       0.585556
2282        6.07961
2282        2.68844
2282        4.10784
2282        4.24743
2282       0.372908
2282        2.30269
2282        4.59601
2282        5.58264
2282           5.67
2282        1.20886
2282        2.13386
2282        2.47834
2282        1.02548
2282       0.291896
2282        5.45821
2282       0.482146
2282        0.88381
2282        1.02049
2282         1.4251
2282        5.65882
2282        1.35643
2282        2.61985
2282        4.39851
2282       0.805284
2282        2.56344
2282        5.06422
2282       0.731536
2282        2.03072
2282        1.59672
2282        1.13197
2282        1.55371
2282        5.18305
2282        4.56586
2282        3.63462
2282       0.838086
2282        4.59118
2282        5.59126
2282        1.69097
2282        1.35655
2282        5.54364
2282        6.17753
2282        5.89994
2282        4.90712
2282        3.45457
2282        5.30182
2282        5.46941
2282         3.9354
2282      0.0572451
2282        5.10119
2282        3.54769
2282        2.41125
2282        1.91668
2282        4.93572
2282        4.47034
2282        5.72955
2282         1.3643
2282        1.02613
2282        5.94612
2282        1.98741
2282        5.35627
2282         6.0877
2282        5.95139
2282        2.46459
2282        3.95246
2282        2.02628
2282        2.05631
2282        3.70303
2282         6.0378
2282        6.09346
2282         5.2677
2282        4.98089
2282        5.35322
2282         5.0622
2282        1.77884
2282       0.114091
2282        4.95911
2282     0.00361289
2282        5.91537
2282        4.41112
2282       0.276239
2282       0.213159
2282        4.84117
2282        6.23361
2282        1.11776
2282        3.50538
2282        4.63105
2282        4.62114
2282       0.584252
2282        1.25173
2282        2.00123
2282        3.94135
2282        4.70416
2282        5.30909
2282        1.58979
2282        1.08854
2282        1.42734
2282       0.997587
2282        2.64293
2282        1.28421
2282        3.10074
2282        3.43866
2282       0.934109
2282        5.99683
2282        0.92039
2282        5.32738
2282        1.54056
2282        1.65292
2282        5.96363
2282        4.52984
2282        4.60652
2282         2.0612
2282        4.31855
2282        1.12807
2282         3.9586
2282         2.7089
2282        4.97618
2282       0.223342
2282        6.00473
2282        2.25969
2282       0.727962
2282       0.199749
2282        5.78771
2282        5.43633
2282        4.65738
2282        6.19821
2282        2.50435
2282         5.4072
2282        2.63777
2282        2.22364
2282        2.83119
2282         5.4038
2282        1.70502
2282        4.96383
2282        4.99727
2282        5.82067
2282       0.970279
2282        2.58874
2282        2.60647
2282        2.57679
2282        1.97307
2282       0.129336
2282        2.25438
2282        4.73186
2282        5.75578
2282        5.43691
2282        4.67881
2282       0.687682
2282       0.463654
2282        3.11605
2282        1.30985
2282       0.638609
2282        4.36759
2282       0.545421
2282        2.24321
2282        3.29421
2282        3.72768
2282        3.20611
2282        1.77543
2282       0.227638
2282        5.59357
2282        5.40426
2282       0.624416
2282        2.97034
2282        4.46422
2282        4.80158
2282        2.26341
2282         4.2098
2282        4.28089
2282        2.07363
2282        3.92838
2282       0.554439
2282        3.82118
2282        1.01047
2282        2.40123
2282        3.00637
2282        1.04262
2282        5.11937
2282        1.01483
2282       0.419467
2282        2.57424
2282       0.277449
2282        2.67523
2282        5.02973
2282         3.5767
2282        3.44327
2282       0.471912
2282        2.39866
2282          3.861
2282        5.33912
2282       0.518066
2282       0.679209
2282         3.2454
2282        4.97264
2282        5.21812
2282        2.06437
2282        5.34887
2282        4.23577
2282        3.96812
2282        5.66156
2282       0.558615
2282        5.79404
2282        2.19859
2282        1.05759
2282       0.574899
2282       0.838995
2282        3.25023
2282        5.52682
2282        3.12188
2282        1.91595
2282        1.35305
2282       0.504243
2282        5.22501
2282        1.20609
2282         5.8964
2282         1.6158
2282        2.61586
2282        3.87463
2282        5.20595
2282        1.14703
2282        4.15442
2282        5.61669
2282        4.34498
2282        3.35912
2282        5.01764
2282        2.00944
2282        2.39944
2282      0.0480818
2282        1.73863
2282        4.15002
2282        1.89034
2282       0.451391
2282        1.01749
2282        2.07954
2282        3.60013
2282     0.00498521
2282        6.13175
2282        2.14705
2282        4.26577
2282        6.05593
2282        5.68354
2282       0.608151
2282        5.62298
2282         1.5886
2282       0.436345
2282         5.3241
2282        1.95416
2282        1.93577
2282        1.06944
2282        5.36818
2282       0.516498
2282        5.13218
2282        3.59289
2282        2.39681
2282        3.60194
2282        4.45896
2282        1.17753
2282        5.08128
2282        1.59275
2282        1.93739
2282        2.86191
2282         3.0049
2282        6.15651
2282        4.27444
2282        3.91211
2282       0.668905
2282       0.634481
2282         2.0611
2282        4.93496
2282        3.12624
2282        6.06648
2282        3.06598
2282        2.24608
2282         5.5576
2282        5.02577
2282        2.67347
2282       0.944563
2282        1.02146
2282        5.57973
2282        1.46945
2282        1.02179
2282        6.25294
2282        4.72725
2282        1.08395
2282        2.36533
2282        5.13046
2282        1.09616
2282        2.22142
2282        1.56983
2282        2.56561
2282        6.15545
2282        1.89909
2282       0.691643
2282        2.07448
2282      0.0855652
2282        1.38299
2282         2.3255
2282        6.01343
2282        3.34015
2282          2.347
2282        4.13202
2282         4.9476
2282        6.24985
2282      0.0468979
2282        1.54198
2282         1.9262
2282        4.42459
2282        2.71061
2282        5.20391
2282        4.56895
2282        1.79964
2282        5.73445
2282        5.15107
2282        5.00293
2282        1.65596
2282         5.1319
2282         1.0806
2282        2.22348
2282         4.7106
2282         5.4258
2282        3.29341
2282        5.03763
2282        4.14745
2282        5.37832
2282       0.960131
2282         2.4079
2282       0.270045
2282        2.95862
2282        4.50381
2282        4.68013
2282       0.375665
2282        3.75307
2282        2.83602
2282        5.69255
2282        5.29446
2282        5.75781
2282        4.57097
2282        4.67764
2282        5.59957
2282         1.4998
2282        3.63051
2282        2.21058
2282       0.547506
2282        3.13543
2282        5.18717
2282        5.49735
2282         6.0737
2282        6.20701
2282        5.39981
2282        5.97564
2282        2.11111
2282        5.38676
2282        6.02237
2282        1.34735
2282        3.85742
2282        3.07132
2282        3.29289
2282        2.32254
2282        1.20947
2282        5.51434
2282        2.10709
2282        1.23134
2282       0.197069
2282        5.15355
2282        2.59966
2282        4.41214
2282        5.97647
2282        5.19991
2282        3.99098
2282        5.68967
2282        5.41531
2282        2.42454
2282        2.46068
2282        1.17635
2282        5.93101
2282       0.427403
2282        2.47787
2282         1.1735
2282        5.02154
2282       0.635129
2282         2.0573
2282        5.56402
2282        5.78387
2282        5.71306
2282        1.87808
2282        1.28344
2282        2.11336
2282       0.592787
2282        1.86213
2282        4.39649
2282        0.55531
2282        2.95693
2282        1.29875
2282        1.66934
2282        2.79167
2282       0.106968
2282        2.16993
2282         5.8454
2282        2.14392
2282       0.481241
2282       0.554577
2282       0.618714
2282        4.01617
2282        4.74956
2282        3.76866
2282        2.00713
2282        6.12718
2282       0.814728
2282        5.60631
2282        4.86827
2282        0.22057
2282         5.2593
2282        5.49573
2282        2.30528
2282        2.13098
2282      0.0910408
2282        4.55075
2282         5.0612
2282       0.394514
2282        1.24334
2282        6.03991
2282        4.38055
2282       0.442766
2282        4.47682
2282        2.89758
2282        4.74793
2282         4.0808
2282        1.39303
2282        5.91857
2282        4.46762
2282        2.32368
2282         4.8496
2282        5.07936
2282        4.60921
2282        4.95762
2282        2.57277
2282        5.67034
2282       0.811955
2282       0.951952
2282        1.77148
2282       0.899254
2282        3.04147
2282      0.0661091
2282       0.461162
2282        4.75996
2282        2.40254
2282         3.8843
2282       0.964286
2282       0.243215
2282       0.586082
2282        4.84097
2282        2.44124
2282        3.68549
2282        2.58402
2282        1.15037
2282        6.02642
2282        6.01514
2282        2.87458
2282        1.51059
2282        1.30635
2282        3.53672
2282       0.643826
2282        4.73623
2282        1.63696
2282        5.74622
2282        2.21359
2282        6.22649
2282        2.15371
2282        5.88443
2282        4.36706
2282        2.45883
2282        2.68432
2282        5.72782
2282        1.86086
2282          5.923
2282        3.50487
2282        2.91962
2282        3.12191
2282        5.71558
2282        6.10462
2282        4.56836
2282       0.843586
2282        4.29985
2282        2.59985
2282        5.52266
2282         3.5987
2282        3.49764
2282        2.83045
2282       0.830154
2282         5.3942
2282        3.30971
2282        1.66962
2282        3.86714
2282        2.27385
2282        3.83801
2282       0.674143
2282        4.81738
2282        3.29842
2282        1.93767
2282      0.0460342
2282       0.729434
2282        4.51998
2282       0.270958
2282        1.54777
2282        4.52133
2282        1.58973
2282       0.920865
2282       0.716207
2282       0.528599
2282        1.55351
2282       0.672375
2282        4.90284
2282        1.38832
2282        4.91996
2282        1.83154
2282        3.35798
2282        6.28063
2282        1.39529
2282        4.14385
2282        1.27592
2282        4.74591
2282       0.812507
2282        2.27598
2282       0.976516
2282        6.27399
2282       0.294129
2282        1.44788
2282        1.32581
2282        1.88123
2282        1.72347
2282        3.95815
2282          2.574
2282        4.26533
2282        4.47198
2282        5.27003
2282        5.79045
2282        2.91878
2282        6.19074
2282        2.61529
2282        1.85611
2282         4.0252
2282        2.27226
2282       0.795688
2282        5.50336
2282         5.6511
2282         3.3288
2282        5.56639
2282        6.23307
2282        5.93254
2282       0.267503
2282        5.09368
2282        4.52197
2282        4.18137
2282       0.145597
2282       0.756669
2282        4.90706
2282        5.27057
2282        2.50507
2282        1.46671
2282       0.905185
2282        4.38327
2282       0.963974
2282        4.99427
2282        5.63796
2282        1.95373
2282        4.88979
2282        5.59757
2282         4.7018
2282       0.727389
2282        4.99401
2282        2.87036
2282        2.75298
2282        5.07574
2282         0.4788
2282        2.59053
2282       0.568149
2282        5.23463
2282       0.635981
2282         1.6336
2282        4.67845
2282        1.05785
2282        2.29674
2282        4.89007
2282        3.49929
2282        1.03138
2282        5.71065
2282        2.19917
2282         4.5545
2282        5.52692
2282        2.04187
2282       0.762893
2282        2.21982
2282        5.73833
2282       0.842579
2282        1.31918
2282        5.50942
2282        4.65858
2282        5.16729
2282        3.11664
2282        3.52573
2282       0.551973
2282       0.404273
2282        3.77601
2282        2.36542
2282        4.80306
2282        5.92303
2282        3.26026
2282         2.7883
2282         4.5742
2282       0.364321
2282        3.30043
2282        3.85441
2282         1.7798
2282        4.69507
2282        1.50099
2282      0.0740231
2282      0.0432792
2282        4.35867
2282        5.15063
2282        2.26127
2282        2.12647
2282         1.9294
2282         3.1207
2282        3.01982
2282        4.59505
2282        6.08441
2282        5.29506
2282        5.01123
2282        4.81002
2282        2.37807
2282         4.6117
2282        3.03689
2282        3.55151
2282        1.06991
2282        1.75818
2282        3.72404
2282       0.186487
2282        5.27428
2282         1.5699
2282        5.62259
2282         5.3351
2282       0.687682
2282        4.41714
2282        3.12819
2282        4.61245
2282        4.66048
2282        5.02443
2282        5.08183
2282        5.66584
2282      0.0937585
2282        5.22697
2282        1.19096
2282        1.22466
2282        3.98373
2282         3.5055
2282        1.06923
2282        5.99104
2282         5.0306
2282        2.52289
2282        1.37579
2282        5.58999
2282       0.478199
2282        2.12135
2282        5.76708
2282        3.86247
2282        4.84695
2282       0.332338
2282       0.564606
2282       0.181457
2282       0.159154
2282        5.26637
2282         1.3668
2282        3.00895
2282        4.76031
2282        3.29912
2282         1.1823
2282        3.75727
2282       0.611285
2282       0.757055
2282       0.346116
2282        5.37442
2282        6.10941
2282       0.665804
2282        3.75379
2282        1.80504
2282        5.26213
2282        3.10664
2282        3.06971
2282        5.59757
2282        4.66059
2282        1.16803
2282         5.5569
2282        1.04941
2282        1.82296
2282        1.74972
2282        2.73469
2282        1.80412
2282        1.00623
2282        4.55534
2282       0.188104
2282        4.01022
2282        2.15386
2282        1.72131
2282       0.111351
2282        1.20921
2282       0.124272
2282        5.12057
2282        5.05473
2282        1.26881
2282        4.71026
2282        2.68922
2282        4.99388
2282        5.70918
2282        1.77825
2282        3.07972
2282        2.07579
2282        2.44705
2282       0.955484
2282        1.63069
2282        3.46978
2282        3.33616
2282        2.41836
2282       0.843864
2282        2.75502
2282        3.52932
2282       0.959021
2282        1.09928
2282        3.59131
2282       0.718829
2282        1.02411
2282        4.88082
2282         2.2744
2282        5.55593
2282        5.46762
2282       0.748765
2282        1.54275
2282        6.28108
2282        2.25293
2282       0.290648
2282        4.87943
2282        4.03898
2282        5.20145
2282        4.14798
2282        4.76428
2282        4.84061
2282        3.30748
2282        5.27304
2282        1.74118
2282        5.06315
2282        4.42748
2282        1.64823
2282        6.00676
2282        2.57024
2282       0.481385
2282        2.69376
2282        0.77048
2282        5.95468
2282        1.66525
2282       0.396153
2282        5.23303
2282        5.79069
2282        4.35361
2282        5.42357
2282        2.51584
2282        1.34485
2282        4.28131
2282        1.93954
2282        2.84138
2282        2.10653
2282        4.70099
2282        1.92697
2282        3.09565
2282        5.98315
2282        4.70795
2282       0.370464
2282         4.4307
2282         3.0701
2282        5.38096
2282       0.167909
2282        5.78586
2282        2.10108
2282        3.81147
2282        5.89752
2282        1.85724
2282        2.85293
2282        2.50244
2282        3.76444
2282       0.354163
2282          5.627
2282       0.289834
2282        1.03615
2282        1.53125
2282        1.84879
2282        5.58769
2282        4.68478
2282        5.89742
2282        4.50259
2282        2.07531
2282        3.32932
2282        2.24547
2282        6.06168
2282        5.97291
2282        3.67774
2282         4.9089
2282        3.77637
2282        4.52273
2282        2.06155
2282        4.23104
2282    0.000579559
2282        4.82114
2282        6.08931
2282       0.801568
2282       0.568268
2282        2.75397
2282        5.07684
2282        1.31112
2282         1.7171
2282        2.69226
2282       0.422541
2282        1.38978
2282        2.73508
2282        1.60408
2282        5.26046
2282        1.23634
2282       0.747565
2282       0.354677
2282        1.42234
2282        5.60384
2282        1.81405
2282        3.19029
2282        3.13915
2282        2.47678
2282        5.53957
2282        1.86886
2282         5.5249
2282        4.27593
2282       0.348332
2282        4.85918
2282        5.31965
2282        4.18803
2282        3.63474
2282        5.57672
2282        4.79922
2282        3.35007
2282        2.28112
2282       0.387519
2282        1.64672
2282        2.86815
2282        3.16427
2282        3.39524
2282        2.83044
2282        1.62934
2282        2.81504
2282        2.14498
2282        3.03693
2282        1.46895
2282        4.63157
2282        4.75993
2282        2.61746
2282       0.290696
2282        2.98793
2282          3.704
2282        3.38481
2282        6.23779
2282        4.95001
2282        4.64389
2282        4.55253
2282        5.31087
2282        1.84061
2282        3.88749
2282        5.43229
2282        0.25072
2282        4.54909
2282         5.1246
2282        4.92511
2282        3.88439
2282        5.00511
2282        3.89276
2282        2.21671
2282        4.20074
2282        2.95928
2282        1.55621
2282        4.25741
2282       0.916307
2282        1.27999
2282        1.14378
2282        2.39564
2282        1.96728
2282         1.3273
2282        1.38913
2282     0.00275623
2282        1.46525
2282       0.164707
2282         2.9764
2282         4.4732
2282          3.241
2282        6.18589
2282        1.46521
2282        4.50779
2282       0.617562
2282        5.95707
2282        4.83786
2282        1.55637
2282        1.27579
2282        1.92644
2282        1.89702
2282        4.93113
2282        4.62339
2282       0.085389
2282       0.923807
2282       0.147605
2282        5.62236
2282       0.511392
2282        5.46422
2282        2.54447
2282        4.89568
2282        4.35972
2282       0.198526
2282        4.76178
2282        5.33327
2282        6.01258
2282        4.73551
2282        4.51135
2282        2.16289
2282        3.21963
2282        1.71619
2282        1.48574
2282        4.01938
2282        5.10341
2282        4.76789
2282        5.93528
2282        3.42194
2282        1.15793
2282        3.40824
2282        2.83459
2282        6.06362
2282        3.21409
2282        4.66177
2282        6.19033
2282        6.19737
2282        2.25893
2282        4.66227
2282       0.899477
2282        2.37821
2282      0.0084381
2282        3.49737
2282        5.18673
2282        4.82243
2282        3.76882
2282        4.18943
2282        4.68034
2282        1.09761
2282        2.67597
2282        4.38977
2282        5.84746
2282        2.82001
2282         4.6052
2282         4.8647
2282        4.21913
2282        3.38719
2282        1.17104
2282        4.20145
2282       0.196596
2282        4.19022
2282        1.10084
2282        5.67167
2282        3.99363
2282       0.324625
2282        5.95616
2282       0.528422
2282         5.5643
2282        3.45379
2282        4.37899
2282        2.94915
2282        3.04272
2282         4.4979
2282        5.11935
2282        5.16794
2282        5.19698
2282        4.89821
2282        3.05818
2282        4.56159
2282        1.22668
2282        4.31859
2282        2.05043
2282        4.45232
2282        3.17291
2282        5.42319
2282        2.85355
2282        4.30389
2282        2.37416
2282        5.99682
2282        5.57937
2282        5.49551
2282        5.85286
2282        4.45069
2282        4.87746
2282        3.79821
2282        2.50706
2282        2.36127
2282        1.40313
2282        2.10366
2282        5.54502
2282        5.56098
2282        3.57391
2282        1.65583
2282        2.69324
2282        4.33191
2282        4.36504
2282        4.14557
2282        3.18124
2282        4.39539
2282        3.25655
2282        0.26898
2282        5.35379
2282        5.40846
2282         1.2229
2282        4.68166
2282         4.4395
2282        5.08731
2282        1.24863
2282        2.49434
2282        5.99785
2282        4.33055
2282        3.26862
2282        1.14651
2282        5.78271
2282        6.21022
2282       0.536258
2282     0.00733239
2282        3.91547
2282        4.81933
2282        2.45372
2282       0.570394
2282        3.65223
2282       0.287166
2282       0.873339
2282       0.068189
2282       0.853745
2282       0.772953
2282        4.50349
2282        4.51674
2282        3.29258
2282        6.23893
2282        2.71997
2282        1.97541
2282        5.56073
2282       0.196326
2282        2.71052
2282        1.80279
2282        1.85807
2282        5.92044
2282        3.79187
2282        4.61195
2282        1.34353
2282        2.54638
2282       0.219995
2282        5.65636
2282        1.60322
2282        1.77986
2282       0.479302
2282        5.67158
2282        6.01282
2282        5.20833
2282        2.07905
2282        4.63793
2282        5.34852
2282        3.12304
2282        5.16828
2282        4.94458
2282        3.90475
2282        3.79857
2282        2.55588
2282         1.4904
2282        5.76517
2282        1.57082
2282        1.97857
2282       0.132155
2282       0.744154
2282        1.42847
2282        4.12875
2282        5.30871
2282         2.4235
2282        2.16054
2282        1.50739
2282        2.03598
2282        4.77588
2282         2.6548
2282        5.60749
2282        1.87454
2282        4.57075
2282        4.92003
2282        3.39804
2282        5.02606
2282        4.20091
2282        4.78222
2282        5.67989
2282        3.44204
2282       0.180806
2282        2.12224
2282         4.3952
2282        4.79582
2282        4.98065
2282       0.133433
2282         6.0413
2282        5.22204
2282        2.30376
2282        2.49931
2282        3.75569
2282        5.41498
2282       0.803641
2282        3.77853
2282       0.266333
2282        4.34049
2282        4.36893
2282        2.53399
2282        3.90297
2282        4.96031
2282         0.4051
2282         5.9386
2282        1.65127
2282        2.92713
2282        5.90958
2282        6.15747
2282        6.20301
2282       0.326108
2282        2.28836
2282        4.40462
2282        1.50727
2282        2.58669
2282        4.08819
2282        1.31217
2282        4.39643
2282        4.45662
2282         2.9115
2282        3.74132
2282       0.547782
2282        1.49003
2282        4.40614
2282        4.76936
2282         3.5336
2282       0.425647
2282          4.586
2282       0.957713
2282      0.0478555
2282        1.04302
2282        2.89075
2282        3.29277
2282        2.96102
2282         4.0985
2282        4.33047
2282        2.20098
2282        3.20746
2282        4.23832
2282        4.45279
2282        6.00313
2282       0.594453
2282        5.85694
2282        5.08902
2282        5.54229
2282       0.564246
2282        0.26546
2282        4.53773
2282          6.031
2282       0.462744
2282        5.71424
2282        2.69886
2282        2.22194
2282        4.99714
2282         1.5701
2282        2.65654
2282      0.0254978
2282        5.77507
2282        2.13174
2282          1.159
2282        5.34972
2282        6.21878
2282        2.32137
2282       0.208643
2282        5.01955
2282        3.11474
2282        2.04504
2282      0.0105379
2282        1.20802
2282        3.48265
2282        1.85017
2282        4.76995
2282       0.483006
2282        2.84449
2282         5.3136
2282        1.42127
2282        4.29928
2282        2.91424
2282       0.767629
2282        2.84913
2282         4.2122
2282       0.834259
2282        4.00968
2282        2.94536
2282        2.45012
2282        5.89979
2282        5.88621
2282        5.64589
2282        4.63155
2282        3.64097
2282        2.68176
2282       0.158998
2282        5.01005
2282        4.87996
2282        4.77351
2282        5.23884
2282         2.9363
2282        3.53621
2282         3.0018
2282        2.70836
2282        1.30132
2282        4.95721
2282          2.376
2282       0.580735
2282        2.72546
2282        5.06649
2282       0.849061
2282         5.6796
2282         2.3899
2282         4.0644
2282       0.209358
2282        3.84871
2282        2.98005
2282       0.867814
2282        5.22046
2282        5.04141
2282        3.69634
2282        2.00356
2282        1.54977
2282         1.6858
2282       0.067213
2282        4.78411
2282        3.53405
2282      0.0197327
2282        3.85525
2282        2.43346
2282       0.903318
2282        6.07627
2282        1.94241
2282        3.43874
2282        6.26428
2282        1.22364
2282       0.670625
2282        3.31317
2282        5.97147
2282        4.68605
2282        4.99838
2282        3.99641
2282        5.62395
2282        5.17326
2282        4.17361
2282        1.14688
2282        4.81067
2282          4.201
2282        5.89765
2282        4.65823
2282        5.31692
2282        3.36998
2282        2.12269
2282         1.1218
2282        4.13695
2282       0.185124
2282        6.03129
2282        5.38003
2282        1.80324
2282        2.68008
2282       0.371277
2282        3.93388
2282        2.80248
2282        3.67061
2282        4.37421
2282         2.8257
2282         1.5604
2282        3.54813
2282        4.97561
2282        1.17013
2282       0.546772
2282        4.47978
2282        2.20286
2282        6.08879
2282        4.36096
2282         5.4318
2282        4.30343
2282        2.36901
2282        5.29528
2282        4.98114
2282       0.442159
2282        2.92797
2282         2.1875
2282         4.0586
2282          1.008
2282        5.82955
2282       0.404879
2282       0.189463
2282       0.271657
2282        5.71905
2282         2.9794
2282         4.7661
2282        0.78299
2282        5.58355
2282        0.31811
2282        5.72981
2282       0.218387
2282       0.626046
2282      0.0123634
2282        4.21585
2282        0.72549
2282        4.15979
2282       0.170466
2282        4.66762
2282        2.74999
2282        5.16092
2282        2.31157
2282        5.26317
2282        2.00221
2282        5.94622
2282         5.1995
2282        4.08265
2282       0.288701
2282        3.56771
2282        4.38261
2282       0.424106
2282        5.53497
2282        3.20584
2282        0.67788
2282        4.28431
2282        3.42448
2282        1.97961
2282        6.04344
2282        3.83533
2282        4.05684
2282        4.63685
2282        2.98177
2282        5.97002
2282        1.73826
2282        5.27084
2282        5.45099
2282       0.879427
2282        1.55148
2282        4.93597
2282        1.51407
2282        5.00401
2282        1.89787
2282        4.02779
2282        4.02358
2282        3.97392
2282        5.90168
2282        1.40796
2282       0.836319
2282        5.11417
2282         1.8458
2282        5.79933
2282        0.89486
2282        2.90841
2282         2.1615
2282        6.15709
2282        5.61648
2282         2.2753
2282        4.07729
2282        4.54388
2282        4.33301
2282        2.80869
2282        1.00373
2282        1.65406
2282        3.29018
2282        1.92142
2282        3.73557
2282        5.99497
2282        3.02336
2282        1.60681
2282        6.06112
2282        1.42854
2282        2.59828
2282        1.70193
2282        1.30429
2282        1.70983
2282        4.13084
2282        2.81995
2282         6.1403
2282        6.24682
2282        5.50549
2282        6.09977
2282        4.48195
2282        1.03268
2282      0.0738376
2282        3.44078
2282        1.43261
2282        4.82958
2282       0.168614
2282        5.24423
2282        1.48055
2282        4.06472
2282        5.67639
2282        4.10628
2282       0.366371
2282        4.72311
2282        4.17557
2282        1.58984
2282       0.608139
2282        5.39943
2282       0.211035
2282        2.61625
2282        4.87755
2282        5.32879
2282       0.851745
2282        1.10021
2282        4.58703
2282        4.62843
2282        1.42968
2282        2.48014
2282       0.734689
2282        5.65813
2282        3.87863
2282        4.16289
2282        5.97912
2282       0.237504
2282        5.16287
2282        4.73241
2282        2.11071
2282        1.77896
2282        2.11794
2282        5.45832
2282        1.60231
2282        4.94469
2282        5.84675
2282        3.50808
2282        3.69188
2282       0.213463
2282        1.46283
2282        5.33785
2282        6.16655
2282        4.47648
2282        5.04108
2282        1.91026
2282        4.77492
2282        3.98484
2282        3.63563
2282        1.50331
2282        2.03813
2282         4.6079
2282        4.78383
2282        5.98425
2282        5.02452
2282        2.01995
2282        5.78719
2282        2.31712
2282        5.89283
2282        3.96678
2282        2.66547
2282        1.38372
2282        4.71109
2282        4.56517
2282        1.97504
2282        4.32456
2282        5.32238
2282       0.822789
2282        5.02218
2282        3.10329
2282        4.86799
2282        1.28898
2282       0.373208
2282        1.44171
2282      0.0300112
2282        5.78811
2282        2.33006
2282      0.0532121
2282        4.66375
2282        6.11409
2282        4.65072
2282        4.67787
2282        2.28441
2282        1.00362
2282        1.97678
2282        2.81412
2282        3.89219
2282        1.37294
2282        4.33585
2282        4.49128
2282        4.15616
2282        2.15449
2282        4.16611
2282        5.59757
2282        2.25576
2282         2.7865
2282        1.65429
2282        2.58281
2282        5.60942
2282        5.32329
2282        5.18115
2282        4.10465
2282        4.95458
2282        2.45592
2282         1.4352
2282      0.0728474
2282       0.419529
2282        5.10317
2282        5.72965
2282         4.9349
2282        0.56984
2282         4.4534
2282        2.81754
2282        3.38077
2282        5.41673
2282        5.92032
2282        5.05216
2282        2.56916
2282        4.59983
2282        3.32348
2282        0.91489
2282        5.58629
2282       0.820399
2282        1.76121
2282        2.83365
2282        4.64482
2282        1.05542
2282       0.689632
2282        3.22989
2282        5.69181
2282         1.1845
2282        5.46615
2282        2.64058
2282        4.34408
2282        2.30002
2282        1.93056
2282        4.67891
2282        5.39448
2282        5.84923
2282        1.33635
2282       0.115212
2282        2.44269
2282        4.42609
2282        3.83516
2282         1.2583
2282        3.10074
2282        1.17254
2282        4.81286
2282        4.29937
2282         2.8855
2282        2.11616
2282        1.13661
2282        1.50801
2282       0.892671
2282       0.808675
2282        5.62624
2282        5.71973
2282         2.1791
2282       0.875113
2282        3.37593
2282        4.47575
2282        4.75142
2282        4.74592
2282         3.9728
2282        1.10561
2282        3.77638
2282        2.96046
2282        2.69596
2282       0.905671
2282     0.00673361
2282        6.11959
2282        2.64383
2282        1.31909
2282        5.44651
2282         4.6418
2282        1.32331
2282        5.68781
2282        1.22339
2282       0.448248
2282        3.29596
2282        2.50926
2282        5.55671
2282         2.2922
2282        5.13448
2282       0.435482
2282       0.639552
2282        2.06503
2282        5.52395
2282        1.74012
2282        1.52699
2282        1.37627
2282        6.26754
2282        2.69465
2282        2.32686
2282        3.97434
2282        1.85142
2282        4.38045
2282         5.1389
2282       0.229767
2282        3.38812
2282         1.4316
2282        6.11356
2282        1.29813
2282        4.67255
2282        5.77849
2282        4.04011
2282        5.09501
2282        5.38898
2282        3.98588
2282        5.38906
2282        2.31466
2282        3.90005
2282        4.11398
2282         6.1283
2282        4.84919
2282        2.64351
2282          1.613
2282         4.1547
2282        3.52394
2282        5.97574
2282        3.76954
2282        3.37267
2282        6.01777
2282        1.08832
2282        4.61929
2282       0.945716
2282        1.70406
2282        4.92303
2282        6.21432
2282        2.86674
2282        5.12979
2282        1.35589
2282        3.69452
2282        2.68424
2282         1.7274
2282        2.36387
2282        1.15067
2282        5.64815
2282        3.73745
2282         1.3508
2282        3.34766
2282       0.823079
2282        0.60361
2282       0.150967
2282        2.53065
2282        2.58246
2282        3.76805
2282        2.35436
2282        3.51932
2282        2.61082
2282         1.2496
2282        1.85563
2282        6.14872
2282         1.8729
2282        1.44299
2282        2.47393
2282         2.8442
2282        4.99009
2282        1.98704
2282        5.79107
2282        6.01717
2282       0.848554
2282        5.81277
2282        4.57352
2282       0.285432
2282        0.52855
2282       0.200219
2282       0.882265
2282        2.65101
2282        3.69232
2282        5.46564
2282        5.69874
2282      0.0351851
2282        4.41599
2282       0.958998
2282         1.1859
2282        1.21483
2282         2.4857
2282        2.23675
2282        4.09196
2282         2.3524
2282        1.28515
2282        4.16157
2282        5.46771
2282        4.65305
2282        5.67071
2282        4.80242
2282        4.14588
2282        1.51888
2282        6.26806
2282         4.9491
2282        5.16927
2282        1.89071
2282        3.50301
2282        1.06971
2282        2.45495
2282        3.06911
2282        3.38398
2282        1.41451
2282        6.14299
2282        1.21336
2282        4.94808
2282        4.73051
2282        4.64467
2282        4.16088
2282        5.42526
2282        1.51033
2282        5.90489
2282        6.27886
2282        5.63001
2282        1.85404
2282        4.23078
2282        5.84761
2282        4.95536
2282        4.41365
2282        2.61505
2282        5.39107
2282        6.05073
2282        4.80085
2282        3.67962
2282        5.82572
2282        4.94716
2282        3.95653
2282        5.50118
2282        2.24972
2282        2.98722
2282        5.86653
2282        1.87016
2282        6.07669
2282       0.265619
2282        5.91181
2282        2.61963
2282        1.05709
2282        5.85696
2282        2.71263
2282        1.64042
2282        5.34266
2282       0.868792
2282        3.95269
2282        4.25003
2282        1.14755
2282       0.802024
2282       0.859468
2282       0.349525
2282       0.206152
2282        5.56736
2282        5.78506
2282        3.04025
2282        5.60929
2282        4.08805
2282        5.71062
2282        5.15715
2282        5.32705
2282        4.41168
2282       0.682912
2282         2.4893
2282        5.81713
2282       0.746166
2282        5.08146
2282        5.05147
2282        2.03996
2282         6.0803
2282        5.83906
2282         1.8663
2282        2.80397
2282        5.20449
2282        3.03823
2282        1.04396
2282        2.97388
2282         2.7138
2282         6.1411
2282        3.91774
2282        4.97074
2282         5.6624
2282       0.650779
2282        2.49192
2282        1.94219
2282        6.19279
2282        5.54014
2282        4.92626
2282        2.36345
2282       0.580823
2282        4.18278
2282        1.97399
2282        4.64128
2282        6.18671
2282        5.16015
2282        2.07956
2282        5.01958
2282        6.20058
2282        4.01886
2282        4.25903
2282        5.03864
2282       0.958074
2282       0.793077
2282        1.40386
2282        6.21927
2282        5.72733
2282        4.27546
2282        2.61831
2282        2.25447
2282       0.232364
2282         6.2423
2282        2.46459
2282        1.52584
2282        4.17072
2282       0.536651
2282        4.51541
2282          2.099
2282        6.21588
2282        1.69821
2282       0.202592
2282        3.71431
2282        2.28706
2282        4.17219
2282        2.96524
2282       0.191914
2282        5.70584
2282        1.56321
2282        3.50289
2282       0.882005
2282        5.81944
2282        4.98171
2282        5.40973
2282        1.22083
2282       0.084849
2282        5.32338
2282       0.775854
2282       0.225121
2282       0.668344
2282        2.95238
2282       0.817557
2282        2.48963
2282        1.83338
2282        4.72115
2282       0.964532
2282        1.63817
2282        5.53083
2282        3.90407
2282        3.98988
2282        3.48474
2282        5.54997
2282        5.96599
2282        4.79449
2282        4.14144
2282        4.40455
2282        2.17658
2282        5.38185
2282         4.1366
2282        4.86892
2282        4.86545
2282       0.736358
2282         1.7811
2282        2.78455
2282        4.89001
2282         4.3445
2282       0.970547
2282        1.32253
2282        4.84549
2282        3.97594
2282       0.908073
2282       0.835561
2282        1.20374
2282       0.334295
2282        1.25654
2282        5.61888
2282        2.31004
2282        1.70818
2282         6.2741
2282       0.543946
2282        4.11204
2282        5.65511
2282        5.30069
2282       0.893132
2282        5.92405
2282        2.78783
2282        4.61791
2282        1.21105
2282        5.40618
2282        5.84338
2282        2.31883
2282        4.88749
2282        4.72516
2282        3.95958
2282        1.09682
2282        1.00736
2282        5.60808
2282        1.43148
2282       0.896828
2282        4.70923
2282       0.657359
2282        5.10044
2282        1.13677
2282        4.30389
2282       0.108251
2282        4.01049
2282        5.31203
2282       0.020404
2282        6.05311
2282         1.7719
2282       0.832456
2282        2.33057
2282        5.59277
2282       0.422557
2282        2.48531
2282         4.2534
2282        5.04619
2282        3.99361
2282        4.09201
2282        5.04792
2282        2.83776
2282         1.3027
2282         4.7568
2282      0.0932254
2282        1.56848
2282       0.374807
2282        5.77889
2282       0.655153
2282        4.35769
2282        4.27441
2282        2.63183
2282        1.80661
2282         5.1763
2282        3.88949
2282        5.49563
2282        5.85101
2282        5.01351
2282        1.70263
2282        3.15644
2282        4.85815
2282        6.00779
2282       0.330496
2282        2.79711
2282        3.78792
2282        3.35625
2282        5.42915
2282       0.746613
2282        0.60991
2282        3.35008
2282         2.1831
2282        4.45222
2282        5.89334
2282        1.99144
2282        5.43685
2282       0.111217
2282        1.05457
2282         1.8841
2282        1.99622
2282        5.49786
2282        4.91677
2282        4.68622
2282        1.27562
2282        1.54341
2282        2.33494
2282        4.80759
2282        1.28262
2282        1.29234
2282        1.00085
2282        5.05848
2282        5.73901
2282        1.35616
2282       0.549614
2282        4.12533
2282        1.81302
2282       0.290656
2282        1.89074
2282        5.89557
2282       0.942516
2282        5.88422
2282        3.61659
2282        5.86186
2282       0.165966
2282        5.51556
2282        5.16839
2282        2.04928
2282        1.82014
2282        1.97059
2282       0.784036
2282        4.29402
2282        6.24143
2282        2.22119
2282       0.773857
2282        1.05214
2282         5.4246
2282        3.58715
2282        3.20227
2282       0.946392
2282        2.03253
2282        3.44741
2282        2.59561
2282        5.59835
2282        1.94019
2282        6.27517
2282         1.6026
2282        2.04556
2282        1.60371
2282        6.12119
2282        6.17444
2282        4.82029
2282        2.03573
2282        1.63705
2282        5.97654
2282        3.19865
2282        1.39455
2282        1.71526
2282       0.722848
2282        1.24681
2282        1.68786
2282        4.32733
2282        2.03154
2282        5.61143
2282        3.89263
2282        5.21934
2282       0.875568
2282        3.41397
2282          0.979
2282        3.48351
2282        3.19507
2282       0.714111
2282       0.658779
2282        5.76502
2282        1.75704
2282        2.41052
2282        4.78499
2282        4.19409
2282        4.61166
2282        4.55063
2282        5.29289
2282        1.51859
2282        4.41286
2282        2.65469
2282         0.7018
2282        1.87854
2282        4.91967
2282        5.86852
2282         6.2735
2282        5.37667
2282       0.320566
2282        6.02748
2282         1.7538
2282        4.04377
2282        4.06536
2282        5.96709
2282          5.968
2282        1.43549
2282        1.58917
2282       0.129949
2282        3.69569
2282        5.74315
2282        1.07493
2282        4.56822
2282        4.61995
2282        6.13677
2282        1.45029
2282       0.256934
2282        5.72309
2282        5.90007
2282        4.93291
2282        5.23288
2282        3.21162
2282        1.24064
2282       0.921226
2282        4.57456
2282        1.95085
2282        1.42564
2282        2.60557
2282        6.13814
2282       0.416613
