2471        3.69567
2471        3.49576
2471        5.44862
2471        2.67016
2471        1.69021
2471       0.396688
2471        3.42651
2471        2.30076
2471         5.3909
2471        4.85439
2471        0.70637
2471      0.0729718
2471        4.99436
2471        3.63543
2471        5.14066
2471        2.05917
2471        3.10887
2471        3.05382
2471        5.19553
2471       0.118887
2471        3.19033
2471        2.77365
2471        1.47188
2471        3.03848
2471         4.9626
2471        2.07653
2471        5.55216
2471        5.14913
2471        3.92449
2471        5.24301
2471        4.30654
2471       0.213172
2471        2.29847
2471        4.64184
2471       0.837456
2471         5.5203
2471        4.53273
2471         2.8927
2471        2.06004
2471        3.21027
2471       0.777045
2471        3.92185
2471        2.77479
2471        5.80428
2471       0.115541
2471        1.52477
2471        3.95988
2471         5.9946
2471        5.16885
2471        4.89627
2471        5.27653
2471        5.98783
2471        3.64463
2471         1.9426
2471        3.85057
2471        1.53624
2471        2.69049
2471        2.49903
2471       0.739134
2471        6.00613
2471        4.84387
2471       0.319736
2471        6.00596
2471        5.64353
2471        3.17498
2471         3.3487
2471        3.18936
2471        1.73157
2471        3.46379
2471        1.57488
2471        1.58755
2471       0.150874
2471        5.00819
2471        4.32468
2471        3.31369
2471        5.50591
2471         1.3969
2471        4.65159
2471        4.51951
2471         1.7538
2471        2.46092
2471        2.90445
2471        4.63516
2471        4.16334
2471        4.71913
2471        5.70704
2471        2.86666
2471        5.36219
2471          4.395
2471        5.13502
2471        6.16788
2471        3.87042
2471        2.18486
2471        1.68448
2471       0.289826
2471       0.351209
2471        2.13709
2471        3.31445
2471        4.56648
2471        6.14626
2471        1.58793
2471        5.96305
2471        5.63397
2471        5.25873
2471        2.38489
2471        5.56372
2471        1.61104
2471        2.61799
2471         5.0044
2471        5.21186
2471        5.17056
2471        6.14059
2471        1.69263
2471        4.73442
2471        5.74645
2471        4.75277
2471        1.06688
2471        5.18898
2471        2.07137
2471        4.96197
2471        2.62191
2471        5.40548
2471        4.21027
2471         1.5847
2471        4.24051
2471        4.01958
2471        3.07044
2471        3.57503
2471        1.98847
2471        1.13834
2471        4.09718
2471        5.65895
2471        4.59263
2471        5.64588
2471       0.134753
2471        2.39114
2471       0.379076
2471        1.55328
2471        5.24459
2471        2.54482
2471        5.02262
2471        4.75564
2471        2.78792
2471        3.82541
2471        5.35833
2471        6.16652
2471        1.55233
2471         1.7684
2471        3.90248
2471        4.85043
2471       0.358923
2471        4.22561
2471        3.38645
2471        4.45261
2471        5.71547
2471       0.176353
2471       0.769948
2471        1.08795
2471        2.98135
2471        1.73271
2471       0.214158
2471        5.25939
2471        4.78458
2471        5.17103
2471        2.24727
2471       0.892413
2471        4.24288
2471        3.05211
2471        5.40835
2471        6.20379
2471         1.5706
2471        2.47039
2471        4.77494
2471        5.79815
2471        1.78993
2471        5.12014
2471        3.41931
2471        3.88594
2471        4.89408
2471        5.46368
2471        3.49934
2471        2.20973
2471        5.71103
2471        2.39458
2471        3.05415
2471          5.041
2471         1.8685
2471        2.03735
2471         5.0605
2471        5.66662
2471        4.42925
2471        2.07944
2471        4.19611
2471        4.72878
2471        4.40015
2471        4.58462
2471        1.16385
2471        5.43621
2471        2.94703
2471        0.82126
2471         4.9216
2471        1.90304
2471        2.56556
2471         2.4688
2471        4.28715
2471        1.04913
2471        3.01291
2471        1.86469
2471       0.393374
2471        3.80331
2471        2.71647
2471       0.927976
2471        2.90884
2471        4.40215
2471        2.50201
2471        1.08357
2471        6.15539
2471        1.85743
2471        5.64164
2471        1.75561
2471       0.383433
2471        6.14053
2471       0.885609
2471        1.19608
2471        1.78786
2471        2.99082
2471         5.7435
2471        1.72994
2471        1.88399
2471        4.40535
2471        3.25331
2471        5.74114
2471        1.05757
2471        2.59342
2471        4.76141
2471        2.44188
2471        6.01631
2471        2.73015
2471          4.371
2471        4.69804
2471        5.79385
2471       0.501473
2471        0.66684
2471        6.09298
2471        4.03024
2471        4.97241
2471       0.798918
2471        4.05184
2471        3.27187
2471        3.21764
2471       0.708445
2471        4.61583
2471        2.43395
2471        5.52854
2471        5.38329
2471       0.437699
2471       0.673668
2471        4.71019
2471        5.15949
2471         4.8886
2471        5.04235
2471        5.34236
2471        5.78191
2471       0.753272
2471        4.62669
2471        2.52727
2471        6.00426
2471        2.50667
2471       0.329358
2471        2.12061
2471        3.44796
2471        1.49368
2471        4.12098
2471        4.06846
2471        5.08786
2471        4.60428
2471        2.36849
2471       0.776118
2471        2.94799
2471        2.10878
2471        4.41893
2471        3.21101
2471        4.89414
2471        1.04043
2471        5.02007
2471        0.88461
2471        5.30849
2471        5.01551
2471        4.28336
2471        5.62976
2471        2.46379
2471        2.82966
2471        2.92256
2471        4.23752
2471        4.66317
2471         5.2618
2471       0.567131
2471        4.83606
2471        4.90968
2471       0.896293
2471        2.05975
2471        1.98457
2471        3.94508
2471        5.44202
2471        5.51296
2471        2.75347
2471        5.45957
2471        4.35853
2471        5.68409
2471        4.32035
2471      0.0904399
2471        2.48015
2471        2.38095
2471        5.90171
2471        4.95146
2471        4.48246
2471        6.04111
2471        4.81633
2471        4.09626
2471        4.90375
2471       0.745119
2471        3.69134
2471       0.454763
2471        2.39035
2471        1.84752
2471        2.99222
2471        5.40721
2471       0.349011
2471        2.77048
2471        5.51304
2471        0.21019
2471        4.34437
2471         1.4726
2471       0.226669
2471       0.277456
2471        2.65819
2471        1.92917
2471        4.91423
2471        1.48895
2471        3.17752
2471         4.6613
2471        2.11829
2471       0.191487
2471        1.86084
2471        2.64001
2471        1.57649
2471        4.03661
2471        3.51342
2471        1.13493
2471        2.34077
2471        2.06051
2471       0.159743
2471         4.9088
2471        1.89979
2471        1.78397
2471        2.50464
2471         5.9997
2471        3.18462
2471        1.31111
2471         1.0914
2471        1.41722
2471        1.81646
2471        1.74951
2471        5.18833
2471        6.03485
2471        4.11307
2471        0.44192
2471        6.03811
2471        2.58898
2471        5.68254
2471        1.71353
2471        5.63021
2471        1.54079
2471          2.195
2471         6.1352
2471        2.87367
2471        2.64111
2471        1.76671
2471         5.8238
2471        4.18796
2471        5.58982
2471        1.71496
2471        2.66122
2471        4.88618
2471        3.09787
2471        5.93146
2471        4.63079
2471       0.398841
2471        2.97265
2471        0.53377
2471        6.19136
2471        4.55159
2471        6.25838
2471        5.07138
2471        1.27249
2471        3.37429
2471        2.95682
2471       0.280753
2471       0.695076
2471        2.92973
2471        5.56004
2471        1.64212
2471         4.6212
2471         5.9177
2471        2.66212
2471        2.42475
2471         2.3261
2471        2.36744
2471         4.1714
2471        5.02496
2471         0.0514
2471        5.71424
2471        4.64175
2471        3.72834
2471        2.59027
2471        1.92139
2471        1.75023
2471        1.81464
2471        5.60733
2471       0.889467
2471        0.88412
2471        4.51451
2471        5.27341
2471        1.79417
2471        3.11088
2471        3.21792
2471        1.69357
2471         2.0242
2471        4.35005
2471        2.69259
2471        6.26666
2471        2.96834
2471         5.1733
2471        1.74945
2471        3.92139
2471        2.28138
2471      0.0335457
2471        3.79168
2471        0.30211
2471        5.90445
2471        5.09041
2471        1.11403
2471        2.56318
2471        5.92337
2471        3.42648
2471        2.68031
2471        3.56269
2471        1.66299
2471        1.33467
2471        4.84042
2471        3.73249
2471        5.73899
2471        2.43559
2471         2.1202
2471        6.09568
2471        2.23453
2471       0.937362
2471         5.5114
2471          4.932
2471        5.07459
2471        1.68777
2471        4.23938
2471        1.02185
2471        5.55957
2471        3.07918
2471        1.93363
2471        5.10638
2471        3.28197
2471        2.41145
2471        4.34874
2471         6.0775
2471        5.92248
2471        4.72773
2471        3.58073
2471        4.34342
2471        1.01243
2471        5.65771
2471        4.61078
2471        5.97309
2471       0.358682
2471        2.58758
2471        1.69989
2471        6.06252
2471        6.10864
2471        4.05327
2471        4.70268
2471        1.27664
2471        5.43533
2471        2.98559
2471        3.10877
2471        1.94526
2471        0.11075
2471        3.58676
2471        1.21502
2471       0.637555
2471        6.17183
2471       0.749742
2471        5.54093
2471        1.33727
2471        3.03568
2471        2.88971
2471        2.22246
2471        4.96306
2471        2.92851
2471        2.94344
2471        3.32367
2471        5.30218
2471        5.34921
2471        5.45037
2471        4.94812
2471        1.18947
2471        4.15982
2471         1.2491
2471        5.74114
2471        1.63836
2471        5.27113
2471        2.18755
2471        6.10039
2471        2.99259
2471        4.39977
2471        2.56399
2471         1.5904
2471        5.27512
2471        5.97316
2471         2.0965
2471        2.76573
2471        2.59343
2471        2.40756
2471        1.03288
2471        5.95584
2471       0.723692
2471        4.73118
2471        2.56995
2471        5.15047
2471          5.707
2471        2.52003
2471        4.82845
2471        1.62791
2471        5.25116
2471        5.37207
2471        3.50674
2471       0.771828
2471        1.27179
2471        5.00236
2471        5.61423
2471        5.50587
2471        3.51717
2471        4.59613
2471       0.897617
2471        3.26988
2471        1.51706
2471        4.87906
2471        3.75515
2471        4.96158
2471         4.9475
2471       0.524394
2471        1.85945
2471        2.93578
2471       0.289131
2471        4.70003
2471       0.696269
2471        2.20391
2471        5.87529
2471        5.72711
2471        2.88715
2471       0.719478
2471        5.29395
2471        2.88935
2471        4.38369
2471        2.92591
2471        1.75317
2471        2.67352
2471        5.49395
2471        5.20915
2471        6.07158
2471        3.68887
2471        2.51649
2471        1.91392
2471        2.72261
2471       0.688678
2471       0.495163
2471        2.49272
2471        5.28141
2471        1.73237
2471         4.4376
2471        1.09649
2471        3.05258
2471        4.48655
2471        2.49433
2471        1.90459
2471        3.52104
2471        2.71835
2471        5.50441
2471         5.3512
2471      0.0353642
2471        1.55445
2471         5.1336
2471        5.41084
2471        5.72878
2471        5.74857
2471        4.64012
2471        2.64695
2471        5.61799
2471        5.19748
2471        5.21531
2471       0.188831
2471        5.93816
2471        5.01201
2471        3.38257
2471        4.91172
2471        5.63223
2471        4.87388
2471        3.08748
2471        4.74567
2471       0.395626
2471        1.03181
2471        2.69033
2471        2.90567
2471        3.87173
2471        1.81507
2471        2.90576
2471        6.24991
2471        4.49279
2471        1.13953
2471        5.48337
2471        1.26941
2471        1.77518
2471        2.92299
2471        1.53815
2471        5.02567
2471        4.76589
2471        5.65694
2471        5.51994
2471         1.2939
2471        4.68799
2471        1.65221
2471        2.49663
2471        5.28268
2471        1.03988
2471        3.16691
2471        5.66004
2471        3.62301
2471        1.60586
2471        4.84391
2471        6.28068
2471        4.98442
2471        3.27996
2471        0.35463
2471        1.93522
2471        2.11269
2471        2.32686
2471        2.98771
2471        3.03224
2471        1.49116
2471        5.25956
2471        5.50887
2471         1.0258
2471        3.12818
2471        5.16579
2471        4.24356
2471        1.92466
2471        5.89619
2471        3.14385
2471        1.74535
2471        5.36069
2471         6.0737
2471        5.41154
2471        4.89483
2471        1.92341
2471        3.85401
2471        5.67812
2471        5.20579
2471        5.74958
2471        1.84042
2471        1.80781
2471         1.3125
2471        1.99895
2471        3.93338
2471        2.79537
2471        5.03665
2471        3.04936
2471        2.45655
2471        2.27966
2471        2.60377
2471        5.57869
2471       0.167866
2471        1.11792
2471        5.47934
2471         5.4783
2471        4.32971
2471        0.11375
2471        3.02697
2471       0.973469
2471        6.01361
2471        4.38412
2471         4.4964
2471        5.80075
2471        5.69783
2471        5.32571
2471         4.3291
2471        4.75534
2471         2.8141
2471        2.41996
2471        2.28812
2471        5.52174
2471        2.13179
2471       0.402218
2471        4.88731
2471         5.4713
2471        2.05106
2471        1.63504
2471        5.78986
2471        1.79892
2471         5.0947
2471        3.63801
2471        4.55694
2471        2.38905
2471        1.52823
2471        2.44373
2471        4.73414
2471        2.23102
2471        4.81344
2471       0.425676
2471        3.78625
2471        1.33721
2471        5.02374
2471       0.321103
2471        5.35094
2471        3.03859
2471        6.11097
2471        2.86089
2471        5.57215
2471        5.38582
2471        2.01828
2471        4.74106
2471         3.8582
2471       0.450571
2471        2.40815
2471        2.00814
2471        2.57976
2471        5.01556
2471        1.91492
2471        2.34465
2471        2.21015
2471        4.44393
2471         1.8565
2471        6.04945
2471        4.84046
2471        1.88888
2471        1.32655
2471        4.48129
2471        2.03454
2471        3.95745
2471        5.24601
2471         4.5044
2471        2.03038
2471        2.76338
2471       0.267886
2471        1.55128
2471        5.31958
2471        6.22372
2471        4.21759
2471        4.73036
2471        1.24686
2471        2.33978
2471        1.35653
2471        2.97559
2471         2.6665
2471        5.25514
2471        4.98524
2471        3.56393
2471        4.70491
2471        5.90691
2471         2.3718
2471        2.30488
2471        2.50518
2471       0.885997
2471          4.702
2471        4.64011
2471        5.17149
2471       0.789853
2471        2.84746
2471        2.45206
2471        1.14735
2471        0.82727
2471        4.97954
2471        3.48492
2471       0.559776
2471        3.08858
2471        5.49913
2471       0.954726
2471        4.54796
2471          4.354
2471        5.45295
2471        5.52331
2471        3.24686
2471        6.20583
2471        3.88037
2471        5.82781
2471        2.58794
2471        1.45549
2471         1.3395
2471        5.14734
2471        5.77278
2471         3.3154
2471        5.16027
2471        2.18358
2471        3.48615
2471        1.08379
2471       0.671087
2471        4.79697
2471        0.70866
2471        2.01335
2471        3.76395
2471        2.71269
2471        3.20917
2471        1.88182
2471        5.89422
2471        2.41992
2471        1.95852
2471        1.85202
2471        1.81975
2471        2.30378
2471       0.469589
2471       0.916615
2471        3.00658
2471        2.07412
2471        3.18977
2471      0.0174362
2471        2.21068
2471       0.171874
2471        2.80422
2471     0.00349176
2471        5.66445
2471        5.45715
2471        2.08748
2471        1.21549
2471        4.00717
2471        5.16619
2471        2.24487
2471        5.56735
2471        4.19934
2471        1.96186
2471         3.0808
2471        3.36608
2471        2.99391
2471        2.53934
2471        2.96955
2471        2.68311
2471        3.69174
2471        2.97444
2471        3.95457
2471        4.67921
2471        6.16595
2471        2.64048
2471        1.96769
2471        5.53553
2471        1.26321
2471        1.40004
2471         0.5806
2471        4.41785
2471        1.16229
2471        4.44689
2471        3.58239
2471        2.88359
2471        3.85638
2471        2.84429
2471        1.42027
2471        2.78667
2471        1.93662
2471        4.88766
2471        2.89958
2471        5.17513
2471        5.08039
2471        2.97899
2471        2.97481
2471        1.00821
2471        4.19765
2471        4.34016
2471        4.59584
2471        6.19946
2471        4.90843
2471        2.98581
2471        5.01871
2471        5.81501
2471        1.43604
2471        5.57112
2471        5.20502
2471       0.553357
2471        2.87284
2471        5.82406
2471       0.819015
2471        3.00605
2471        5.66566
2471        6.18914
2471        1.89666
2471         0.9492
2471        4.85217
2471        5.24476
2471        1.33252
2471        1.37671
2471         5.6766
2471         1.0754
2471        2.48278
2471        3.21626
2471        2.54974
2471        3.43406
2471        4.26291
2471        2.62772
2471        2.32511
2471        2.83559
2471       0.669759
2471       0.503726
2471        4.48311
2471        5.17675
2471        5.76591
2471        5.00403
2471        2.62612
2471        2.65329
2471        5.50188
2471        3.04694
2471        1.51659
2471         5.9919
2471        2.10473
2471        5.00127
2471        3.22207
2471        5.32809
2471        4.72596
2471        0.62475
2471        2.18639
2471        2.50943
2471        2.72096
2471        3.29512
2471        1.64782
2471        2.12333
2471        4.28389
2471        5.47964
2471         5.6888
2471        2.85001
2471        1.95396
2471        6.24358
2471          1.965
2471        1.41793
2471        2.33736
2471        4.81984
2471        5.16661
2471        2.97933
2471        5.31737
2471       0.982293
2471        3.32308
2471         5.2083
2471            1.7
2471         1.2374
2471        2.67404
2471       0.552248
2471        4.08215
2471        5.11932
2471        2.07041
2471        6.01651
2471        5.06182
2471        1.23292
2471        4.77454
2471        1.66927
2471       0.196235
2471        3.25316
2471        4.74899
2471        3.57555
2471        1.24971
2471        5.70572
2471        4.41124
2471        1.80749
2471       0.465353
2471        1.56654
2471        1.70563
2471        4.53761
2471        5.67539
2471        1.40116
2471        2.58812
2471        2.32303
2471        6.14894
2471        3.18712
2471         2.9028
2471        5.12698
2471         1.5184
2471         5.6193
2471        4.65115
2471        5.48545
2471        5.55064
2471        3.20672
2471        3.39738
2471        3.06328
2471        1.35011
2471        2.98303
2471        1.63861
2471        1.15496
2471         4.6398
2471       0.701302
2471        4.89021
2471       0.259706
2471        0.46887
2471        5.82074
2471        1.99424
2471        2.60226
2471        1.98742
2471         5.4631
2471        2.64756
2471       0.286749
2471        4.49526
2471        5.22883
2471        5.10667
2471        2.02389
2471        1.28358
2471        5.76633
2471        4.70789
2471        1.24784
2471        1.91668
2471        1.87806
2471        1.92506
2471        2.80662
2471        2.88999
2471        0.37266
2471        2.15465
2471        5.04515
2471        1.80113
2471        1.61892
2471        2.33929
2471        3.97049
2471        4.53116
2471        2.30688
2471        5.26464
2471        1.62186
2471       0.510222
2471        3.78877
2471        2.81704
2471        2.96273
2471        6.25105
2471        2.73915
2471        4.46583
2471       0.653051
2471        5.55923
2471        6.24277
2471        5.93197
2471        5.63147
2471       0.646317
2471        5.62952
2471        4.72536
2471        2.81213
2471        5.50318
2471        5.36441
2471        2.75212
2471        4.53085
2471        1.48426
2471        5.22715
2471        4.65208
2471        5.42107
2471        1.45517
2471        6.06551
2471        2.39171
2471         4.4123
2471         5.5756
2471        5.53209
2471         5.7272
2471        4.23929
2471        1.58112
2471        5.38903
2471         1.5327
2471       0.818193
2471        2.10702
2471        1.88798
2471        5.68244
2471        3.68413
2471        5.21251
2471        3.63469
2471        3.35109
2471        4.56051
2471        2.30181
2471        5.36697
2471        5.68895
2471       0.354481
2471        3.02318
2471        1.65152
2471        4.19755
2471        3.02362
2471        3.50335
2471        1.01913
2471        4.75152
2471        6.24244
2471        4.58747
2471        5.50481
2471        3.36804
2471        3.21408
2471         5.2721
2471        5.44475
2471        2.74639
2471        2.46416
2471       0.882071
2471        2.17376
2471        4.07837
2471        3.98882
2471        5.59447
2471        0.73487
2471        2.39298
2471        5.32802
2471        3.70504
2471        4.45308
2471        4.11451
2471        1.75836
2471        2.90207
2471        1.28225
2471        4.79038
2471        5.31248
2471        2.07845
2471       0.526258
2471        6.22513
2471        2.17664
2471           4.99
2471        3.86619
2471        4.03189
2471         4.7391
2471        5.20977
2471        1.47594
2471         5.8577
2471        5.04468
2471        5.59514
2471        5.01589
2471        4.37088
2471         2.7253
2471         1.3736
2471        2.97744
2471        1.78505
2471        1.58254
2471         3.2732
2471        4.23861
2471        2.00322
2471        2.59241
2471        3.16257
2471        5.89671
2471        4.03072
2471        2.24207
2471        2.36275
2471        1.24751
2471       0.884516
2471        4.33471
2471        5.91513
2471        3.23788
2471        6.01751
2471         2.0444
2471       0.642192
2471        2.31031
2471        4.99681
2471        1.45866
2471        4.51023
2471        4.42948
2471        6.16091
2471         1.7616
2471        2.22387
2471        5.77172
2471        2.66401
2471        5.45709
2471        5.96469
2471        3.79101
2471        3.42444
2471        5.53093
2471        4.24636
2471         2.1946
2471         5.7867
2471        1.65367
2471        3.67153
2471        4.66119
2471       0.896011
2471        2.43828
2471        4.69434
2471        1.03155
2471      0.0598278
2471        5.32423
2471        1.45585
2471        4.47129
2471        6.22995
2471        1.69313
2471        2.54688
2471        2.22225
2471        5.68246
2471        2.65763
2471        3.28613
2471        4.69046
2471        3.02649
2471        1.09675
2471       0.732671
2471         3.8671
2471        6.12384
2471        3.46962
2471        5.30616
2471         6.0138
2471        5.59055
2471         2.4251
2471        2.99249
2471        2.64664
2471       0.136848
2471        3.06654
2471       0.433727
2471        2.38787
2471          4.434
2471        2.76822
2471         1.7625
2471        3.89204
2471       0.545445
2471        5.24483
2471        5.03821
2471         2.3187
2471        6.03128
2471        6.11479
2471        6.18573
2471         3.8248
2471        3.41482
2471       0.777599
2471      0.0906469
2471       0.833236
2471        5.31596
2471        1.92661
2471        1.68162
2471         5.1357
2471        1.79208
2471        3.95661
2471        1.69692
2471        2.46509
2471        2.60566
2471       0.862962
2471        3.42971
2471        3.97179
2471        3.75411
2471        4.87949
2471        5.08758
2471        6.13526
2471        1.36812
2471        4.80471
2471        1.65195
2471        1.45215
2471       0.861149
2471        5.75437
2471        3.09925
2471        2.82196
2471        2.06732
2471        5.79373
2471        3.02669
2471        3.32783
2471        2.85248
2471        2.16929
2471        5.74875
2471        1.49995
2471        4.41357
2471        4.43196
2471        5.68236
2471        1.10589
2471        2.48238
2471        4.74094
2471        1.76081
2471         4.9498
2471        5.43939
2471        3.54566
2471        2.35798
2471        2.52701
2471        3.67133
2471        2.45514
2471        1.68821
2471        2.75117
2471       0.772425
2471        4.90562
2471        5.44047
2471        1.57208
2471        2.52121
2471        5.20901
2471        1.09189
2471        1.27354
2471          2.073
2471        2.64156
2471        1.59586
2471        1.27662
2471        4.27408
2471         3.0411
2471        3.71028
2471        2.00991
2471         2.7236
2471        5.20454
2471       0.874457
2471        2.82333
2471        1.48708
2471       0.861177
2471        2.76668
2471        6.02614
2471        4.54542
2471        2.76642
2471        3.40567
2471         3.6183
2471        2.69169
2471        1.32138
2471        2.17955
2471        2.10527
2471        1.89296
2471        2.21596
2471        4.96035
2471         2.9928
2471        3.10694
2471        5.14466
2471        4.50235
2471        5.55408
2471        5.71376
2471        2.23794
2471        4.26688
2471        1.13891
2471        2.89349
2471       0.155737
2471        3.32415
2471        2.10949
2471        1.57712
2471        2.04643
2471        4.04999
2471        5.23549
2471        2.14662
2471        5.46909
2471        2.53582
2471        2.40973
2471        2.74594
2471         3.6524
2471        3.00961
2471       0.542523
2471        2.14901
2471        4.30611
2471        1.80593
2471        4.58174
2471        4.29701
2471       0.465066
2471        2.58166
2471       0.719312
2471       0.630982
2471        1.60285
2471        2.42304
2471        5.34003
2471        2.25517
2471        4.89028
2471       0.207988
2471       0.680042
2471        5.00601
2471        0.10212
2471        5.18076
2471        4.86907
2471        1.84758
2471       0.462668
2471        5.75678
2471        3.64961
2471        3.83328
2471        2.61077
2471         5.4991
2471        2.85603
2471        2.39164
2471        6.09697
2471        3.13259
2471        1.73642
2471        4.97084
2471        1.84322
2471        3.55576
2471        3.44189
2471        6.20965
2471        1.60129
2471         3.9667
2471        1.35599
2471        1.98754
2471        5.65847
2471        2.88711
2471        6.16036
2471       0.935197
2471       0.665768
2471        2.36809
2471        2.19024
2471       0.301749
2471        2.62077
2471         4.7853
2471        1.76103
2471       0.173066
2471        5.83109
2471        5.32206
2471         4.0502
2471       0.454957
2471        5.61817
2471        4.58109
2471        1.48162
2471        2.14862
2471        2.38886
2471        2.21384
2471        4.64648
2471        6.20959
2471        3.34516
2471        2.07507
2471        1.39235
2471        5.17414
2471         1.7261
2471        5.42687
2471      0.0447495
2471        4.21265
2471        5.91777
2471        4.70618
2471        4.30578
2471        2.75715
2471        1.70506
2471        4.18743
2471        1.71418
2471         2.4084
2471        1.01408
2471        1.67887
2471        5.82749
2471        3.25443
2471        2.28542
2471        1.30032
2471        1.62892
2471        2.38023
2471        1.53369
2471        1.72465
2471         5.1899
2471         5.1671
2471        5.12638
2471        4.26701
2471        5.07581
2471        5.60631
2471         1.2173
2471       0.435151
2471        4.50396
2471        4.73372
2471        2.49583
2471        3.70898
2471        4.18251
2471       0.374349
2471       0.642617
2471        2.41725
2471        4.79834
2471        3.37647
2471       0.848623
2471      0.0166682
2471        5.14067
2471        1.74169
2471         2.9215
2471        1.30037
2471        3.28375
2471        4.87661
2471        4.00926
2471        5.82468
2471        2.45478
2471         5.1088
2471        1.56869
2471        3.38251
2471        3.80628
2471        2.79713
2471       0.511263
2471        4.90462
2471       0.260741
2471        3.62031
2471        4.45425
2471        4.36673
2471      0.0342164
2471        6.11175
2471        1.32159
2471        5.61378
2471        2.73243
2471        6.22835
2471        1.74115
2471        3.78006
2471        2.09389
2471        1.95249
2471        4.44947
2471        5.12255
2471        2.79045
2471        4.90338
2471        5.65269
2471         2.0186
2471        2.39659
2471        5.07105
2471        5.47664
2471         3.8238
2471        4.42982
2471        4.41942
2471        6.04817
2471       0.383531
2471         5.1666
2471        5.72446
2471        1.36713
2471        3.05218
2471        3.70083
2471        6.13115
2471        4.38337
2471        3.54435
2471        4.19125
2471        1.57771
2471        5.53141
2471        4.66481
2471        3.51142
2471        4.48094
2471        5.47731
2471        4.61064
2471        2.99057
2471        6.17645
2471        1.93297
2471        4.43492
2471         5.1511
2471        1.33594
2471        5.58243
2471        5.42771
2471      0.0415404
2471     0.00194651
2471        1.09948
2471        1.72962
2471         5.2332
2471        2.48684
2471      0.0916635
2471        3.41809
2471        2.71626
2471        5.62787
2471        4.45313
2471        2.40064
2471       0.738252
2471        3.41143
2471        3.71983
2471        5.22645
2471        5.53221
2471        6.01885
2471        6.08665
2471        1.34584
2471        2.79135
2471        4.00349
2471        4.90261
2471        0.53176
2471        3.10612
2471        3.92913
2471        3.26183
2471        3.50215
2471         1.9096
2471        4.73259
2471        1.63333
2471        1.59851
2471        5.01312
2471        5.17524
2471        5.73759
2471        2.16684
2471        1.82564
2471        2.53511
2471         3.8556
2471        2.66218
2471        2.44275
2471        2.09608
2471        5.07792
2471        1.75837
2471        5.76555
2471        4.22323
2471       0.919355
2471        5.90133
2471         2.9121
2471        2.92782
2471        6.07721
2471        5.25728
2471        5.92792
2471        4.70018
2471       0.620534
2471        4.83785
2471      0.0711511
2471        1.31733
2471        6.16936
2471        1.29273
2471        2.06076
2471        1.63222
2471       0.616011
2471        4.82781
2471        1.29163
2471        5.95582
2471        6.13712
2471        3.53326
2471        5.12185
2471        2.03859
2471        5.83892
2471        3.15547
2471      0.0742685
2471        3.74384
2471        5.51616
2471        3.35693
2471        1.15385
2471        4.92134
2471        1.66977
2471        2.98673
2471        2.74212
2471       0.539232
2471       0.519207
2471        2.29319
2471        1.60892
2471        6.05582
2471      0.0691041
2471        5.28716
2471        5.15125
2471        4.56349
2471        2.81698
2471        5.48655
2471        4.50013
2471        2.60853
2471     0.00301775
2471        4.44391
2471        1.54275
2471        1.53593
2471       0.925247
2471        5.42888
2471        1.97722
2471        4.54157
2471         4.7868
2471        5.98618
2471        3.17517
2471        3.74859
2471        6.01071
2471         2.0963
2471        5.35896
2471        3.25822
2471        5.55279
2471        1.92976
2471        2.38352
2471        1.83879
2471        5.63906
2471        2.07821
2471        5.03564
2471        1.53194
2471        5.09545
2471        2.98367
2471        5.31396
2471        6.03128
2471        3.52411
2471        1.85949
2471        5.96763
2471        4.47881
2471        2.21253
2471        4.71594
2471       0.209931
2471        1.85738
2471         2.0095
2471        1.59037
2471         4.2128
2471        1.76154
2471        4.31798
2471        2.33082
2471        2.08297
2471        5.65515
2471        5.49948
2471        2.54827
2471        3.97662
2471        5.59771
2471        5.51865
2471        5.71178
2471        2.40943
2471         2.8542
2471       0.717683
2471         4.3136
2471       0.208686
2471       0.795811
2471        4.68244
2471        2.75068
2471        6.05619
2471        1.60442
2471        2.67629
2471        5.10262
2471       0.220028
2471        4.69525
2471        5.70339
2471        2.93518
2471        4.50333
2471        2.54464
2471       0.354076
2471        1.25129
2471         2.5569
2471        4.67589
2471        5.04019
2471        5.06965
2471        6.02492
2471        5.51266
2471        5.90743
2471         5.1134
2471        4.37138
2471        5.18353
2471        5.41091
2471        2.58045
2471        5.91545
2471        4.77995
2471        4.82761
2471        1.29376
2471        1.29526
2471        1.61476
2471         4.8269
2471        3.14853
2471        4.33478
2471        5.40042
2471        3.92922
2471         6.1251
2471        2.98021
2471        5.17412
2471        6.04062
2471       0.581187
2471        5.31521
2471         5.5436
2471         2.7138
2471       0.788895
2471        5.08567
2471        2.53791
2471        4.01218
2471        2.76141
2471        4.40675
2471        1.68223
2471        1.62264
2471        1.70232
2471         5.9741
2471        5.96114
2471        3.44713
2471        3.48471
2471        5.52416
2471        1.53917
2471        4.27022
2471       0.293925
2471        1.68632
2471        1.71279
2471        5.89824
2471        2.67102
2471        3.68558
2471       0.731099
2471       0.878231
2471       0.853541
2471        1.91536
2471        0.52835
2471        1.84044
2471        5.11292
2471       0.636489
2471         5.9265
2471        5.61012
2471       0.320886
2471        2.28446
2471        6.04156
2471        5.72682
2471        5.96799
2471        3.81224
2471        2.11273
2471        2.45095
2471        3.65007
2471         6.0727
2471        1.78656
2471        1.08266
2471        5.83454
2471        2.54508
2471        2.24643
2471        3.06654
2471        5.74709
2471        3.05406
2471        1.12315
2471        4.99569
2471        2.23058
2471        3.45583
2471        6.28303
2471        1.70631
2471        5.01698
2471        4.70832
2471        5.14839
2471        5.97356
2471        1.02453
2471        1.48461
2471        5.90372
2471         1.3403
2471        6.24224
2471        5.20647
2471         1.0618
2471        1.50175
2471       0.826899
2471        1.19667
2471        5.53307
2471        2.87105
2471        1.23317
2471         1.8779
2471        1.48655
2471         4.2212
2471        5.41276
2471        2.97781
2471        5.83753
2471        1.33142
2471        6.24207
2471        5.75668
2471        1.20201
2471        4.93307
2471        5.52761
2471         5.1157
2471        4.83618
2471        2.20669
2471        5.42423
2471        4.64883
2471         4.1954
2471        1.19522
2471        3.34118
2471         4.8373
2471         1.6783
2471       0.371088
2471        2.20213
2471       0.357651
2471        4.72307
2471        2.97093
2471       0.609166
2471        1.19333
2471         5.2707
2471        4.08043
2471        1.15989
2471        2.71513
2471        2.96879
2471        3.43919
2471       0.269525
2471        2.88031
2471        5.10654
2471       0.616965
2471        5.16669
2471        1.56107
2471        1.52515
2471        2.67954
2471        5.14501
2471        4.94934
2471        2.33759
2471        1.37722
2471        4.55488
2471        2.42122
2471        2.93566
2471        6.04825
2471       0.745272
2471        2.74208
2471        4.82094
2471        1.62246
2471       0.532435
2471         4.4433
2471      0.0677882
2471        4.44991
2471        1.94461
2471        3.39172
2471        5.65401
2471        4.97581
2471        4.89518
2471        1.67198
2471        5.40654
2471        4.58536
2471       0.339244
2471       0.770606
2471         3.9309
2471        1.58708
2471        5.14142
2471         5.9278
2471         5.6626
2471        4.64313
2471        3.94445
2471        3.09144
2471        2.10747
2471        5.77041
2471         2.6688
2471        4.73858
2471        5.81689
2471        2.33429
2471        2.10986
2471        3.50491
2471        3.64265
2471       0.869927
2471        1.25179
2471         3.8124
2471         1.8861
2471         5.5497
2471        5.04468
2471        5.85537
2471        3.93856
2471        5.59031
2471        0.40862
2471        2.45234
2471        2.33531
2471        3.82427
2471        1.00598
2471        4.64692
2471        2.71093
2471        4.86142
2471        4.36075
2471        4.01822
2471        1.30197
2471        5.93103
2471        2.51032
2471         2.9728
2471        5.30254
2471        1.28822
2471        4.90203
2471        1.45603
2471        5.23303
2471        2.51936
2471        3.82682
2471        4.09287
2471        1.94786
2471        2.73708
2471        2.27766
2471       0.954649
2471        2.34048
2471        4.10963
2471         5.5013
2471        5.59326
2471        5.78656
2471        3.31263
2471        4.66044
2471         1.6535
2471        2.03584
2471       0.504611
2471        2.21469
2471        2.57758
2471        2.89092
2471        4.46174
2471        2.66041
2471        1.16876
2471        5.40855
2471         5.4073
2471        2.09013
2471        5.85753
2471         3.8187
2471       0.636355
2471        2.07543
2471        4.09997
2471        1.84413
2471         5.4661
2471        2.72621
2471        5.09927
2471        5.35398
2471        4.41189
2471         5.1787
2471       0.857772
2471        2.47861
2471        6.06331
2471         1.4403
2471        5.42938
2471         4.6044
2471        2.10412
2471         5.0494
2471        6.13719
2471        2.92811
2471        5.65297
2471        5.05627
2471        5.72509
2471         2.1865
2471       0.794466
2471         5.7804
2471        2.06311
2471        1.48927
2471        3.69264
2471        1.71819
2471        2.00361
2471        2.27225
2471        2.98492
2471        4.74205
2471        4.15498
2471        3.59284
2471        5.43492
2471        3.14104
2471        4.66769
2471        1.39276
2471        1.80997
2471        4.02396
2471        3.85738
2471         5.6444
2471        3.04566
2471        4.10232
2471        3.48304
2471        3.38656
2471        5.28701
2471        5.41377
2471        2.39729
2471        1.43965
2471        5.19722
2471        4.66594
2471        5.36663
2471        2.38194
2471        3.99443
2471     0.00817499
2471        6.13647
2471        4.91005
2471        4.20169
2471       0.163509
2471        5.08273
2471      0.0682632
2471       0.275104
2471        4.12858
2471        2.81896
2471        2.98302
2471        3.18091
2471        5.73657
2471        5.98645
2471        4.41516
2471        3.25084
2471        5.29153
2471        6.02313
2471        1.52186
2471        3.55501
2471        2.99928
2471        6.10605
2471        2.83534
2471        5.35201
2471        1.57022
2471        4.64694
2471        4.71842
2471        4.10251
2471        3.83597
2471        3.47002
2471        5.01997
2471        2.02205
2471        4.57752
2471        3.63374
2471       0.385249
2471        3.70072
2471        2.42593
2471        5.25977
2471        5.26627
2471        2.30729
2471        4.68354
2471        5.76552
2471      0.0661994
2471        2.84701
2471        1.86308
2471        3.27515
2471        3.16395
2471        5.66615
2471        1.89046
2471        1.11367
2471        1.59967
2471        5.66381
2471       0.542332
2471       0.168182
2471        3.25507
2471        5.92437
2471        6.15798
2471        5.76353
2471        5.92867
2471        5.84101
2471        3.32212
2471      0.0806835
2471        1.75043
2471        1.99778
2471         2.8613
2471        1.44669
2471       0.938867
2471        4.24215
2471        3.38828
2471        3.08016
2471       0.404094
2471        2.86416
2471        4.64164
2471        1.31701
2471         2.7501
2471        4.42933
2471        1.04328
2471        6.10241
2471         1.1522
2471        2.48518
2471        0.59726
2471        2.30344
2471       0.521765
2471       0.118719
2471        4.13342
2471        2.84087
2471       0.719075
2471       0.942731
2471        2.68284
2471        5.08234
2471        2.39684
2471        2.95916
2471        2.56578
2471         4.2772
2471        1.32091
2471        2.17471
2471        6.16151
2471        4.36377
2471        2.21239
2471        3.00367
2471        5.40678
2471        5.86961
2471        6.00297
2471        5.97972
2471        4.87799
2471        4.45382
2471        3.23433
2471        1.55342
2471       0.369411
2471         1.8584
2471        6.00522
2471        2.39097
2471        5.59392
2471        5.87171
2471         2.6193
2471        1.04702
2471        2.21795
2471        2.98875
2471         3.3667
2471       0.160523
2471        4.89517
2471        1.09792
2471        5.93667
2471        4.60464
2471        3.49007
2471        6.18185
2471        4.80418
2471        1.62098
2471        2.97298
2471        5.20714
2471        4.67087
2471        5.98346
2471        5.85918
2471        6.17855
2471        0.26656
2471        5.54828
2471        6.07596
2471        2.04204
2471         4.3738
2471        3.83809
2471        6.07359
2471         5.4616
2471        2.91539
2471        2.02698
2471        4.99229
2471        5.55137
2471        2.51675
2471        3.72193
2471        5.20526
2471         2.4707
2471        2.21712
2471          3.681
2471        4.90685
2471        2.37228
2471         1.8687
2471        4.81251
2471       0.631725
2471        3.97864
2471        2.63207
2471        5.51679
2471        5.14537
2471        2.91914
2471        1.72386
2471        4.23938
2471        5.33283
2471        5.09831
2471        5.63169
2471        2.09929
2471        5.93794
2471        5.34157
2471        1.16003
2471         6.2181
2471        3.33492
2471        4.47298
2471         5.9614
2471        2.49002
2471       0.498433
2471        2.40326
2471          1.717
2471        2.19454
2471        5.73304
2471       0.948812
2471        2.25191
2471       0.975491
2471          1.502
2471        4.40639
2471        1.52256
2471        2.94645
2471        1.68465
2471        1.79207
2471        4.33453
2471        1.62181
2471        2.91966
2471        5.68369
2471         4.8138
2471        4.51524
2471        1.49459
2471       0.852744
2471         1.4877
2471         3.0676
2471       0.452478
2471       0.321339
2471        1.13774
2471         1.7605
2471        1.94046
2471        4.52294
2471        2.61815
2471        4.65319
2471        4.59671
2471        2.91482
2471        5.97692
2471        5.70617
2471      0.0177763
2471        2.35391
2471        5.78297
2471        5.78885
2471        5.16472
2471        5.00827
2471        1.84878
2471        6.14003
2471        2.01195
2471       0.987511
2471        1.88649
2471        5.01699
2471        1.28483
2471       0.122764
2471         4.3545
2471        2.50091
2471        6.10332
2471        1.71949
2471        1.61421
2471        5.64616
2471        6.25581
2471        2.59484
2471       0.354906
2471        5.23921
2471       0.591411
2471        4.60027
2471        2.42545
2471        2.60767
2471        2.42853
2471        4.30711
2471        4.44694
2471       0.745233
2471        5.63286
2471        5.16287
2471       0.808948
2471        1.16784
2471        2.45813
2471        2.94729
2471        1.22483
2471         4.7161
2471        4.44401
2471        1.60538
2471       0.751012
2471          1.462
2471        1.99654
2471        2.79304
2471        5.19802
2471         4.3762
2471        5.29019
2471        3.54077
2471       0.535641
2471        4.75561
2471        2.65863
2471        3.88313
2471        4.00007
2471        5.84221
2471        3.07966
2471        5.61184
2471        2.14063
2471        4.75461
2471         2.2188
2471        1.36123
2471        2.03468
2471         2.5771
2471        4.82516
2471        1.03809
2471       0.205958
2471        5.45686
2471        4.14917
2471        4.79239
2471        5.46829
2471        4.59924
2471        5.84913
2471        2.60905
2471        6.12517
2471        3.02475
2471         4.8566
2471        5.85297
2471        4.49617
2471        4.57312
2471        0.30614
2471        4.21656
2471       0.679157
2471        3.43182
2471        4.30816
2471        4.96016
2471        2.51017
2471        6.25317
2471        4.42544
2471        3.75637
2471        4.36071
2471      0.0947858
2471        3.77357
2471        1.42723
2471        3.56478
2471        3.06768
2471        2.73549
2471        5.92509
2471        3.80198
2471        4.91771
2471        2.24987
2471        3.25944
2471         3.4308
2471       0.653444
2471       0.461432
2471        5.32879
2471        5.69521
2471        5.00422
2471        5.81769
2471        1.97921
2471        2.32999
2471        2.19552
2471        5.74705
2471        3.91855
2471        5.36588
2471        4.16199
2471         2.6681
2471        4.58271
2471        3.25987
2471        2.89445
2471        2.08108
2471        4.33347
2471        4.67539
2471        2.09869
2471        5.99097
2471        4.67219
2471        2.12116
2471        2.62106
2471         4.5583
2471         2.0585
2471       0.208947
2471        5.30492
2471        2.08348
2471        6.16946
2471        6.03872
2471        2.66852
2471        4.35253
2471        2.62516
2471        5.37603
2471        5.56377
2471          3.214
2471        4.95347
2471        1.84538
2471        2.39579
2471        1.34412
2471         5.3247
2471        2.80458
2471        5.83311
2471        2.94551
2471        2.28436
2471        2.27416
2471        1.00616
2471        5.47626
2471        4.27553
2471       0.807696
2471       0.862629
2471        2.84984
2471       0.606613
2471        1.84943
2471        5.47731
2471        5.08065
2471       0.290098
2471        2.52043
2471        2.83546
2471         5.5482
2471      0.0568151
2471        4.41014
2471        1.10331
2471       0.712746
