2161         6.1644
2161         5.6689
2161        5.57768
2161        3.62994
2161        2.53791
2161        2.20788
2161       0.110274
2161        3.04445
2161        5.04679
2161        4.75555
2161        5.26923
2161        1.39735
2161        3.25429
2161        5.58321
2161        1.04148
2161        4.77912
2161        3.23245
2161        4.39484
2161        1.86226
2161        2.32291
2161        3.60691
2161        3.89942
2161        2.39813
2161        3.04841
2161        6.05636
2161        1.86626
2161        3.08327
2161        3.55841
2161        2.06937
2161       0.623978
2161        6.19635
2161        5.90539
2161        3.42026
2161       0.662143
2161        1.43456
2161        5.02965
2161        4.02917
2161        1.27532
2161        2.51676
2161         3.5006
2161        1.85323
2161       0.190429
2161        4.69859
2161        2.54416
2161         2.1929
2161        6.12024
2161        2.18671
2161         2.8268
2161        4.15114
2161        5.72125
2161        3.05457
2161        5.54064
2161        5.75002
2161        3.50043
2161        4.78836
2161        2.11862
2161        2.66991
2161        3.72874
2161        5.42014
2161        2.31235
2161        5.35382
2161       0.360203
2161         0.3867
2161       0.999302
2161        1.37371
2161        2.67349
2161       0.152445
2161        1.54338
2161        1.23913
2161        2.26744
2161        2.50832
2161        2.28743
2161        2.97389
2161        2.22942
2161         2.8991
2161         2.4464
2161        5.92888
2161        3.30648
2161        5.37337
2161        3.74311
2161        2.22733
2161       0.793399
2161        2.74592
2161        1.73407
2161        3.77243
2161        0.50225
2161        3.65248
2161        6.19121
2161         1.9713
2161         5.1391
2161        1.74099
2161       0.750163
2161        2.64892
2161        1.74218
2161         1.8854
2161        1.62265
2161        1.89232
2161        2.43817
2161       0.121524
2161        3.12344
2161        5.18032
2161        4.24168
2161        1.15872
2161        3.27491
2161        5.26118
2161        1.49071
2161        1.99141
2161        5.35114
2161        1.62471
2161        2.69335
2161        2.54427
2161        3.54137
2161        2.68523
2161        2.30869
2161        5.44152
2161        5.99653
2161        1.84897
2161         5.7987
2161       0.263281
2161        4.86275
2161         3.2747
2161        1.92706
2161         4.0069
2161         1.7872
2161        4.16471
2161        5.89509
2161        2.86184
2161        4.38064
2161         2.7981
2161        4.17095
2161        4.69899
2161         4.8672
2161       0.217707
2161        2.65196
2161       0.730625
2161        2.88391
2161       0.452888
2161        3.53421
2161        1.89949
2161       0.344868
2161        4.37487
2161        3.30485
2161         6.2015
2161        5.87005
2161        0.64814
2161        6.17021
2161       0.766239
2161        1.83647
2161        2.47424
2161        5.69345
2161       0.923813
2161       0.233697
2161        5.61166
2161        1.79338
2161         2.5778
2161        4.19145
2161        1.41199
2161        5.13419
2161        2.95454
2161        4.02311
2161        3.83129
2161        3.81231
2161       0.330877
2161        4.63436
2161        3.53692
2161        2.18735
2161        5.70689
2161        3.61469
2161        0.48633
2161       0.499991
2161        1.97811
2161        3.79422
2161        5.68508
2161        4.17176
2161        5.79419
2161        5.37833
2161        5.34806
2161       0.249731
2161        5.74795
2161        3.13771
2161        4.07461
2161        5.61561
2161        3.32246
2161       0.775224
2161        3.73401
2161       0.101871
2161        5.81163
2161        2.93795
2161        3.73978
2161        3.42413
2161        5.56201
2161         1.4949
2161       0.428713
2161        5.30885
2161        3.83757
2161          2.602
2161        3.11802
2161        2.91858
2161        2.46837
2161        5.75593
2161        3.43998
2161        4.87794
2161        3.22625
2161        2.34729
2161         1.2088
2161        2.85296
2161        6.13514
2161        4.17179
2161        5.78163
2161        1.35618
2161        3.05586
2161       0.463313
2161         1.8416
2161        4.59074
2161        4.27554
2161       0.798164
2161        6.23714
2161        1.84034
2161        5.79879
2161        3.53234
2161        3.45591
2161        6.21538
2161       0.688835
2161        3.71818
2161       0.543264
2161        3.15846
2161        2.20763
2161        2.35812
2161        1.48108
2161        3.28631
2161        5.90864
2161        5.72993
2161        5.14486
2161        4.48316
2161        6.27125
2161        1.47065
2161        6.15454
2161       0.132888
2161        5.94246
2161      0.0554726
2161        1.54453
2161        5.72105
2161        3.53605
2161        5.61412
2161        5.75997
2161        1.76658
2161        3.87315
2161       0.624954
2161        3.63843
2161        2.80748
2161       0.162229
2161        5.23293
2161        2.22722
2161        5.40889
2161         5.8648
2161      0.0569535
2161          0.968
2161        5.92032
2161        3.06073
2161        1.49622
2161        4.23271
2161        5.88041
2161        5.93789
2161         5.3175
2161         4.0198
2161        2.73136
2161       0.547411
2161        5.70226
2161        2.11012
2161       0.318097
2161        4.16307
2161        2.09273
2161        3.49118
2161        2.57612
2161        5.17437
2161        4.82831
2161        1.01415
2161        1.57615
2161        3.55243
2161        5.72939
2161        5.46677
2161         2.3214
2161        2.80926
2161        2.68129
2161        6.04111
2161       0.224266
2161        1.77102
2161      0.0982326
2161       0.465385
2161        2.10562
2161        3.67421
2161      0.0213119
2161        5.54417
2161         5.8276
2161       0.710214
2161        3.60292
2161        4.98432
2161       0.586316
2161        1.76311
2161        5.67042
2161        3.57313
2161        2.37966
2161         3.3671
2161        1.82234
2161        2.67611
2161       0.722056
2161        3.84204
2161          4.354
2161        6.19427
2161        1.98608
2161        3.03978
2161        5.60297
2161        2.71406
2161        3.54527
2161        2.78405
2161        2.57803
2161        1.91566
2161        2.55191
2161        4.85363
2161        1.64017
2161        6.13118
2161        2.09163
2161        4.04244
2161        2.99849
2161         1.1402
2161        3.77874
2161        2.93661
2161        6.12309
2161        1.92357
2161        3.15709
2161        1.97147
2161        6.21203
2161        3.50407
2161      0.0850063
2161        4.53801
2161        2.43083
2161        5.95028
2161         4.5512
2161        2.70864
2161        6.08158
2161        2.61612
2161        2.16406
2161        5.82482
2161       0.876545
2161        5.85395
2161       0.303045
2161        2.88604
2161        2.35639
2161        2.65835
2161        1.75794
2161       0.245378
2161         6.1244
2161      0.0463259
2161        3.46348
2161        5.67233
2161       0.764598
2161         4.3077
2161        3.64512
2161        1.25696
2161      0.0182424
2161        4.34133
2161         2.6991
2161       0.814501
2161        2.58227
2161         2.6237
2161        1.79197
2161        5.34447
2161        1.60478
2161        2.57366
2161        3.13637
2161        2.05919
2161        3.06929
2161       0.420063
2161        2.80216
2161        3.25333
2161        5.67524
2161        2.45161
2161      0.0196821
2161        2.79461
2161        2.42845
2161        2.19131
2161         5.8133
2161        5.87289
2161        4.32946
2161       0.207335
2161        2.00019
2161        5.83356
2161       0.631323
2161        6.00457
2161       0.322046
2161        2.16653
2161        5.74001
2161        2.33541
2161        5.72555
2161        5.98829
2161        1.22285
2161        1.53169
2161        2.37118
2161          6.008
2161       0.584292
2161       0.886002
2161        1.29951
2161        6.25053
2161       0.831536
2161        3.02347
2161        1.96455
2161        5.59835
2161        5.87474
2161        3.84047
2161        3.13853
2161        2.79352
2161        5.17078
2161        2.51187
2161        1.78166
2161        3.07247
2161        3.44367
2161        3.06958
2161        5.48999
2161        3.47759
2161        2.89653
2161        6.08762
2161        1.46546
2161        3.01649
2161         2.1264
2161        2.51496
2161        2.96797
2161        2.11683
2161        2.41128
2161        1.28366
2161        3.85864
2161        3.55208
2161        3.18783
2161       0.125647
2161        3.17738
2161        1.82719
2161        5.02782
2161        2.86446
2161        1.60135
2161        5.03432
2161        5.14076
2161        3.79539
2161        4.50915
2161       0.690184
2161       0.536177
2161        2.77028
2161        3.04391
2161        2.64301
2161        3.16395
2161        5.14648
2161        2.67338
2161        5.17102
2161        5.17625
2161      0.0145975
2161        3.68221
2161        5.67434
2161       0.107427
2161       0.184697
2161          2.653
2161        1.48159
2161         6.1115
2161          5.898
2161         3.1272
2161        3.37495
2161        3.33911
2161        2.94876
2161        2.54709
2161       0.724642
2161       0.386119
2161        4.95963
2161        2.47194
2161        1.80707
2161        2.51455
2161        2.35731
2161        2.53174
2161        2.96342
2161        5.63527
2161        4.07575
2161         1.6422
2161        5.96113
2161        6.06785
2161        3.97115
2161       0.887799
2161        2.57005
2161        5.82832
2161        4.85824
2161        3.31548
2161        5.82039
2161        6.13822
2161         1.9215
2161        5.62683
2161        3.52624
2161        2.72437
2161        4.64852
2161        2.71792
2161         3.3996
2161        5.79224
2161        5.99722
2161        5.75031
2161       0.254995
2161        3.98022
2161        3.04443
2161        4.08297
2161       0.821619
2161        5.61665
2161        1.77463
2161        3.36363
2161        5.31763
2161        5.64974
2161        5.60629
2161        3.71178
2161        2.94128
2161        2.62744
2161        5.19988
2161        2.49201
2161        1.97679
2161        5.49927
2161       0.025017
2161        4.95499
2161        1.15787
2161       0.720438
2161        2.69181
2161        4.29495
2161        2.80469
2161       0.349576
2161        5.27622
2161         2.1841
2161        5.93155
2161        2.64811
2161        1.56997
2161        3.33786
2161        6.07108
2161         2.3965
2161       0.363007
2161        4.12764
2161        5.21111
2161        5.20168
2161        1.97672
2161        2.97908
2161       0.853018
2161        3.06831
2161         3.0113
2161         3.0017
2161        2.25578
2161        1.68023
2161        1.76348
2161        3.63652
2161        0.78645
2161         3.9806
2161       0.636781
2161        6.10581
2161        5.92116
2161        2.59312
2161       0.246831
2161         5.8934
2161        2.89689
2161        4.46697
2161        5.37007
2161        6.11868
2161        3.47479
2161       0.412683
2161        1.30907
