2158        5.30739
2158        5.56135
2158       0.185668
2158        4.22583
2158        4.95787
2158        4.96554
2158        2.03763
2158       0.167047
2158       0.614724
2158        4.04064
2158        4.37434
2158        4.32999
2158        1.95231
2158        2.81156
2158        2.70303
2158        4.70682
2158        1.81612
2158        1.70076
2158        1.46232
2158        1.47057
2158        4.74399
2158        1.18803
2158        2.53357
2158        3.48373
2158        3.67626
2158        5.64813
2158        5.11251
2158        2.66495
2158        4.79911
2158        1.73158
2158        3.42784
2158         2.4232
2158       0.792432
2158        5.28842
2158        5.41446
2158       0.476472
2158        5.45444
2158      0.0204863
2158        3.66927
2158        1.48899
2158        2.79485
2158        5.27483
2158         1.6594
2158        1.87015
2158        3.95599
2158        2.64852
2158        5.82134
2158        1.03926
2158        1.89572
2158         3.0823
2158        3.12906
2158        5.09329
2158        2.08583
2158        2.72211
2158        1.05525
2158        5.64643
2158        6.00721
2158        4.23844
2158        5.92275
2158       0.703901
2158        5.05885
2158        4.41227
2158        5.07828
2158        5.44766
2158        1.36331
2158        5.95361
2158        5.87836
2158       0.106846
2158         1.8201
2158        5.80972
2158        5.79249
2158        2.00911
2158        5.87773
2158        1.55199
2158        1.56706
2158        5.91531
2158        2.33483
2158        5.63851
2158        3.60706
2158         5.3224
2158        5.20843
2158        4.50283
2158        0.54473
2158        4.96182
2158        1.19793
2158        5.77215
2158        3.44188
2158        2.02256
2158        1.25543
2158       0.150714
2158        1.98042
2158         4.4463
2158         6.0461
2158        2.51801
2158        2.76877
2158        5.49067
2158        3.98875
2158        4.93075
2158        2.88532
2158        4.30257
2158        2.17493
2158        4.20526
2158        2.23181
2158        4.10547
2158        1.75568
2158         1.5264
2158        5.25533
2158        1.16025
2158        2.52343
2158        6.21482
2158       0.307843
2158        2.18378
2158        4.55953
2158         4.8275
2158        4.33728
2158        2.06136
2158        2.80386
2158        5.65465
2158        2.81654
2158        3.02226
2158        3.53024
2158        1.12613
2158        2.09946
2158        6.07727
2158        3.97973
2158        2.67206
2158        5.85003
2158        5.68775
2158        3.25534
2158        1.23009
2158       0.769368
2158        3.06304
2158        1.52937
2158        4.62192
2158        4.20548
2158        5.68495
2158        5.84818
2158        1.63031
2158        5.19443
2158        1.29162
2158        2.19204
2158        2.54823
2158        1.85623
2158        4.00636
2158        3.02303
2158        5.12559
2158        6.04106
2158        4.17436
2158        3.07493
2158          3.458
2158        1.14792
2158        3.53974
2158        4.64959
2158        1.20724
2158        4.61055
2158        5.20534
2158        4.61105
2158        4.61771
2158        1.71076
2158        4.79065
2158        4.48971
2158        1.66823
2158        2.95287
2158        2.30955
2158        4.06336
2158        1.65178
2158        1.63109
2158        4.93902
2158        4.60113
2158         5.7456
2158       0.779187
2158        4.02266
2158         5.8024
2158        5.17449
2158       0.232024
2158        1.87503
2158        2.47161
2158        5.50823
2158        1.23514
2158       0.569569
2158        4.39082
2158        1.87256
2158        3.66214
2158        4.06822
2158        1.60663
2158        4.08403
2158        3.02612
2158        4.35775
2158        4.81135
2158        2.54593
2158        4.84484
2158        5.07401
2158        5.34396
2158        2.62917
2158        1.43445
2158        2.00927
2158         4.0524
2158         4.2203
2158        4.99733
2158        5.35033
2158         6.1169
2158        2.04212
2158        1.61142
2158        3.82046
2158        1.10676
2158        2.22942
2158        4.82281
2158         1.0774
2158       0.156656
2158        4.69622
2158        2.68927
2158        4.95366
2158        3.55718
2158         3.6555
2158        5.13858
2158        4.86736
2158        4.53788
2158         2.2415
2158        5.67988
2158        2.82368
2158        3.86625
2158        5.46562
2158        3.82762
2158        4.30574
2158        5.99026
2158        2.80471
2158        6.12832
2158         3.4874
2158        1.93556
2158         5.5163
2158        1.62846
2158        1.70699
2158        5.33762
2158       0.703688
2158        5.44773
2158        2.38296
2158        6.09798
2158       0.885893
2158       0.560126
2158        1.31805
2158        5.93332
2158      0.0452612
2158         4.1168
2158        3.20952
2158        1.44714
2158        2.40703
2158        4.88735
2158        1.59474
2158        3.39794
2158        3.33477
2158        3.69206
2158        4.81655
2158        2.88167
2158        6.14184
2158        5.11836
2158         3.4391
2158        3.91426
2158       0.816833
2158        1.44135
2158        2.43804
2158        1.33188
2158        1.88906
2158       0.922921
2158        4.98767
2158         6.1864
2158        1.87087
2158        5.50427
2158        5.29332
2158        1.14527
2158        5.91544
2158        1.13942
2158        2.35358
2158         2.2923
2158        2.46849
2158        1.21194
2158       0.533553
2158        4.19673
2158        1.39951
2158        0.71132
2158        1.49139
2158         3.2133
2158        5.03141
2158        3.53183
2158       0.502876
2158        4.85795
2158        5.69102
2158        2.76984
2158        4.86932
2158        0.65604
2158       0.334847
2158        3.31543
2158       0.416736
2158        4.72693
2158        3.66073
2158        4.92271
2158        4.90842
2158        2.70612
2158        4.77973
2158        1.41007
2158       0.268663
2158        2.12504
2158       0.356904
2158         5.9745
2158        6.06541
2158        4.35051
2158        1.18738
2158        2.02801
2158        1.27251
2158        5.03957
2158        5.36845
2158        0.96148
2158        2.97991
2158        1.48211
2158         5.5977
2158        2.57993
2158        4.17766
2158       0.277191
2158        1.70894
2158        4.38906
2158        2.52146
2158        4.25539
2158        4.10373
2158        3.37999
2158        5.03876
2158      0.0618144
2158        2.93017
2158        1.27985
2158        2.01103
2158        5.47952
2158        1.92803
2158         2.6175
2158        4.37701
2158        3.31116
2158        4.82408
2158        3.70169
2158         4.5899
2158        5.28506
2158        2.39346
2158        4.91363
2158        3.24966
2158        4.52753
2158         3.4224
2158        4.52208
2158       0.709996
2158        4.72623
2158        2.51862
2158        4.47715
2158      0.0729818
2158          2.604
2158        3.50102
2158        3.05663
2158        1.01451
2158        5.09495
2158        1.44301
2158        3.99082
2158        5.75684
2158        2.07096
2158        3.15267
2158        2.96947
2158        0.53029
2158        5.15758
2158        0.57464
2158        1.91986
2158        5.28413
2158        2.52202
2158        5.89452
2158        1.14842
2158        1.44143
2158        1.85434
2158        4.58074
2158        5.83562
2158        1.08359
2158        5.95085
2158        3.73326
2158        2.29994
2158        6.09868
2158       0.306018
2158        2.92308
2158        5.99766
2158        2.12707
2158        4.40445
2158         2.4107
2158        4.67163
2158        4.99397
2158        3.27403
2158        1.34107
2158        4.48582
2158       0.721882
2158       0.604455
2158        3.01925
2158        5.55599
2158        3.49646
2158        5.11534
2158       0.240701
2158         2.5082
2158        2.02824
2158        5.40693
2158        4.27235
2158        4.99051
2158        2.38407
2158        1.19169
2158        4.68911
2158       0.607935
2158        0.90333
2158         6.0908
2158        5.22144
2158        1.82564
2158        2.32277
2158        1.29701
2158        1.72491
2158        1.47015
2158        3.51422
2158        4.51455
2158         5.1183
2158        2.13139
2158        5.31606
2158        2.31745
2158        4.13717
2158        4.40594
2158        5.23415
2158        5.63266
2158        1.70549
2158        2.35563
2158        1.50171
2158        5.29622
2158        5.65522
2158        5.03165
2158        5.99532
2158        1.10818
2158        2.66532
2158        2.85938
2158       0.118445
2158        3.18835
2158        1.85371
2158        4.26084
2158        4.31951
2158        3.75266
2158        5.82498
2158        2.35856
2158         6.1686
2158        6.03532
2158        1.86737
2158        4.30808
2158        5.45648
2158        2.31063
2158        3.16955
2158        5.59641
2158        1.59318
2158         1.2759
2158        5.20918
2158        4.72225
2158        1.76517
2158        2.61658
2158         2.3599
2158        2.97766
2158        1.47262
2158       0.937817
2158        5.13418
2158        4.57845
2158        1.70573
2158        1.68606
2158        4.69633
2158        5.65373
2158        1.83553
2158        1.90097
2158        4.85045
2158        3.03701
2158        2.48574
2158        3.05952
2158        4.46722
2158        1.51107
2158        1.69962
2158        4.89444
2158        0.43827
