2791        4.07998
2791        4.26097
2791        6.16282
2791        2.10714
2791        3.30749
2791        4.94179
2791        4.69449
2791        1.58112
2791        6.21858
2791         2.7262
2791        5.09053
2791        1.56619
2791        5.20311
2791        2.75844
2791        3.02025
2791       0.933213
2791        5.41077
2791         2.0453
2791        3.21787
2791        1.74855
2791        2.01719
2791        1.80561
2791       0.644049
2791         3.2169
2791        1.86025
2791        3.25285
2791        4.03084
2791         1.7896
2791        3.17759
2791        4.51727
2791        5.43396
2791        2.71091
2791        3.21962
2791       0.949479
2791        5.12971
2791        1.53345
2791        1.88982
2791        4.44329
2791        5.45791
2791        4.65024
2791         1.0741
2791        2.33607
2791        3.61714
2791         3.7831
2791        2.66167
2791         1.7034
2791        3.75352
2791        2.18284
2791        5.75361
2791        3.96155
2791        0.90784
2791        2.45563
2791        1.72137
2791        2.42027
2791        2.51061
2791        4.58672
2791       0.513168
2791        1.71913
2791       0.428944
2791        5.35557
2791       0.153718
2791       0.327088
2791         2.9614
2791       0.527396
2791         6.2091
2791        3.98096
2791        4.70282
2791        2.02374
2791        3.60136
2791        5.03207
2791       0.432748
2791        2.85835
2791        6.20424
2791        3.07563
2791        0.86603
2791        4.46108
2791       0.175584
2791        1.39354
2791        5.00737
2791        1.42649
2791        5.50694
2791        2.10889
2791        4.61734
2791        5.88801
2791        2.22292
2791       0.570416
2791        4.52425
2791        3.63483
2791        2.08255
2791        4.17456
2791       0.686131
2791        5.48639
2791        5.43966
2791        2.85576
2791        4.40272
2791        4.63254
2791        3.50129
2791        3.94753
2791        5.45814
2791        4.47043
2791        2.57322
2791        2.92202
2791        1.99178
2791        4.40325
2791        2.30386
2791        4.54575
2791        1.55666
2791        2.38121
2791        5.77092
2791        3.59329
2791         5.5147
2791        3.92581
2791       0.879408
2791        5.60863
2791        5.42763
2791        2.77151
2791       0.254938
2791        4.34251
2791        1.10059
2791        1.92035
2791        5.37675
2791         4.3465
2791       0.966261
2791         2.9011
2791        4.47529
2791        2.48579
2791        2.27337
2791        6.03775
2791         1.1058
2791        2.02746
2791        2.67064
2791        5.44419
2791        5.99345
2791        1.73111
2791        3.71026
2791        4.74122
2791        1.92778
2791        2.51373
2791        4.98114
2791        6.09672
2791         2.5848
2791        3.85265
2791        1.53802
2791        1.73816
2791        4.03512
2791        2.06722
2791         4.8239
2791        1.76735
2791        6.18621
2791       0.679128
2791        4.60526
2791        2.64855
2791         5.6619
2791        4.72927
2791        5.55001
2791        2.61627
2791        2.39509
2791       0.210024
2791        2.25067
2791        3.54811
2791        3.01264
2791        3.38022
2791        1.93211
2791        5.91127
2791       0.908962
2791        3.82998
2791        1.61929
2791        5.10832
2791        0.75687
2791       0.786639
2791        1.18265
2791        5.24788
2791        5.26429
2791       0.132925
2791        3.91691
2791        0.87721
2791      0.0737476
2791        4.60212
2791       0.552981
2791        1.36777
2791        3.79016
2791        1.79031
2791         2.1235
2791        3.47625
2791        4.44314
2791        2.96433
2791        5.32915
2791       0.826226
2791        3.49685
2791        3.14599
2791        2.15939
2791        4.00555
2791        5.22025
2791        6.17272
2791         5.2077
2791       0.481683
2791        4.17089
2791        2.61999
2791        3.20309
2791       0.435592
2791        2.24447
2791        5.35666
2791       0.120536
2791         2.8504
2791        2.28955
2791       0.254994
2791        5.96807
2791         5.3288
2791        1.64886
2791        1.96219
2791        4.25452
2791        0.65416
2791        5.35204
2791        2.18742
2791        2.46316
2791        1.43842
2791        3.73108
2791        6.04348
2791        1.49196
2791          3.691
2791        1.35606
2791        4.67746
2791        3.54793
2791        3.81248
2791       0.703999
2791        4.05509
2791        5.39614
2791        4.45281
2791        2.28553
2791         3.4277
2791        4.39871
2791        3.57943
2791        2.95953
2791        4.07105
2791        1.03337
2791         4.4054
2791        2.78503
2791        3.39388
2791        1.98965
2791       0.931451
2791        3.88071
2791        4.44041
2791        3.80503
2791        4.92189
2791        4.76402
2791        3.40289
2791        1.13101
2791        4.32492
2791        2.21237
2791        2.32281
2791        2.62696
2791        4.24649
2791        5.17365
2791        1.91231
2791        2.64584
2791        1.48401
2791        2.61547
2791         2.8642
2791        4.36074
2791        1.16845
2791        2.33624
2791        2.41502
2791        5.32438
2791        5.07869
2791        1.45936
2791        1.85788
2791        4.90837
2791        2.15527
2791       0.278277
2791        2.83836
2791          3.391
2791        5.32694
2791       0.365581
2791        4.35113
2791        2.05478
2791        5.14723
2791       0.849418
2791        4.63813
2791        4.19044
2791       0.240848
2791        4.64187
2791        5.63406
2791        2.39545
2791        5.35316
2791       0.772218
2791        2.12957
2791       0.190938
2791        1.83284
2791         5.1237
2791        3.68069
2791        5.25972
2791        3.46264
2791         2.6621
2791        5.99139
2791        5.56311
2791        2.96081
2791        5.10471
2791        5.78631
2791        2.04207
2791       0.506448
2791        6.23571
2791        4.71653
2791        6.01367
2791        4.71378
2791        1.63606
2791         3.9168
2791        4.21027
2791        2.23366
2791        1.19557
2791        1.02356
2791        2.09941
2791       0.459603
2791        4.62987
2791        4.58765
2791        5.16201
2791        2.48169
2791        6.08439
2791        5.53602
2791        5.36921
2791         1.8043
2791        2.78174
2791        4.49011
2791        3.90238
2791        2.70338
2791        4.55064
2791        5.16791
2791        4.40214
2791        1.94935
2791        5.27284
2791        1.58864
2791        2.13435
2791        6.25119
2791       0.799839
2791        5.71463
2791        5.11272
2791       0.437954
2791        5.03215
2791       0.641833
2791        5.34153
2791        4.38772
2791        4.47128
2791        1.85762
2791         1.8757
2791        1.44946
2791        5.13334
2791       0.451167
2791        1.89796
2791        2.20009
2791       0.815677
2791        2.41208
2791        5.23697
2791       0.142087
2791        4.14113
2791        3.47559
2791      0.0725886
2791        5.66844
2791        1.09307
2791        4.81626
2791        1.40948
2791        2.80921
2791        3.71509
2791        6.00116
2791        1.41958
2791         1.4257
2791        0.83211
2791        3.39255
2791         5.1911
2791        1.61474
2791        2.41629
2791        4.12387
2791        3.26221
2791        4.53653
2791        3.98284
2791        5.60763
2791        1.98141
2791        4.90817
2791         4.6697
2791        1.29206
2791       0.572486
2791        2.38763
2791        5.79641
2791        5.30677
2791        2.36042
2791        2.91892
2791        4.85878
2791        1.94503
2791       0.481738
2791       0.821886
2791        4.78724
2791       0.597622
2791        4.22918
2791         2.1815
2791       0.899632
2791        2.76301
2791        5.10305
2791       0.945522
2791        2.46065
2791         2.9647
2791        1.44066
2791        2.12487
2791        5.32805
2791         5.1448
2791        4.53209
2791        5.15215
2791        4.27195
2791        6.21612
2791       0.430109
2791         5.4973
2791        1.50217
2791        2.72517
2791        5.08865
2791        1.12841
2791       0.941009
2791        5.57637
2791       0.314772
2791        4.23189
2791         1.2466
2791        3.49324
2791        5.10497
2791        6.12073
2791        1.78377
2791        1.82776
2791        4.51736
2791        1.13661
2791       0.809211
2791        6.02092
2791        1.27451
2791        1.07763
2791        1.52801
2791        3.33466
2791        1.08544
2791        4.14999
2791        0.17204
2791        2.53382
2791       0.403611
2791        1.52326
2791        4.84771
2791        4.32585
2791        1.78865
2791        2.29275
2791        4.39889
2791        2.66116
2791        5.96779
2791         1.7352
2791        4.24267
2791       0.898568
2791        4.14784
2791        5.27708
2791        1.98278
2791       0.372346
2791          2.171
2791        3.99264
2791        1.79672
2791        5.93914
2791        1.87213
2791        4.63078
2791        5.36017
2791        4.15571
2791        4.16602
2791        1.90872
2791        1.10039
2791         4.4377
2791        3.14298
2791        2.06039
2791        4.23402
2791        2.98572
2791        2.29867
2791        4.95981
2791        4.11651
2791        3.72355
2791         1.7027
2791        3.49282
2791        1.31673
2791        1.10916
2791      0.0573579
2791        4.36713
2791          3.282
2791       0.645445
2791        5.98747
2791       0.309607
2791        5.86411
2791        1.45691
2791        3.70118
2791        2.06552
2791        4.87891
2791         3.7627
2791        3.69596
2791        2.12613
2791        3.16423
2791        1.39569
2791        1.30114
2791       0.935194
2791        3.75583
2791        2.26258
2791        2.00148
2791        1.34552
2791        3.76098
2791        1.90177
2791        2.08003
2791        2.94466
2791        2.39037
2791       0.257258
2791        4.41618
2791        5.94192
2791        5.43459
2791         1.4163
2791        1.56137
2791        3.36515
2791        6.25799
2791        1.01143
2791         1.7887
2791        5.78059
2791        4.87045
2791        1.66786
2791        1.10723
2791        4.25635
2791        2.29647
2791        3.82953
2791        2.61198
2791        4.93391
2791        3.80531
2791        2.42955
2791        1.84177
2791         2.7078
2791        4.39823
2791        2.32356
2791        4.58048
2791       0.549539
2791        5.90368
2791        3.30301
2791        1.92201
2791        2.11639
2791        3.12811
2791        3.89737
2791        5.60626
2791        5.14834
2791        2.32896
2791        5.80145
2791        5.31222
2791        1.20774
2791       0.272935
2791        5.88447
2791        4.67248
2791         4.4827
2791        5.61637
2791        1.33649
2791        2.64118
2791        1.22206
2791        5.89892
2791        1.30927
2791        3.41876
2791        6.21398
2791        4.75153
2791        4.12694
2791        3.59451
2791        4.40914
2791        4.88699
2791        4.06406
2791        5.74078
2791         3.8397
2791        2.34987
2791        1.12838
2791         1.4204
2791        5.81868
2791        5.29127
2791        5.19016
2791          4.823
2791        1.03674
2791        3.85334
2791        5.43098
2791          3.131
2791        1.91628
2791        1.58598
2791        5.00513
2791        0.84443
2791        4.79859
2791         1.4544
2791         5.6194
2791        6.04529
2791        1.20454
2791        3.64111
2791        2.08265
2791       0.806109
2791        3.45051
2791        1.67188
2791        1.00051
2791        4.92084
2791        2.07801
2791        2.57659
2791        3.54881
2791        5.69758
2791         4.2702
2791         4.7273
2791        5.15889
2791        2.28326
2791       0.773079
2791        3.40373
2791        5.04294
2791         4.6392
2791        2.57387
2791        3.77488
2791        3.90698
2791        4.94957
2791        1.36286
2791        3.02275
2791         2.0721
2791        2.80322
2791        1.24051
2791        1.12007
2791        3.76669
2791        1.42305
2791        3.10577
2791       0.982182
2791        2.02692
2791       0.927371
2791        5.31109
2791        2.35567
2791         5.4546
2791        4.17719
2791        2.20099
2791        4.17449
2791        4.01784
2791        1.65822
2791        1.92734
2791       0.103939
2791        3.51233
2791        1.27588
2791        4.06009
2791        4.50304
2791        5.35003
2791        1.28963
2791         4.0989
2791        2.36855
2791        2.93893
2791        3.77204
2791        2.48298
2791        2.31256
2791        1.38365
2791        1.65669
2791       0.607208
2791        5.30241
2791        4.87437
2791        2.22613
2791       0.992611
2791         4.9338
2791         2.6238
2791        1.57809
2791        5.13056
2791       0.482295
2791        5.71202
2791        3.87551
2791         5.1967
2791        5.05458
2791        2.33693
2791        3.08903
2791        3.95539
2791        4.70147
2791        4.83819
2791       0.939225
2791        2.10704
2791        2.10801
2791       0.895726
2791        5.85985
2791        2.49089
2791        0.89812
2791        1.74215
2791        4.65188
2791        4.01838
2791        4.44532
2791        1.86689
2791        4.57623
2791          3.604
2791        5.38163
2791        3.51366
2791        5.82575
2791        1.81762
2791        1.77993
2791        1.61359
2791        1.33602
2791        1.22666
2791        2.06663
2791        4.06894
2791        1.51479
2791        5.71567
2791        4.78326
2791        1.89461
2791        2.44867
2791        2.32045
2791        5.02156
2791        2.08989
2791        2.84476
2791        3.52037
2791       0.669205
2791       0.541568
2791        2.60713
2791        4.72658
2791        4.46934
2791        3.86977
2791        1.83721
2791        4.65289
2791        4.13301
2791        2.75212
2791        3.90733
2791       0.212514
2791        5.00828
2791        5.25293
2791        4.87846
2791        5.58332
2791        1.28885
2791         2.4382
2791        1.62253
2791        4.18353
2791        2.31063
2791         5.9344
2791        1.47235
2791        2.73756
2791        3.49387
2791        1.62206
2791       0.172738
2791        3.78438
2791       0.503503
2791        2.71785
2791        1.62771
2791       0.276908
2791        4.15281
2791        4.70266
2791        4.54667
2791        2.59867
2791        2.74783
2791        2.85333
2791        4.43506
2791        4.50649
2791        1.48377
2791        6.09385
2791        4.75033
2791       0.023012
2791         1.3001
2791        1.68905
2791      0.0686334
2791        3.49007
2791        3.80209
2791       0.940991
2791        1.45791
2791        3.64153
2791        5.39365
2791        5.35602
2791       0.566923
2791        1.68326
2791        1.44866
2791       0.927958
2791        3.74293
2791         3.7344
2791       0.643096
2791        3.69801
2791        3.82299
2791        1.80145
2791        4.75798
2791        1.20561
2791        1.87505
2791        1.24657
2791        4.23908
2791        5.24215
2791        4.02916
2791        1.85226
2791        3.33051
2791        1.97534
2791        3.56194
2791        5.62916
2791        1.17343
2791        4.38814
2791        2.20138
2791        1.87258
2791       0.819146
2791        1.62191
2791        2.60223
2791       0.804844
2791        4.79567
2791        3.19545
2791        4.77562
2791        2.99832
2791        1.64956
2791        4.81079
2791        6.23301
2791        4.99141
2791        4.41916
2791        2.95599
2791         5.2297
2791        2.98771
2791        5.03783
2791        1.06887
2791        4.47932
2791       0.951683
2791        4.50476
2791        2.09201
2791        4.89615
2791       0.279506
2791         1.0811
2791          4.391
2791        6.14289
2791        5.01042
2791        1.27952
2791        1.87445
2791        5.62973
2791         3.1498
2791        2.86177
2791        1.81873
2791        4.70621
2791        4.57736
2791        1.15981
2791      0.0888051
2791        2.56173
2791        1.40762
2791        5.11529
2791        5.02049
2791        2.63826
2791        4.93446
2791        5.27594
2791        5.96327
2791        1.46538
2791        2.72608
2791        1.22022
2791        2.37096
2791        4.84256
2791        5.49597
2791        4.59482
2791        3.96845
2791          5.169
2791        3.18142
2791        1.16939
2791        2.78227
2791        4.71615
2791        3.79544
2791        4.50215
2791        4.57107
2791        1.40272
2791        2.74505
2791       0.656341
2791        4.34654
2791        3.12585
2791        2.92064
2791        1.71155
2791       0.779943
2791        3.11433
2791       0.442176
2791        1.64792
2791        5.33408
2791        4.96368
2791       0.122738
2791        2.18465
2791         3.3608
2791         4.2658
2791        4.92628
2791        3.10914
2791        5.29112
2791        4.67337
2791         2.7679
2791        2.01007
2791        1.78489
2791        1.04785
2791        1.82328
2791        5.49326
2791          4.785
2791        2.13334
2791       0.160248
2791         4.2607
2791        4.82595
2791        4.70635
2791        4.04786
2791        5.17909
2791        3.94862
2791        5.39611
2791        1.15947
2791        5.43379
2791        2.66314
2791        3.66493
2791        3.15961
2791        2.04043
2791        1.90467
2791        1.93375
2791        4.55004
2791        4.42381
2791        6.17902
2791        3.75323
2791        3.98733
2791        5.14809
2791        1.01999
2791        6.23338
2791        1.63047
2791        6.25868
2791        4.40609
2791        1.86976
2791         2.7675
2791       0.861602
2791        5.13594
2791        1.01484
2791        2.17622
2791        3.85058
2791        2.52249
2791        1.58494
2791        2.82657
2791        3.71413
2791        4.90745
2791        4.55507
2791        1.85751
2791        5.61279
2791        4.03955
2791        3.87973
2791       0.885075
2791        1.14337
2791        0.45292
2791        1.84007
2791        5.22385
2791        1.87013
2791        4.56512
2791        2.89402
2791       0.269197
2791        2.75681
2791        2.38065
2791        1.67345
2791         4.8212
2791        5.81822
2791        2.55224
2791        5.61308
2791        5.96603
2791        3.42614
2791        5.15813
2791        0.18725
2791       0.799874
2791        1.99898
2791         2.4769
2791        2.55277
2791        2.08312
2791        1.44822
2791        5.04579
2791        5.71684
2791        1.49069
2791        2.85132
2791        4.90287
2791        5.41921
2791       0.852686
2791        4.59665
2791        4.11241
2791        4.18643
2791        1.92857
2791        4.18581
2791        3.12688
2791       0.263033
2791        2.00117
2791      0.0777067
2791        1.74163
2791        5.14083
2791        4.76168
2791      0.0923111
2791        3.39177
2791        3.66476
2791        5.37188
2791        2.77798
2791        4.40144
2791        3.67368
2791        4.64266
2791        2.98279
2791        5.19187
2791       0.692214
2791        5.78978
2791        3.69579
2791         1.1813
2791        4.38796
2791        1.91444
2791        4.03268
2791        4.21691
2791      0.0563579
2791        5.07497
2791        3.59279
2791        1.45423
2791        6.18346
2791        5.40304
2791        4.26317
2791         1.9016
2791        4.10884
2791          3.375
2791        2.76672
2791        4.14875
2791        5.70625
2791        1.93984
2791        2.11275
2791       0.874634
2791        3.28458
2791        1.10187
2791        5.41163
2791        6.25447
2791          1.971
2791        4.16962
2791        1.72665
2791        5.02874
2791        4.32804
2791        1.55228
2791        2.32399
2791        1.60263
2791        4.88841
2791        1.76336
2791         5.8682
2791       0.108986
2791        2.68422
2791         3.8353
2791        1.36058
2791         5.1352
2791      0.0568589
2791        2.52111
2791        4.88549
2791        6.02312
2791        2.83674
2791        4.16246
2791        2.15176
2791        1.73979
2791        4.68274
2791        1.22325
2791        1.18809
2791        1.35555
2791        4.88163
2791        1.03488
2791       0.864435
2791       0.330485
2791       0.645524
2791        4.18107
2791         1.0427
2791        1.25073
2791        5.48336
2791       0.208265
2791        4.86096
2791        4.81107
2791        4.40818
2791        4.19425
2791        5.15412
2791        3.99671
2791         1.7263
2791        4.23889
2791        5.28606
2791          3.564
2791        1.20288
2791        2.58352
2791        1.22218
2791        1.35839
2791        5.65145
2791        2.91243
2791        1.57376
2791       0.751797
2791        5.89379
2791        4.83485
2791       0.914443
2791       0.683621
2791        4.77533
2791       0.210524
2791        5.61262
2791        3.15634
2791        5.88959
2791        4.37821
2791        1.34847
2791        1.01971
2791        1.32784
2791       0.193792
2791        2.29224
2791        2.88695
2791       0.550481
2791       0.493901
2791        4.92639
2791        4.07063
2791        5.37328
2791        5.32258
2791        3.07589
2791        3.02956
2791        3.70352
2791        5.88128
2791        2.77745
2791        5.08102
2791        5.08719
2791        5.90462
2791        1.02025
2791        5.38328
2791        3.52709
2791        1.99582
2791        4.45016
2791        4.21876
2791         2.3646
2791         3.7683
2791        4.59268
2791        1.55428
2791       0.074832
2791        1.81864
2791        2.42295
2791        4.53776
2791        2.43354
2791        5.06096
2791        5.39223
2791        4.38257
2791        1.57539
2791        3.21134
2791        2.78993
2791        2.16614
2791        4.77737
2791        6.18126
2791       0.468828
2791       0.766383
2791       0.548411
2791        2.46462
2791        5.16749
2791        2.42283
2791        4.50619
2791        5.03172
2791        1.29269
2791        1.48858
2791        3.68992
2791        1.60721
2791          4.266
2791        4.00341
2791        2.61045
2791        4.87065
2791        2.74757
2791         4.3466
2791        5.97159
2791        3.45408
2791        6.07611
2791       0.444613
2791        1.12104
2791        5.06736
2791        3.89736
2791        1.64309
2791        5.61136
2791       0.532462
2791       0.740961
2791        6.18584
2791        3.08317
2791        4.52529
2791        4.84521
2791        6.27422
2791        4.44288
2791         2.9607
2791         2.0041
2791        5.77396
2791        1.12482
2791        2.49284
2791        3.55072
2791        1.77258
2791        1.55256
2791        3.32995
2791        3.50006
2791        0.33656
2791        1.72801
2791         2.7554
2791         2.1496
2791        3.56138
2791        1.27658
2791        2.58656
2791        4.80194
2791        4.08746
2791        6.03396
2791        2.64013
2791       0.676584
2791        1.41718
2791        2.01589
2791        1.48702
2791        2.04562
2791          1.821
2791        3.45476
2791        2.41395
2791        3.27959
2791        4.69781
2791        5.12966
2791        1.19786
2791        5.74333
2791        4.16957
2791         2.6213
2791        3.61769
2791        4.04045
2791        5.41453
2791        3.96552
2791        5.24477
2791        2.49429
2791        3.69338
2791        3.20839
2791        3.58332
2791        2.09968
2791        1.77059
2791        2.81159
2791       0.894782
2791        1.27245
2791         4.1772
2791        1.78814
2791        5.21839
2791        3.53127
2791        1.37717
2791        6.13977
2791        1.39507
2791        2.03283
2791      0.0160699
2791        1.85546
2791        4.43938
2791        2.38334
2791        5.97188
2791       0.934024
2791        1.61315
2791        3.93049
2791        2.67247
2791        1.69048
2791        4.79886
2791       0.950655
2791        2.11855
2791        4.97499
2791        5.35568
2791        2.21602
2791        3.60589
2791        2.53099
2791       0.273544
2791         1.1084
2791        3.28376
2791       0.879467
2791        1.08572
2791        2.26924
2791        5.42912
2791         1.9112
2791       0.669464
2791        5.78366
2791        5.39656
2791        4.45406
2791        5.09825
2791        4.62304
2791        4.75854
2791        1.03804
2791        3.75706
2791        3.21187
2791         2.6802
2791        1.62427
2791        2.58249
2791        4.79364
2791        4.65967
2791        5.16423
2791        2.83764
2791        3.57115
2791        4.47709
2791        6.17971
2791        2.57595
2791        6.04097
2791        3.14172
2791        5.07297
2791        3.51604
2791        1.79313
2791       0.329271
2791        6.18769
2791        3.78828
2791        4.29711
2791        1.88607
2791        3.79127
2791         2.7546
2791        2.04695
2791        2.77167
2791        2.74894
2791        6.20276
2791         4.4761
2791        2.75484
2791        3.36367
2791        6.16858
2791       0.946392
2791       0.887149
2791        3.92576
2791        4.86506
2791        4.52313
2791        1.21954
2791        4.97309
2791       0.724147
2791        1.39661
2791        1.91104
2791         0.5918
2791       0.316988
2791        4.86806
2791        5.95725
2791        2.91246
2791        2.27225
2791        1.92486
2791        2.21943
2791        4.54628
2791        3.92725
2791        1.85571
2791       0.566297
2791         3.1684
2791        3.31724
2791          1.438
2791        3.85825
2791        1.81061
2791        1.09907
2791        3.56768
2791       0.654663
2791        3.77446
2791        3.39877
2791        2.40396
2791       0.604153
2791        1.38785
2791        5.49289
2791          1.791
2791        1.54939
2791        1.47989
2791         5.4415
2791        2.29306
2791        3.05204
2791        2.31684
2791        3.03294
2791        4.57177
2791         2.9425
2791        1.70104
2791        5.12753
2791       0.734825
2791        5.70609
2791        4.49627
2791        2.33327
2791        3.18386
2791        5.41661
2791        3.07849
2791         1.2205
2791        1.80653
2791         2.0396
2791        5.75977
2791        4.43574
2791        1.16827
2791        5.63247
2791        5.20766
2791        3.04317
2791       0.124531
2791       0.320275
2791        4.15286
2791        4.76973
2791        6.09688
2791        4.08278
2791       0.199657
2791        4.63939
2791        3.99949
2791        1.14076
2791        3.52224
2791        1.89009
2791        3.02991
2791        4.70715
2791        3.70311
2791        5.61943
2791         1.8684
2791        5.87214
2791         5.5349
2791        1.78891
2791        3.46039
2791        0.25994
2791        4.09587
2791        4.83092
2791        3.82032
2791        3.56346
2791       0.219993
2791        3.73782
2791        2.25117
2791         1.6557
2791        5.16809
2791        3.33056
2791        1.09086
2791       0.481828
2791        1.01444
2791          4.889
2791        5.33185
2791        4.03252
2791        5.08399
2791        2.37888
2791        5.73407
2791          2.318
2791        3.59895
2791       0.799008
2791        1.67031
2791        1.51866
2791        5.76762
2791        5.72575
2791        5.78235
2791        2.49936
2791        5.13547
2791        5.67842
2791        3.47012
2791        3.87387
2791        4.04691
2791        2.23857
2791        3.85178
2791       0.775996
2791        2.70222
2791         5.0494
2791        4.25708
2791        3.65967
2791        3.04487
2791        2.83582
2791         1.5381
2791     0.00690739
2791        4.93295
2791        0.83157
2791        4.28128
2791        1.45455
2791        4.82741
2791        1.92711
2791       0.998395
2791        4.51386
2791         2.0507
2791        1.48242
2791        1.79565
2791        4.10554
2791        3.97532
2791       0.110183
2791        1.98973
2791        2.29375
2791        4.63481
2791        6.13817
2791        2.16257
2791        5.84201
2791       0.751515
2791        6.09929
2791        3.65367
2791       0.923759
2791        5.22648
2791        2.24193
2791        1.52337
2791        2.24683
2791        5.63597
2791       0.599813
2791       0.896483
2791        2.55353
2791        5.06398
2791        3.23408
2791        5.04187
2791        2.88644
2791        4.24446
2791        1.74462
2791        4.66216
2791        5.10359
2791        4.87587
2791        2.33348
2791        5.57516
2791       0.629477
2791        2.07864
2791        1.84022
2791       0.842079
2791       0.862151
2791         2.5526
2791        6.14507
2791        2.53265
2791        3.64799
2791       0.231715
2791        4.68079
2791        4.70955
2791        3.51452
2791        2.14366
2791        1.78772
2791        2.95604
2791        1.39108
2791        5.55624
2791        2.01175
2791       0.681607
2791         1.5618
2791       0.290579
2791        4.14434
2791        3.38461
2791        3.56561
2791        2.29021
2791           1.18
2791        5.29414
2791        1.59726
2791        3.41535
2791        2.10788
2791        2.97206
2791          4.588
2791         3.5773
2791        1.23597
2791        3.25262
2791         5.8563
2791         4.7932
2791        0.14641
2791        5.47459
2791        3.12145
2791        1.27721
2791        4.08221
2791        3.80621
2791        4.36524
2791        4.18819
2791        2.10975
2791        0.51774
2791      0.0365757
2791        4.00685
2791       0.572356
2791        1.05312
2791        1.26323
2791        1.21285
2791         1.9641
2791        3.15162
2791        1.77569
2791        5.13542
2791       0.532524
2791        2.94874
2791        2.99378
2791       0.847652
2791      0.0773591
2791        3.84831
2791        2.82888
2791        2.05958
2791        3.93523
2791        4.95892
2791        5.14922
2791        5.14261
2791         1.4157
2791       0.730343
2791       0.229786
2791       0.713684
2791        2.14199
2791        1.04735
2791        3.64847
2791        1.91387
2791        1.83052
2791        3.29123
2791        3.73595
2791        2.24068
2791        1.15354
2791        5.18821
2791       0.220168
2791       0.937306
2791        5.96097
2791        6.21787
2791        0.39308
2791        3.59181
2791        2.42821
2791       0.998718
2791         3.4066
2791        3.62802
2791        4.61639
2791        3.72276
2791        1.33477
2791        5.43055
2791         1.6024
2791       0.167477
2791         2.6769
2791       0.321066
2791       0.316496
2791        5.07346
2791       0.926487
2791        1.95092
2791        4.36518
2791        1.58796
2791        6.03887
2791       0.820598
2791        3.00515
2791        4.90553
2791        1.94722
2791        4.32653
2791        2.49483
2791       0.294214
2791       0.603834
2791       0.862608
2791        1.08355
2791        4.08112
2791        5.37026
2791        2.30325
2791       0.723959
2791        3.07528
2791        4.06119
2791         2.1041
2791        5.42331
2791        5.33207
2791        5.62847
2791        4.13155
2791        0.27523
2791        3.30244
2791       0.493229
2791        3.49901
2791        3.79208
2791        2.75393
2791        5.85105
2791       0.172655
2791        3.55111
2791        5.97602
2791         5.0324
2791       0.835259
2791        4.38638
2791         1.5033
2791         3.5414
2791        2.63486
2791        4.23799
2791        3.17376
2791        4.22438
2791        2.27567
2791        2.06384
2791        3.05777
2791        4.37884
2791       0.435681
2791        5.04343
2791        2.96125
2791        4.19642
2791        1.31867
2791        2.12795
2791        2.46831
2791        1.51419
2791       0.355122
2791        1.33769
2791        2.59764
2791        0.76386
2791        1.94788
2791        3.01019
2791        2.61338
2791        5.02195
2791        2.04153
2791       0.987916
2791       0.829149
2791        1.74749
2791         5.1354
2791        4.28619
2791        1.19128
2791        3.55568
2791        4.87009
2791        1.61128
2791        2.70545
2791        1.93837
2791        6.07791
2791       0.910027
2791        2.81837
2791       0.918528
2791         6.0127
2791        2.01518
2791        4.68282
2791        5.24043
2791        1.69827
2791        4.79088
2791        1.74974
2791        4.95845
2791        4.85225
2791        1.47136
2791        5.66613
2791        4.94814
2791        2.10407
2791        1.75932
2791        2.00777
2791        2.87727
2791        1.62424
2791         1.0895
2791        5.35449
2791        4.87926
2791       0.174718
2791        0.71248
2791       0.977618
2791        5.71696
2791        1.71331
2791        2.11978
2791        5.37925
2791        3.68535
2791        3.95535
2791        1.59817
2791        6.15149
2791        4.26912
2791        1.12188
2791        1.91439
2791       0.683716
2791        1.91652
2791         3.2301
2791        1.51467
2791        1.56254
2791       0.301699
2791        4.31057
2791        1.27455
2791        3.50685
2791       0.205603
2791         1.3863
2791        2.30333
2791       0.124416
2791        2.07488
2791       0.859829
2791        1.98937
2791        1.56514
2791       0.966994
2791        5.53562
2791        4.62379
2791        4.58568
2791        2.17978
2791        3.45505
2791        4.31753
2791        2.34348
2791        4.88651
2791        2.57569
2791        2.78184
2791        6.12131
2791       0.263651
2791           4.84
2791       0.638648
2791        5.48272
2791        4.73448
2791       0.500118
2791        5.66357
2791        2.29909
2791       0.958242
2791        3.60621
2791        3.24192
2791        1.51196
2791        1.32669
2791        1.38867
2791        3.75187
2791        1.64748
2791        4.07005
2791       0.204297
2791        1.95758
2791        4.85672
2791        5.22715
2791        4.64471
2791        5.58795
2791        3.23467
2791        2.25803
2791        4.74628
2791        3.74371
2791        2.20986
2791        3.58023
2791        3.11579
2791        5.56836
2791         4.0653
2791      0.0757232
2791        4.02664
2791        2.29687
2791        3.00116
2791         3.8495
2791        5.73198
2791       0.990535
2791        6.23571
2791        5.60613
2791        4.39152
2791        2.38249
2791       0.761698
2791        4.86435
2791        2.35674
2791         2.6321
2791        5.92672
2791        4.66666
2791         1.1708
2791        6.04481
2791        2.29189
2791       0.918525
2791       0.682197
2791        1.39149
2791       0.462168
2791        2.74631
2791        2.86195
2791        4.58316
2791        1.93571
2791      0.0717721
2791        2.19709
2791        1.44176
2791        2.66451
2791        4.10207
2791        4.37819
2791        5.54436
2791        1.21606
2791        2.04308
2791        6.01725
2791        1.32912
2791        5.50846
2791        2.34332
2791        1.50444
2791        6.23743
2791        2.96903
2791       0.286567
2791        5.00105
2791        1.58227
2791        1.41126
2791        1.24344
2791        1.68616
2791        2.13686
2791        4.73532
2791        5.01667
2791        3.09322
2791        4.60613
2791      0.0316448
2791        5.48893
2791        1.76812
2791         1.6052
2791       0.264728
2791        1.83499
2791        2.64578
2791        4.04095
2791        3.68266
2791        3.50731
2791        6.18949
2791        4.81948
2791        2.14943
2791        6.04607
2791        2.63809
2791        4.86719
2791        5.67946
2791         4.4117
2791        1.15189
2791       0.548949
2791       0.604943
2791        3.95916
2791        1.86356
2791        2.50727
2791        1.66598
2791        5.88266
2791        2.74985
2791        4.94356
2791        1.10556
2791         2.5982
2791         4.6074
2791        4.39167
2791         2.5919
2791        3.13463
2791        3.66767
2791        4.82313
2791        4.64141
2791        1.12916
2791        5.08753
2791        1.78067
2791       0.897797
2791        1.62391
2791        4.32184
2791        1.21112
2791        4.26407
2791        5.39437
2791        2.60798
2791       0.807224
2791        1.65742
2791        4.93941
2791        6.24766
2791        5.94994
2791         5.0755
2791        1.35767
2791        1.05182
2791        2.34296
2791        1.67554
2791        1.95647
2791       0.462634
2791        1.63788
2791        3.09213
2791        5.93969
2791        1.53441
2791      0.0944042
2791        6.10177
2791         1.0344
2791        0.52606
2791        2.02753
2791        2.33223
2791        2.07742
2791        1.98632
2791       0.861234
2791        1.95453
2791        2.72618
2791        4.80913
2791        4.64558
2791        1.33487
2791        2.71425
2791        3.56891
2791        1.88365
2791       0.343769
2791        1.87109
2791        4.75541
2791        1.68403
2791        2.76168
2791        1.98961
2791         5.1685
2791        5.59674
2791        5.03378
2791       0.931213
2791        3.26082
2791       0.490744
2791        1.60035
2791        4.52703
2791        5.08377
2791        1.57439
2791     0.00676981
2791        3.65961
2791       0.763269
2791        2.31118
2791        5.51226
2791        1.58493
2791        5.52001
2791        2.02911
2791        5.51615
2791        4.31741
2791        1.43643
2791        1.33929
2791        1.79821
2791        4.84812
2791       0.616134
2791        1.30385
2791       0.944885
2791        3.31923
2791         2.0639
2791        3.02989
2791        5.20696
2791        4.12987
2791        2.38086
2791          5.357
2791          2.975
2791        4.57369
2791       0.983722
2791        5.31821
2791         1.8581
2791         6.0094
2791         1.3059
2791        5.92936
2791        6.26532
2791       0.856396
2791        5.62194
2791        4.99978
2791        1.39992
2791        5.30955
2791        2.08506
2791        1.59573
2791        6.10834
2791        2.11009
2791        1.18315
2791        2.18865
2791        1.44949
2791        5.33141
2791       0.323483
2791         2.8663
2791        2.27578
2791        4.07176
2791        2.50613
2791        5.38756
2791        3.48709
2791        4.34202
2791        4.09846
2791         4.1275
2791        5.16361
2791        4.36499
2791        5.48308
2791        1.56596
2791        2.59592
2791        2.28008
2791       0.565009
2791       0.183158
2791        4.03679
2791       0.760263
2791        3.07899
2791        4.95053
2791        6.20028
2791        1.18354
2791        1.20986
2791        1.64134
2791        3.61268
2791         5.3024
2791        1.81125
2791        3.42505
2791        5.11496
2791        6.05327
2791        5.35054
2791        5.42679
2791        5.82376
2791         3.2255
2791        2.08143
2791        5.52177
2791        5.66849
2791        5.23858
2791        4.49588
2791         1.2554
2791        3.46727
2791        3.44709
2791       0.147847
2791         1.2609
2791        1.47528
2791        4.81583
2791        1.30747
2791        4.53925
2791        5.22835
2791        5.27767
2791        4.04163
2791         1.1644
2791        3.24177
2791        6.00893
2791        4.14093
2791        4.91934
2791        1.29569
2791        1.21695
2791       0.422062
2791        2.98338
2791        4.32323
2791        1.90981
2791        3.42684
2791        1.47573
2791        4.25895
2791        2.24704
2791        5.66625
2791        3.39932
2791        5.48232
2791        5.42646
2791       0.685364
2791        4.09905
2791        3.29364
2791        5.12282
2791       0.231635
2791        1.43612
2791        2.23361
2791        6.02411
2791        4.07171
2791        3.28192
2791        4.41918
2791        1.69321
2791        2.89011
2791        3.11929
2791        4.00771
2791        5.20224
2791       0.329486
2791        1.52183
2791        6.09122
2791        5.39893
2791        3.64383
2791        1.40909
2791         4.2725
2791        1.25917
2791        4.14669
2791        1.13509
2791       0.852842
2791        4.83203
2791        5.33289
2791        1.91495
2791        5.65492
2791        4.55876
2791        4.99455
2791        5.17476
2791         1.8452
2791         1.6463
2791        4.23822
2791        2.84633
2791        4.84941
2791        2.48264
2791        4.90924
2791        5.82598
2791        1.86884
2791        1.25591
2791        5.17315
2791        4.45834
2791       0.754233
2791       0.364543
2791        4.37438
2791        2.85035
2791         4.6612
2791        5.51253
2791        5.34816
2791        3.45009
2791        3.16149
2791        2.29271
2791       0.345656
2791        5.12964
2791        1.70237
2791        1.93844
2791        2.92923
2791        4.72423
2791        4.71347
2791        3.72129
2791        5.40972
2791        5.92055
2791        5.43239
2791        1.69833
2791        2.69941
2791        3.23935
2791        5.14807
2791        3.32513
2791        4.25692
2791        3.60479
2791        4.63008
2791        5.54402
2791        2.16691
2791        3.33871
2791        5.32489
2791        2.58658
2791        4.46314
2791        2.38344
2791        1.70781
2791        1.91389
2791       0.936831
2791        4.71201
2791        5.76026
2791        4.95978
2791        2.31056
2791        1.69588
2791        2.89919
2791      0.0745429
2791        2.35357
2791        3.24098
2791        5.15368
2791        1.88207
2791       0.746242
2791        5.95636
2791        1.74353
2791        6.06465
2791       0.284577
2791        4.64983
2791       0.811246
2791        1.24877
2791        2.19583
2791        3.31098
2791        2.95138
2791        1.27577
2791       0.826242
2791       0.868619
2791        5.78856
2791        4.88583
2791        5.38056
2791        5.59249
2791        5.25752
2791       0.397698
2791        5.72448
2791       0.965422
2791        2.40686
2791        1.91266
2791        5.80799
2791        3.19391
2791        4.82654
2791        5.84035
2791        5.08137
2791       0.302689
2791        1.46791
2791        2.89727
2791        5.01308
2791        3.49503
2791        1.95486
2791        4.75299
2791        5.28707
2791        4.45108
2791        3.75097
2791        2.20948
2791         1.8915
2791        1.20482
2791        3.07358
2791        1.62561
2791        4.80871
2791        3.30534
2791       0.765311
2791        3.90345
2791        1.96192
2791         4.9047
2791        2.01492
2791        2.36893
2791        2.18994
2791        1.55021
2791        3.37229
2791       0.590276
2791        6.09709
2791        4.41987
2791        5.82538
2791       0.355197
2791         2.6172
2791        5.52796
2791        4.57993
2791         5.7841
2791        4.51048
2791         1.3431
2791        3.82879
2791       0.150178
2791         3.4942
2791        2.04654
2791        2.69553
2791        1.83203
2791        3.36406
2791        3.95666
2791      0.0619762
2791        1.07393
2791        2.08095
2791        4.64622
2791        1.36529
2791        1.58791
2791        2.83676
2791        2.20323
2791        2.21395
2791       0.686171
2791          4.897
2791        2.18934
2791        1.28795
2791        3.58459
2791       0.337301
2791         4.0481
2791       0.718737
2791        2.09737
2791        3.82862
2791        1.85517
2791        4.72137
2791        1.81763
2791        1.30967
2791       0.728526
2791         4.3442
2791        1.98206
2791        2.99631
2791        0.36589
2791        3.24862
2791        1.62206
2791        5.22583
2791        4.24017
2791        3.06073
2791        3.07541
2791        5.40411
2791        6.07867
2791        3.84312
2791        4.79685
2791        4.75032
2791        1.96179
2791        5.33347
2791       0.766053
2791       0.293232
2791       0.154257
2791        4.96351
2791        4.96568
2791        1.85476
2791        1.65467
2791       0.902388
2791        4.88066
2791        6.11601
2791        1.54889
2791       0.916724
2791        5.93017
2791        4.91765
2791        1.99963
2791        4.96009
2791        5.39284
2791        3.07442
2791        1.84005
2791        3.79411
2791        1.74865
2791       0.985722
2791       0.577758
2791        5.62175
2791        3.06414
2791        1.37408
2791        5.85367
2791        5.68773
2791        3.31776
2791        6.00422
2791        3.43169
2791         5.5936
2791        5.42098
2791        4.84581
2791        1.98909
2791        5.63634
2791        6.21087
2791        5.58197
2791       0.299854
2791        4.37097
2791        1.86557
2791        1.47933
2791        2.63344
2791       0.387689
2791        5.64623
2791        5.02369
2791        1.36194
2791        2.48104
2791        1.77743
2791        1.80831
2791        4.08441
2791       0.777454
2791        1.15523
2791        5.18131
2791        0.18929
2791        2.31793
2791        1.76566
2791        1.61841
2791        1.21789
2791        5.35641
2791       0.643998
2791       0.989328
2791        1.61819
2791        4.58806
2791        4.95444
2791        5.38857
2791        4.71777
2791        0.60023
2791        1.82403
2791        5.78672
2791        3.11446
2791       0.938385
2791        4.53279
2791        5.04479
2791        2.19475
2791        2.12766
2791         3.8146
2791       0.616163
2791        5.46536
2791          4.953
2791        3.52661
2791        4.12223
2791        5.62578
2791        2.01876
2791        0.88157
2791       0.473696
2791        2.24117
2791        3.72153
2791        6.21189
2791        1.46141
2791         2.6844
2791       0.319347
2791        4.09413
2791         1.8349
2791      0.0277256
2791        5.13902
2791        4.31216
2791         3.1766
2791        1.26501
2791         5.1358
2791        1.20802
2791        2.47185
2791        3.75153
2791        5.28211
2791        1.66982
2791        4.24445
2791        3.71422
2791        2.20766
2791        3.90433
2791       0.313668
2791        2.07416
2791        4.84096
2791        5.67904
2791        2.71423
2791        4.47518
2791        4.76237
2791        5.33743
2791         3.8911
2791        4.15607
2791        1.00332
2791        2.03237
2791        0.93203
2791        4.29527
2791        5.00733
2791         2.4572
2791        5.94019
2791        2.81301
2791          5.538
2791        1.36274
2791        5.32815
2791          1.803
2791        1.53412
2791       0.751916
2791        1.52443
2791        3.73623
2791       0.674027
2791       0.401178
2791        3.61676
2791        2.50168
2791        2.40657
2791        1.45658
2791        2.60396
2791         2.1472
2791        1.81661
2791        4.30563
2791        1.98792
2791        5.95372
2791         1.3011
2791        5.24906
2791       0.420118
2791        3.91102
2791        5.92917
2791         4.2798
2791        1.89986
2791        5.01124
2791        5.99959
2791         4.7519
2791        1.04273
2791        4.50195
2791        5.18151
2791        2.79733
2791        3.69427
2791        3.89082
2791        5.28549
2791        4.61834
2791        1.85342
2791        1.18077
2791        4.12983
2791        5.78593
2791        1.00348
2791        6.04184
2791        2.58742
2791        1.78838
2791         1.2204
2791        2.60544
2791        2.33444
2791        5.11265
2791        1.57808
2791        4.65609
2791        1.95045
2791        5.17097
2791        4.34715
2791        1.43358
2791        5.05757
2791        2.83381
2791        5.69018
2791        5.08406
2791        5.41127
2791        4.68229
2791        2.16126
2791       0.618391
2791        1.86492
2791        1.53202
2791        1.57732
2791        1.30198
2791       0.822584
2791        3.26029
2791       0.363699
2791        2.53267
2791        2.83963
2791        2.32277
2791        5.80356
2791        1.49161
2791        4.80094
2791        3.87809
2791        1.49864
2791        3.04916
2791        3.53178
2791       0.421714
2791        1.53911
2791        5.20279
2791       0.882423
2791        5.05899
2791       0.947442
2791        6.17832
2791        1.12158
2791        1.69884
2791        4.93166
2791        5.30105
2791        2.48019
2791        5.03142
2791         1.5496
2791        4.68536
2791        1.34975
2791       0.612047
2791        4.92843
2791        5.46734
2791        4.78993
2791        4.37101
2791        4.89325
2791        4.78066
2791        6.01042
2791        3.20994
2791        4.19396
2791        1.51344
2791       0.807922
2791        2.68198
2791        5.60136
2791          2.128
2791        3.74885
2791       0.108143
2791        1.64228
2791        1.01039
2791        5.67657
2791        3.98012
2791        1.46241
2791       0.690674
2791         3.4661
2791        2.69902
2791        6.13054
2791        4.75066
2791        2.26835
2791        2.96019
2791        4.82284
2791        2.86153
2791        2.41192
2791        1.35987
2791        5.07932
2791        4.41193
2791        5.11788
2791        2.72673
2791       0.456898
2791        3.99833
2791       0.455854
2791        2.07735
2791        2.65419
2791        3.14968
2791       0.615543
2791        2.78069
2791        1.70183
2791        5.16581
2791        1.12804
2791       0.851972
2791        5.40145
2791        4.33817
2791       0.286133
2791        5.27418
2791        2.07703
2791        1.69379
2791         1.4758
2791        4.15132
2791        2.17861
2791        4.34212
2791         1.7384
2791        5.43631
2791        4.21296
2791        2.99674
2791        3.92825
2791        2.38173
2791        1.74036
2791        5.06905
2791         5.8725
2791       0.750459
2791        4.23404
2791        5.37185
2791         4.6877
2791      0.0417926
2791        3.33956
2791        1.40348
2791        4.60203
2791        3.86497
2791        1.13587
2791      0.0754539
2791        6.17589
2791        4.97443
2791        3.53494
2791        4.54721
2791        3.87479
2791       0.905951
2791        5.81063
2791        3.89662
2791        2.31026
2791        4.29297
2791       0.891648
2791         3.2729
2791        4.06735
2791        2.45065
2791        3.21527
2791        6.17082
2791        2.40547
2791        1.85256
2791        3.08448
2791        4.93886
2791         1.4796
2791        6.02533
2791        2.00379
2791       0.394146
2791        2.26265
2791        1.03426
2791        4.47364
2791        2.10885
2791        5.91734
2791        4.90498
2791        4.98604
2791        4.24027
2791        5.78389
2791        2.47959
2791        2.90744
2791        5.58239
2791        4.82814
2791        6.14092
2791        2.66077
2791       0.933844
2791        5.17343
2791        2.31243
2791        2.40266
2791        1.64352
2791        5.98767
2791        1.56931
2791        1.37428
2791       0.190693
2791       0.928742
2791        4.62611
2791        4.28681
2791        4.58268
2791       0.619373
2791       0.790551
2791        2.61495
2791        2.14459
2791       0.506393
2791        2.75716
2791         1.7384
2791        5.01761
2791        1.08905
2791        0.21924
2791        5.50046
2791        5.37151
2791        2.66524
2791       0.579771
2791        5.00285
2791       0.448442
2791         3.1692
2791        4.69461
2791       0.766578
2791        3.57617
2791        4.46953
2791       0.753091
2791       0.960886
2791       0.875938
2791       0.353799
2791        5.04743
2791        3.87635
2791         4.7902
2791        2.51362
2791        4.62657
2791       0.945188
2791        1.75582
2791       0.351614
2791        4.52501
2791        4.92992
2791        3.87328
2791        4.11646
2791        1.94928
2791        3.61057
2791        2.24119
2791        4.01086
