2993        3.32038
2993       0.206211
2993        2.81847
2993       0.330559
2993        2.24665
2993        4.62629
2993       0.029866
2993        6.19691
2993       0.476499
2993       0.638378
2993        1.80214
2993        3.95973
2993        1.29211
2993        4.21808
2993         5.1577
2993        1.96531
2993         4.1967
2993        3.84158
2993        2.96884
2993        1.25498
2993        1.92864
2993        3.81541
2993        1.78614
2993         4.2315
2993        3.12037
2993        6.00507
2993           4.27
2993        4.13092
2993        2.62111
2993       0.245903
2993        4.29006
2993       0.672145
2993        3.60049
2993        4.86232
2993         4.7931
2993         4.4946
2993        5.51467
2993        4.84481
2993        1.02717
2993        3.58028
2993        3.85739
2993        1.06633
2993         1.6207
2993       0.958534
2993       0.823756
2993       0.747194
2993       0.911027
2993        2.49001
2993       0.557337
2993        4.15142
2993        2.50064
2993        4.65082
2993       0.314451
2993        3.90242
2993        4.10314
2993        4.09822
2993        5.98383
2993        1.09074
2993        2.00258
2993          5.246
2993        1.95906
2993        6.24029
2993        3.71592
2993        4.36803
2993        5.19993
2993         4.2579
2993        5.37799
2993        5.10967
2993        4.53135
2993        2.76396
2993         2.0276
2993       0.142748
2993        1.40715
2993        1.35273
2993        4.17389
2993         3.1807
2993        2.87173
2993         4.5815
2993        1.08803
2993        4.86989
2993        4.41386
2993        1.08036
2993        3.93461
2993       0.631283
2993         4.2058
2993        5.92774
2993        2.42053
2993        4.64042
2993        3.12468
2993        5.78703
2993        3.86784
2993       0.365204
2993        1.07533
2993       0.723145
2993         6.2317
2993        3.52323
2993        1.25837
2993        1.15574
2993        1.45335
2993       0.500938
2993        1.44422
2993       0.317683
2993        4.68101
2993       0.419687
2993        2.97976
2993        4.99452
2993         1.6786
2993        3.89537
2993        0.99951
2993        3.93809
2993        1.80507
2993        4.20255
2993        2.29705
2993        1.91375
2993        5.42756
2993        3.50975
2993        5.46673
2993       0.499488
2993        5.23757
2993        2.90226
2993        5.19284
2993        5.11771
2993        1.91143
2993        4.58332
2993       0.843134
2993       0.849483
2993        4.91929
2993          2.442
2993        1.94007
2993        4.24841
2993        1.67323
2993         2.0485
2993        4.10021
2993        1.86161
2993        0.14761
2993        3.01923
2993        4.20556
2993      0.0674028
2993        2.62327
2993        2.18488
2993        6.25502
2993        3.92691
2993        3.92282
2993        5.01745
2993         5.8107
2993        1.98861
2993        5.26022
2993        4.83413
2993        4.91445
2993        5.02868
2993        4.10179
2993        5.97683
2993        4.26495
2993        4.15604
2993         4.1398
2993        5.25725
2993        4.29197
2993        1.00681
2993        1.41384
2993         4.4351
2993        4.93048
2993        4.18638
2993        1.06826
2993         3.2628
2993       0.870347
2993        1.44906
2993        6.28048
2993        5.33199
2993        3.51712
2993        2.86249
2993        5.82395
2993        6.01924
2993       0.970156
2993        3.74778
2993       0.441608
2993        2.08475
2993        3.49961
2993        3.41427
2993        2.37819
2993         1.2095
2993       0.778808
2993        3.21025
2993        2.72004
2993        3.44946
2993        4.24907
2993        4.49916
2993        6.08119
2993        4.01204
2993       0.458491
2993       0.350514
2993        3.09865
2993        1.05284
2993        4.95876
2993        5.05685
2993        1.09214
2993        5.05378
2993        3.41297
2993        5.83416
2993         4.1089
2993        2.55027
2993         5.3418
2993        1.33231
2993        2.48782
2993       0.299907
2993        2.42851
2993        1.02503
2993        1.26705
2993        3.64586
2993       0.605781
2993        3.53227
2993        1.52396
2993        3.94725
2993        1.42221
2993        5.18749
2993        1.73154
2993        1.72336
2993        6.10824
2993        2.13903
2993        4.54857
2993        2.01299
2993        2.32637
2993        3.07966
2993        4.92192
2993        3.99453
2993        1.14891
2993        1.05298
2993        5.29766
2993        6.22704
2993        1.35162
2993       0.346442
2993        3.08317
2993          3.969
2993        5.42652
2993        3.52478
2993        3.03504
2993        3.07818
2993        6.08534
2993        3.71575
2993        4.51526
2993        1.25216
2993        4.65858
2993         5.4311
2993        4.43047
2993        5.00151
2993        4.49545
2993        3.38862
2993        5.66987
2993        3.11457
2993       0.157572
2993        1.67058
2993       0.807364
2993        6.05325
2993         1.3739
2993       0.976031
2993        3.35585
2993        3.08639
2993        4.05291
2993        2.63663
2993        5.98305
2993        4.88198
2993        0.34667
2993        2.09886
2993       0.851128
2993       0.462736
2993        4.58328
2993        1.05206
2993        3.66567
2993        2.86773
2993        2.79443
2993        1.09999
2993        2.53039
2993        1.35323
2993        2.31944
2993        1.70923
2993        4.65858
2993        1.24999
2993        0.30019
2993        3.56806
2993       0.177874
2993        5.96862
2993        4.47446
2993        2.38193
2993        3.41162
2993       0.826969
2993        5.06411
2993        3.98708
2993        4.27966
2993       0.449371
2993        3.22599
2993         2.2096
2993        1.38092
2993         2.9822
2993       0.705204
2993        4.56066
2993         3.6461
2993        4.72736
2993        5.97144
2993        3.99182
2993        4.23137
2993        5.42533
2993        1.34816
2993        1.17811
2993        1.50384
2993       0.514777
2993        2.95743
2993        4.23634
2993        2.63721
2993      0.0586079
2993        4.88816
2993        3.54322
2993        2.98933
2993        5.67216
2993        4.55323
2993          3.701
2993        4.20926
2993        4.78506
2993       0.225377
2993        5.06766
2993         3.9197
2993        2.59373
2993        2.22819
2993        4.76286
2993        4.27817
2993         1.5395
2993       0.374275
2993      0.0363238
2993        2.21778
2993        3.19677
2993         5.7872
2993        3.79899
2993        4.38947
2993        5.88436
2993        2.90515
2993       0.775398
2993        1.49925
2993        3.67747
2993        5.36259
2993        3.81955
2993        1.32617
2993        3.30842
2993        1.80898
2993        2.64609
2993         1.4022
2993        5.58414
2993        3.75539
2993        1.05777
2993        2.03351
2993        5.02001
2993        2.46496
2993        4.39746
2993        0.94114
2993        1.94682
2993        4.90746
2993        1.50714
2993        4.53427
2993       0.259194
2993        2.49229
2993        2.71256
2993        1.40465
2993        3.37731
2993         0.8061
2993        4.63518
2993        1.43854
2993        5.40894
2993        2.87407
2993        4.75994
2993        2.52817
2993        4.28278
2993        3.31579
2993       0.473812
2993        4.15885
2993       0.114433
2993        1.20106
2993       0.432085
2993        5.78738
2993         5.0908
2993        2.55021
2993       0.387731
2993        4.10563
2993        5.75648
2993        4.98051
2993        2.12649
2993        4.13341
2993        3.87369
2993        0.79817
2993        1.10954
2993        1.91877
2993       0.988983
2993        1.90462
2993        0.45498
2993         3.0974
2993        5.00761
2993       0.966386
2993       0.125525
2993        5.37635
2993        3.90981
2993         1.1359
2993        6.16265
2993        2.44764
2993        1.32394
2993         4.9062
2993         5.2561
2993         4.6422
2993       0.771262
2993        1.77694
2993        3.60527
2993        5.69345
2993        2.89155
2993        3.91886
2993        5.88036
2993        4.97955
2993        1.34402
2993        5.93417
2993        3.95014
2993        1.33364
2993        4.13114
2993        5.00236
2993        2.56967
2993        5.04692
2993        3.60247
2993       0.675087
2993        3.27677
2993       0.809216
2993        5.71984
2993        1.37504
2993        5.25242
2993       0.934195
2993        1.16782
2993        3.16423
2993        3.49351
2993        3.00239
2993         1.2547
2993        5.63009
2993       0.924732
2993        1.29336
2993       0.319688
2993        5.94601
2993        3.16802
2993        1.25652
2993        1.53604
2993        5.03128
2993        5.49079
2993        2.73719
2993        5.94451
2993        4.92274
2993        3.87874
2993        3.64909
2993        1.99526
2993        6.10481
2993        3.35119
2993        5.01604
2993        5.57155
2993        5.75042
2993        1.67516
2993        3.34719
2993        5.13902
2993       0.253127
2993        1.14136
2993        4.92838
2993        2.19041
2993        4.87156
2993        2.52677
2993      0.0070553
2993        4.59815
2993        3.52189
2993        2.86916
2993           1.28
2993       0.558219
2993        4.00834
2993        4.42792
2993        1.07947
2993        0.74636
2993        4.47624
2993        4.75221
2993        2.79281
2993         3.2408
2993        4.36753
2993        6.10191
2993         2.6769
2993         6.1841
2993        4.93835
2993       0.736068
2993        4.76438
2993        1.57964
2993           1.64
2993        4.97633
2993        1.71422
2993        5.18561
2993       0.744124
2993        4.04809
2993        4.57313
2993        5.82122
2993        2.48827
2993       0.425248
2993        5.20612
2993        6.00083
2993        2.41551
2993        5.90393
2993        2.18384
2993        4.55733
2993        1.45338
2993        1.71062
2993        2.81486
2993        3.93823
2993        2.98703
2993        3.58169
2993        3.97183
2993       0.343861
2993       0.676788
2993        4.73221
2993        5.17207
2993        1.44987
2993        1.75012
2993      0.0489364
2993       0.485691
2993        4.27184
2993        5.78325
2993        1.67411
2993        2.20869
2993        1.90606
2993        3.01551
2993        4.32283
2993         4.5504
2993        2.84988
2993        4.91027
2993        3.11725
2993        4.46167
2993      0.0288158
2993       0.366476
2993        5.53983
2993        1.40489
2993        4.66548
2993       0.478746
2993        4.60819
2993        5.05291
2993        1.79133
2993       0.285543
2993        2.87219
2993        4.19251
2993        1.42691
2993        2.11799
2993       0.278467
2993       0.934358
2993        1.93285
2993        5.77152
2993        1.12729
2993        2.09732
2993        5.23404
2993        1.00689
2993       0.428539
2993        2.99939
2993        1.35893
2993        1.88933
2993        3.17086
2993        1.68738
2993        3.65284
2993      0.0335375
2993        4.63675
2993        3.55781
2993       0.682524
2993        2.14581
2993        3.68306
2993        5.63922
2993        4.29621
2993        2.88146
2993       0.318923
2993        3.54682
2993        4.97202
2993        3.56032
2993        3.33069
2993        2.07058
2993        1.38062
2993       0.567093
2993        0.60785
2993          1.985
2993        6.11611
2993        2.33386
2993        4.03219
2993        5.18459
2993        2.19504
2993       0.319106
2993        3.57995
2993        1.65713
2993        1.51347
2993        3.52471
2993        5.33097
2993        4.92528
2993        2.16357
2993        3.98149
2993        4.94025
2993        2.22703
2993        4.67614
2993        4.67469
2993        6.08635
2993        4.37088
2993        3.71879
2993        4.63933
2993        3.85458
2993         2.9809
2993        2.30037
2993        4.31452
2993        4.80952
2993         3.3246
2993        1.28157
2993        4.52476
2993        1.27535
2993        5.13512
2993        4.01935
2993        3.56264
2993        3.82266
2993        3.90417
2993        1.48016
2993        1.68947
2993       0.907574
2993        0.49904
2993        3.18722
2993       0.659413
2993       0.896477
2993        6.22081
2993        3.51826
2993        6.01978
2993         4.7236
2993        5.06644
2993        5.94048
2993        2.34617
2993        1.27973
2993        1.16354
2993       0.724742
2993        2.43723
2993        3.71402
2993        3.40121
2993       0.608157
2993        2.13105
2993       0.140632
2993        1.34701
2993         3.0149
2993       0.457454
2993        5.75049
2993        3.61857
2993        2.13476
2993        3.12478
2993        2.87223
2993        1.68093
2993        3.61799
2993       0.347739
2993         5.7368
2993         3.4902
2993        5.95018
2993        3.04935
2993        4.35956
2993        1.41946
2993        2.89612
2993        5.65943
2993        4.28135
2993        4.29248
2993         4.0379
2993        3.53458
2993       0.515965
2993        1.52541
2993         2.9972
2993         2.5094
2993        1.20687
2993        2.13352
2993        2.68379
2993       0.622225
2993        3.48553
2993         4.1155
2993         3.0196
2993        1.42735
2993        6.15452
2993        4.72795
2993        3.80632
2993        3.86077
2993        3.17554
2993        1.23355
2993       0.351849
2993        4.95486
2993        3.72732
2993        1.35391
2993        6.25084
2993        3.26077
2993        5.01274
2993        2.34066
2993       0.848674
2993        2.80878
2993        3.80481
2993        3.92332
2993        1.08619
2993        5.34869
2993       0.763132
2993        1.82778
2993        1.70218
2993        2.85096
2993        4.89156
2993        4.14402
2993        0.46177
2993        5.77145
2993        3.07314
2993         5.4143
2993       0.946205
2993        4.89885
2993       0.273307
2993        2.41044
2993        5.13721
2993        1.12545
2993        4.24194
2993        3.13301
2993       0.904111
2993        5.13762
2993        1.43733
2993      0.0036196
2993        6.18804
2993        5.40435
2993       0.266529
2993       0.228963
2993        1.80784
2993        5.76375
2993        1.47071
2993        4.75657
2993       0.905481
2993       0.695968
2993        3.70498
2993       0.866102
2993       0.574912
2993         3.3126
2993        4.62539
2993        5.16437
2993        4.65439
2993        5.23929
2993         5.2984
2993         1.5533
2993        3.30186
2993        4.95374
2993        5.69921
2993       0.454881
2993       0.771885
2993       0.445444
2993        2.19328
2993       0.377294
2993        3.06243
2993         1.9291
2993        1.28805
2993        4.67924
2993       0.121466
2993        4.15386
2993        4.54502
2993        3.43504
2993        3.37185
2993       0.488598
2993        1.19168
2993        2.66798
2993       0.211579
2993       0.366168
2993        5.71586
2993         5.2349
2993        5.70382
2993        5.12479
2993        1.68872
2993         5.2003
2993        2.26939
2993        5.90252
2993        4.32032
2993       0.483451
2993        4.68298
2993        1.85433
2993        5.02688
2993        4.59416
2993        0.63457
2993         4.3448
2993        1.73929
2993        4.46908
2993        4.27178
2993       0.267053
2993       0.554308
2993        3.42571
2993       0.349443
2993       0.278409
2993        3.80508
2993        6.09731
2993        1.52324
2993        3.70102
2993        2.65422
2993        5.17213
2993        0.73652
2993        5.85194
2993        3.47634
2993        1.07538
2993        4.95788
2993        1.02495
2993        1.48506
2993       0.486996
2993        2.75959
2993        2.02025
2993      0.0659756
2993       0.475357
2993        4.58293
2993        3.58567
2993        4.64513
2993        3.69025
2993        3.19206
2993        4.00693
2993        1.33341
2993         4.4547
2993        5.38611
2993        2.57335
2993       0.895002
2993        5.32615
2993        3.23156
2993        3.77717
2993         1.1559
2993        6.23563
2993        4.92681
2993        5.28427
2993        1.23344
2993        3.75747
2993        4.77255
2993        1.65827
2993        4.71666
2993        5.06079
2993        1.13332
2993        1.83027
2993       0.947034
2993        1.35761
2993        3.08593
2993       0.876261
2993        3.24971
2993        5.16525
2993       0.770229
2993        1.54736
2993        3.10775
2993        4.65642
2993        2.01287
2993        5.47231
2993        1.46492
2993        6.26324
2993        4.10244
2993        3.60382
2993        1.60727
2993        1.94121
2993        1.71978
2993        1.25027
2993         3.7983
2993        3.28002
2993        2.29366
2993        5.68168
2993        4.65167
2993        5.32857
2993        1.26481
2993       0.943591
2993        3.30313
2993        2.10264
2993        5.74519
2993         4.5105
2993         4.6103
2993        4.92758
2993       0.314198
2993        4.74068
2993        3.91391
2993        1.93616
2993        3.64273
2993        1.30714
2993        4.48934
2993        4.11887
2993        2.69168
2993         2.8829
2993        4.11785
2993        4.87112
2993        1.81567
2993        5.62356
2993        5.09881
2993       0.360062
2993        1.29692
2993       0.456697
2993        2.33769
2993        1.25725
2993         1.4603
2993        6.07046
2993        4.09933
2993        1.58984
2993         2.1753
2993        1.72876
2993        4.21413
2993        6.24483
2993        4.69784
2993        5.54356
2993        1.44024
2993        4.39969
2993        2.01469
2993        3.27518
2993       0.383391
2993        4.47691
2993        3.70264
2993         4.2879
2993     0.00992136
2993        1.85827
2993        5.44082
2993       0.782332
2993        6.24282
2993        1.33807
2993        0.90162
2993        1.73185
2993        3.82186
2993        4.09403
2993       0.150334
2993       0.254256
2993        3.51989
2993        1.75811
2993        2.07728
2993        5.71608
2993        1.79475
2993        0.84364
2993        4.33456
2993      0.0109733
2993        1.40124
2993       0.854285
2993        4.36619
2993        3.85125
2993         2.5477
2993        4.76838
2993        1.57808
2993        1.38345
2993         5.0646
2993        5.05156
2993        2.98562
2993        1.69144
2993        0.18607
2993        6.04553
2993        1.59344
2993        1.30935
2993        1.27149
2993        4.25066
2993       0.717107
2993        3.87007
2993        4.68179
2993       0.490748
2993         6.0528
2993        3.26881
2993        1.96755
2993        6.18289
2993        5.61709
2993          4.766
2993        3.12459
2993        1.34871
2993        5.09042
2993        3.76668
2993        4.43595
2993        5.44186
2993       0.552795
2993        2.12473
2993       0.150595
2993       0.608143
2993        1.62838
2993        5.14286
2993       0.746756
2993        0.18592
2993       0.636349
2993        2.01127
2993        1.86298
2993        4.13852
2993        3.36622
2993        4.91053
2993        5.08984
2993        4.76057
2993        1.57163
2993        5.21199
2993        6.22451
2993       0.320786
2993        0.43039
2993        5.44881
2993        5.35088
2993        5.90779
2993       0.827654
2993       0.812065
2993        4.87549
2993        5.78811
2993          3.728
2993       0.132038
2993        1.09232
2993        4.66945
2993        1.85631
2993         4.3138
2993        2.05467
2993       0.207368
2993        2.33275
2993        1.34793
2993       0.490994
2993        3.05914
2993        3.62766
2993        1.59225
2993        2.92815
2993        4.23094
2993        5.61771
2993        5.01443
2993       0.976324
2993       0.177062
2993        2.04232
2993       0.712574
2993        1.46042
2993        4.15866
2993        1.03553
2993        5.80773
2993        4.66662
2993        3.99809
2993        3.78731
2993         1.2095
2993        3.39109
2993       0.441799
2993        2.01895
2993        6.14667
2993       0.602007
2993        4.95781
2993        5.70449
2993        3.22009
2993        5.62801
2993       0.559022
2993        3.59503
2993          2.214
2993        4.99864
2993       0.865865
2993        5.14987
2993        4.50868
2993        2.42718
2993        1.52239
2993        4.53708
2993        1.96195
2993        3.76549
2993       0.581942
2993        1.07381
2993        5.49466
2993       0.745281
2993        1.93556
2993        1.14742
2993        2.09208
2993        6.05502
2993        4.25311
2993        1.54432
2993        3.55303
2993         5.4567
2993        4.97609
2993        4.65119
2993       0.836657
2993        4.65625
2993        3.70743
2993         4.2507
2993        3.88396
2993       0.788436
2993        6.11299
2993        1.71212
2993        1.66135
2993        3.16325
2993        6.25642
2993        5.57207
2993        5.98586
2993        3.40932
2993        1.28028
2993        4.60918
2993        4.78679
2993        1.57762
2993        2.82012
2993       0.571897
2993        1.06023
2993        4.86788
2993        1.81083
2993         5.6195
2993        3.64628
2993         4.9261
2993       0.324789
2993        3.53203
2993        3.45524
2993        2.07351
2993        5.11594
2993        3.41952
2993         1.1377
2993        1.39286
2993        1.69589
2993        2.30965
2993        5.19756
2993       0.832958
2993        0.94383
2993        5.60315
2993        5.76764
2993       0.638656
2993       0.743635
2993         1.4179
2993        2.89287
2993        1.73554
2993        5.12335
2993        5.15932
2993        1.47336
2993        2.14261
2993        3.34127
2993        4.19315
2993       0.163189
2993      0.0143063
2993        1.12062
2993        5.63784
2993        1.98312
2993        5.47626
2993       0.827615
2993        4.02889
2993        3.46129
2993       0.728447
2993        2.32469
2993       0.447677
2993        4.53604
2993        1.54137
2993        5.14675
2993        5.56567
2993         3.4336
2993       0.721754
2993        1.13032
2993       0.767256
2993        5.94833
2993        4.84224
2993        4.95452
2993        1.89535
2993        4.54538
2993        2.73356
2993        4.69902
2993       0.683409
2993        5.14572
2993        3.10553
2993        4.43813
2993        6.23794
2993        3.73089
2993       0.469091
2993        4.67458
2993        2.34851
2993         2.8553
2993         3.5646
2993       0.866635
2993        3.30825
2993        1.83212
2993        4.94623
2993        4.64957
2993        2.61942
2993        4.31023
2993        1.59768
2993        2.17247
2993        1.11779
2993        4.43373
2993        3.44828
2993       0.581372
2993       0.268397
2993        5.40591
2993        3.72162
2993        2.31073
2993        1.74112
2993        4.39455
2993        1.92938
2993        4.81401
2993         3.6434
2993        4.64686
2993        2.01274
2993        2.11794
2993        1.01342
2993        5.11866
2993        5.86038
2993        4.55017
2993         1.0776
2993        4.88262
2993        2.03545
2993        5.68342
2993       0.820884
2993        1.40096
2993        3.94497
2993        1.95748
2993        1.40162
2993        4.42739
2993        2.42256
2993        3.11361
2993        3.79918
2993        4.02812
2993         1.7311
2993        1.87727
2993         4.9739
2993        6.05213
2993       0.481172
2993        1.29387
2993        4.98874
2993        4.54397
2993       0.920647
2993        5.09893
2993        1.47237
2993        2.41149
2993        4.44107
2993         5.6179
2993       0.711544
2993        1.77163
2993        4.52419
2993        3.25678
2993        1.26368
2993        1.52248
2993       0.454189
2993        3.86891
2993       0.386039
2993          1.597
2993      0.0102234
2993        3.63451
2993        5.85211
2993       0.653965
2993        1.84062
2993        3.37667
2993        4.16366
2993        3.85882
2993        2.83877
2993        3.07185
2993         3.9749
2993         5.1294
2993        4.23505
2993       0.904208
2993        1.56402
2993        1.55185
2993       0.147714
2993        2.66938
2993        3.53668
2993        1.95699
2993        1.57433
2993        3.52724
2993        4.82148
2993        4.47851
2993        1.25875
2993      0.0278113
2993        1.79593
2993       0.659351
2993        6.02392
2993        1.33484
2993        4.76399
2993        1.23099
2993        2.69428
2993        6.17334
2993        4.86571
2993        4.97972
2993        1.82364
2993        1.47692
2993        4.73586
2993        1.05797
2993       0.586278
2993        2.61452
2993        4.87902
2993         3.8138
2993        2.42138
2993        2.92794
2993         1.1534
2993        4.62913
2993        1.45052
2993        5.56844
2993        1.71365
2993        3.99296
2993       0.845682
2993        2.56206
2993      0.0700199
2993        0.50262
2993        1.24627
2993        6.12735
2993        4.77236
2993        4.34901
2993        4.22135
2993        4.06525
2993        4.31215
2993       0.303237
2993       0.708679
2993        1.52267
2993       0.606449
2993        1.99056
2993         4.3245
2993        4.60997
2993        4.27166
2993        3.68715
2993        3.69128
2993        0.30332
2993        1.16639
2993       0.719272
2993        1.52159
2993        1.13056
2993        5.97264
2993        4.70053
2993        5.32873
2993        2.69465
2993       0.415623
2993        2.61189
2993        3.30594
2993        2.22696
2993        4.96764
2993        5.10043
2993         3.3657
2993        4.62845
2993        2.59512
2993        3.76313
2993        2.99898
2993        1.16477
2993      0.0371862
2993        4.16754
2993        1.23583
2993        2.00214
2993          4.323
2993        3.02297
2993        4.64228
2993        5.73524
2993        1.93258
2993        3.60793
2993       0.550955
2993        3.89901
2993        2.57104
2993        4.98515
2993        3.71298
2993        5.00577
2993          4.704
2993        2.78558
2993        4.08506
2993         1.4971
2993        4.06897
2993       0.513545
2993        3.15467
2993        4.46231
2993        1.48597
2993        1.54494
2993        4.35245
2993        4.60077
2993        1.53224
2993         3.9259
2993        3.11438
2993           4.85
2993         6.2004
2993        5.82609
2993        5.43738
2993        5.23603
2993        0.29674
2993        4.59103
2993        4.56573
2993       0.882709
2993        2.98315
2993        1.05331
2993        5.06087
2993        4.68389
2993        1.74278
2993        4.62299
2993        4.83746
2993       0.835603
2993        4.38083
2993        2.59343
2993        3.74718
2993        1.68598
2993        1.54628
2993        4.79594
2993        2.12647
2993        3.53581
2993        2.31036
2993        3.79228
2993        4.23884
2993        4.94989
2993        2.63836
2993        5.83396
2993        3.05423
2993       0.804815
2993       0.489712
2993        2.96992
2993        1.00916
2993         4.2118
2993        4.29882
2993       0.335688
2993        2.18496
2993       0.152337
2993        2.45183
2993        1.11518
2993        1.26166
2993        1.26196
2993        1.08258
2993       0.140835
2993        3.92384
2993       0.465476
2993          3.676
2993        1.03942
2993        3.23116
2993        1.91783
2993       0.817452
2993        5.75334
2993        1.74001
2993        1.22026
2993        3.25667
2993        1.52798
2993       0.114378
2993        1.90524
2993        2.95848
2993        3.89883
2993        1.20008
2993        1.97418
2993       0.212543
2993        1.92744
2993       0.841999
2993       0.320057
2993        3.58374
2993        1.59603
2993        1.74136
2993        5.84492
2993        4.07327
2993         4.8116
2993        2.53298
2993        3.46343
2993        6.26583
2993        2.45545
2993        1.18639
2993        4.48482
2993        6.05379
2993       0.445197
2993        2.13454
2993        4.87205
2993        3.61581
2993        3.80504
2993        5.34809
2993        5.48398
2993        4.47637
2993        1.87623
2993        1.30761
2993        1.33349
2993       0.759377
2993        1.94365
2993         3.8898
2993       0.159858
2993        1.07943
2993       0.736058
2993        2.07145
2993        1.57919
2993        1.99412
2993        4.79987
2993        3.11195
2993       0.133465
2993         1.0809
2993        5.63128
2993         4.9181
2993        5.04068
2993        4.16298
2993        3.88086
2993        4.98249
2993        5.95604
2993        4.93482
2993        4.49381
2993        1.76915
2993        5.97484
2993        4.26503
2993       0.943494
2993        4.39634
2993        4.61014
2993        5.66657
2993         1.9951
2993        3.92531
2993       0.433085
2993        4.04824
2993        3.97162
2993        1.87199
2993        5.43622
2993        4.60244
2993        3.79927
2993        0.80214
2993        4.08184
2993       0.105452
2993        1.80709
2993        1.94131
2993        4.77534
2993        0.57549
2993        5.94948
2993        3.86562
2993        5.15372
2993       0.403831
2993        4.47403
2993        1.83073
2993        4.37647
2993        2.09425
2993        3.34367
2993        1.72216
2993        2.29802
2993        2.50701
2993        1.14674
2993        2.13499
2993       0.810511
2993        5.61158
2993        4.97875
2993       0.947282
2993       0.424335
2993        4.54447
2993        1.86271
2993        5.05672
2993        3.59471
2993        3.57124
2993        2.20169
2993       0.317886
2993        2.50379
2993        1.20481
2993        4.61539
2993        4.60593
2993        3.29569
2993         3.8663
2993        1.90494
2993        5.93507
2993        5.00131
2993        4.96705
2993       0.633045
2993        2.50533
2993       0.389344
2993         4.1865
2993       0.847349
2993        1.42817
2993       0.677706
2993        4.27147
2993        5.99283
2993        4.49919
2993       0.721566
2993        4.19386
2993        3.59199
2993        4.90255
2993        5.17264
2993        1.35893
2993        5.47744
2993        2.08193
2993        1.68324
2993        3.06237
2993        4.39992
2993        4.32276
2993        3.90139
2993        1.61069
2993        3.69202
2993        4.06052
2993         1.6103
2993         1.1094
2993        5.52427
2993          5.292
2993        1.11545
2993        1.62779
2993        3.99592
2993        1.14533
2993        2.05203
2993        2.76376
2993        4.85223
2993        5.48455
2993        6.16348
2993         3.4877
2993       0.812174
2993        1.91628
2993        5.39109
2993        1.98009
2993       0.693269
2993        3.58037
2993        5.92165
2993        5.81262
2993          4.725
2993        3.99769
2993        1.77243
2993        1.51754
2993        4.35056
2993        2.32153
2993        2.52233
2993      0.0310741
2993        5.19711
2993        1.47608
2993        1.01663
2993        4.53535
2993       0.874955
2993        4.87207
2993        1.65159
2993        5.00214
2993        4.49238
2993        1.86129
2993       0.888249
2993        5.10513
2993        1.97669
2993        1.53989
2993         5.1456
2993        5.34154
2993        5.10173
2993        6.25047
2993        2.04061
2993        3.01497
2993        5.78508
2993        1.10882
2993        2.10021
2993        1.36124
2993        4.73309
2993        4.19636
2993        3.36556
2993        5.84849
2993         4.2483
2993        3.56698
2993        1.42732
2993       0.299488
2993         5.9698
2993       0.966983
2993       0.751154
2993        5.00412
2993        1.61569
2993       0.468801
2993       0.831575
2993        2.71563
2993       0.381123
2993       0.269203
2993       0.545935
2993        3.51741
2993        2.55446
2993        3.74254
2993        5.94703
2993        4.07855
2993          4.159
2993        1.28521
2993        1.93034
2993        5.21034
2993       0.991966
2993       0.175985
2993        1.58246
2993        3.33705
2993        4.16567
2993        2.39539
2993        4.45313
2993         4.9664
2993        5.10279
2993        4.80681
2993           1.82
2993       0.343265
2993        1.78424
2993        2.30454
2993        1.80594
2993        4.92251
2993        3.59202
2993        3.09233
2993        2.10265
2993        3.20617
2993        1.08671
2993        1.21512
2993        5.37503
2993        4.54083
2993        1.62672
2993        4.09182
2993        1.34812
2993        1.09676
2993        3.02452
2993       0.124313
2993         1.3701
2993        5.38759
2993        2.41884
2993        4.37457
2993        2.78739
2993        2.38162
2993        3.59982
2993        4.47477
2993        2.44472
2993       0.561468
2993        1.24234
2993        2.93492
2993        5.24715
2993        1.59279
2993         4.2346
2993        4.13019
2993        5.86931
2993        1.87489
2993       0.967433
2993        1.09632
2993        2.02084
2993          5.149
2993        3.15411
2993        1.63816
2993        5.80244
2993        2.60977
2993         5.5577
2993       0.442494
2993         1.6626
2993        1.59134
2993        4.61423
2993        4.78247
2993        2.12214
2993        4.22281
2993        3.45903
2993        4.19782
2993        4.78686
2993        1.30055
2993        5.92211
2993       0.206407
2993        2.16972
2993        4.03777
2993         3.9678
2993        4.62784
2993        3.88938
2993        2.07529
2993        2.87291
2993         4.7042
2993       0.344513
2993         1.4949
2993         3.4939
2993        1.59896
2993        4.34405
2993        4.61754
2993       0.795455
2993        5.27697
2993        4.84499
2993       0.504674
2993        4.74767
2993         3.9835
2993        1.43346
2993        4.46614
2993        1.04901
2993       0.852531
2993        2.20006
2993        2.84863
2993        2.59123
2993       0.682808
2993       0.833386
2993        1.38886
2993          2.241
2993        1.26364
2993        3.95148
2993        4.11603
2993        1.70416
2993        5.02469
2993        4.80017
2993        4.75094
2993        4.96937
2993        1.49954
2993        1.31204
2993       0.446123
2993        1.56564
2993       0.870703
2993        4.15316
2993      0.0761248
2993        4.46141
2993        2.01779
2993        4.09343
2993        2.10046
2993        2.53411
2993        3.01853
2993        3.88984
2993       0.574922
2993        5.07286
2993        1.65416
2993        3.81419
2993        4.04391
2993        5.17903
2993         4.7588
2993        1.21657
2993        1.79909
2993        4.00817
2993        3.79126
2993        3.13403
2993        3.40891
2993       0.246762
2993        2.74397
2993        6.05023
2993        1.85044
2993        2.63691
2993        3.88498
2993        3.26543
2993        3.42452
2993        4.64473
2993        4.31455
2993        5.53226
2993        1.07128
2993        3.11103
2993       0.334548
2993        3.22022
2993        4.55173
2993       0.527591
2993        1.26822
2993        5.51028
2993       0.640489
2993        5.07462
2993        5.95896
2993        3.43365
2993        3.85056
2993        6.11205
2993        5.82348
2993        4.79399
2993        2.60902
2993        3.46325
2993        1.20818
2993        3.48113
2993        1.49065
2993        1.66669
2993       0.446667
2993       0.884724
2993         5.8123
2993        2.55584
2993        1.80871
2993        4.72699
2993       0.135164
2993        5.09798
2993        6.00002
2993        5.18383
2993        2.05041
2993        1.00303
2993       0.721054
2993        2.54469
2993        2.98144
2993       0.348056
2993       0.793777
2993        2.34883
2993        4.45734
2993         4.2596
2993        3.69357
2993        5.93281
2993        2.40614
2993        1.30581
2993        6.24774
2993        3.70558
2993        1.30692
2993        2.77267
2993        5.36268
2993       0.164624
2993        4.45854
2993        1.76892
2993        4.51208
2993        2.52856
2993       0.344449
2993        1.21276
2993        3.42435
2993         4.3901
2993        4.09324
2993        3.83776
2993        5.53677
2993         3.3371
2993        1.71731
2993        1.66478
2993        4.43004
2993       0.794802
2993        1.08395
2993      0.0801136
2993        0.33355
2993        5.97243
2993        1.36939
2993        5.97083
2993        3.46591
2993        6.12125
2993        1.32759
2993        4.26035
2993         4.2914
2993        1.78806
2993        0.19259
2993         2.5701
2993        2.19969
2993        4.08824
2993        4.82192
2993        4.11534
2993        3.57089
2993        1.06661
2993        6.13938
2993         1.4175
2993        1.80764
2993        1.02784
2993       0.547587
2993        3.70496
2993        1.84102
2993        2.93661
2993        1.11611
2993       0.660807
2993       0.428492
2993         5.7559
2993        3.00535
2993        4.77043
2993         1.1181
2993         2.2383
2993        4.49239
2993        5.69215
2993       0.209356
2993        4.66516
2993       0.248513
2993        5.35569
2993        1.91025
2993        5.02579
2993        4.63764
2993        2.58558
2993        4.82866
2993        4.86347
2993        5.24929
2993       0.956511
2993       0.789676
2993        5.33868
2993        4.50279
2993        3.40268
2993        5.58788
2993        4.32224
2993        3.49739
2993        4.09643
2993         4.9033
2993        5.27146
2993        3.35238
2993        3.78359
2993        2.17767
2993        3.24075
2993        5.84502
2993        6.20945
2993        3.91772
2993        4.62965
2993        3.58704
2993       0.642334
2993        1.24037
2993          5.175
2993         3.5502
2993        5.12864
2993        1.51944
2993        4.81308
2993         0.0393
2993        4.57114
2993        2.37004
2993        3.93032
2993       0.535987
2993       0.754838
2993       0.799572
2993        2.79917
2993        3.21529
2993        3.13312
2993        3.35499
2993        4.76449
2993        1.24214
2993       0.400958
2993         1.2307
2993        3.74029
2993        5.09153
2993        6.16463
2993        4.24747
2993        2.06624
2993        1.97315
2993        3.75544
2993        6.09919
2993        4.45862
2993        0.47646
2993        1.81074
2993       0.742345
2993         4.9003
2993        3.05902
2993        3.38438
2993        1.19069
2993          4.277
2993       0.217653
2993         3.3743
2993       0.751066
2993        6.24609
2993        1.77653
2993        0.80634
2993       0.587663
2993        4.47561
2993        5.03116
2993        5.12923
2993       0.192427
2993       0.717591
2993        3.02904
2993         4.6756
2993        3.65481
2993        6.23827
2993        4.74408
2993        1.27449
2993       0.737052
2993        3.97161
2993        5.15886
2993        4.73676
2993         2.9052
2993        1.47742
2993       0.662077
2993        1.64298
2993        5.97561
2993        4.01285
2993        1.38183
2993        1.91977
2993        3.41852
2993        1.78674
2993        2.36218
2993        5.95012
2993       0.771959
2993        6.05871
2993        2.22002
2993        1.73287
2993           1.08
2993        4.64912
2993        6.00632
2993        3.56377
2993        2.47177
2993         2.4749
2993        4.38935
2993       0.848044
2993        4.43186
2993        1.27477
2993      0.0221754
2993        2.89578
2993        3.39382
2993        5.04688
2993        4.96206
2993        1.57869
2993       0.842245
2993        5.07716
2993        2.84217
2993        3.65026
2993        1.44934
2993       0.827578
2993        3.76524
2993        2.59821
2993        1.42588
2993        3.81993
2993        5.74524
2993        0.66724
2993        1.52541
2993        4.61073
2993       0.721846
2993        1.15551
2993       0.479419
2993        4.00874
2993        5.71465
2993        1.37094
2993         4.0517
2993         1.6273
2993      0.0622794
2993        1.70117
2993        4.93409
2993        2.63181
2993        3.13043
2993       0.101204
2993        3.76725
2993       0.771782
2993         4.3225
2993        6.00395
2993        1.38973
2993        4.58211
2993        3.69398
2993        4.69369
2993        3.79147
2993        2.12513
2993       0.891084
2993        5.67541
2993        2.42067
2993        3.87414
2993        1.38703
2993        4.26384
2993       0.220192
2993        1.28853
2993        1.04623
2993        1.00726
2993        4.64361
2993        2.49274
2993        4.18237
2993        3.35819
2993        6.26701
2993        1.41675
2993        1.39293
2993        1.99334
2993         4.5059
2993        4.64683
2993        4.22546
2993        4.55953
2993        5.23154
2993        3.94942
2993        5.15234
2993        2.41523
2993        5.03995
2993         4.4704
2993       0.441114
2993       0.819853
2993        4.20663
2993        2.78603
2993         1.0358
2993        4.76361
2993        1.73428
2993        6.01509
2993        3.90094
2993        1.34047
2993         5.6714
2993      0.0159545
2993       0.724169
2993         4.0482
2993       0.979674
2993        6.16196
2993        4.41267
2993       0.726787
2993        3.91717
2993        3.94322
2993        1.87442
2993        6.04655
2993        4.95209
2993       0.201104
2993        1.10789
2993        1.71828
2993        4.31266
2993        5.39185
2993        3.14472
2993        4.71788
2993        1.11191
2993       0.846845
2993        3.38216
2993         5.0872
2993        2.47104
2993        4.87131
2993        4.23121
2993        1.36037
2993        5.62246
2993        3.48261
2993        4.28352
2993        3.88925
2993        1.06953
2993        1.60318
2993        5.66298
2993       0.630591
2993        4.71946
2993        1.97697
2993       0.763165
2993        3.83686
2993        1.35491
2993        1.30689
2993        1.35923
2993        5.63594
2993        5.43387
2993        1.10585
2993        2.45321
2993        5.53741
2993        5.10812
2993       0.425195
2993        4.48835
2993        2.90127
2993        1.53209
2993        4.82468
2993        6.02732
2993        5.78234
2993        1.05741
2993        1.23488
2993       0.966067
2993       0.258823
2993       0.601034
2993        4.77267
2993        2.89161
2993        4.25773
2993        1.90781
2993        3.88449
2993        4.33305
2993       0.615088
2993        1.68728
2993        1.58991
2993        1.20292
2993        5.51073
2993       0.600984
2993        4.18266
2993        4.50824
2993        5.20969
2993        3.21154
2993        2.51164
2993        3.94565
2993        5.13799
2993       0.877173
2993        0.73882
2993        3.35045
2993        3.08235
2993        3.83581
2993        5.32501
2993        3.89446
2993        1.45636
2993        3.40767
2993        1.81993
2993       0.669706
2993        4.54778
2993       0.498584
2993       0.953274
2993        6.18176
2993        1.22321
2993         3.7173
2993        3.35701
2993        4.58168
2993        6.07866
2993        1.67446
2993        3.29999
2993        1.11186
2993        1.78028
2993        4.09432
2993        5.40473
2993        3.59349
2993        4.23256
2993        3.81129
2993        3.44317
2993        3.84967
2993        2.35093
2993        5.51878
2993        3.85557
2993        4.24643
2993       0.632032
2993        2.63889
2993        3.49059
2993        1.74303
2993        3.28437
2993        3.64683
2993      0.0282044
2993        4.71444
2993        5.82615
2993        1.39711
2993        4.80459
2993        3.74064
2993        2.59341
2993        1.24566
2993        1.34121
2993        2.74847
2993        2.17601
2993        4.34691
2993        2.84777
2993        3.96766
2993        1.48044
2993        3.35797
2993         1.2413
2993       0.548124
2993        3.74947
2993        4.17254
2993        3.83254
2993        3.57048
2993        4.54371
2993       0.872123
2993        2.61069
2993        2.16527
2993        2.83986
2993        3.17532
2993        4.52354
2993        4.12132
2993        2.79378
2993        5.58735
2993       0.331682
2993        6.09711
2993         5.1797
2993        6.25959
2993          1.629
2993        5.57385
2993          4.034
2993        4.49145
2993        4.14509
2993        5.54547
2993        1.46365
2993       0.548501
2993        2.02817
2993       0.314777
2993         3.6213
2993        2.14322
2993        6.16319
2993        2.04989
2993      0.0579198
2993        5.12068
2993       0.702442
2993        3.86622
2993        6.12273
2993        4.01551
2993        3.46693
2993        2.31846
2993       0.313029
2993        3.72805
2993        3.02311
2993        5.65276
2993       0.414427
2993        3.35762
2993        5.17648
2993        1.81971
2993        5.82095
2993       0.678548
2993        4.47976
2993        4.48955
2993       0.596502
2993        1.16443
2993      0.0992205
2993        3.85371
2993        6.26519
2993       0.176988
2993       0.779299
2993        4.52184
2993        0.17519
2993        2.03548
2993        1.74757
2993        4.09052
2993        4.93848
2993        5.15514
2993        4.77487
2993        3.85219
2993        2.51597
2993        4.98294
2993        3.99536
2993        3.58603
2993        3.98467
2993        4.25636
2993        2.81861
2993        4.45173
2993        3.02474
2993        3.82248
2993       0.761399
2993       0.638728
2993        3.99222
2993       0.913067
2993        1.76815
2993        2.83815
2993        5.08242
2993        2.93561
2993        3.47269
2993        4.36392
2993        3.72883
2993        5.90172
2993        5.56615
2993        2.54908
2993        2.95977
2993        5.33152
2993       0.256968
2993        0.31034
2993        1.24837
2993       0.805347
2993     0.00136797
2993        2.51494
2993        5.02094
2993        1.02842
2993        1.25685
2993        3.60711
2993        3.02323
2993        4.29025
2993        2.00464
2993         1.4876
2993        5.56592
2993        4.93677
2993        1.85953
2993        1.36688
2993       0.906998
2993        4.83749
2993        2.33515
2993         6.2335
2993        5.75637
2993        3.00293
2993         1.8791
2993         1.0305
2993         2.2783
2993        1.56463
2993        4.66374
2993        5.39496
2993        0.15089
2993        2.78022
2993       0.861853
2993        3.91529
2993        1.66622
2993       0.980914
2993       0.929536
2993          0.923
2993        3.52794
2993        4.20316
2993        3.81843
2993          4.684
2993        3.89035
2993       0.592271
2993       0.360496
2993        2.82002
2993       0.973871
2993        5.18322
2993         5.9074
2993        3.75574
2993        2.16075
2993        5.15127
2993        1.29861
2993         2.9566
2993       0.885834
2993        4.27514
2993        1.31101
2993        4.47541
2993        4.57963
2993        4.44018
2993        5.20558
2993        5.26443
2993        4.52269
2993        2.78837
2993       0.876358
2993        1.23309
2993        5.89078
2993       0.773756
2993        4.94659
2993        1.13177
2993        3.24759
2993        6.27324
2993        1.24607
2993        4.88665
2993        3.78718
2993        3.31596
2993       0.395417
2993        1.98451
2993       0.518664
2993        4.53012
2993         5.1434
2993        3.58186
2993        5.00601
2993        5.48249
2993        5.46953
2993      0.0070597
2993        4.04285
2993        4.46622
2993        5.07956
2993        1.41769
