2998        1.89507
2998        5.64321
2998        4.98914
2998        2.87058
2998        5.90102
2998        1.48275
2998        1.80492
2998       0.480192
2998         1.6158
2998        2.10387
2998        2.55939
2998        4.04495
2998        6.03678
2998        1.92297
2998      0.0345105
2998        2.91124
2998        4.84516
2998        1.81741
2998        5.55403
2998        5.28183
2998        2.38731
2998        5.67413
2998        3.58638
2998        0.87077
2998        4.60941
2998        3.23563
2998        3.08365
2998        1.65834
2998       0.232705
2998        3.69058
2998        4.84291
2998        2.44975
2998        3.07769
2998        2.80398
2998        5.13175
2998        4.59992
2998        6.17629
2998        5.88319
2998        5.83025
2998        2.55385
2998        1.70111
2998         5.4345
2998        3.95248
2998        4.80442
2998        6.02453
2998        4.55938
2998       0.871157
2998        4.21359
2998        5.63228
2998        3.55039
2998      0.0886321
2998        1.03599
2998        2.77304
2998        1.74159
2998        4.45271
2998        5.75678
2998        1.97218
2998        5.10956
2998        2.94703
2998        2.33673
2998        2.11463
2998        4.42358
2998        1.99452
2998        3.98302
2998       0.101368
2998        1.42913
2998        4.89584
2998        4.88069
2998       0.136521
2998        5.48827
2998        5.02831
2998        2.65867
2998        2.05622
2998        4.90177
2998        1.88108
2998      0.0253887
2998        4.70803
2998        5.17197
2998        4.40326
2998        6.24856
2998        3.16776
2998        5.31792
2998       0.174898
2998        5.08383
2998        5.39538
2998         1.9017
2998        1.42479
2998        5.15509
2998        1.47789
2998        2.45908
2998        4.22098
2998        6.04666
2998        5.91498
2998        4.26938
2998        6.02448
2998        1.18453
2998        5.94631
2998        5.88951
2998       0.300672
2998        5.57499
2998        6.10411
2998        5.02676
2998        5.16357
2998        2.27932
2998       0.538142
2998        2.37535
2998        2.59618
2998       0.550758
2998        3.65356
2998       0.537913
2998        6.01933
2998        1.94759
2998       0.318759
2998        4.23796
2998        2.04969
2998        1.01252
2998        6.19898
2998        3.56813
2998        3.06642
2998        2.09601
2998       0.157808
2998        5.60975
2998        5.69163
2998        2.81251
2998        1.73926
2998        1.57409
2998        5.96724
2998        5.10494
2998        4.63341
2998      0.0600114
2998       0.389662
2998        2.12901
2998        5.23097
2998        1.66336
2998        0.53124
2998        2.55711
2998        1.51655
2998        4.10818
2998         3.6631
2998        4.24232
2998        5.72492
2998        5.93989
2998        1.60591
2998        5.87567
2998        2.78452
2998        3.70207
2998        5.97021
2998        2.17103
2998         5.0001
2998        5.90969
2998        5.92155
2998        5.89581
2998        4.83509
2998         3.7269
2998         5.7138
2998        4.54443
2998      0.0235425
2998         5.8354
2998        5.04229
2998        5.07286
2998        3.26789
2998          3.578
2998        5.51428
2998        2.96167
2998        4.08149
2998        5.62479
2998        2.01097
2998        5.55393
2998        0.96425
2998        6.06304
2998        1.33832
2998        6.01873
2998         4.9794
2998        3.29069
2998        4.91856
2998        5.60362
2998        1.25518
2998        4.05758
2998      0.0847168
2998        3.65964
2998        5.83639
2998        1.74484
2998        5.45624
2998       0.890112
2998        1.23296
2998        5.59844
2998       0.282674
2998       0.285082
2998        4.46079
2998        5.32604
2998        2.50099
2998        2.74019
2998        5.35461
2998        1.88339
2998        3.07274
2998        2.96439
2998       0.142675
2998        2.38264
2998        3.56117
2998        4.75556
2998        5.89187
2998        1.90648
2998         4.9684
2998         5.5375
2998        2.52748
2998        2.53196
2998        2.20476
2998        3.20507
2998         1.6532
2998        6.14659
2998        1.79609
2998        2.17637
2998        5.86118
2998        4.55363
2998       0.885088
2998     0.00966234
2998        5.25358
2998       0.488687
2998        6.03298
2998        5.57617
2998         4.2678
2998       0.172899
2998        1.35586
2998        4.27102
2998         4.1725
2998        5.92368
2998        2.71515
2998        2.69122
2998        4.12554
2998        5.53335
2998       0.632689
2998        2.84124
2998        5.65423
2998        1.56659
2998        4.61645
2998        1.75064
2998        2.44846
2998        5.32762
2998        5.85888
2998        1.64591
2998        1.68218
2998        1.05207
2998        4.60049
2998        2.37323
2998        3.59127
2998        3.36773
2998        1.69066
2998        3.50555
2998        6.11186
2998        1.11394
2998        3.71057
2998        1.91635
2998       0.694612
2998        2.26942
2998        2.24065
2998        1.61193
2998       0.538935
2998        1.22602
2998       0.917205
2998        3.01883
2998        5.01842
2998       0.444341
2998        4.98148
2998       0.800711
2998        3.78917
2998          5.793
2998        5.22906
2998        6.02975
2998        3.44168
2998         2.5114
2998        4.75872
2998         2.5836
2998        2.59878
2998         2.9894
2998        5.15243
2998        1.95488
2998        5.27015
2998        1.61788
2998        5.39664
2998        5.75035
2998        2.98301
2998        5.22426
2998        4.27973
2998        3.29099
2998         1.7916
2998        3.27532
2998        5.18477
2998        4.77228
2998        1.02831
2998        2.07973
2998        1.80397
2998        4.45222
2998         5.4576
2998        5.66465
2998        1.96967
2998        4.22916
2998          1.385
2998         4.5357
2998       0.754533
2998        5.08615
2998        2.77858
2998       0.482491
2998        4.76619
2998       0.911159
2998          5.673
2998        4.84458
2998        5.63704
2998        1.09172
2998        6.01968
2998        5.33569
2998        1.01291
2998        3.32837
2998        5.54807
2998        0.56972
2998         3.5315
2998        3.31178
2998        1.05184
2998        3.31148
2998        2.67957
2998        2.86437
2998       0.253419
2998        5.66658
2998        2.34079
2998        4.60566
2998        3.13165
2998        4.74707
2998        2.21804
2998        5.60829
2998      0.0340573
2998        2.12933
2998        1.14695
2998        1.24251
2998        2.50556
2998       0.394719
2998         6.1012
2998        5.38226
2998       0.210547
2998         5.0511
2998        3.88182
2998        2.21981
2998        3.57005
2998        5.28921
2998       0.594353
2998        5.39323
2998        3.25342
2998        2.22344
2998        2.33777
2998         2.7539
2998        6.24095
2998        5.92993
2998       0.346096
2998        2.18837
2998        2.99083
2998         5.8208
2998        1.85636
2998        2.04705
2998        5.20717
2998         2.9546
2998        4.23906
2998        2.70444
2998        4.60569
2998        2.42649
2998        6.23578
2998        2.48657
2998        2.94519
2998        2.80291
2998       0.336846
2998        3.75139
2998        6.23617
2998        1.27835
2998        5.40567
2998        3.38307
2998        2.89667
2998        5.56213
2998        4.13881
2998        3.58025
2998        3.55987
2998        0.92972
2998        3.52532
2998       0.813402
2998        1.60461
2998        3.93466
2998        5.04458
2998        2.56362
2998        5.38823
2998        3.77976
2998        5.90689
2998        6.07682
2998        5.51616
2998        4.42773
2998        3.33454
2998        2.42587
2998        5.98091
2998         5.2064
2998        2.45365
2998        3.39407
2998        6.26987
2998        1.67028
2998        2.27798
2998        6.21022
2998        4.06643
2998        5.35168
2998        5.51523
2998        4.51696
2998        5.01696
2998        5.98198
2998        4.59537
2998        3.19295
2998        1.79504
2998        4.69514
2998        4.79426
2998        1.56809
2998        1.87912
2998        1.25101
2998        5.82375
2998        5.27792
2998       0.569032
2998        2.22564
2998        5.36683
2998        2.71258
2998        4.83155
2998        5.88089
2998        2.77068
2998        1.58092
2998      0.0883221
2998        2.10981
2998         4.9899
2998        4.94305
2998        5.91897
2998        3.15192
2998        1.98251
2998         2.0977
2998        5.73001
2998         5.9154
2998        2.07878
2998       0.247108
2998        3.66168
2998        5.00028
2998        5.82619
2998       0.137907
2998        3.97752
2998         6.0697
2998        1.69767
2998        3.06039
2998        1.41192
2998        5.00572
2998        1.60732
2998        4.90836
2998         2.4355
2998       0.853184
2998        5.47766
2998        4.95813
2998        4.94334
2998        2.90343
2998        4.13453
2998        3.14975
2998         1.3228
2998        4.82073
2998        1.95855
2998        4.06231
2998       0.110367
2998        2.86426
2998        5.75347
2998        2.29909
2998        5.60125
2998         4.4169
2998       0.497078
2998         2.5199
2998        5.22882
2998        6.04119
2998         5.2858
2998        5.03951
2998        1.09773
2998        2.73166
2998        4.13887
2998        2.18988
2998        3.06584
2998        1.41718
2998        1.57783
2998        5.08966
2998        5.95882
2998         4.9437
2998        5.42097
2998        5.56859
2998        5.01445
2998        1.63198
2998        4.86167
2998       0.635071
2998        3.25129
2998        1.40216
2998        2.06269
2998        2.23586
2998        4.12703
2998        4.66913
2998        5.22876
2998       0.576313
2998        4.90526
2998        4.16109
2998        1.19858
2998        2.00593
2998        5.05331
2998       0.807023
2998       0.021886
2998       0.118799
2998        5.11716
2998        5.05529
2998        5.50067
2998        5.69258
2998        4.78492
2998        2.30736
2998        1.86174
2998        2.25735
2998        5.63695
2998        1.09134
2998        2.31179
2998        1.09376
2998        4.36077
2998        2.55355
2998        1.53726
2998         1.8503
2998        5.54193
2998        1.02774
2998        2.49081
2998        1.22952
2998       0.810765
2998        1.76732
2998         1.9236
2998        4.73294
2998        2.23892
2998        3.81238
2998        5.38324
2998       0.192379
2998        1.52405
2998        2.07892
2998       0.133884
2998        3.67075
2998        4.82375
2998         3.6401
2998        3.86116
2998        5.88334
2998        2.78104
2998         4.6769
2998        4.21454
2998        2.91316
2998       0.432747
2998        4.31324
2998        1.75697
2998        6.15432
2998        4.59772
2998        3.07507
2998        2.12638
2998        5.87046
2998        5.91633
2998        2.41158
2998         3.0739
2998        5.18132
2998        3.15655
2998        3.33199
2998        2.30861
2998        3.09978
2998        2.23043
2998        2.08344
2998        4.78997
2998        1.34258
2998        2.08955
2998        1.24353
2998        4.34277
2998        2.78021
2998        6.02013
2998        1.53948
2998          5.585
2998        1.32337
2998        5.10981
2998        1.72773
2998        2.27134
2998        1.58384
2998         5.4032
2998        4.95488
2998       0.175296
2998          5.787
2998        2.23742
2998        3.24304
2998        1.18477
2998        6.23599
2998        2.75918
2998        2.88314
2998       0.227709
2998        1.14303
2998        5.61126
2998        3.76848
2998        1.77817
2998          3.153
2998        3.75883
2998        1.98131
2998        1.19039
2998        3.17732
2998        5.49371
2998        6.07588
2998         5.2492
2998       0.556109
2998        3.17712
2998        1.67841
2998        5.80244
2998        1.05261
2998        4.96106
2998      0.0657711
2998        2.20682
2998        5.76929
2998        1.46072
2998         4.4205
2998        5.90542
2998        2.47084
2998        1.70192
2998         4.8806
2998          3.541
2998        3.03665
2998        1.99241
2998        4.10867
2998        1.29401
2998        3.09275
2998        1.23105
2998       0.133988
2998        4.65342
2998        3.20234
2998        4.16031
2998         3.2906
2998        6.22397
2998       0.730702
2998       0.674099
2998        4.06252
2998        5.05405
2998        5.00299
2998        2.17135
2998        1.20762
2998        3.86963
2998        2.96364
2998       0.614537
2998        2.94439
2998        5.88025
2998       0.704664
2998        4.23433
2998        5.39321
2998        3.19913
2998      0.0760377
2998        4.20676
2998        1.03206
2998        3.42501
2998        5.07345
2998        1.05166
2998        3.19076
2998        3.58755
2998        6.05344
2998        5.79068
2998        4.02132
2998         1.6896
2998        6.17461
2998        3.96389
2998         5.9462
2998        4.80762
2998        5.78004
2998        2.01221
2998        1.36035
2998        1.25246
2998        2.36428
2998        2.18029
2998       0.792089
2998       0.267714
2998        3.94824
2998        2.32136
2998         1.5709
2998           3.07
2998        4.52471
2998        1.80792
2998        2.20968
2998        2.99619
2998        6.02244
2998        1.45448
2998        3.83309
2998        5.75171
2998        5.89833
2998        4.92124
2998        4.61296
2998        5.50969
2998        1.97187
2998        3.05769
2998        3.02069
2998       0.292475
2998         3.1939
2998        5.67758
2998        5.60345
2998        2.64314
2998        6.28148
2998        2.36379
2998        1.91773
2998        2.32391
2998        5.37424
2998       0.680859
2998        1.49432
2998        5.48985
2998        3.99527
2998        5.14593
2998        2.35887
2998        4.70562
2998        4.20027
2998         6.0755
2998        5.75636
2998        5.26777
2998        2.36565
2998        2.61625
2998        6.27967
2998        2.16561
2998        6.04219
2998       0.981621
2998        4.92545
2998        2.74678
2998       0.912131
2998        5.49516
2998        1.39011
2998        5.25052
2998        5.76667
2998        1.54844
2998        3.86401
2998        4.55735
2998        2.92918
2998        5.01238
2998        2.53449
2998        5.59537
2998        4.92757
2998        5.21593
2998        3.17233
2998        2.15331
2998         4.4939
2998        2.28841
2998        1.09427
2998        5.63569
2998         3.3368
2998        3.29308
2998        2.41748
2998        3.67737
2998        1.41941
2998       0.264855
2998        1.45814
2998        5.22983
2998        4.72621
2998        5.28172
2998       0.141971
2998        1.03041
2998       0.945955
2998         2.2106
2998         4.4136
2998        3.96372
2998        5.16811
2998        5.67564
2998        5.04605
2998         2.3565
2998         1.7069
2998        4.55839
2998        2.26298
2998        5.07416
2998        3.47257
2998        2.18506
2998        1.05863
2998        5.24055
2998        6.12038
2998      0.0588232
2998      0.0762725
2998        2.30501
2998        2.71798
2998         1.7279
2998        3.20838
2998        0.13504
2998        5.41722
2998        5.68419
2998         6.2368
2998       0.990541
2998        2.43949
2998        5.74644
2998        1.89116
2998        5.65537
2998        5.66249
2998         5.1369
2998         3.2014
2998         5.8503
2998        5.56571
2998        5.44319
2998       0.493432
2998        6.03794
2998        1.88395
2998        1.88509
2998        5.39303
2998        2.76536
2998         4.6819
2998        2.84939
2998         2.9881
2998        3.82426
2998        5.07413
2998        5.65632
2998        5.01083
2998         5.7347
2998         2.3055
2998        5.49616
2998        2.69748
2998        1.54524
2998        5.15147
2998        1.53755
2998        3.78438
2998        4.95712
2998        3.44133
2998        4.82502
2998        5.20912
2998        3.07015
2998        5.64809
2998         3.8318
2998        3.46799
2998        5.97409
2998         1.9533
2998        2.06206
2998        3.69509
2998        4.36641
2998        1.12163
2998        4.11936
2998         5.4086
2998        5.88262
2998        1.44664
2998        2.94224
2998         5.1013
2998        1.48899
2998        2.45147
2998         4.6526
2998       0.839002
2998        4.56165
2998        1.40449
2998       0.258813
2998         5.4018
2998        5.72502
2998        0.28026
2998       0.868558
2998        4.73305
2998        0.28077
2998        4.93528
2998        5.74172
2998        2.11527
2998        2.86506
2998        6.10686
2998        4.77246
2998        4.38577
2998        5.91195
2998        4.44832
2998        2.60569
2998        5.95499
2998        1.53549
2998         1.9965
2998        2.00332
2998       0.115652
2998        6.02053
2998        3.83207
2998        4.03004
2998        4.08516
2998        2.15213
2998        1.66784
2998        3.71152
2998        2.93318
2998        5.07863
2998        2.68156
2998         5.1161
2998        3.15012
2998        2.78315
2998        6.19784
2998        3.51454
2998        1.26316
2998         4.6855
2998        4.14507
2998      0.0552528
2998        3.62253
2998        5.42098
2998        2.66037
2998        2.57084
2998        6.09749
2998        5.01817
2998       0.708878
2998        4.64412
2998        5.15713
2998       0.060997
2998        1.59952
2998        3.11206
2998        2.37467
2998        4.19871
2998       0.170918
2998       0.185135
2998        2.97344
2998        1.83443
2998       0.265315
2998        6.05094
2998        2.37393
2998        5.55775
2998        1.39274
2998       0.934969
2998        4.55105
2998        2.26112
2998        1.06581
2998       0.126892
2998        3.06315
2998        3.35028
2998        3.28902
2998        2.79624
2998        6.00835
2998        2.64191
2998        3.50415
2998        2.15972
2998        5.43349
2998      0.0645519
2998        4.20157
2998        5.00017
2998        4.49881
2998        1.51219
2998        4.90428
2998        1.84001
2998        5.47409
2998        2.17256
2998        4.50014
2998        2.66615
2998        1.46508
2998        1.64634
2998        2.51055
2998        2.97518
2998        5.71354
2998        2.81176
2998        5.07213
2998        3.01664
2998        1.56268
2998        5.45859
2998        5.01118
2998        1.01127
2998        1.71345
2998         3.4457
2998        5.03484
2998        1.26776
2998        3.64331
2998         5.0133
2998         3.5553
2998       0.864415
2998        5.48314
2998        4.65639
2998        5.01686
2998        4.19311
2998        5.94474
2998        0.30502
2998        4.24645
2998        5.96458
2998        2.35482
2998        4.74548
2998        4.72426
2998       0.435254
2998        4.57833
2998         4.4911
2998        2.78033
2998        4.84333
2998        1.83141
2998       0.804921
2998        4.38675
2998        2.10487
2998        2.18886
2998        2.82819
2998         2.6821
2998        5.74335
2998        5.34937
2998        1.95091
2998        3.16416
2998        4.44944
2998        2.45953
2998        2.47717
2998        3.44863
2998        2.54813
2998        5.11531
2998       0.988357
2998         1.2716
2998        2.16602
2998        5.95724
2998       0.568849
2998        1.33686
2998         5.8847
2998        6.18248
2998       0.558727
2998         5.2912
2998       0.488605
2998        5.22212
2998        5.71402
2998         6.2547
2998       0.639175
2998        5.69984
2998        1.90479
2998        6.02581
2998        2.51205
2998        4.06735
2998        5.82728
2998        5.59834
2998        1.65856
2998        1.61662
2998        5.32512
2998        2.27162
2998        3.05258
2998        4.14765
2998        2.15252
2998         1.1654
2998      0.0328955
2998        6.07636
2998        5.54135
2998        3.11168
2998        5.12608
2998        3.17446
2998        2.34222
2998        4.43271
2998        2.06243
2998        1.04855
2998        1.43323
2998        4.63354
2998        5.02896
2998       0.415008
2998        2.83723
2998        6.15246
2998        1.80669
2998        5.73992
2998        5.42155
2998        2.49354
2998        1.78243
2998        2.73443
2998        5.42616
2998        2.46556
2998        3.50159
2998        4.40523
2998       0.591601
2998       0.171653
2998        1.72063
2998        2.58982
2998       0.873794
2998        2.33637
2998        2.68838
2998       0.750453
2998        2.07537
2998        2.42563
2998        6.23177
2998        3.78197
2998        6.09434
2998        1.04474
2998        3.51769
2998        1.02184
2998        1.16957
2998       0.231128
2998         1.5273
2998        5.40648
2998        3.44647
2998        5.50106
2998        2.20307
2998        3.45446
2998        5.11324
2998       0.695884
2998        5.36744
2998        2.33826
2998        1.54682
2998        2.24589
2998        5.90444
2998        4.89689
2998       0.668232
2998        2.52493
2998        1.57311
2998        4.87811
2998        6.18859
2998        5.00436
2998         3.1312
2998        4.23118
2998        4.77873
2998       0.252504
2998        3.14085
2998       0.993646
2998        4.07308
2998        4.81323
2998        1.42103
2998       0.440859
2998        4.25615
2998        2.64154
2998         5.1787
2998        5.40231
2998       0.939017
2998       0.162217
2998        2.41324
2998        2.55599
2998        3.95891
2998        5.13268
2998        3.54485
2998      0.0346688
2998        2.57785
2998        4.33369
2998        3.44605
2998        3.08843
2998        4.28248
2998        5.23015
2998        1.07237
2998        3.64936
2998        1.15106
2998        2.50904
2998         4.8217
2998        4.20357
2998        4.53894
2998        5.96584
2998        4.10791
2998       0.197942
2998        2.34887
2998        6.21069
2998        2.68539
2998        3.40826
2998       0.443375
2998        3.11388
2998       0.307959
2998        2.28142
2998        5.79493
2998        4.90301
2998         5.7361
2998       0.829135
2998        5.00471
2998        5.62676
2998        3.07787
2998       0.196164
2998        1.16395
2998       0.333161
2998        2.99762
2998        1.50132
2998        5.59798
2998        4.28361
2998        4.44968
2998      0.0642073
2998        5.93204
2998        4.63393
2998        1.26259
2998        4.52811
2998        1.42244
2998        2.69434
2998       0.461923
2998        2.70841
2998        2.47804
2998        4.38939
2998        4.03215
2998        3.00704
2998         3.6738
2998         5.5312
2998        4.45749
2998        1.19175
2998        3.17896
2998         4.5118
2998        3.91905
2998        5.87075
2998        2.77255
2998       0.978644
2998        3.27248
2998        2.33018
2998        5.58896
2998        2.14798
2998        5.37115
2998        1.96193
2998        5.20615
2998         5.7804
2998        1.76391
2998        5.85496
2998        5.34038
2998       0.836039
2998        3.35677
2998        5.96734
2998        5.31476
2998        5.15153
2998         4.7911
2998         6.0292
2998        2.56837
2998        3.63711
2998        5.53053
2998        2.40626
2998        2.43841
2998        1.54408
2998        3.69744
2998       0.455358
2998        5.54528
2998        4.71866
2998        1.39714
2998        1.96005
2998        2.44109
2998        4.88611
2998        3.17535
2998       0.226563
2998        1.13262
2998        2.57324
2998        3.02903
2998        5.19337
2998        2.65412
2998        2.19721
2998         4.2567
2998       0.159652
2998       0.485281
2998        2.80789
2998        2.34541
2998        4.29646
2998        5.27879
2998        1.70119
2998        1.58157
2998        3.88729
2998       0.210581
2998        1.76498
2998        1.26074
2998        1.40699
2998         5.0522
2998         3.1991
2998       0.373669
2998        4.98052
2998         5.5748
2998        2.32666
2998       0.673802
2998        4.58517
2998        6.16326
2998        6.00986
2998        3.79088
2998        3.51538
2998         2.1509
2998        1.64735
2998        3.55119
2998        5.96632
2998        6.18985
2998        1.13235
2998        3.33237
2998      0.0584305
2998      0.0370723
2998        2.96892
2998        5.43662
2998        5.03499
2998        6.07026
2998        5.70112
2998        4.44239
2998        5.70335
2998        4.91682
2998        5.89277
2998        5.85642
2998        1.73647
2998        5.67357
2998        1.43296
2998        5.05372
2998       0.168578
2998        5.44541
2998        1.91938
2998        1.67019
2998       0.379258
2998        2.79924
2998       0.227854
2998        3.38699
2998       0.570862
2998        1.44746
2998        4.67749
2998        4.59809
2998        5.74592
2998        2.11311
2998         5.1585
2998        2.29371
2998       0.623044
2998        5.72268
2998        6.26701
2998        3.85261
2998        1.80172
2998        6.21714
2998        5.42446
2998        3.47492
2998        6.18395
2998       0.845715
2998      0.0999975
2998        1.76216
2998        1.44653
2998        1.30347
2998       0.928854
2998        4.17333
2998        6.07481
2998        4.91308
2998        1.92123
2998        5.55628
2998        5.05598
2998          5.022
2998        4.98184
2998        4.45099
2998        5.00816
2998        3.16713
2998        6.16319
2998        4.74197
2998        4.95728
2998         3.3165
2998        4.71526
2998       0.824176
2998       0.455943
2998        4.27525
2998        5.67618
2998        5.95028
2998        3.84005
2998       0.430911
2998       0.888955
2998        3.14132
2998        2.85982
2998        5.53492
2998        1.06084
2998        1.45442
2998        1.43908
2998        4.21633
2998         5.4594
2998        4.40603
2998        4.59005
2998       0.921638
2998       0.336233
2998        4.21032
2998        4.85186
2998        5.11025
2998        5.82342
2998        3.51915
2998       0.594736
2998        3.75855
2998         4.9875
2998        4.82761
2998         3.2598
2998        1.98814
2998       0.817068
2998        6.09916
2998        1.15446
2998         2.6051
2998        3.31377
2998        6.27496
2998        2.64196
2998        5.31931
2998        4.69011
2998        1.92695
2998        5.92321
2998        3.42652
2998        5.82552
2998        3.39038
2998        1.28194
2998        1.35339
2998        2.74536
2998       0.408755
2998       0.266064
2998        2.55038
2998        2.10768
2998        4.52266
2998        2.04774
2998         2.5813
2998        5.75738
2998         6.0153
2998        5.05654
2998        1.68178
2998        3.14698
2998         2.0991
2998       0.164095
2998        1.11362
2998        2.64644
2998        5.39781
2998       0.801423
2998       0.769291
2998        5.17779
2998        1.20481
2998         1.4286
2998        1.42868
2998        1.38677
2998        5.42657
2998       0.208008
2998        3.30493
2998          4.083
2998      0.0814434
2998         3.0135
2998         5.1683
2998        2.08257
2998        2.17951
2998       0.115639
2998        5.35612
2998       0.444198
2998        6.05195
2998        5.25338
2998        2.77634
2998        4.28898
2998        1.43476
2998        1.86983
2998           5.13
2998        2.10239
2998        4.11839
2998        6.08804
2998        3.12195
2998        6.01589
2998        4.81203
2998        4.67055
2998         5.3092
2998        3.03592
2998        4.84463
2998        6.17848
2998        5.36393
2998        1.37697
2998        5.23067
2998        1.21649
2998        2.95957
2998        1.15214
2998        2.47564
2998        2.26969
2998        1.93437
2998        5.90831
2998        5.45363
2998        3.54783
2998        1.32765
2998        2.99627
2998        3.11855
2998        1.75971
2998        1.27649
2998        2.75969
2998        2.89287
2998        5.07514
2998       0.651125
2998        4.80396
2998        1.40553
2998        4.47575
2998        2.88166
2998        2.36679
2998        2.16011
2998        4.83448
2998        5.05036
2998        1.77411
2998        2.21873
2998        1.77637
2998        2.32711
2998        4.63151
2998        5.75804
2998        2.73893
2998        4.85135
2998         2.0781
2998        2.54398
2998        5.62264
2998        1.22376
2998        3.19423
2998        5.30123
2998        5.98507
2998        6.19194
2998         1.2035
2998        3.54111
2998        1.14385
2998       0.492052
2998        3.44604
2998       0.744522
2998        4.64221
2998        3.14146
2998        4.24551
2998         5.5135
2998         4.4113
2998        4.22425
2998        2.11791
2998       0.457572
2998        5.74042
2998      0.0369423
2998        5.55869
2998        1.66996
2998       0.190727
2998         6.2123
2998        5.54767
2998       0.867337
2998         5.0591
2998        5.78198
2998        1.01463
2998        5.25507
2998        4.12346
2998        4.99188
2998        5.75415
2998        2.88646
2998        1.34845
2998        2.20573
2998        3.66867
2998         2.7281
2998        5.58902
2998        5.99786
2998         5.5731
2998        1.42078
2998        3.18507
2998        2.12394
2998        3.60571
2998        2.72914
2998         5.9907
2998        2.86492
2998        5.31126
2998        2.99424
2998       0.554337
2998        2.23999
2998        3.23188
2998        2.00288
2998        5.60622
2998        5.05363
2998        1.93136
2998        2.73225
2998        4.41178
2998        2.68912
2998        5.44182
2998      0.0162391
2998       0.173033
2998        1.35988
2998        3.03768
2998        5.10835
2998        6.11774
