2337        4.37809
2337        1.45313
2337         1.3739
2337        3.99795
2337        2.15503
2337        4.20554
2337        5.29794
2337        3.66953
2337        1.12772
2337           4.72
2337       0.746749
2337        6.17276
2337        5.12962
2337       0.884879
2337        5.91801
2337        3.66951
2337        4.13478
2337       0.722864
2337        1.21087
2337        3.28273
2337        2.41901
2337       0.963905
2337        4.07106
2337       0.806096
2337      0.0573552
2337        1.79437
2337        1.40311
2337        4.99876
2337        4.93593
2337        1.17354
2337        2.82495
2337        3.27192
2337        1.17061
2337        2.74636
2337       0.122367
2337         3.2714
2337       0.653991
2337        4.78374
2337        2.81069
2337        2.97874
2337        2.69924
2337        2.18444
2337        6.19781
2337        5.04733
2337        3.92527
2337        1.37517
2337      0.0884598
2337       0.448132
2337        3.91166
2337        3.93583
2337        4.34243
2337        3.76545
2337        1.12678
2337        1.01271
2337        1.73876
2337         4.3757
2337        1.71814
2337        3.53325
2337        4.26304
2337       0.772581
2337        6.01569
2337        1.50795
2337        2.00173
2337        3.97484
2337        3.66878
2337        2.59462
2337         3.9525
2337        2.81226
2337        3.14092
2337       0.205413
2337        4.20079
2337        3.36739
2337        2.41392
2337        4.25726
2337       0.806749
2337       0.828228
2337        1.34326
2337        3.51356
2337        5.24509
2337        3.38277
2337        1.74746
2337        3.47794
2337       0.767102
2337        1.02775
2337        2.13773
2337        5.99594
2337        5.31432
2337        3.92514
2337        3.71195
2337        1.05469
2337        3.79902
2337        3.45699
2337        1.36677
2337        5.12449
2337        4.06038
2337        1.59174
2337      0.0299998
2337        4.09334
2337        1.75377
2337       0.442662
2337        3.95061
2337        2.46927
2337        6.07055
2337        2.02579
2337        4.20216
2337         5.5709
2337        5.33686
2337        3.52167
2337        4.17979
2337        2.38986
2337       0.796916
2337         2.5566
2337         4.6457
2337        2.01788
2337        4.78543
2337        4.93455
2337        3.86913
2337        4.44501
2337       0.407111
2337        5.04537
2337       0.280005
2337        6.23099
2337        3.23796
2337        3.10703
2337        5.94009
2337       0.811365
2337        5.08282
2337        3.61178
2337        3.58136
2337       0.571699
2337      0.0636989
2337        1.93233
2337        1.33108
2337        0.95292
2337        1.00375
2337        4.84037
2337       0.861631
2337        3.00854
2337        1.55249
2337        3.50722
2337        5.27582
2337        1.99047
2337        5.54452
2337       0.944026
2337        3.85937
2337        4.16438
2337        5.88925
2337        2.72625
2337        5.73548
2337        5.26603
2337        5.06685
2337        1.08064
2337        5.44871
2337         1.2369
2337        5.63306
2337         5.6139
2337       0.827513
2337       0.743286
2337        2.78125
2337        6.04786
2337        1.46626
2337       0.138709
2337        4.38169
2337        5.56664
2337       0.886386
2337        5.26527
2337        1.14765
2337        3.37184
2337        3.30316
2337        2.79159
2337        5.84794
2337        4.77924
2337        2.94202
2337        2.11764
2337        4.82453
2337       0.218966
2337        5.13822
2337       0.818836
2337         5.0083
2337       0.353728
2337        1.05367
2337        3.91523
2337        2.02667
2337        3.45347
2337        1.08698
2337        4.66795
2337       0.908434
2337        3.49634
2337        2.86755
2337       0.449443
2337       0.885159
2337        2.48936
2337        4.54955
2337       0.502535
2337        4.56407
2337       0.215768
2337        6.25653
2337         1.2269
2337       0.371449
2337        3.55623
2337        3.75123
2337       0.567147
2337       0.457533
2337        5.02407
2337        1.90267
2337        1.78791
2337        3.94298
2337        2.63968
2337       0.847531
2337        5.88404
2337       0.543485
2337        4.07577
2337        5.25111
2337        3.68557
2337       0.512022
2337        3.91509
2337       0.381131
2337        1.53989
2337         4.2543
2337        2.72634
2337        4.92051
2337        3.79388
2337        6.20497
2337        3.25502
2337        2.22915
2337        3.74038
2337        2.91434
2337        5.86935
2337        4.53352
2337       0.828858
2337        1.46748
2337      0.0433741
2337        3.58012
2337        3.88423
2337        0.78131
2337        4.53415
2337        1.19792
2337        5.59334
2337        2.78174
2337         3.3362
2337        3.42003
2337         2.9783
2337       0.829227
2337        5.62272
2337        3.93568
2337        0.21853
2337       0.377456
2337         3.2747
2337        4.20565
2337       0.582409
2337        5.25508
2337        0.74753
2337        2.72313
2337        1.16827
2337        4.05211
2337        6.13665
2337       0.556764
2337        0.22101
2337        3.43228
2337        4.65818
2337        4.91152
2337        2.19024
2337        4.84832
2337       0.468388
2337        4.38666
2337        5.35365
2337         4.8076
2337        1.19332
2337        1.27338
2337        3.51546
2337        3.32526
2337        6.18871
2337        3.99851
2337        3.87337
2337        0.79926
2337       0.996723
2337        3.99528
2337        0.52294
2337         4.1372
2337        1.98065
2337        2.29294
2337        6.13998
2337        1.73951
2337        6.18888
2337        4.17906
2337        5.15973
2337        4.39657
2337        3.46254
2337       0.607591
2337        3.84686
2337        1.15345
2337        5.67667
2337         4.4311
2337        5.49724
2337          4.587
2337        4.47616
2337       0.147903
2337       0.684054
2337        5.24035
2337       0.599498
2337         2.2212
2337        4.47764
2337        3.61858
2337        1.61664
2337        4.36119
2337       0.582151
2337        3.77229
2337       0.287962
2337        3.43383
2337       0.580663
2337        3.63071
2337        4.00734
2337        3.94324
2337        1.11557
2337       0.680457
2337        3.92916
2337        3.00079
2337        3.26658
2337        4.46231
2337      0.0484571
2337        3.98438
2337       0.227984
2337        4.82148
2337        3.59573
2337        3.27271
2337        2.00612
2337        5.08095
2337       0.303437
2337        2.56955
2337        5.89353
2337        1.17203
2337        4.43751
2337       0.352733
2337         2.5048
2337        1.39058
2337         4.6526
2337        2.29328
2337        2.01572
2337        5.88877
2337        1.17731
2337        5.44574
2337        4.28132
2337         2.0756
2337        4.84495
2337         3.8966
2337        4.20805
2337         4.2442
2337        3.49655
2337        1.60579
2337        3.20931
2337        0.85467
2337       0.220847
2337        1.65519
2337        3.98504
2337       0.256304
2337        5.41043
2337        4.33389
2337        4.07391
2337       0.744016
2337        1.50728
2337        4.61678
2337        2.53322
2337        3.73463
2337        1.02889
2337        6.23908
2337        2.33255
2337        1.74814
2337        4.51551
2337        4.58663
2337        3.01887
2337        4.24303
2337        3.97657
2337        3.45051
2337        1.29502
2337        3.25681
2337        2.28545
2337         2.9091
2337        3.62983
2337        1.40666
2337       0.599362
2337        5.75359
2337        1.70118
2337        3.30007
2337        1.36515
2337        2.66631
2337      0.0948128
2337        3.82056
2337       0.473579
2337        3.97799
2337        5.89724
2337        3.92976
2337        2.54752
2337        4.45792
2337        1.37936
2337        1.61806
2337        5.04386
2337       0.134463
2337       0.445654
2337        1.20096
2337        4.75978
2337        1.32235
2337       0.300899
2337        2.93087
2337        1.03424
2337        2.84049
2337        1.80634
2337       0.343067
2337       0.650999
2337        1.10776
2337       0.941781
2337        6.15441
2337        6.09302
2337        1.52151
2337        5.92332
2337        3.05758
2337        5.40986
2337        3.42427
2337       0.933706
2337        6.14917
2337        2.81156
2337        2.78054
2337        4.73989
2337       0.570358
2337       0.106003
2337        1.68852
2337        4.28217
2337        1.02934
2337        6.23752
2337        2.88261
2337        1.04888
2337       0.177453
2337        2.17959
2337        5.76738
2337        1.06142
2337       0.705357
2337        3.79802
2337        3.47727
2337        3.74696
2337        2.28762
2337        1.34347
2337         3.3403
2337      0.0570381
2337        1.40874
2337        3.53047
2337        3.14039
2337        4.33416
2337        4.30513
2337        3.86412
2337        0.32255
2337        6.09052
2337        3.90788
2337        1.41488
2337        2.48504
2337        6.23678
2337        0.49429
2337         3.0355
2337        1.68497
2337        2.37012
2337        1.73455
2337        2.03844
2337        4.28821
2337        3.46686
2337      0.0528922
2337         2.0916
2337        3.81992
2337        5.11852
2337        5.68704
2337        3.65325
2337         3.6955
2337        3.51209
2337        5.95179
2337        2.86144
2337       0.121095
2337        3.25947
2337          3.121
2337         2.8709
2337        4.22796
2337        5.96022
2337       0.507803
2337         4.7147
2337         1.4182
2337        5.35573
2337        4.75986
2337       0.330071
2337        3.39181
2337       0.464269
2337       0.481067
2337        6.07177
2337        3.27362
2337       0.800798
2337        3.13502
2337        2.74112
2337        1.74754
2337        3.86193
2337         4.1194
2337        5.94974
2337        4.05305
2337        2.52543
2337        2.28259
2337        3.42423
2337      0.0314114
2337        4.84831
2337        3.21611
2337       0.539951
2337       0.717518
2337      0.0906868
2337         4.0017
2337        5.19991
2337        3.41894
2337         2.9268
2337          2.381
2337        4.56824
2337        5.41552
2337         6.0465
2337        5.04247
2337       0.124336
2337        4.49346
2337       0.719082
2337        5.00829
2337         4.2858
2337        1.53693
2337        1.97812
2337        4.33686
2337       0.866723
2337        3.70473
2337        3.12856
2337       0.144083
2337        2.97142
2337        4.18158
2337         6.0493
2337        1.67716
2337       0.592845
2337        4.53557
2337        3.20337
2337        4.27278
2337         2.4194
2337        3.89011
2337        4.43897
2337       0.606124
2337        4.21075
2337        3.26919
2337        3.35085
2337         3.4349
2337        1.29953
2337         3.8489
2337        4.45694
2337        4.69297
2337        5.58642
2337        4.33897
2337        1.77159
2337        3.71089
2337         4.3583
2337       0.389831
2337         4.4081
2337        4.25542
2337        1.81436
2337        5.52976
2337       0.846927
2337        4.83006
2337       0.586236
2337        1.86791
2337        5.06586
2337        3.56929
2337       0.984581
2337        2.17992
2337        5.74278
2337        4.37794
2337        5.89521
2337        1.04858
2337        3.05904
2337        1.16277
2337        3.76029
2337       0.579928
2337       0.737884
2337        4.26794
2337         4.0197
2337        5.66448
2337        3.35135
2337        6.05188
2337        4.57079
2337       0.723807
2337        3.53442
2337        4.97748
2337        4.77232
2337        4.76519
2337         1.0705
2337        5.32103
2337        4.27184
2337       0.849003
2337        2.21172
2337        1.40068
2337       0.440103
2337        6.01589
2337        4.99336
2337       0.388224
2337        6.10669
2337        0.70453
2337        3.01147
2337        4.23716
2337        2.87165
2337        5.44312
2337        1.74694
2337        4.43166
2337        1.32809
2337         1.5139
2337        2.75356
2337       0.467293
2337        4.94527
2337        1.47944
2337        3.81402
2337        3.89618
2337        4.27541
2337        4.27906
2337        6.04579
2337        3.61976
2337        2.62282
2337        1.12833
2337        5.66677
2337        3.21522
2337        1.10732
2337        1.55334
2337         4.6722
2337       0.855613
2337        3.45945
2337        1.24129
2337        1.96145
2337        4.95644
2337        4.36748
2337        3.10154
2337        3.74656
2337        5.24249
2337       0.785532
2337        3.27935
2337        2.96099
2337        3.17307
2337        2.18288
2337        4.82863
2337        4.81534
2337       0.256263
2337        3.55576
2337        3.87049
2337        3.45166
2337        1.28334
2337        5.72507
2337        4.04619
2337        4.74052
2337        4.03614
2337        4.10582
2337        4.43703
2337        3.12413
2337        5.29773
2337       0.595453
2337        5.69704
2337        5.33655
2337        5.67812
2337        4.48195
2337        6.19139
2337        1.56535
2337        5.26727
2337        5.43595
2337        5.42134
2337         4.4398
2337        2.65647
2337        1.10949
2337        3.99064
2337        3.34498
2337         6.2107
2337        1.40001
2337        2.16088
2337        3.59597
2337        3.31933
2337        1.79294
2337       0.610623
2337        1.44823
2337       0.819527
2337       0.905139
2337        1.43004
2337        3.97838
2337        4.68798
2337        4.72427
2337        3.83505
2337        3.34199
2337        5.86192
2337        3.25903
2337        4.70855
2337        3.13655
2337        3.56395
2337       0.575604
2337        2.82514
2337       0.872347
2337        3.50624
2337        4.53455
2337        3.51055
2337       0.377449
2337       0.626685
2337        1.09332
2337         5.9758
2337        5.95427
2337        1.29001
2337        1.76914
2337        6.20677
2337       0.297169
2337        6.26808
2337        1.59512
2337        4.57107
2337       0.482395
2337        5.04841
2337      0.0383688
2337          1.692
2337        0.42027
2337       0.527891
2337        3.35312
2337        5.22605
2337        2.32623
2337        6.04802
2337        1.22986
2337      0.0925214
2337        3.04517
2337         3.9499
2337         1.0334
2337        3.02041
2337        3.99598
2337        5.75996
2337       0.897917
2337        4.62416
2337        4.29486
2337        3.66107
2337        2.32828
2337        4.00527
2337        1.19476
2337       0.794814
2337        2.53654
2337        2.63971
2337        3.74633
2337        5.53858
2337        5.15202
2337        1.76219
2337       0.198781
2337        4.02405
2337        4.97832
2337        1.09134
2337         6.2738
2337       0.659846
2337        3.71135
2337        3.69505
2337        4.06676
2337        2.31534
2337        4.79285
2337        1.53694
2337        6.05812
2337        4.97628
2337        6.04811
2337        5.43311
2337        4.75165
2337        2.15875
2337        3.38271
2337        4.18784
2337       0.826183
2337        5.33145
2337      0.0205122
2337        6.11515
2337        4.81702
2337        3.39973
2337       0.221244
2337      0.0330894
2337        3.10672
2337        4.87005
2337         4.5174
2337        1.50577
2337       0.932424
2337        3.76865
2337        4.58899
2337       0.966945
2337        4.03339
2337        2.50894
2337        0.98375
2337         1.2367
2337        2.44371
2337      0.0674143
2337        5.07008
2337        1.31016
2337        1.61734
2337        5.41492
2337        5.01808
2337        3.46968
2337       0.264441
2337       0.392881
2337       0.636628
2337        1.38501
2337        1.06751
2337        4.58118
2337        2.17089
2337        4.70525
2337        1.04915
2337        3.62394
2337        0.69507
2337        1.93988
2337       0.283016
2337        1.56564
2337        1.51995
2337         4.0562
2337        4.81597
2337        3.78809
2337        1.75126
2337        4.81068
2337        3.16958
2337       0.408651
2337       0.630078
2337       0.952165
2337        4.30784
2337        0.34476
2337         2.9777
2337       0.676727
2337        4.20012
2337        2.87493
2337        2.68118
2337         3.0276
2337        3.24381
2337        5.80124
2337        3.94009
2337       0.955115
