2516        4.04859
2516      0.0271267
2516        5.68184
2516        5.10836
2516        2.09165
2516        5.35792
2516        5.08968
2516        4.89319
2516        5.80656
2516        1.66925
2516      0.0325277
2516        4.83464
2516        3.75315
2516        1.73246
2516        3.61021
2516        4.39533
2516       0.914975
2516       0.679327
2516        5.62655
2516        3.17482
2516        5.27735
2516        3.57827
2516         4.0071
2516        5.64176
2516        6.16354
2516        3.62745
2516        4.37558
2516         1.7267
2516        5.55549
2516        0.50265
2516        2.93742
2516       0.690317
2516         5.1665
2516       0.973625
2516        4.90467
2516        4.04448
2516        3.06237
2516        5.34565
2516        2.78771
2516        2.66039
2516        5.41374
2516        3.86837
2516        2.42465
2516        6.17093
2516        1.78036
2516        5.89748
2516        5.73818
2516        1.21281
2516       0.731626
2516        2.25841
2516        2.98865
2516        5.14008
2516        4.83464
2516        1.07177
2516        2.05428
2516       0.713495
2516         5.5769
2516        3.00933
2516        2.15117
2516         5.1735
2516        2.40979
2516         5.0259
2516        5.32735
2516         4.2861
2516        5.35765
2516       0.872909
2516        3.36297
2516         1.8385
2516        5.85172
2516        4.95461
2516        4.11952
2516         1.4012
2516        4.09329
2516        3.91664
2516        6.14186
2516        3.74573
2516        1.91225
2516        2.36645
2516       0.112606
2516        5.26613
2516         3.3895
2516        2.87529
2516        5.83792
2516        2.41355
2516        1.85044
2516         1.2706
2516         3.5094
2516        1.48665
2516       0.590746
2516        1.60533
2516        2.36883
2516       0.374091
2516        1.01486
2516        3.03151
2516        3.07251
2516        6.15653
2516        1.95712
2516        4.57805
2516        3.17501
2516        5.49282
2516        1.11521
2516         2.5847
2516         5.1459
2516        2.91891
2516        1.85061
2516        1.57806
2516        1.81922
2516       0.618517
2516       0.304927
2516         2.7841
2516        2.95442
2516        2.67193
2516         3.2718
2516       0.792245
2516        4.96142
2516        3.55875
2516       0.262849
2516        5.38169
2516        2.51513
2516        5.91913
2516        2.60039
2516        4.38204
2516        5.48808
2516        5.27973
2516        3.42163
2516        2.39248
2516         5.7795
2516        2.48746
2516        5.24114
2516        4.31047
2516        4.65287
2516        4.61869
2516        2.90668
2516        2.91286
2516        1.15153
2516        5.94382
2516         2.5903
2516       0.427152
2516        2.30328
2516        2.47776
2516        1.74614
2516        5.91339
2516        4.54076
2516        2.78803
2516        6.05784
2516         1.0625
2516        1.76111
2516        2.39525
2516       0.452101
2516       0.030968
2516        5.39472
2516       0.890209
2516        1.51097
2516        3.56233
2516        5.73902
2516        1.16131
2516        5.02602
2516        5.32004
2516        6.06617
2516       0.722282
2516        4.59545
2516        3.21558
2516       0.973064
2516         1.9081
2516        4.37554
2516        1.59155
2516        5.71313
2516        1.59984
2516       0.109563
2516        1.31344
2516        6.18224
2516       0.791851
2516        1.58657
2516        5.43493
2516        4.22456
2516        3.56261
2516        5.93883
2516        4.10409
2516        2.59688
2516        1.39879
2516        5.49995
2516        6.25462
2516        1.80176
2516        1.71699
2516        2.70847
2516        3.28296
2516        4.49898
2516         1.2522
2516         1.1121
2516        3.99158
2516        3.03274
2516        2.81605
2516        2.40207
2516        2.36028
2516        2.72018
2516          6.269
2516          2.391
2516        3.92871
2516        3.22111
2516         2.7933
2516        6.12046
2516       0.082897
2516        3.09489
2516        4.93016
2516        2.62588
2516        4.53472
2516        6.09927
2516        5.01954
2516        5.38868
2516        5.62581
2516        5.82136
2516        5.64607
2516      0.0975458
2516        5.84975
2516        4.63989
2516       0.858804
2516        3.27023
2516        4.74118
2516        5.07039
2516        2.13795
2516        4.81012
2516         3.1711
2516        5.51052
2516        4.30242
2516       0.359901
2516        2.97687
2516         1.7608
2516        2.54425
2516        1.31592
2516        1.88287
2516        4.80825
2516        2.50448
2516        4.80668
2516        1.25872
2516        6.12723
2516        2.42766
2516         2.8327
2516        4.73506
2516         1.9512
2516       0.826153
2516        3.09437
2516        2.22608
2516        3.33092
2516        2.67252
2516        4.46999
2516        5.55571
2516        2.83089
2516        3.68979
2516         4.4608
2516        2.63544
2516        5.68765
2516        3.27864
2516       0.141545
2516        3.59633
2516        5.63928
2516        3.67532
2516        1.76193
2516        3.54696
2516       0.665135
2516        2.23386
2516        5.35805
2516        5.95109
2516        4.87511
2516         4.9973
2516        3.14186
2516       0.781222
2516        5.62548
2516        2.04195
2516        3.18919
2516        4.67487
2516        4.41183
2516        3.08172
2516         3.4142
2516        3.34909
2516       0.776888
2516        5.39247
2516        2.41697
2516        4.95375
2516        3.42565
2516        2.32856
2516        1.63554
2516        3.42975
2516        2.92679
2516        3.24256
2516        3.40802
2516        1.58153
2516        4.81689
2516        3.21029
2516        3.21003
2516       0.583879
2516        4.51914
2516        4.70829
2516        5.32329
2516        2.00032
2516        4.70774
2516        1.31715
2516       0.299088
2516        2.86521
2516        4.07449
2516       0.901737
2516        1.28753
2516        1.40683
2516       0.663411
2516       0.949621
2516       0.419073
2516        4.02096
2516        5.23839
2516        3.77677
2516        0.78565
2516        1.49239
2516        4.69979
2516        5.48232
2516        3.36968
2516        2.78858
2516        1.91082
2516        2.76343
2516         5.9775
2516       0.990475
2516        3.55507
2516        1.49131
2516      0.0736142
2516        1.27988
2516        2.29444
2516        4.55173
2516        2.15586
2516        2.22866
2516        4.65809
2516        2.21413
2516        4.56043
2516        5.41631
2516        4.80581
2516        2.00414
2516        5.32494
2516        1.55968
2516        5.66087
2516        2.37904
2516         3.9405
2516        5.79916
2516         5.1861
2516        3.77599
2516        4.21012
2516        1.86079
2516        1.97396
2516        2.03373
2516        2.13728
2516        4.61825
2516        1.78059
2516        5.14396
2516        2.69562
2516        2.36747
2516        2.01696
2516        2.51576
2516        4.96621
2516        2.67377
2516        3.51983
2516        2.61641
2516        5.03738
2516        5.55325
2516        3.00608
2516         4.7953
2516        3.82879
2516        2.49991
2516        2.17329
2516        2.83367
2516         3.9009
2516        2.17647
2516        4.00493
2516        6.22857
2516        4.12315
2516        1.21543
2516        1.74592
2516        4.94965
2516        2.47239
2516       0.964032
2516        5.96533
2516        3.36655
2516        5.81361
2516        1.35604
2516        3.32352
2516        3.55476
2516        4.90502
2516        2.22431
2516        3.51991
2516         5.2734
2516       0.171259
2516        2.96705
2516        3.41982
2516        4.22776
2516         3.1896
2516        2.85547
2516        4.07426
2516        3.83799
2516        5.52201
2516     0.00110641
2516         3.2458
2516        1.44386
2516      0.0128777
2516        4.52074
2516        3.44315
2516        3.51464
2516        1.47245
2516        2.98017
2516        5.66408
2516        2.21502
2516       0.921527
2516         4.3964
2516        3.40829
2516        1.66813
2516        4.94235
2516        1.39172
2516        4.98183
2516       0.246052
2516        5.46716
2516        1.89046
2516        2.26513
2516        5.35146
2516        5.34332
2516       0.494006
2516        1.83295
2516        1.51145
2516        5.67481
2516        4.11642
2516        2.15189
2516        2.07224
2516        2.90191
2516       0.697548
2516        1.05961
2516        5.56552
2516        4.03618
2516        4.43861
2516        5.24439
2516        0.25403
2516         2.7575
2516        3.99223
2516        4.28205
2516        2.99859
2516        4.36884
2516        5.06476
2516        4.24294
2516        1.19555
2516        5.00597
2516       0.722463
2516        1.75591
2516        2.54687
2516        3.09008
2516        4.58993
2516        3.47821
2516        6.04883
2516        3.26806
2516         2.2289
2516        2.17242
2516        4.85728
2516        2.17634
2516        5.06465
2516       0.286528
2516        5.28835
2516        3.21223
2516        4.94888
2516     0.00898344
2516        1.53667
2516        1.17213
2516        1.71122
2516        5.66653
2516        2.09295
2516         5.8223
2516        4.10959
2516        4.20755
2516        4.62132
2516        3.81311
2516        5.43417
2516        3.42478
2516       0.599081
2516        3.62056
2516         1.4906
2516       0.215558
2516        6.18736
2516         1.2698
2516        2.73134
2516        3.87716
2516        3.65265
2516        5.38733
2516        5.37017
2516        5.96093
2516        4.26839
2516        5.11653
2516         1.0087
2516         5.6454
2516        1.97625
2516        3.00479
2516        2.33845
2516        6.22641
2516       0.428607
2516       0.226374
2516        3.07145
2516        2.98217
2516        5.18889
2516        2.65819
2516        4.49665
2516        3.10336
2516        3.28701
2516        4.87476
2516      0.0224947
2516        5.38844
2516        1.55914
2516        1.07087
2516        5.74344
2516        4.31102
2516        3.30626
2516        2.08514
2516         4.6469
2516        3.14794
2516       0.478264
2516        0.86162
2516          6.261
2516        5.56843
2516        6.17827
2516        3.68083
2516        2.34808
2516        2.08675
2516         2.1296
2516        4.36674
2516        5.32706
2516         4.7746
2516        2.91904
2516        3.19701
2516        4.95503
2516        1.63723
2516        4.45712
2516      0.0890906
2516        6.22087
2516        6.09098
2516         4.1419
2516        3.76487
2516        4.64201
2516        1.79651
2516        2.60993
2516        3.77297
2516       0.768432
2516        5.05259
2516        1.29711
2516        3.65745
2516        5.84279
2516       0.539516
2516       0.412798
2516        2.30919
2516        3.47678
2516        5.49762
2516        3.54707
2516         1.7337
2516         1.2104
2516        2.66248
2516        2.28546
2516        2.35846
2516        5.98174
2516        5.59576
2516        1.90477
2516       0.116912
2516        1.42558
2516        3.70289
2516        2.29696
2516        4.67929
2516        4.56284
2516         5.1258
2516        2.95612
2516        2.66593
2516        3.41039
2516        6.01791
2516        6.18444
2516         5.7322
2516        4.72724
2516        1.89188
2516        4.56844
2516        4.36146
2516        6.11342
2516         4.1467
2516        4.92242
2516        4.94439
2516        5.63836
2516        1.51094
2516        6.23819
2516        2.03215
2516         3.0477
2516        3.37405
2516         2.3177
2516       0.529055
2516        1.99123
2516        5.96338
2516      0.0447047
2516        2.36895
2516        4.24611
2516        1.71479
2516        3.10904
2516        5.77307
2516        5.60678
2516        3.45071
2516        3.97425
2516         2.9575
2516        6.17029
2516        1.22238
2516        3.61754
2516        4.71123
2516        3.84009
2516        2.77977
2516        5.86362
2516        3.15088
2516        3.79158
2516        6.07675
2516        2.52809
2516        2.28646
2516        4.80838
2516        3.40248
2516        2.48897
2516        1.34722
2516        1.23899
2516        5.34363
2516        2.01004
2516        4.92254
2516        1.61204
2516        0.87937
2516        2.10856
2516        6.18975
2516      0.0873703
2516        1.44388
2516        3.67696
2516        4.73226
2516         2.0859
2516       0.548173
2516        4.00317
2516        5.12688
2516        4.57273
2516        3.45452
2516        5.97768
2516       0.731259
2516        4.13409
2516        1.48614
2516        2.93816
2516        1.96925
2516        4.62168
2516        4.63447
2516        5.18061
2516        0.70907
2516        5.86067
2516        5.07223
2516        5.41097
2516        5.57733
2516        5.18456
2516        5.33123
2516        3.32718
2516        6.18657
2516       0.582233
2516        3.42642
2516        2.96074
2516        3.59821
2516        2.35059
2516        2.35815
2516        3.71618
2516       0.709398
2516        5.35413
2516        3.91883
2516        1.87741
2516        1.93501
2516        4.41883
2516        2.78171
2516        0.47945
2516        4.40447
2516       0.475035
2516         3.3996
2516        4.54686
2516        4.76485
2516        1.53735
2516         1.6026
2516         4.7574
2516        3.70632
2516         3.8742
2516        5.04094
2516        3.85079
2516        3.20231
2516      0.0273597
2516        4.82549
2516        5.19127
2516        4.72051
2516        3.87645
2516        4.72846
2516        5.16153
2516        3.70602
2516       0.985895
2516        2.52126
2516        2.57141
2516        5.95799
2516        1.62371
2516        2.42212
2516        5.28829
2516       0.948189
2516         3.0283
2516      0.0235281
2516         4.0661
2516        4.59067
2516         3.3331
2516        3.25348
2516        1.94643
2516        4.50691
2516       0.695278
2516        3.09218
2516       0.493174
2516       0.528842
2516        5.95782
2516        3.58386
2516        1.54953
2516        2.75105
2516        5.76998
2516        6.02439
2516       0.672205
2516        5.73585
2516        2.30716
2516        1.75363
2516        5.31383
2516        4.92728
2516        5.44129
2516        2.92611
2516        2.95788
2516        4.12166
2516        6.15147
2516        4.27352
2516         1.9991
2516         3.1905
2516        2.51711
2516        3.78379
2516        5.18781
2516        4.86842
2516        4.66986
2516        5.30465
2516        4.69319
2516        1.63171
2516        3.25202
2516        2.43655
2516        4.51341
2516       0.140335
2516        4.64046
2516        6.10045
2516         3.8801
2516        5.72756
2516        1.73538
2516        4.45044
2516       0.118807
2516        5.00888
2516         5.1954
2516        6.21903
2516        5.56504
2516        4.83605
2516        2.62627
2516       0.123862
2516        5.76003
2516        4.45406
2516        5.42236
2516        3.95486
2516        5.33221
2516      0.0779764
2516        6.25557
2516        2.46062
2516        4.67633
2516        5.28928
2516        3.96668
2516        4.97243
2516        1.85444
2516       0.902324
2516        5.55127
2516       0.218856
2516      0.0491931
2516        4.36305
2516       0.511512
2516        5.10653
2516       0.893281
2516        3.42172
2516        0.82817
2516        3.22318
2516        2.03953
2516       0.736295
2516       0.806416
2516        4.84763
2516       0.280389
2516        5.38834
2516        2.02039
2516         1.3629
2516        3.61482
2516        1.62634
2516        4.71719
2516        5.05472
2516        5.21031
2516        3.03508
2516        3.35861
2516       0.664967
2516        1.63725
2516        3.71921
2516        3.15355
2516         1.4751
2516         5.3407
2516        5.94026
2516        2.36424
2516        2.63194
2516        5.06462
2516        4.47367
2516        4.05479
2516        4.38532
2516        5.62313
2516        2.23542
2516        3.93155
2516        2.77652
2516        4.83181
2516       0.787595
2516       0.371613
2516        4.88531
2516        5.49912
2516        3.98833
2516        1.82103
2516        4.63805
2516        1.78877
2516        2.90146
2516        2.19866
2516        3.21981
2516        1.15784
2516        2.56193
2516        4.20074
2516        5.36389
2516         3.1765
2516        1.87059
2516        5.52453
2516        4.52879
2516        4.04717
2516        5.03403
2516        3.74672
2516        1.89689
2516        1.83933
2516         1.0437
2516        5.06054
2516        5.37698
2516       0.885441
2516        2.02407
2516        1.11477
2516        1.00168
2516         1.2549
2516         6.0151
2516        4.39159
2516        1.89667
2516        5.29177
2516        5.02318
2516       0.539568
2516        2.67356
2516        1.54876
2516        1.53277
2516        2.24511
2516        5.87796
2516        6.07797
2516        3.08515
2516        2.34844
2516        3.52447
2516        1.19356
2516       0.463674
2516        5.53143
2516       0.860605
2516        4.02247
2516        5.14034
2516        4.81541
2516     0.00709079
2516        5.39591
2516        2.29229
2516        1.91433
2516        4.23791
2516       0.960013
2516        2.96308
2516         5.1557
2516        2.52167
2516        5.41578
2516        1.82539
2516         4.9324
2516        2.07253
2516        3.55297
2516       0.293535
2516        2.75786
2516        1.93932
2516        4.17188
2516        5.52344
2516        4.73219
2516        5.63969
2516        2.04164
2516         5.4141
2516          4.116
2516        1.23631
2516        2.87275
2516        5.84438
2516        4.92908
2516        2.24615
2516        2.00871
2516        1.67927
2516        3.87547
2516        5.55683
2516        2.35816
2516        3.70405
2516        2.40385
2516         5.2278
2516        1.41225
2516        5.15848
2516        4.64596
2516       0.486459
2516        2.90922
2516        4.89788
2516        5.76765
2516        3.30423
2516        1.67666
2516        4.34224
2516        5.21159
2516        3.21517
2516        3.92972
2516        4.97971
2516        4.59993
2516        3.81631
2516        4.85928
2516        5.52534
2516        4.24023
2516       0.951135
2516        4.76586
2516        2.08145
2516        4.00868
2516        6.17964
2516        3.75361
2516       0.175273
2516        4.37525
2516        4.91161
2516        2.51367
2516        3.04268
2516        1.84347
2516        3.92221
2516        6.09245
2516        5.19124
2516        2.65927
2516        4.17214
2516       0.139364
2516        2.80161
2516        1.46952
2516        2.01866
2516        5.98372
2516        1.14243
2516        5.90598
2516        5.03695
2516       0.395357
2516        2.22661
2516        1.57553
2516        2.90175
2516        4.75668
2516        1.89925
2516       0.238145
2516       0.703949
2516        2.05518
2516        3.17804
2516        6.16485
2516        1.81828
2516        4.84337
2516        2.47129
2516        4.01183
2516        3.95393
2516        2.02197
2516        2.94704
2516        6.06094
2516        2.09007
2516        4.16291
2516        4.52423
2516        3.89238
2516        4.09883
2516        5.96305
2516        1.34532
2516        1.73606
2516        5.16133
2516        1.73492
2516        5.63428
2516        2.56203
2516       0.814482
2516        1.73749
2516        5.24474
2516        3.35873
2516        2.42106
2516       0.763819
2516        3.45055
2516        4.32478
2516        6.25858
2516        1.74585
2516       0.903613
2516        1.24227
2516         2.5952
2516        5.82217
2516        5.21478
2516        3.13248
2516        4.82254
2516        6.12377
2516        4.81187
2516        3.00421
2516        2.47447
2516        2.32477
2516        4.96245
2516        5.94578
2516        1.03213
2516        1.95805
2516         2.0783
2516       0.480504
2516         1.3697
2516        3.66472
2516        5.63429
2516        4.04456
2516        1.55951
2516       0.354047
2516        5.32706
2516        4.21322
2516        1.06524
2516        1.03125
2516         4.3389
2516        2.78774
2516        5.56798
2516         1.0805
2516        5.52047
2516       0.381347
2516        3.90643
2516        5.50135
2516        1.53805
2516        1.76398
2516         4.9842
2516       0.359542
2516        5.53543
2516         2.8708
2516        2.77072
2516        4.34415
2516        5.57758
2516        2.87773
2516        6.04983
2516        5.40038
2516        5.07361
2516        4.87778
2516        1.08591
2516        4.82225
2516        2.58339
2516        4.77261
2516        3.39378
2516        4.87844
2516        4.59196
2516        3.92741
2516        1.84947
2516        4.48433
2516         1.2758
2516       0.508779
2516       0.316924
2516       0.357679
2516       0.524815
2516        4.14748
2516        6.08975
2516        2.08609
2516         4.3469
2516        4.33448
2516        2.48052
2516        1.82985
2516        2.37035
2516        4.05505
2516        4.84793
2516         5.3977
2516        5.56586
2516        4.74576
2516        1.34659
2516        4.68668
2516        1.50818
2516        0.11588
2516       0.125245
2516        3.97109
2516         5.5423
2516        4.09372
2516          5.188
2516        4.16995
2516        5.33855
2516        1.62492
2516        3.56846
2516        1.12789
2516        3.18245
2516        1.98091
2516        2.94297
2516        5.42331
2516        5.55054
2516        1.19998
2516        5.47468
2516       0.373935
2516        4.97842
2516        5.40183
2516       0.174768
2516       0.507634
2516        2.05669
2516        5.63263
2516        3.33139
2516        5.26913
2516        5.05802
2516        4.67654
2516        5.46756
2516        1.11331
2516        3.82215
2516       0.856669
2516        3.27841
2516        2.19224
2516        4.94653
2516       0.735891
2516         1.8186
2516        3.28788
2516        4.60824
2516        3.40937
2516        6.11295
2516          6.185
2516        2.77345
2516        5.81718
2516        3.02904
2516        1.62258
2516        6.11061
2516        5.84473
2516        1.49511
2516        4.96136
2516         4.2775
2516        2.20007
2516        3.43607
2516        5.98421
2516        6.07464
2516        5.11466
2516        3.69022
2516        4.29051
2516        3.10829
2516        5.00785
2516       0.622378
2516        5.59049
2516        6.26709
2516        6.00691
2516        1.30092
2516        4.66737
2516        1.90754
2516       0.583515
2516         6.1138
2516        2.90325
2516        6.07901
2516        5.61481
2516        3.23523
2516        4.10643
2516        2.21543
2516        1.90863
2516        2.57511
2516        2.13262
2516        4.43805
2516         4.8629
2516        3.32159
2516        4.96697
2516       0.721761
2516        2.72027
2516       0.505981
2516        1.47166
2516        5.13053
2516        5.16336
2516        1.69394
2516        2.59439
2516        2.07038
2516        2.62505
2516        2.54912
2516        4.25358
2516         4.5675
2516        5.85652
2516        5.97373
2516        2.11409
2516      0.0304707
2516        1.58727
2516       0.174474
2516        3.81518
2516        2.32988
2516        2.36115
2516        5.15808
2516        5.69047
2516        4.24088
2516      0.0803815
2516       0.275596
2516        2.80389
2516        1.06159
2516        5.67335
2516        4.34399
2516        3.44346
2516        1.83416
2516        1.90729
2516        2.48605
2516        1.38091
2516        5.41762
2516        3.95127
2516        4.96043
2516       0.641664
2516        4.60641
2516        3.74144
2516         2.5555
2516        5.60855
2516        4.31811
2516        5.45247
2516        2.76229
2516         4.8361
2516      0.0973232
2516        2.14624
2516        2.12121
2516        4.96384
2516        1.59441
2516        5.01162
2516        1.81397
2516        2.32448
2516        2.60205
2516      0.0264077
2516        2.46752
2516       0.632078
2516        3.10627
2516        2.49519
2516        1.23801
2516        2.78573
2516        5.95783
2516        5.40118
2516        2.47365
2516        2.36691
2516        5.28377
2516       0.489409
2516        3.06988
2516        3.17431
2516        1.30468
2516         4.3634
2516        1.63838
2516        3.31985
2516       0.674964
2516        2.28961
2516        2.04202
2516         5.7859
2516        4.76265
2516        2.75191
2516        5.35173
2516        4.27078
2516        1.29559
2516       0.493243
2516        1.99637
2516        1.86576
2516       0.925667
2516        1.53486
2516         5.6936
2516        2.52532
2516        5.78196
2516        5.54081
2516        1.16671
2516        2.01999
2516        4.27616
2516        3.36907
2516        4.34183
2516        4.28239
2516        1.68318
2516        1.03803
2516        1.81944
2516        6.19475
2516       0.723638
2516        6.16424
2516        3.21242
2516          1.302
2516        5.06197
2516        1.84334
2516        2.08446
2516        5.93239
2516        5.30054
2516        1.16558
2516       0.406802
2516        6.22694
2516        2.21022
2516        5.87187
2516        1.10145
2516        3.32434
2516        5.24805
2516        5.14478
2516        3.71253
2516        1.57264
2516        1.12633
2516       0.843847
2516        1.00765
2516        3.38997
2516       0.140783
2516       0.337441
2516       0.521643
2516        4.96952
2516        2.01532
2516        1.67344
2516        1.23728
2516        4.60565
2516       0.564932
2516        2.36023
2516        5.23741
2516        5.44128
2516        5.30608
2516        1.03542
2516        3.75257
2516       0.945008
2516        4.98652
2516        0.55401
2516        5.05701
2516         1.0166
2516        5.52043
2516        2.00536
2516        5.54147
2516        6.25154
2516        4.45646
2516        5.45202
2516        2.90716
2516        5.97823
2516        1.15735
2516        4.64887
2516        2.89422
2516        6.06891
2516        3.80084
2516       0.586575
2516        6.11977
2516        1.74829
2516        4.78323
2516        5.52379
2516        2.78949
2516        5.83916
2516        0.91809
2516        3.60745
2516        4.50958
2516        4.82437
2516        5.57898
2516        1.72258
2516       0.318105
2516        6.08352
2516        3.67093
2516        1.41877
2516        2.69871
2516        2.34782
2516       0.493379
2516         3.2507
2516       0.241805
2516        5.94185
2516        4.72732
2516        3.31655
2516        1.67177
2516         2.8515
2516       0.410114
2516        4.69887
2516        5.92979
2516        2.56751
2516        5.18991
2516     0.00448131
2516        1.85408
2516        5.92042
2516         2.0813
2516        5.84483
2516        3.77483
2516        3.32726
2516        5.70933
2516        2.57394
2516        1.01587
2516        1.39662
2516      0.0510471
2516       0.352778
2516        1.23215
2516       0.606426
2516        5.35541
2516       0.366741
2516       0.252295
2516        4.27834
2516        4.04585
2516        3.98492
2516        2.56391
2516        2.04729
2516         5.4555
2516        5.23005
2516        2.97331
2516        2.39239
2516        4.84053
2516        2.32496
2516        5.61052
2516        6.24074
2516       0.506052
2516        1.59982
2516        4.49782
2516       0.770424
2516       0.428224
2516        3.81753
2516        2.85346
2516        2.47855
2516        3.40655
2516        1.84731
2516        3.60193
2516        1.76516
2516       0.857192
2516        5.00262
2516        3.21097
2516        2.54465
2516        5.93656
2516        3.44273
2516        1.54258
2516        5.40881
2516        3.36814
2516        1.85951
2516        3.82987
2516        5.77419
2516       0.100224
2516        3.64367
2516         5.3302
2516        1.96179
2516        4.32109
2516        1.96952
2516         6.1051
2516        3.70619
2516        6.13679
2516         2.5398
2516         3.5175
2516         3.7026
2516         2.5267
2516        2.13387
2516        2.54701
2516        3.11189
2516        3.68842
2516        2.41485
2516        1.72159
2516        2.66409
2516        3.09753
2516        4.85446
2516        2.68112
2516        3.60974
2516        1.87097
2516         2.1861
2516         4.2504
2516        1.30094
2516         5.3216
2516        2.80692
2516        3.69923
2516        2.34338
2516        3.48953
2516       0.385212
2516        5.07564
2516       0.322489
2516        2.76368
2516        2.23351
2516        4.31298
2516        1.48304
2516       0.556204
2516        5.06218
2516        4.38885
2516        4.18663
2516         6.0086
2516        2.97208
2516        2.07616
2516         6.2386
2516        5.83468
2516        5.31981
2516        3.00086
2516         1.1999
2516        4.62021
2516        6.28022
2516        3.79838
2516        1.03559
2516        2.97881
2516        6.00038
2516        1.13944
2516        2.90184
2516        4.89661
2516        1.70161
2516        3.42785
2516        2.40959
2516        1.80809
2516        6.23436
2516        4.59428
2516       0.663178
2516        5.88719
2516        3.01165
2516        4.07025
2516        1.70078
2516        3.66143
2516        2.14085
2516        5.76696
2516        1.52587
2516        2.36925
2516        3.12328
2516         2.5207
2516        2.16358
2516        1.80154
2516        3.68449
2516        2.51388
2516        5.36503
2516        5.19281
2516         2.2338
2516        5.41883
2516        5.46914
2516        3.12926
2516         1.7215
2516        5.46129
2516        2.72643
2516        1.31394
2516        2.92653
2516        2.13862
2516        5.49683
2516        5.98776
2516         1.6793
2516        5.17643
2516        1.88005
2516         5.4991
2516        1.43244
2516        5.55797
2516        3.78693
2516        2.71248
2516        5.57724
2516       0.199189
2516        4.44053
2516        2.13484
2516       0.871197
2516       0.759529
2516        1.77143
2516          3.438
2516        4.42515
2516        2.97685
2516        1.34304
2516       0.259607
2516        4.37101
2516        4.38098
2516       0.570728
2516        1.47333
2516        1.70923
2516        1.21432
2516       0.139168
2516        5.55192
2516       0.108158
2516       0.914301
2516        4.94961
2516        4.89646
2516        4.56906
2516        1.01048
2516        3.11309
2516        4.06705
2516         5.5266
2516        2.17613
2516        3.02062
2516        2.50205
2516       0.561754
2516         2.1924
2516        2.90866
2516        2.03671
2516        2.82467
2516        5.76442
2516        6.25678
2516        5.70742
2516        1.82852
2516        3.85328
2516        3.02587
2516         1.2836
2516        1.74261
2516        3.62313
2516        3.85102
2516        6.02386
2516        1.88554
2516        1.04396
2516        4.76118
2516        1.29537
2516        3.71733
2516       0.824187
2516        2.43244
2516        5.99018
2516      0.0332053
2516        2.74419
2516         5.7065
2516        2.13396
2516        4.93124
2516        2.70883
2516        2.64381
2516        2.30005
2516        5.68366
2516        2.92759
2516       0.880557
2516        3.46198
2516        1.91643
2516       0.971865
2516        1.85854
2516        4.87642
2516        2.18707
2516       0.639811
2516         3.3913
2516         4.0042
2516        5.94688
2516        4.54069
2516        2.40702
2516       0.471213
2516       0.114909
2516        5.08953
2516        6.05606
2516        3.80273
2516        5.20077
2516         5.6145
2516       0.461518
2516        2.24093
2516        5.51089
2516        2.63625
2516        1.61451
2516        2.79014
2516       0.751899
2516        2.95628
2516         2.5716
2516        6.24568
2516        5.20693
2516        1.40082
2516       0.800742
2516        2.95605
2516        3.68379
2516          1.767
2516        4.24075
2516        1.03887
2516        1.19146
2516        1.47575
2516        0.80928
2516        3.37435
2516        1.78264
2516       0.435393
2516        2.72125
2516        2.20195
2516        1.54738
2516       0.858194
2516        1.14205
2516        4.78914
2516       0.838704
2516        3.54737
2516        4.51502
2516        3.98999
2516        1.30751
2516        4.95967
2516        1.28865
2516        1.59683
2516        4.39999
2516        4.97662
2516        1.60129
2516       0.808173
2516        1.44085
2516        4.33313
2516         1.5535
2516        5.74652
2516        2.72713
2516       0.861375
2516        1.45152
2516        5.49161
2516        2.79845
2516        5.65357
2516        2.85685
2516        5.62736
2516        4.80698
2516        5.65683
2516       0.419342
2516        3.66323
2516        1.65999
2516       0.228394
2516        3.30819
2516        1.64744
2516        2.88694
2516        4.84125
2516       0.155552
2516        4.66714
2516       0.476531
2516        3.49615
2516        3.23139
2516        2.46975
2516        2.71005
2516        2.80582
2516        1.58706
2516        2.59766
2516        3.72782
2516        4.99561
2516        3.15083
2516        4.14464
2516        5.95874
2516         4.6212
2516        6.19428
2516        3.48789
2516        2.95256
2516       0.445938
2516         5.2211
2516        6.02238
2516        5.62319
2516        4.40185
2516        6.05865
2516        4.55187
2516        1.77232
2516        1.19665
2516        2.26983
2516        4.85633
2516        3.10831
2516        1.05593
2516        4.14759
2516        3.78819
2516        5.20738
2516        4.73193
2516         3.3914
2516      0.0381009
2516       0.272812
2516        6.26641
2516       0.816731
2516        2.76156
2516        5.30379
2516        1.08145
2516        4.36731
2516        5.32895
2516        2.37209
2516        2.00876
2516         3.1145
2516        4.92952
2516       0.973506
2516         5.3121
2516        3.44896
2516        1.02632
2516        1.82402
2516        5.37916
2516        2.96861
2516        5.62902
2516        5.12318
2516        5.40466
2516        2.53932
2516        4.80824
2516        5.76662
2516         2.3329
2516        5.43826
2516        1.02671
2516         1.4751
2516        1.91815
2516        2.08442
2516        1.94147
2516        4.75002
2516        2.41614
2516        1.86424
2516       0.439808
2516        4.78184
2516        4.52163
2516        1.94964
2516       0.176816
2516         4.6637
2516        5.23614
2516        4.51968
2516        5.83887
2516         5.7797
2516        2.96444
2516        4.66086
2516        4.62394
2516        5.17579
2516        5.36029
2516          2.544
2516        1.88973
2516       0.671457
2516       0.148362
2516         3.0751
2516        6.04655
2516        1.68815
2516        3.10012
2516        4.21698
2516        2.06412
2516        2.88543
2516        5.32153
2516        3.55025
2516        4.99341
2516        3.25923
2516        3.80193
2516       0.650458
2516         2.1863
2516        4.73101
2516        3.54701
2516        1.45866
2516        2.63924
2516        6.17411
2516        3.97976
2516        4.85815
2516        5.26187
2516        3.15529
2516        2.49894
2516       0.204158
2516        2.46912
2516        5.08626
2516        5.18765
2516        1.31624
2516       0.633012
2516        3.30419
2516        4.01479
2516        1.40089
2516        2.82136
2516        5.42594
2516        3.85675
2516        1.07083
2516        1.55356
2516        3.24458
2516        2.73587
2516         3.5466
2516        5.24626
2516        5.35923
2516        1.07235
2516         5.3655
2516        5.80191
2516        5.59769
2516        5.19296
2516        1.35278
2516        3.86902
2516        1.99137
2516        2.29051
2516        3.73472
2516        2.55428
2516        2.75694
2516        1.32157
2516       0.152215
2516        3.23622
2516        4.99761
2516       0.251082
2516        3.52603
2516        3.80183
2516          4.892
2516        1.26315
2516      0.0700267
2516        5.68122
2516        5.39161
2516        5.64984
2516        3.61447
2516       0.296998
2516       0.571906
2516        3.70582
2516          2.813
2516         5.8478
2516        4.67416
2516        4.71951
2516        1.96469
2516        5.16763
2516        5.05971
2516        4.08898
2516        4.20022
2516        3.63521
2516        4.37668
2516        3.15075
2516        1.87092
2516        5.82877
2516        2.40584
2516        2.42927
2516       0.130545
2516        4.87084
2516        5.41793
2516        2.91269
2516        3.23646
2516        2.02892
2516        2.18704
2516        3.79588
2516        3.88495
2516        3.82085
2516          5.227
2516        1.49832
2516        2.22402
2516        4.11848
2516        1.81152
2516        2.33917
2516        3.88956
2516        1.75724
2516        5.61898
2516        6.26782
2516        1.28653
2516       0.594941
2516        2.52211
2516        1.04528
2516        1.37021
2516         1.0774
2516         4.7024
2516        3.43764
2516        5.46128
2516        5.51583
2516        2.61361
2516        2.59224
2516       0.287119
2516        1.88906
2516        5.70533
2516        5.52742
2516       0.245986
2516        2.96173
2516        2.92232
2516        3.11229
2516        1.84057
2516       0.322514
2516        4.47322
2516        2.64223
2516        5.43384
2516        2.71314
2516        4.27669
2516        5.61939
2516       0.938405
2516          3.222
2516        6.00313
2516       0.765032
2516        3.18573
2516        2.34794
2516      0.0866093
2516        5.70471
2516        1.40695
2516        3.07742
2516         3.8951
2516        5.45353
2516        4.38192
2516        2.91654
2516        1.73257
2516        1.53901
2516        4.59034
2516        2.46841
2516        5.93375
2516        2.96458
2516        1.91116
2516        3.07519
2516        4.58098
2516       0.715307
2516        2.68487
2516        1.89581
2516        5.31706
2516        2.76778
2516        2.64127
2516       0.623664
2516        3.75483
2516        2.09674
2516        4.82021
2516        5.21331
2516         1.9814
2516        5.56241
2516        3.69556
2516        4.35771
2516        3.63565
2516        3.87278
2516       0.778371
2516        1.26223
2516        5.55749
2516        3.42471
2516        1.45629
2516        5.65993
2516        3.63732
2516        2.11383
2516       0.025751
2516        2.92535
2516        2.73644
2516        6.24014
2516        3.26836
2516        2.41596
2516        3.84335
2516       0.752627
2516        2.42824
2516        2.55275
2516        5.02458
2516         3.3267
2516        4.95001
2516        2.39697
2516        1.55378
2516        4.49513
2516        4.09006
2516        3.71566
2516        3.96818
2516         5.6337
2516        3.43217
2516          2.904
2516        5.48219
2516        5.22356
2516        0.48799
2516       0.948674
2516        1.54552
2516        5.28934
2516       0.986427
2516       0.508725
2516         5.3483
2516        5.99465
2516        2.00061
2516        4.65109
2516       0.128424
2516       0.351509
2516      0.0110414
2516        4.13674
2516        3.47267
2516        5.55116
2516        2.97189
2516         6.1379
2516        5.73903
2516        5.67372
2516         4.5959
2516         4.3173
2516        1.87554
2516        6.10607
2516        4.31268
2516        2.22555
2516        5.88144
2516         2.1869
2516        4.43839
2516        6.27295
2516        5.76239
2516        1.08175
2516        5.10049
2516        1.92372
2516        5.13769
2516        2.55494
2516        4.45764
2516      0.0988072
2516        5.31506
2516        4.57547
2516        3.70894
2516        5.65279
2516        4.90148
2516        4.16625
2516        4.27107
2516        4.47461
2516        5.26026
2516        5.15667
2516        6.07759
2516          4.245
2516        3.17196
2516        1.14131
2516        5.61841
2516        1.83953
2516        4.54244
2516       0.369143
2516        2.95168
2516        5.91138
2516        1.98872
2516       0.469495
2516        4.99947
2516        1.98008
2516         1.8369
2516        3.71834
2516        2.02262
2516         6.2661
2516         3.4316
2516      0.0650798
2516        2.84413
2516        3.75054
2516        2.35444
2516       0.832904
2516        2.97499
2516        5.51128
2516         5.5429
2516        5.40452
2516       0.504191
2516        4.94899
2516        1.71153
2516       0.523282
2516        5.90517
2516        5.10899
2516        3.53347
2516     0.00372783
2516        2.17069
2516        4.73187
2516       0.908561
2516        4.28188
2516       0.790655
2516        5.28161
2516        3.32804
2516      0.0378064
2516        4.69854
2516        3.90809
2516       0.328138
2516         4.6633
2516        6.24426
2516        2.09844
2516         1.0641
2516      0.0828572
2516        4.77794
2516        5.80847
2516        0.13033
2516        1.06194
2516        3.02369
2516        5.63963
2516        2.55177
2516         2.8603
2516        1.24086
2516        4.20416
2516        3.12482
2516        4.57724
2516        3.19055
2516        5.27325
2516        3.66089
2516        4.72057
2516       0.572673
2516        5.17243
2516        1.28333
2516        2.81707
2516        4.35459
2516         6.1135
2516        4.10666
2516        1.75907
2516        6.09228
2516        1.85951
2516        5.16583
2516       0.524188
2516        6.07342
2516        3.85777
2516        1.06477
2516       0.899765
2516        2.54731
2516        1.88424
2516        4.90784
2516        2.68889
2516        1.13459
2516        1.62941
2516        5.34122
2516      0.0066192
2516        4.12072
2516       0.944609
2516        2.45512
2516        1.57967
2516       0.959041
2516       0.442507
2516        5.75469
2516        5.10032
2516        1.02078
2516        2.36006
2516        3.50312
2516        5.32247
2516        4.46322
2516        2.08131
2516       0.719489
2516        6.13062
2516        4.99467
2516        3.11702
2516        1.46689
2516       0.568062
2516        2.57887
2516        1.38725
2516         5.7092
2516        4.34282
2516        1.74256
2516        2.99464
2516        4.03966
2516        1.63901
2516       0.157149
2516         5.5486
2516        6.11145
2516          3.097
2516        1.88061
2516        2.57547
2516        4.59694
2516        4.60197
2516        2.41205
2516       0.899446
2516         1.5555
2516         3.6162
2516        5.60648
2516      0.0373804
2516        1.40612
2516        1.89612
2516        5.54063
2516        1.89681
2516         2.6499
2516        2.35323
2516        5.42716
2516        2.20684
2516        2.87096
2516        5.08888
2516        5.87514
2516        1.51105
2516        5.18857
2516        3.20452
2516        4.30706
2516        5.45572
2516        4.56298
2516         2.9499
2516        5.19214
2516        4.87739
2516        2.67785
2516        2.13672
2516        1.51557
2516        1.94268
2516        3.16433
2516        4.18224
2516        3.91834
2516         4.5817
2516        1.00232
2516       0.814032
2516        6.15771
2516      0.0484737
2516        5.93987
2516        4.11882
2516        2.52209
2516       0.776685
2516        4.42811
2516        1.38964
2516        4.01377
2516        1.24321
2516        2.29221
2516        2.13521
2516        5.72382
2516        2.73872
2516         5.9003
2516        2.87631
2516        5.13417
2516        1.89084
2516        5.73334
2516        3.13988
2516        5.90247
2516       0.087678
2516        5.54126
2516        5.96215
2516         6.1265
2516        2.77884
2516        5.12701
2516       0.141528
2516        4.16046
2516        5.30504
2516        5.40267
2516        4.95159
2516        5.20531
2516        5.24898
2516        5.22844
2516        3.90175
2516       0.365385
2516       0.492748
2516        1.03071
2516        3.50389
2516        4.82699
2516       0.180692
2516        2.34276
2516        6.26393
2516       0.899749
2516        5.22245
2516        4.91714
2516        5.73131
2516        2.63665
2516       0.777585
2516        5.53125
2516        3.43321
2516        2.39214
2516       0.354495
2516       0.124296
2516        5.61655
2516        1.84761
2516       0.265455
2516       0.373372
2516        4.71891
2516        4.70584
2516        3.20947
2516        5.12395
2516        1.80737
2516        6.01905
2516        3.56946
2516        5.82847
2516       0.504197
2516        3.33035
2516        5.99424
2516        2.14759
2516        1.11526
2516        5.27633
2516        6.21139
2516        1.40537
2516        4.98545
2516        3.11868
2516       0.411189
2516        2.48917
2516        2.26944
2516        3.83718
2516        1.93988
2516        6.01692
2516        2.14419
2516        4.26085
2516        2.84952
2516        4.61902
2516        4.86477
2516         2.9985
2516        2.90571
2516        1.21816
2516        3.68576
2516        4.91063
2516       0.937519
2516        2.34916
2516        3.74446
2516        3.67848
2516        5.87366
2516        4.89275
2516        1.50994
2516        2.77018
2516        4.88905
2516        4.02073
2516        1.10989
2516        6.14992
2516        6.11597
2516        2.28515
2516       0.518925
2516        5.10485
2516        4.85434
2516        5.42807
2516       0.323845
2516        4.95701
2516        5.89495
2516        2.77726
2516        2.08964
2516        3.05624
2516        0.93944
2516       0.448904
2516       0.455279
2516       0.349986
2516      0.0905891
2516        2.40222
2516        5.13464
2516        5.62209
2516         2.6209
2516        3.36142
2516       0.490086
2516        4.44789
2516        5.56678
2516         1.5804
2516         2.5297
2516        2.93964
2516        1.87131
2516       0.286543
2516       0.518165
2516        4.54308
2516        1.93919
2516        5.36334
2516        6.22552
2516        4.30692
2516       0.628307
2516        4.07986
2516        4.34506
2516        3.40386
2516        4.82386
2516        2.43901
2516        3.74071
2516        1.44122
2516        5.04871
2516         3.6787
2516        4.78817
2516        2.65564
2516        6.18314
2516        2.85987
2516         4.8893
2516        4.76137
2516        1.28195
2516       0.989759
2516        4.18342
2516         4.1483
2516        1.79773
2516         2.6864
2516        5.48492
2516        5.76499
2516         1.8822
2516         3.5747
2516        3.77244
2516       0.835094
2516        6.24299
2516        5.43181
2516         4.4426
2516        1.21829
2516        2.11906
2516        1.56118
2516        1.16564
2516       0.545986
2516        5.81428
2516        3.41343
2516        1.08974
2516        3.97589
2516        0.57828
2516        2.69574
2516        2.18621
2516         1.1886
2516         1.9844
2516        1.27478
2516         3.1275
2516        1.97984
2516        4.53781
2516       0.426745
2516        3.70098
2516        4.83603
2516        2.18136
2516        4.36063
2516        4.75111
2516        5.76506
2516        4.19158
2516       0.170313
2516        2.23932
2516       0.304725
2516        3.12221
2516        2.06625
2516        5.70682
2516        3.32213
2516         1.0273
2516       0.309748
2516        1.15238
2516       0.910094
2516        5.15287
2516        5.27829
2516       0.754262
2516         2.4239
2516        6.05716
2516        5.08598
2516        4.64195
2516        3.39653
2516        5.03101
2516        1.71179
2516       0.325958
2516         3.0282
2516        3.73554
2516        2.63139
2516        6.26399
2516        5.94261
2516         5.0754
2516        6.14658
2516        1.33886
2516        1.42561
2516        5.87459
2516        1.98103
2516        3.17939
2516        3.10819
2516        4.21418
2516        1.64385
2516        3.87175
2516        4.62642
2516        3.41349
2516        4.49353
2516        5.91364
2516        2.71248
2516        5.86491
2516        5.13145
2516        5.87219
2516        2.52469
2516       0.203404
2516       0.656015
2516        5.22781
2516        5.14262
2516        5.15338
2516        2.88702
2516        2.05567
2516        4.85026
2516        4.98555
2516        5.00993
2516        1.23854
2516        2.89521
2516        1.76069
2516        3.02247
2516        1.05448
2516       0.871781
2516        4.42418
2516        2.70822
2516        4.04102
2516        1.06998
2516        3.95892
2516        5.26999
2516       0.154249
2516       0.473166
2516        2.92021
2516        1.86658
2516        1.02976
2516        2.73986
2516        5.30636
2516        5.67672
2516         2.1726
2516         5.5576
2516        1.04871
2516        1.47226
2516       0.599866
2516         1.7824
2516        6.11211
2516         3.5794
2516         5.1545
2516        1.39321
2516        4.64818
2516        1.70417
2516        3.74415
2516        3.48006
2516       0.478061
2516       0.661319
2516         1.5204
2516        1.20174
2516        3.91468
2516       0.969624
2516      0.0429836
2516        5.37631
2516         5.4023
2516        5.62968
2516         3.2938
2516        6.12583
2516       0.991279
2516        1.07994
2516        4.16849
2516        1.55997
2516        6.26119
2516        1.23905
2516        4.15183
2516        1.52815
2516       0.680478
2516      0.0380158
2516           4.41
2516       0.286738
2516        1.76912
2516        1.23046
2516        4.66399
2516        5.09964
2516        1.20693
2516        4.62899
2516        2.77134
2516         4.3298
2516        4.11209
2516        5.19355
2516        5.94468
2516        2.66578
2516         2.9801
2516        5.75867
2516        3.67675
2516        4.31291
2516        2.80482
2516        1.93008
2516        1.48356
2516        4.51911
2516       0.487036
2516        5.66252
2516       0.499758
2516        2.33205
2516        2.11461
2516        5.16385
2516        4.45878
2516        5.59879
2516        6.06892
2516        4.09242
2516        4.12971
2516        2.53667
2516        3.19295
2516        2.73046
2516        5.60668
2516        3.79843
2516        3.07228
2516        2.11919
2516        4.53134
2516        4.10615
2516       0.594682
2516        3.97519
2516        2.80076
2516        5.40947
2516        4.43032
2516        1.74312
2516        1.86365
2516       0.636802
2516        5.43958
2516       0.736876
2516        1.30968
2516        4.25544
2516        4.63339
2516          5.875
2516        1.29282
2516        1.67654
2516        1.52412
2516         1.2961
2516        5.88246
2516        2.37348
2516        4.15941
2516        6.11176
2516        4.26635
2516        5.13889
2516        5.84861
2516        3.74199
2516        1.11099
2516       0.793963
2516        2.97285
2516        2.54825
2516        1.55126
2516        1.73542
2516        2.28532
2516        6.09722
2516        4.57773
2516        5.93099
2516        2.94081
2516        1.01562
2516        5.19829
2516        3.68863
2516        3.82298
2516        1.32095
2516        5.89336
2516        5.63196
2516         1.9344
2516         5.7409
2516        1.29573
2516        2.17454
2516        3.00934
2516        1.86069
2516        5.09558
2516        2.20432
2516        4.69245
2516        2.22522
2516        4.93558
2516       0.047547
2516        2.68044
2516        5.70388
2516          2.304
2516        1.10215
2516         2.7956
2516        2.05222
