2943        4.31966
2943        5.98425
2943        4.71659
2943        4.09941
2943        1.04178
2943        6.21228
2943        2.79601
2943        3.61655
2943       0.213534
2943        3.19408
2943        3.66056
2943         3.5275
2943         1.3174
2943        5.54166
2943        1.84308
2943       0.207911
2943        4.29698
2943        3.02257
2943        4.03634
2943        5.06146
2943         1.9437
2943        5.27387
2943         6.1497
2943        0.70244
2943        3.89251
2943        2.87528
2943        2.53042
2943        4.14732
2943        5.94241
2943       0.204757
2943        3.07445
2943        5.40851
2943        4.04127
2943        1.50362
2943        5.89252
2943        6.07299
2943        1.53482
2943       0.521815
2943        2.12674
2943        1.54224
2943        4.48689
2943        3.82093
2943        3.73881
2943        0.68794
2943        3.66544
2943         4.7078
2943        1.39335
2943        3.68132
2943          3.569
2943       0.689731
2943         3.1198
2943       0.495413
2943       0.945362
2943        2.77993
2943        3.67313
2943        5.36659
2943        5.63697
2943        3.84474
2943        2.34785
2943      0.0222588
2943        3.59602
2943        6.24053
2943        3.57754
2943        3.97083
2943        2.91855
2943        5.22593
2943        5.79595
2943       0.179784
2943        5.67624
2943        1.29487
2943        6.17358
2943       0.852796
2943        6.08085
2943        1.36333
2943        5.52934
2943       0.594781
2943        5.38994
2943    0.000408156
2943        3.63673
2943         2.5922
2943        4.84532
2943        0.44733
2943       0.532121
2943       0.130845
2943        3.89539
2943        3.16528
2943        4.72788
2943        3.39062
2943        0.35876
2943        3.48804
2943        6.26379
2943        2.17365
2943      0.0155101
2943        1.33231
2943        5.42743
2943       0.520593
2943       0.413238
2943       0.152828
2943        5.27038
2943         2.2818
2943        1.87179
2943       0.460612
2943        2.63526
2943       0.151589
2943        0.25395
2943         1.6877
2943        2.23353
2943        4.64423
2943        5.56169
2943        5.88866
2943        3.74263
2943        4.11001
2943        0.12373
2943        5.50226
2943     0.00631575
2943        4.86679
2943        4.42142
2943        1.01155
2943       0.713799
2943        2.07733
2943        2.31044
2943        6.15467
2943        5.77275
2943        5.98464
2943        5.40942
2943        6.21306
2943        6.19456
2943       0.341723
2943        5.03228
2943        3.67332
2943        4.35945
2943        1.16022
2943        2.39506
2943       0.361455
2943       0.789711
2943        1.53333
2943        5.28282
2943        1.52387
2943        5.15717
2943        1.66776
2943       0.273081
2943       0.161382
2943        2.54498
2943        4.02539
2943        2.92635
2943        0.30734
2943        4.64894
2943        2.74589
2943        5.49069
2943        1.31202
2943        3.47086
2943        2.44828
2943        2.12862
2943        4.69179
2943        5.15416
2943        5.82252
2943        3.54946
2943        1.15235
2943        2.18034
2943        3.21117
2943         4.0299
2943        2.62016
2943        3.41673
2943        6.19165
2943        6.13197
2943        3.57943
2943        3.48361
2943        6.10588
2943        3.89227
2943        3.97967
2943        4.66419
2943        2.88767
2943        3.75506
2943        2.57427
2943        4.77129
2943      0.0592033
2943        4.20741
2943       0.728991
2943        1.30524
2943       0.218315
2943         3.9199
2943        2.84361
2943        3.02379
2943         5.4396
2943        5.81883
2943        1.29152
2943        5.19294
2943        3.82786
2943        4.50705
2943        6.16074
2943        3.03921
2943        2.04989
2943        5.74972
2943        2.49895
2943        4.41147
2943        3.14255
2943        1.42718
2943        1.55986
2943        3.84521
2943        4.29688
2943        4.55562
2943        1.12673
2943        3.73356
2943        6.20131
2943       0.603473
2943        3.48528
2943         0.2302
2943       0.403007
2943        6.17946
2943        3.13425
2943        1.31846
2943       0.689389
2943        4.54689
2943        0.57404
2943        1.02856
2943        5.02552
2943        6.00336
2943       0.284963
2943        3.34718
2943        1.76912
2943        5.92018
2943        5.35599
2943        6.08201
2943         1.0353
2943        3.24069
2943        3.55014
2943        6.16481
2943        4.68382
2943        4.17355
2943        5.45866
2943        2.24504
2943        1.57477
2943        2.99408
2943        1.58481
2943        3.45568
2943        2.33361
2943        3.85375
2943        2.91291
2943        2.49171
2943       0.493938
2943        3.51903
2943        3.71588
2943        2.76322
2943        0.11212
2943         1.7565
2943       0.300163
2943        2.51722
2943        1.80905
2943        3.42824
2943        1.68228
2943        2.06142
2943        2.42726
2943        3.41274
2943        3.86557
2943        1.47197
2943       0.114284
2943        3.17602
2943        4.77133
2943       0.522126
2943        6.17058
2943        1.57309
2943        3.89538
2943        3.81157
2943       0.400875
2943        2.95564
2943        2.96461
2943        2.40069
2943        3.24814
2943        1.16284
2943        5.44858
2943        4.90174
2943        4.35887
2943        2.22879
2943        2.23624
2943        5.30524
2943        3.08479
2943       0.494578
2943        5.07636
2943        1.43957
2943        1.38709
2943        2.79482
2943        3.18666
2943        5.44626
2943        6.17409
2943        1.45834
2943        1.21974
2943        3.75454
2943        3.56623
2943       0.627312
2943        3.99601
2943       0.727059
2943        1.55483
2943       0.631208
2943       0.683197
2943       0.745557
2943        5.83998
2943       0.412969
2943        4.10491
2943         4.6664
2943        3.72534
2943        2.25968
2943        3.65378
2943       0.731179
2943        3.44801
2943        2.74167
2943        3.00565
2943        1.59892
2943        3.12368
2943       0.735799
2943        2.70183
2943        1.58556
2943        3.31426
2943        3.25936
2943        1.34158
2943        1.52972
2943        4.15044
2943        5.27884
2943        5.75576
2943        4.53252
2943        3.90972
2943       0.890549
2943        4.45635
2943        4.15507
2943        1.42094
2943        0.06963
2943        3.72884
2943        4.48255
2943        5.72429
2943        3.65604
2943        5.37461
2943        3.38038
2943        2.11477
2943        3.42825
2943        4.35011
2943        2.64371
2943        3.50153
2943        3.60606
2943        3.28294
2943        4.66653
2943        4.76281
2943        1.02243
2943        1.66584
2943        3.09307
2943        5.72741
2943        3.39399
2943       0.402681
2943        5.89181
2943        4.38502
2943        3.32789
2943        4.33153
2943       0.846492
2943        1.88668
2943        3.87235
2943        5.09292
2943        3.45259
2943         3.6244
2943        6.14963
2943         3.9008
2943       0.870935
2943        5.56688
2943        4.04737
2943        6.20823
2943        5.36887
2943        1.70048
2943        6.16459
2943        5.00751
2943        5.82433
2943        1.56865
2943        6.08838
2943        1.79846
2943        1.22286
2943       0.795975
2943        6.15269
2943        4.26345
2943        5.88422
2943       0.305731
2943      0.0793186
2943        3.52031
2943        3.74726
2943       0.506187
2943        3.72169
2943       0.327079
2943       0.335844
2943        3.63424
2943        4.86374
2943        4.32628
2943        2.64851
2943       0.535976
2943        2.59133
2943        2.96368
2943        5.46506
2943        5.30247
2943         1.6602
2943        1.26931
2943       0.339536
2943        2.18516
2943        2.66368
2943        5.64176
2943        1.26654
2943        5.41159
2943       0.283382
2943        2.67317
2943        4.04981
2943         3.3611
2943        3.18008
2943        1.31359
2943        3.37959
2943           5.48
2943        1.06461
2943       0.543327
2943        5.63429
2943       0.610314
2943        4.90111
2943        1.06443
2943        4.46034
2943       0.198987
2943        4.33063
2943        4.21737
2943       0.567322
2943         4.4651
2943        2.55272
2943        2.53001
2943        5.61356
2943       0.577077
2943        5.99707
2943        2.56751
2943        3.76343
2943         2.8252
2943        5.95296
2943        4.02576
2943        3.00538
2943        4.66272
2943        4.71737
2943        1.34491
2943        4.33822
2943        1.01739
2943       0.192629
2943       0.343175
2943       0.538781
2943        1.93447
2943        2.67002
2943       0.326219
2943         2.4593
2943        1.73363
2943        4.41492
2943        3.81492
2943        4.61238
2943        2.99506
2943       0.275642
2943        4.08565
2943        1.99708
2943        2.80788
2943        2.23575
2943        1.65136
2943        1.84685
2943        6.25676
2943        3.13453
2943        3.71932
2943        1.58704
2943       0.983899
2943         2.3004
2943        5.37935
2943        6.13226
2943        4.62151
2943       0.539225
2943        2.75279
2943        0.20834
2943        5.46976
2943       0.544523
2943         3.9383
2943       0.392345
2943        5.89518
2943        3.89725
2943        4.27249
2943         3.1895
2943        3.41572
2943       0.834837
2943        4.35832
2943       0.887176
2943        5.27734
2943       0.141749
2943        2.38555
2943        3.72188
2943        3.98623
2943        6.11656
2943        2.84853
2943        4.32204
2943        3.55628
2943        5.22729
2943        5.82003
2943        4.41591
2943        2.26431
2943       0.938447
2943       0.520157
2943        3.51129
2943        1.14785
2943        3.42741
2943       0.217691
2943       0.376181
2943        3.14338
2943        2.93391
2943       0.227205
2943       0.670347
2943        2.05684
2943        3.13637
2943        2.13117
2943        1.16885
2943        4.13567
2943        3.83984
2943        4.70012
2943        1.33666
2943        1.29098
2943        2.62651
2943        2.66962
2943        5.02396
2943        3.64848
2943        3.32012
2943        5.63844
2943      0.0611208
2943        2.14853
2943        6.15989
2943        1.38207
2943        6.11858
2943        4.10439
2943        3.74469
2943        5.44791
2943        3.65014
2943         1.9185
2943        3.74813
2943        4.20043
2943         3.6527
2943        1.10375
2943       0.350605
2943       0.751751
2943        3.62306
2943        4.16572
2943        3.10212
2943      0.0202789
2943        3.09772
2943         2.9278
2943       0.333013
2943        2.67012
2943        5.90203
2943        3.21534
2943       0.381938
2943        6.13005
2943        4.02592
2943      0.0804823
2943        1.61963
2943       0.321173
2943       0.983493
2943        6.22446
2943        0.89323
2943        4.48612
2943        2.60817
2943        3.63727
2943       0.379349
2943       0.180055
2943        1.87873
2943        5.45245
2943        3.16761
2943        4.99356
2943        1.02903
2943        5.80874
2943        4.00599
2943        5.68776
2943        3.01306
2943        2.97748
2943        1.25154
2943        4.71076
2943        3.42962
2943        3.79861
2943        1.01929
2943        3.43867
2943        3.17551
2943        4.70511
2943       0.266861
2943        1.69589
2943       0.285275
2943        2.21157
2943         2.6868
2943         6.1301
2943       0.225237
2943        1.32768
2943        6.24641
2943        2.15927
2943       0.477871
2943        4.51278
2943        4.82283
2943        6.07297
2943        3.82545
2943        3.47343
2943         4.1785
2943        2.94633
2943        1.20648
2943        3.56443
2943        2.66326
2943      0.0866857
2943      0.0565958
2943        1.93514
2943        3.38961
2943        3.73112
2943        5.97886
2943         1.6786
2943        2.93121
2943        3.66061
2943        5.09283
2943       0.694027
2943       0.883838
2943        3.56609
2943        1.21498
2943        2.36234
2943       0.669056
2943        1.86797
2943        2.57924
2943         3.2745
2943        3.31133
2943        5.35951
2943          3.664
2943        4.99659
2943        3.93804
2943        3.17083
2943        6.15192
2943        1.57861
2943       0.790764
2943       0.455806
2943        2.45147
2943       0.200453
2943        6.23139
2943        4.34644
2943        3.96635
2943        3.48692
2943        3.61007
2943        1.40456
2943        4.17223
2943        1.06013
2943        4.36738
2943       0.572636
2943        3.35541
2943         4.8913
2943         5.8636
2943        3.51185
2943        3.85294
2943         2.6576
2943         3.2489
2943       0.960416
2943        3.12446
2943         4.0858
2943       0.355639
2943        1.42905
2943       0.285897
2943        4.11471
2943        3.29112
2943       0.870909
2943       0.553991
2943        1.85769
2943        3.23886
2943        4.46294
2943       0.235193
2943        2.93766
2943        2.55241
2943        4.10411
2943        5.25343
2943       0.406523
2943        1.27291
2943       0.869752
2943       0.856226
2943         3.8771
2943        3.58002
2943        3.85897
2943        2.54479
2943       0.898637
2943        0.47194
2943        4.63851
2943        4.09497
2943         6.2442
2943         1.8401
2943        5.25226
2943        2.94849
2943        4.63469
2943        4.40241
2943         4.7423
2943        6.15357
2943        3.89468
2943        2.17479
2943        2.29345
2943        3.15834
2943       0.864708
2943       0.772861
2943        1.35912
2943        1.22094
2943        4.00591
2943        4.09244
2943        2.48301
2943        3.21274
2943        1.89801
2943        4.54923
2943        3.78391
2943        5.94911
2943        1.06147
2943        1.15822
2943        3.48015
2943        1.96555
2943       0.530358
2943        3.93725
2943        4.47381
2943        3.11934
2943       0.752246
2943        3.26749
2943        4.40094
2943       0.962892
2943         2.4083
2943       0.334852
2943        3.75033
2943        5.80409
2943        4.65636
2943        4.22843
2943        5.60258
2943        1.23346
2943        0.34596
2943         2.7164
2943         4.6024
2943        4.82812
2943        2.06701
2943       0.596386
2943        4.30479
2943        5.91087
2943        2.29182
2943        3.98608
2943        4.88747
2943       0.609465
2943        3.87048
2943        1.03162
2943        3.76673
2943        0.59005
2943        3.94282
2943        4.09837
2943        3.78926
2943        0.98713
2943        3.20288
2943       0.724844
2943        4.32399
2943        4.15116
2943       0.179975
2943        4.83712
2943      0.0410927
2943        1.46001
2943        2.91957
2943        0.18848
2943        2.37983
2943        3.39581
2943       0.552042
2943       0.221009
2943         3.9223
2943       0.112591
2943        2.19964
2943        3.65629
2943        6.21471
2943        6.15277
2943       0.470633
2943       0.708156
2943        3.87082
2943        2.62011
2943        3.71621
2943        3.79387
2943        4.39479
2943       0.793796
2943       0.973362
2943        3.06715
2943        3.61008
2943        2.63408
2943        1.68257
2943        3.55713
2943        4.63585
2943        2.25169
2943        3.94784
2943       0.782304
2943        3.83212
2943        3.97783
2943        4.77107
2943        1.70809
2943       0.828639
2943       0.559541
2943       0.219255
2943        5.80935
2943        4.86526
2943        5.61276
2943        6.10911
2943        3.81356
2943        3.97192
2943        5.88206
2943      0.0198396
2943       0.598623
2943        5.00875
2943       0.305102
2943        4.43654
2943        3.11508
2943       0.669062
2943        5.16912
2943      0.0157081
2943        3.39964
2943        1.30115
2943       0.512504
2943        3.66647
2943        5.45202
2943        3.14964
2943        2.75354
2943        2.42773
2943        5.45606
2943        2.82812
2943        1.31626
2943        3.55727
2943        3.52638
2943        2.66106
2943        2.91752
2943        1.74734
2943         6.2437
2943        5.56894
2943        5.42229
2943        5.25236
2943        2.40322
2943         3.5614
2943        4.15513
2943        1.04591
2943        0.63686
2943       0.992497
2943        1.57407
2943        1.66316
2943        3.74896
2943        2.98354
2943       0.834797
2943        4.24988
2943        3.17553
2943        3.66794
2943        3.16357
2943        3.75112
2943        3.80817
2943        4.14007
2943        0.69884
2943        5.78157
2943        5.67339
2943        6.01131
2943        3.31414
2943        1.36951
2943         0.4754
2943       0.330131
2943         2.4846
2943         5.1748
2943       0.165946
2943       0.344006
2943        6.14067
2943        5.91329
2943        1.52891
2943        4.10539
2943        1.13173
2943        5.30047
2943        4.34301
2943        3.61359
2943        2.84944
2943       0.368442
2943        2.91056
2943        5.51017
2943        2.47607
2943        0.70075
2943      0.0168488
2943        3.35473
2943        3.06579
2943        6.04739
2943        6.26208
2943         2.3783
2943        1.47663
2943        3.95477
2943        4.13884
2943        4.02599
2943        3.36257
2943        3.36623
2943        3.83223
2943        4.24599
2943        4.56307
2943        3.59437
2943       0.103643
2943        3.28269
2943       0.811433
2943        2.05641
2943        1.79693
2943        6.10508
2943      0.0694992
2943        2.20158
2943       0.810811
2943        4.41205
2943        1.88577
2943        1.74974
2943        1.08097
2943        3.84587
2943         2.8977
2943         5.3909
2943        3.91599
2943        1.69944
2943        3.47006
2943        3.40671
2943        2.64692
2943        4.90994
2943        1.13546
2943        3.90016
2943       0.122751
2943          5.827
2943        3.11981
2943        2.90663
2943        3.29842
2943        5.48812
2943        6.00939
2943        1.03839
2943        2.96901
2943        4.85329
2943        5.70853
2943        1.97779
2943       0.589617
2943        2.89902
2943        5.87915
2943        5.93098
2943         0.3952
2943         2.3894
2943        4.26489
2943      0.0546399
2943        2.46652
2943         1.3421
2943        4.27794
2943        5.27598
2943        2.57063
2943        2.24264
2943       0.864897
2943        3.69321
2943        4.83734
2943       0.539728
2943         1.3235
2943        4.55988
2943        5.60398
2943        1.95098
2943        3.15036
2943        0.55651
2943        5.05201
2943       0.542673
2943        4.89123
2943        1.78103
2943       0.763549
2943        3.94963
2943        2.91051
2943        3.54158
2943        2.68235
2943         2.0727
2943       0.639356
2943        2.63077
2943       0.485123
2943         4.0114
2943        1.75059
2943        3.31631
2943        4.48099
2943        3.33281
2943        2.63918
2943        5.80976
2943        5.07201
2943        3.65454
2943        3.71023
2943        4.34031
2943        4.21288
2943        3.45231
2943        4.51792
2943       0.363463
2943        5.96093
2943        1.58898
2943        1.10343
2943        2.54283
2943         4.7916
2943        1.74339
2943        3.04469
2943        5.30712
2943        5.89686
2943        3.83585
2943        3.48442
2943        3.88234
2943       0.807974
2943        3.95018
2943        2.08421
2943        1.06793
2943         3.4404
2943      0.0398385
2943        3.70245
2943        5.53567
2943        4.25777
2943        3.98575
2943        4.20757
2943        3.11466
2943       0.824764
2943        5.36466
2943        6.19976
2943        4.51593
2943         1.2104
2943        2.96697
2943        3.66075
2943         1.9111
2943       0.437071
2943      0.0543728
2943       0.353283
2943        5.92596
2943        4.54061
2943        3.88673
2943       0.648478
2943        5.13175
2943        3.52105
2943        5.20812
2943        5.97202
2943         0.3271
2943       0.361313
2943        2.21532
2943        2.18047
2943        2.62653
2943        3.15324
2943        4.02503
2943        6.16864
2943        3.61679
2943        2.63005
2943        3.79582
2943        1.15534
2943        6.18152
2943        2.32932
2943        3.66984
2943          5.957
2943       0.392318
2943        3.26836
2943        6.00693
2943        5.06379
2943        3.32702
2943       0.556898
2943         1.2839
2943       0.171577
2943        1.27231
2943        5.88945
2943        3.55675
2943        2.01775
2943        2.83529
2943        5.45827
2943        3.31637
2943        4.40307
2943       0.284028
2943        2.71566
2943        3.48845
2943        4.24995
2943        4.94567
2943        5.96295
2943        4.46667
2943       0.472753
2943         3.1107
2943        3.19014
2943         5.5049
2943         5.6568
2943        6.11541
2943        4.91421
2943       0.750845
2943        5.74373
2943        2.34464
2943        1.97465
2943        4.53709
2943        1.13156
2943        4.85265
2943        5.92761
2943       0.347363
2943        3.87712
2943        4.29973
2943        5.16741
2943      0.0362319
2943        4.63781
2943       0.402521
2943       0.363034
2943      0.0202918
2943       0.460146
2943        5.85194
2943        4.65175
2943        3.26463
2943        4.03744
2943        3.09443
2943         6.0878
2943       0.729835
2943       0.561766
2943        1.74812
2943        4.86676
2943        5.68726
2943        3.07428
2943        1.49752
2943        3.56195
2943        4.18624
2943       0.892622
2943        1.45241
2943        3.73944
2943        3.50436
2943        2.60249
2943        3.65846
2943        3.88609
2943        3.31814
2943        1.10886
2943        5.13512
2943       0.322405
2943        3.88376
2943        2.48482
2943        3.91847
2943      0.0111268
2943       0.448426
2943        5.83736
2943         5.5484
2943        3.84233
2943        1.32471
2943        3.04872
2943        5.86246
2943        3.40411
2943        4.06574
2943       0.322995
2943       0.890052
2943        4.03799
2943        5.86329
2943        4.79529
2943        3.76324
2943       0.755555
2943        1.18135
2943        2.67557
2943        1.87632
2943       0.205733
2943        5.64043
2943        5.84612
2943        5.30271
2943        3.26105
2943        3.53996
2943       0.594235
2943        3.31923
2943        3.99296
2943        3.11973
2943        4.78086
2943       0.306622
2943       0.392504
2943       0.389016
2943         4.2586
2943        4.28597
2943       0.829131
2943        2.77027
2943       0.888196
2943         4.4013
2943        0.99404
2943        4.80099
2943       0.440854
2943        2.71471
2943        3.66453
2943         2.0472
2943       0.207112
2943        1.52654
2943        6.09597
2943        3.27001
2943        3.14396
2943        3.33648
2943        1.73325
2943        1.56434
2943        3.86053
2943        4.13435
2943        1.91649
2943       0.617224
2943        3.60194
2943        3.66691
2943       0.166777
2943        2.79472
2943        1.16655
2943        1.22265
2943        3.14106
2943        2.86562
2943        3.76585
2943        5.97211
2943       0.607091
2943        2.47458
2943       0.106041
2943        4.08109
2943        5.68766
2943         2.8371
2943       0.591974
2943        3.40633
2943        2.25832
2943         6.0101
2943        5.85063
2943        2.12408
2943       0.569281
2943        2.42831
2943        0.81186
2943        4.03986
2943       0.744073
2943        5.27399
2943        2.60628
2943       0.895636
2943        2.95906
2943      0.0270127
2943        1.76809
2943        2.71931
2943      0.0796677
2943        3.71964
2943        2.40389
2943        1.15371
2943        3.02445
2943        2.90406
2943        3.05097
2943       0.140057
2943       0.603898
2943        1.22634
2943       0.683843
2943       0.109029
2943        5.80891
2943        0.54539
2943        4.01897
2943        3.72144
2943         2.7607
2943        2.22402
2943        2.97824
2943        4.09854
2943        3.37666
2943        3.58741
2943          5.677
2943         5.6815
2943        5.35708
2943        0.35444
2943        2.91108
2943        3.62529
2943        2.92109
2943        3.94533
2943        3.86465
2943       0.254308
2943        1.18157
2943        4.51815
2943        4.05594
2943        5.24222
2943        4.13318
2943        5.90011
2943        1.17776
2943        3.42827
2943        1.49449
2943       0.344822
2943       0.391727
2943        3.93284
2943        2.93962
2943       0.724603
2943        4.71149
2943       0.694354
2943       0.386801
2943        4.31804
2943        3.54732
2943         5.3209
2943        2.63663
2943        5.51115
2943        1.64406
2943       0.665221
2943        2.24679
2943       0.555787
2943        4.02207
2943        3.74426
2943        3.57474
2943        5.72731
2943        5.41336
2943        4.39126
2943       0.262636
2943        2.81603
2943         3.3926
2943       0.846115
2943        4.49258
2943         3.2501
2943        3.32897
2943      0.0678121
2943        5.91469
2943       0.372984
2943        5.81042
2943        5.19797
2943       0.231703
2943        4.07479
2943       0.360483
2943        5.93214
2943       0.872875
2943         1.9523
2943        4.13256
2943       0.941687
2943       0.629938
2943        2.42984
2943        3.50455
2943        3.63453
2943       0.603432
2943        2.71458
2943        3.48803
2943       0.687529
2943        1.56499
2943        1.60389
2943         1.7967
2943        3.50287
2943       0.104992
2943        5.84958
2943        1.06687
2943        6.12786
2943        4.92388
2943         5.4392
2943        4.09342
2943        2.38804
2943        3.39131
2943        4.04263
2943        1.27591
2943        1.08822
2943        4.08844
2943        5.31041
2943          2.874
2943         3.3133
2943        1.75454
2943        3.14645
2943        1.75651
2943       0.125525
2943        2.72901
2943        3.64226
2943        1.16283
2943        4.04326
2943        4.32725
2943       0.111068
2943        5.36571
2943        5.89116
2943         4.0169
2943       0.452414
2943        1.98767
2943        3.69265
2943        2.05394
2943        3.55029
2943        1.82156
2943        5.96252
2943        3.97393
2943        2.98907
2943        4.68796
2943        4.70868
2943        5.27334
2943        6.01201
2943        3.95665
2943      0.0704982
2943        5.20034
2943        2.85093
2943        2.84553
2943        2.90772
2943        5.00051
2943        5.67856
2943        3.40973
2943        3.76236
2943        3.32229
2943        2.08106
2943        3.78105
2943        1.99483
2943        4.80652
2943        5.27681
2943       0.993432
2943       0.687764
2943       0.799816
2943        3.49232
2943        2.57102
2943        2.95047
2943        2.09012
2943        2.29118
2943       0.815411
2943        4.42351
2943       0.496034
2943        3.61476
2943        4.50524
2943        3.72348
2943        4.72027
2943        6.03191
2943        3.61146
2943        0.17627
2943        5.58201
2943        5.72396
2943        4.09934
2943       0.132212
2943        6.02309
2943        4.36655
2943        4.24128
2943        3.78941
2943       0.844773
2943       0.962705
2943        5.14009
2943        5.83296
2943        5.55062
2943       0.911795
2943        3.99268
2943        3.76119
2943        4.07785
2943        2.15748
2943       0.745855
2943        4.70784
2943        4.12113
2943        3.89461
2943        5.64523
2943        5.58752
2943        2.47256
2943        1.88594
2943        3.86275
2943        1.20486
2943       0.739149
2943        3.61899
2943       0.429124
2943        5.55679
2943         1.2835
2943        2.90279
2943        6.01535
2943        2.45566
2943        1.07586
2943          3.371
2943        4.59232
2943        3.74427
2943        3.23471
2943        2.47732
2943        1.72789
2943       0.989347
2943       0.486297
2943      0.0194039
2943        5.45038
2943         1.6963
2943        4.72308
2943      0.0642138
2943        4.82169
2943       0.835291
2943        3.19312
2943        3.66707
2943        5.83041
2943        6.22354
2943        4.45596
2943         1.4785
2943        4.24132
2943        3.35163
2943       0.761747
2943        3.61622
2943         3.0872
2943        2.03319
2943        3.11678
2943        2.31248
2943        4.74933
2943        5.75168
2943        3.96748
2943        4.13751
2943        3.54112
2943        3.82211
2943        4.29442
2943        4.54546
2943        3.78449
2943       0.204764
2943        3.51691
2943         5.0843
2943         5.4329
2943        3.94572
2943        5.23571
2943        3.24102
2943        5.51015
2943        4.92956
2943      0.0788404
2943        2.95427
2943        3.37036
2943       0.321676
2943        3.96285
2943        5.08719
2943        2.32837
2943         5.8024
2943        2.84314
2943        4.98577
2943        2.05406
2943    0.000352065
2943         1.6519
2943        4.71888
2943        2.33901
2943        4.30417
2943        2.21877
2943        4.45858
2943        1.01404
2943       0.726071
2943        5.11718
2943       0.948646
2943       0.406463
2943       0.977787
2943        2.34699
2943        1.53748
2943        1.14261
2943        4.61751
2943        1.51118
2943        1.78107
2943        3.21004
2943        2.32811
2943       0.642526
2943        1.02611
2943         1.2085
2943        5.58061
2943       0.940484
2943         1.1094
2943        2.42813
2943        3.96192
2943        2.99642
2943        1.11227
2943        2.22467
2943         3.5229
2943        6.13919
2943        1.08257
2943        3.94111
2943        5.27299
2943        2.65288
2943         2.6638
2943        1.68757
2943      0.0430403
2943        3.06072
2943        4.22931
2943        4.92607
2943       0.603568
2943        1.10695
2943        5.64328
2943        2.25636
2943        3.37926
2943        0.86638
2943        3.39294
2943        3.59812
2943        3.21719
2943        3.74368
2943       0.608132
2943        3.60598
2943       0.565538
2943        4.25904
2943        4.59824
2943        5.04745
2943         5.0652
2943         3.1732
2943        5.31452
2943        5.12792
2943        2.96607
2943        5.58461
2943        5.66992
2943        2.10312
2943        3.01904
2943        1.43024
2943        3.16666
2943        3.69708
2943        5.99627
2943        2.21916
2943        4.39247
2943       0.382854
2943         1.2149
2943        4.12579
2943        4.53514
2943       0.265901
2943       0.383103
2943        5.56454
2943        3.78674
2943        4.11755
2943        2.40027
2943        5.70026
2943       0.206147
2943        4.47214
2943          1.469
2943        3.55943
2943       0.026263
2943        3.57381
2943       0.504099
2943        3.59158
2943        1.90426
2943       0.416203
2943       0.769315
2943        3.43146
2943        4.29455
2943        4.91709
2943        6.01034
2943        5.54432
2943        2.69238
2943       0.743999
2943        3.43445
2943        3.57173
2943        0.64123
2943        4.81822
2943        5.35121
2943        4.34658
2943        2.86625
2943        5.39504
2943       0.343268
2943      0.0494188
2943         5.9518
2943        3.54828
2943        2.47966
2943        3.84271
2943        6.05065
2943        4.35311
2943        3.08006
2943        0.12112
2943        1.39944
2943        5.46554
2943        2.64128
2943        3.02279
2943        4.28052
2943         5.1394
2943         1.2537
2943        1.48357
2943        2.41243
2943        4.74323
2943        3.82784
2943        3.67369
2943        3.12898
2943       0.129098
2943         1.3197
2943        5.75416
2943        2.73142
2943        3.16127
2943        3.65803
2943        3.43356
2943        5.80334
2943         2.3018
2943        4.79379
2943        4.42711
2943        5.03263
2943        1.02303
2943       0.592125
2943       0.842854
2943         4.9516
2943      0.0276303
2943        2.02719
2943        1.11144
2943        2.68151
2943        3.66885
2943        3.41367
2943        1.51692
2943        3.35082
2943       0.767319
2943       0.208944
2943       0.122083
2943        3.96708
2943        3.06443
2943       0.701778
2943        1.50365
2943        5.73268
2943        2.41378
2943        2.59432
2943        5.36913
2943        5.13047
2943        5.41833
2943      0.0996151
2943        3.32287
2943        5.46793
2943       0.862843
2943        3.50295
2943       0.190202
2943        2.88601
2943        5.74221
2943       0.368792
2943        1.09292
2943       0.604101
2943        4.10866
2943        3.88146
2943       0.105823
2943        3.46849
2943        4.23201
2943       0.708903
2943       0.539867
2943        3.65827
2943        5.89912
2943       0.624147
2943        3.37432
2943        3.51848
2943        5.76298
2943        3.72579
2943        5.61032
2943       0.477909
2943        2.97448
2943        5.67499
2943        2.83387
2943        4.60915
2943        0.38099
2943        3.52565
2943       0.599704
2943        3.64313
2943       0.843314
2943       0.048155
2943        1.08323
2943        6.09653
2943       0.100253
2943        2.08247
2943        3.71755
2943        2.63293
2943        2.95375
2943        1.78316
2943         2.3502
2943        2.70345
2943         6.0063
2943        2.17304
2943        1.49037
2943          4.522
2943        1.13004
2943        4.19546
2943        2.03459
2943      0.0943638
2943        2.69883
2943        4.22372
2943        2.34167
2943       0.364058
2943        2.07667
2943        3.58316
2943        4.41828
2943        2.08873
2943        2.75235
2943       0.192666
2943        5.90895
2943       0.654126
2943       0.330026
2943        4.17619
2943         2.4882
2943        2.00811
2943        3.78256
2943        3.23163
2943        2.39047
2943         3.5654
2943        2.28882
2943        3.58563
2943        4.08989
2943        3.23638
2943        3.85289
2943        2.54464
2943        3.34421
2943       0.813994
2943       0.482577
2943        5.75233
2943        1.31897
2943        4.27831
2943        4.52662
2943       0.981523
2943        1.09521
2943        5.36717
2943        6.17311
2943       0.877049
2943        2.09306
2943        2.57231
2943        5.50299
2943        4.42315
2943        1.71845
2943        5.57228
2943        3.20568
2943        1.97557
2943        2.03794
2943        5.59689
2943        6.21813
2943        3.41627
2943        2.09296
2943       0.711697
2943        6.19133
2943        2.35832
2943        6.10614
2943        0.94737
2943        3.19902
2943        2.20659
2943        2.09493
2943        1.71963
2943       0.635878
2943        2.56542
2943        5.91499
2943        1.09231
2943        4.40918
2943        3.41265
2943        4.56048
2943        4.97203
2943        3.32493
2943        3.55962
2943        2.06698
2943       0.855745
2943       0.854971
2943        2.31616
2943       0.156628
2943        3.70971
2943       0.107964
2943      0.0522527
2943        2.53793
2943        5.52798
2943        3.92377
2943        5.38399
2943        4.07441
2943        2.20203
2943        3.30302
2943        1.02166
2943         4.0336
2943        5.91518
2943         2.3959
2943        5.46412
2943       0.701098
2943        4.53297
2943         3.3461
2943          0.355
2943        5.83368
2943        1.65955
2943          3.126
2943        4.12292
2943        1.89502
2943      0.0895865
2943        3.80188
2943        1.07025
2943       0.498058
2943      0.0681813
2943        2.81251
2943       0.448973
2943        4.78825
2943       0.522017
2943        3.56723
2943       0.791447
2943        4.83531
2943        4.98392
2943        4.76968
2943        3.18195
2943        3.63847
2943        3.46941
2943        6.27409
2943        2.81405
2943        2.96929
2943        3.62815
2943        1.93488
2943        6.28022
2943        2.30082
2943        1.48089
2943        5.00545
2943        1.25322
2943        3.30493
2943        3.95278
2943       0.618856
2943        5.85048
2943        5.56118
2943        0.87957
2943        3.62437
2943        3.31557
2943        5.06734
2943        3.65255
2943        3.85087
2943       0.906533
2943       0.347069
2943        5.29096
2943        3.95952
2943       0.660327
2943        1.46868
2943         5.6027
2943       0.453147
2943        4.14897
2943        1.52935
2943        3.93864
2943        5.02431
2943        4.21013
2943       0.253558
2943        1.29936
2943        5.36537
2943        3.29482
2943       0.320282
2943        3.62832
2943        0.30042
2943        2.74306
2943        1.97778
2943       0.418084
2943        1.54369
2943        5.97192
2943        3.02505
2943        5.67872
2943        3.19758
2943         1.2087
2943        3.61339
2943       0.625145
2943        3.70925
2943        4.47208
2943        1.07646
2943       0.234348
2943         2.9359
2943       0.579442
2943        6.16416
2943     0.00515536
2943        1.43202
2943        5.93302
2943        3.63269
2943       0.836537
2943        5.90198
2943        2.66428
2943         1.3238
2943        3.85289
2943       0.882131
2943        4.37962
2943        5.51764
2943        2.65338
2943        5.61935
2943        4.78904
2943       0.245748
2943       0.869632
2943        4.84285
2943        4.28387
2943        5.83715
2943        3.59647
2943        3.65313
2943        5.10513
2943        3.29968
2943        3.52181
2943        5.94632
2943        5.80731
2943        1.25907
2943        5.63615
2943         5.7197
2943        4.05703
2943        2.46694
2943       0.201632
2943        4.48837
2943        3.07612
2943       0.519307
2943        4.42463
2943        1.29802
2943        3.41002
2943        5.93066
2943          2.605
2943        6.01867
2943        4.97052
2943        2.07036
2943       0.691419
2943        4.96054
2943        5.90392
2943        2.26411
2943        2.29633
2943       0.164048
2943        3.50085
2943        3.12177
2943        5.91245
2943        4.01887
2943       0.911406
2943        4.67856
2943        4.16773
2943        3.03026
2943        0.77677
2943        2.49632
2943        2.15121
2943        3.18583
2943        2.97646
2943        5.53091
2943        3.72716
2943        1.05343
2943       0.153874
2943        4.02852
2943        4.86282
2943        0.83363
2943        5.28034
2943        2.53512
2943        4.18553
2943        1.13885
2943        3.91408
2943        1.06658
2943        1.12641
2943        1.55373
2943       0.290747
2943        2.32491
2943        1.18096
2943        5.10577
2943       0.541673
2943        1.47892
2943       0.824048
2943       0.343893
2943        3.92297
2943        4.32875
2943        6.02175
2943        4.49404
2943        3.73298
2943        4.41581
2943        5.88964
2943        3.59886
2943        6.24827
2943        6.13613
2943        3.06256
2943      0.0812947
2943        1.01088
2943       0.484109
2943         2.1336
2943        2.54942
2943        6.03391
2943        4.65049
2943        3.57412
2943        4.45429
2943        3.65408
2943        1.99931
2943        1.82168
2943        3.38518
2943        3.37354
2943        2.45909
2943        1.74158
2943        4.67474
2943        3.68566
2943        3.91645
2943        2.29617
2943         2.6577
2943        1.30589
2943        4.92426
2943       0.585829
2943      0.0388169
2943       0.243968
2943        5.46983
2943        4.91809
2943         2.1574
2943       0.624353
2943        3.98265
2943        4.32053
2943         1.3848
2943        2.88905
2943        2.18406
2943        5.19388
2943         1.4207
2943        3.49994
2943        1.37244
2943        4.15806
2943        4.02491
2943        4.78565
2943       0.311753
2943        2.40661
2943        1.10967
2943        3.29008
2943        6.19516
2943       0.683646
2943        5.95466
2943        4.14234
2943        1.12365
2943       0.526166
2943        4.62455
2943       0.720389
2943        1.03635
2943       0.524088
2943        5.80021
2943        6.24647
2943         4.5843
2943        3.40501
2943        4.11202
2943        5.42221
2943        5.59523
2943          3.431
2943        6.15471
2943       0.558429
2943        5.42838
2943       0.134124
2943        4.62024
2943        4.40717
2943       0.216769
2943       0.698924
2943       0.507504
2943        5.66648
2943        3.52071
2943       0.208663
2943        3.00922
2943        2.20347
2943        5.08228
2943        1.00288
2943        3.50818
2943         2.8113
2943        3.31722
2943        2.34121
2943       0.418191
2943        3.06336
2943        3.39418
2943         3.6662
2943        2.88458
2943        4.69704
2943        4.08419
2943        3.45384
2943        3.65109
2943        5.20228
2943        4.26096
2943        1.23152
2943        5.79291
2943       0.925426
2943        5.52779
2943       0.282817
2943        3.24156
2943        4.49366
2943       0.513857
2943        4.27067
2943        4.56068
2943       0.183282
2943        1.66054
2943       0.146417
2943        5.36857
2943        2.79942
2943       0.226613
2943        2.24642
2943        1.72231
2943       0.718334
2943       0.717719
2943        3.22931
2943       0.617401
2943        6.06163
2943        3.80852
2943        5.38259
2943        1.16625
2943          2.445
2943        3.89453
2943        2.55787
2943        6.10089
2943         2.7255
2943       0.663029
2943        2.70083
2943        6.03146
2943        1.46491
2943      0.0213043
2943        1.12968
2943        3.50207
2943        3.75379
2943        3.65752
2943        5.69578
2943       0.378322
2943        5.07302
2943        4.71356
2943        3.99673
2943        2.95642
2943        0.47296
2943        2.06206
2943        3.90347
2943        2.78803
2943         2.8583
2943        2.59558
2943       0.344315
2943        4.84634
2943       0.272827
2943        2.97939
2943        5.12299
2943        1.02831
2943        4.12775
2943        4.16559
2943       0.634744
2943        1.44524
2943       0.744008
2943        4.22137
2943        2.96171
2943        2.26295
2943       0.407695
2943       0.833982
2943        4.81898
2943          3.925
2943        6.08877
2943        6.17282
2943        5.06909
2943        5.40256
2943       0.942174
2943        2.97526
2943        1.02852
2943          3.336
2943         4.4667
2943        3.44873
2943        1.90431
2943        1.21684
2943        4.83974
2943        3.99303
2943        2.02692
2943         6.0461
2943        1.40787
2943        4.59583
2943        6.06827
2943        5.03047
2943         5.1112
2943        3.44789
2943      0.0306703
2943       0.281746
2943        3.34063
2943        4.39517
2943        1.75476
2943        3.18297
2943        2.58084
2943       0.185571
2943        3.34465
2943       0.830549
2943        4.48424
2943        3.50286
2943        3.78131
2943        2.40452
2943        5.44579
2943        6.26622
2943        5.52954
2943        3.67551
2943        1.03114
2943        2.94355
2943         4.0524
2943       0.429274
2943        3.66159
2943       0.280206
2943        4.74235
2943         4.2902
2943        2.31727
2943        4.86765
2943       0.858394
2943        1.83784
2943        3.21072
2943        4.41745
2943        1.91852
2943        4.09201
2943        2.79173
2943        3.77474
2943        2.33365
2943        4.27428
2943        4.27806
2943        5.83746
2943       0.469809
2943        2.60134
2943      0.0112988
2943        3.46706
2943         3.8065
2943        5.23312
2943       0.990992
2943        5.25395
2943       0.989748
2943        5.51601
2943       0.747586
2943        1.59761
2943        0.94287
2943        6.10443
2943        1.20897
2943        3.17743
2943        5.55434
2943       0.588847
2943        4.85486
2943        4.60932
2943      0.0787637
2943       0.116377
2943        4.63289
2943       0.962866
2943       0.568193
2943        4.84294
2943        4.95354
2943        5.60284
2943      0.0911394
2943        2.80513
2943        2.33672
2943        1.35582
2943        1.50135
2943        1.37153
2943         3.9833
2943        1.77634
2943         3.4986
2943        3.18979
2943        4.03855
2943        3.24667
2943        3.61289
2943       0.556912
2943        6.20108
2943        5.06888
2943        3.12984
2943        3.85087
2943        2.89886
2943       0.324514
2943        1.15445
2943        2.39356
2943        1.04527
2943       0.053206
2943        1.05277
2943        2.57793
2943        4.26501
2943        3.15738
2943         1.0869
2943        2.65996
2943       0.981817
2943       0.225917
2943         3.7065
2943        5.99009
2943        2.76466
2943        4.05237
2943        3.27591
2943        1.29906
2943       0.349481
2943        1.51171
2943        0.79265
2943       0.229307
2943       0.905963
2943        1.03627
2943       0.228943
2943        3.68878
2943       0.545245
2943        4.03271
2943        1.50963
2943       0.962324
2943        4.27445
2943       0.080535
2943        2.61671
2943        5.46511
2943        5.67535
2943       0.184906
2943       0.227819
2943        3.84672
2943        6.21184
2943          5.974
2943        5.95559
2943       0.641302
2943        2.85804
2943       0.294841
2943        4.24744
2943        5.50354
2943      0.0627988
2943        4.04785
2943        5.74275
2943        2.94956
2943        4.27138
2943       0.800079
2943        4.59882
2943        1.34596
2943        4.42379
2943        1.55748
2943         4.0675
2943        2.08303
2943        3.05688
2943        2.79466
2943         3.7103
2943        5.95387
2943        3.12296
2943         4.1581
2943        3.60277
2943       0.581259
2943         2.0277
2943        3.08187
2943        5.20507
2943        5.56812
2943        0.17436
2943        1.01069
2943        3.32276
2943        2.72532
2943        5.77869
2943        2.22453
2943        3.71193
2943        2.81897
2943        3.23343
2943        3.84187
2943       0.278951
2943        3.14072
2943        2.79625
