2888        2.45376
2888        2.09411
2888        1.14696
2888       0.845029
2888       0.791861
2888        5.61427
2888        1.42063
2888        6.20308
2888       0.166466
2888       0.901463
2888       0.391105
2888        4.04011
2888       0.963572
2888         5.7561
2888        1.57781
2888        4.52206
2888        4.59731
2888        4.49256
2888        4.46987
2888        1.32326
2888        5.74097
2888        6.20716
2888        2.73648
2888        6.16696
2888        1.66975
2888        2.72407
2888       0.453755
2888        2.16739
2888        1.92257
2888        4.92465
2888         3.6076
2888        4.25011
2888        2.19292
2888        4.22154
2888       0.938996
2888        4.59206
2888        4.48518
2888       0.292081
2888       0.167572
2888       0.279594
2888        4.10898
2888        1.61317
2888       0.822095
2888        4.67111
2888        5.57516
2888        3.15709
2888        4.40605
2888         1.1945
2888        5.27742
2888       0.870543
2888         1.6642
2888      0.0315057
2888        4.25359
2888        3.18946
2888      0.0357537
2888       0.765609
2888        4.80943
2888      0.0581934
2888       0.836539
2888        4.21809
2888         4.7089
2888        4.17016
2888        5.62059
2888       0.756113
2888       0.664382
2888        1.25792
2888        4.09907
2888        0.92067
2888        3.80711
2888        2.05711
2888        3.15257
2888        1.20109
2888       0.976369
2888        3.65997
2888        1.61934
2888        5.16429
2888        1.62862
2888       0.675179
2888       0.901016
2888        2.32967
2888        5.67347
2888        3.52723
2888        3.51054
2888       0.651938
2888        3.77923
2888        3.03703
2888         5.3705
2888        5.20049
2888        4.07429
2888        3.37471
2888        1.37152
2888        5.41214
2888        5.73074
2888        2.35977
2888        4.19148
2888       0.862731
2888        2.44664
2888         1.7718
2888        1.72237
2888        3.83422
2888        1.04764
2888        3.36837
2888        3.97596
2888        1.00906
2888        3.75245
2888        5.49249
2888        1.54371
2888      0.0572286
2888        1.23713
2888       0.280259
2888        0.62457
2888       0.300531
2888        1.70456
2888        4.34674
2888        5.79754
2888        6.22229
2888      0.0699686
2888        3.00744
2888         5.3281
2888        2.96393
2888        2.96623
2888         3.4147
2888        4.83906
2888        3.94782
2888      0.0770314
2888        2.82922
2888        5.13373
2888        1.07704
2888        1.36702
2888        1.71481
2888       0.756788
2888        1.23721
2888        3.70116
2888        6.07413
2888        2.62458
2888      0.0619758
2888        1.16405
2888        4.01911
2888        3.57421
2888        3.77675
2888       0.798148
2888        3.55138
2888        1.53521
2888        3.26236
2888        3.76969
2888       0.433194
2888        1.83434
2888       0.370461
2888       0.450817
2888        2.14822
2888        4.22605
2888        3.24827
2888       0.372411
2888         0.5309
2888       0.820332
2888        5.86967
2888         4.6848
2888        4.53143
2888       0.125473
2888        3.80163
2888        1.38761
2888        1.16301
2888        5.91423
2888        1.64141
2888        4.33568
2888        1.99338
2888        2.63245
2888        1.46762
2888        2.03517
2888        3.83336
2888         1.3228
2888        4.05398
2888        4.19161
2888        1.94998
2888        5.13608
2888        2.93885
2888         1.6239
2888        4.40817
2888         5.1194
2888        3.84579
2888        3.77214
2888        3.87398
2888        3.71556
2888        2.97627
2888        1.95107
2888        2.17388
2888        4.84117
2888        6.23893
2888        3.87962
2888        4.08857
2888       0.143146
2888        4.38939
2888        4.57078
2888          4.444
2888       0.961614
2888        1.87716
2888        4.34563
2888        4.75719
2888       0.997421
2888       0.831833
2888        1.20426
2888        4.92122
2888         3.9053
2888        2.53225
2888        2.41381
2888        5.29948
2888        4.29683
2888        4.80387
2888        3.28691
2888          3.848
2888        5.20127
2888       0.415527
2888       0.958795
2888        2.53886
2888        4.00308
2888        4.93095
2888       0.685804
2888        2.29361
2888        4.87755
2888        4.24281
2888         3.0668
2888       0.942169
2888        3.59942
2888        4.63705
2888        3.94749
2888        2.87394
2888        3.47976
2888        3.25481
2888        4.16841
2888        1.78031
2888        3.01408
2888        3.45154
2888        4.40444
2888       0.869072
2888        2.90402
2888        4.96413
2888        2.13826
2888        4.38463
2888        4.39675
2888        2.74309
2888        3.76859
2888        4.37918
2888        4.43762
2888        6.23118
2888        3.00673
2888       0.242676
2888        4.41432
2888        1.72706
2888        3.96055
2888       0.283662
2888        3.38091
2888        1.05437
2888        4.35939
2888         4.4821
2888        4.79533
2888        1.59609
2888       0.716572
2888        1.96915
2888        5.54011
2888        4.75141
2888       0.308624
2888        1.09563
2888        4.88392
2888        2.85624
2888        5.61631
2888        4.26719
2888        3.57184
2888       0.603092
2888       0.409878
2888        4.19125
2888        6.22978
2888        0.79157
2888        1.61747
2888       0.275753
2888        3.83249
2888         4.9954
2888        4.98482
2888        5.57033
2888        2.20247
2888        4.54149
2888        1.77639
2888      0.0691463
2888        2.24485
2888        6.03671
2888         4.7179
2888        5.13883
2888        4.54082
2888         5.6924
2888        4.88786
2888       0.914074
2888        4.60919
2888        5.68102
2888        4.73802
2888        3.79204
2888       0.337863
2888        3.93565
2888        4.97383
2888        4.05514
2888        1.47676
2888       0.854458
2888        4.00939
2888        5.46396
2888       0.650253
2888        4.22396
2888        2.97637
2888        3.87595
2888        1.85146
2888        2.50436
2888       0.300033
2888        1.06348
2888        4.68252
2888        1.58225
2888         1.3096
2888         1.4075
2888        3.61024
2888        4.28798
2888       0.110389
2888       0.517041
2888        4.23162
2888        5.20884
2888         1.9381
2888        5.57511
2888        1.62444
2888        3.52049
2888         4.2446
2888        1.97633
2888        4.39311
2888        3.66669
2888        1.97371
2888        1.98351
2888        3.79695
2888       0.714401
2888        5.06729
2888        2.86769
2888        2.32425
2888        6.19378
2888        2.16462
2888          4.077
2888        1.38733
2888        4.90132
2888       0.565845
2888        4.22049
2888        3.71325
2888        2.86964
2888        2.66245
2888         4.1679
2888        2.79691
2888        1.94418
2888        0.44904
2888        3.64517
2888       0.377199
2888        5.96341
2888        4.87665
2888        3.60497
2888        3.57578
2888        6.22409
2888        1.37783
2888        3.56828
2888        3.43922
2888        4.14297
2888        1.37053
2888       0.414758
2888       0.782872
2888        3.47544
2888        2.68199
2888         3.1469
2888       0.225306
2888        0.61524
2888        1.16773
2888        4.45608
2888        0.23994
2888       0.893828
2888       0.307504
2888        3.57334
2888        2.44456
2888        5.23352
2888        4.63477
2888        5.04763
2888        4.23492
2888       0.945221
2888        3.91038
2888        5.85682
2888         1.6933
2888        5.64875
2888        4.42468
2888        2.64575
2888        2.71759
2888        4.31195
2888        3.95908
2888        4.92193
2888        2.31173
2888        4.34196
2888        3.83251
2888        5.71963
2888        2.65349
2888        4.40887
2888        0.65173
2888        1.55087
2888        1.22406
2888        3.78667
2888        5.17749
2888        3.41241
2888        3.92273
2888        3.69032
2888        2.72442
2888        4.23234
2888        2.85058
2888        1.09725
2888        5.84527
2888        5.93796
2888        4.20458
2888        4.34048
2888        1.36911
2888       0.913252
2888         5.2459
2888         3.7985
2888        4.42319
2888        1.98356
2888        1.53207
2888        4.98951
2888        2.28746
2888        3.80068
2888        1.36285
2888       0.348378
2888        2.52626
2888        3.66317
2888        4.00315
2888        4.50848
2888        4.57105
2888       0.821326
2888        1.15357
2888        0.15106
2888       0.879442
2888        2.49162
2888        5.09054
2888       0.515323
2888        3.32644
2888        3.44133
2888       0.417907
2888        4.06363
2888        5.47382
2888        5.21268
2888        4.40535
2888        3.42392
2888        4.21285
2888        1.18152
2888       0.579908
2888        5.35093
2888        4.40482
2888        1.16698
2888        3.00798
2888        1.73577
2888        5.03541
2888        4.21044
2888       0.608238
2888       0.826262
2888        5.36692
2888        1.19283
2888        1.48621
2888         6.2746
2888        3.32916
2888         3.8053
2888        1.53034
2888       0.663694
2888        5.72421
2888        4.97416
2888        3.22649
2888       0.651594
2888        1.69748
2888       0.118048
2888         0.1315
2888       0.779318
2888        3.53257
2888        2.07831
2888       0.557128
2888        5.10807
2888        1.09944
2888       0.781245
2888        3.73938
2888        4.63909
2888        4.09937
2888        3.17754
2888       0.417446
2888         4.4759
2888        1.05933
2888        2.98106
2888        2.29553
2888        1.73369
2888        3.65059
2888        4.81677
2888       0.817225
2888        3.70319
2888        3.30694
2888         6.1539
2888        3.84278
2888        3.40556
2888        4.47994
2888        5.22745
2888       0.588101
2888       0.277826
2888         4.7649
2888       0.538791
2888        4.30992
2888        3.72811
2888        1.24671
2888         4.2102
2888       0.348538
2888        3.51199
2888        6.24343
2888        3.60804
2888       0.139291
2888        1.95836
2888        1.78968
2888        3.75219
2888        4.39657
2888        5.22258
2888        1.28815
2888       0.839175
2888       0.471703
2888        5.32647
2888         2.4945
2888        2.41674
2888        4.97624
2888        3.98119
2888        5.81903
2888        4.94754
2888        5.31664
2888         4.3835
2888        5.48149
2888        2.14542
2888        4.59399
2888        2.02214
2888        2.09684
2888        1.46009
2888        4.77587
2888        3.39653
2888        4.50671
2888         2.6947
2888        1.07334
2888        3.32519
2888         3.3019
2888        4.52386
2888       0.887595
2888        2.63897
2888        4.19946
2888        3.57955
2888      0.0146477
2888        2.15755
2888        0.97748
2888        1.67696
2888        5.51619
2888        2.76362
2888         4.8647
2888        4.79696
2888        4.19393
2888        5.76889
2888        3.77854
2888        1.25019
2888        5.91738
2888        5.88559
2888        4.00627
2888       0.167516
2888       0.380859
2888        3.28837
2888        2.91867
2888        1.73917
2888        5.42495
2888        1.17813
2888        4.61892
2888        3.16194
2888       0.958734
2888        3.84978
2888        5.48941
2888       0.770508
2888         5.2213
2888        1.60002
2888        3.70425
2888        4.42736
2888        3.66044
2888        1.45782
2888        3.27596
2888       0.591926
2888        4.83541
2888        4.72084
2888       0.996726
2888        6.04978
2888        3.68174
2888          4.604
2888       0.597342
2888       0.845584
2888        3.59989
2888       0.608975
2888         3.4219
2888        4.95687
2888        1.93655
2888        4.48722
2888        4.60994
2888         4.6931
2888         3.0919
2888        1.95404
2888        5.54356
2888        4.59063
2888        4.00041
2888       0.711328
2888        4.03941
2888        4.09821
2888       0.180339
2888        4.28837
2888        4.36237
2888       0.843981
2888        4.81095
2888       0.230295
2888        6.08183
2888        5.70088
2888        3.23078
2888      0.0597792
2888        4.21868
2888       0.379887
2888        5.04936
2888        3.69586
2888       0.776423
2888        3.79764
2888        2.27889
2888        1.00206
2888         5.3928
2888       0.331905
2888        1.61748
2888         4.0386
2888        1.35045
2888        5.34118
2888        0.60069
2888         3.3231
2888        1.64578
2888       0.621546
2888        3.04534
2888        2.42863
2888        1.47877
2888        5.89414
2888        3.05562
2888       0.192386
2888        1.63707
2888        3.63495
2888         5.7765
2888       0.722396
2888        2.63147
2888        1.04652
2888        1.18054
2888        4.85126
2888        6.28304
2888        1.53224
2888        3.95214
2888        2.28475
2888        6.01862
2888        0.76395
2888        4.21308
2888       0.597829
2888       0.476234
2888        1.18609
2888        3.65086
2888        3.75205
2888        1.48448
2888        1.12644
2888       0.631559
2888        5.18914
2888        4.54173
2888         2.1695
2888         3.7958
2888       0.773093
2888         4.3014
2888        3.95976
2888      0.0434846
2888        3.06241
2888        3.62876
2888       0.168661
2888        3.74495
2888        4.50906
2888        4.46407
2888        2.67976
2888         2.1285
2888        5.22724
2888        3.99311
2888        3.05703
2888        1.45457
2888        2.44396
2888        2.52324
2888        1.46471
2888        4.79151
2888        1.13295
2888        1.87515
2888        4.47459
2888        4.31776
2888        3.45252
2888       0.411829
2888       0.270206
2888        1.16237
2888        1.64042
2888        3.99193
2888        2.79323
2888        4.60482
2888       0.816327
2888       0.592334
2888        3.61364
2888        4.81603
2888        4.54152
2888       0.388611
2888       0.403802
2888        2.50325
2888       0.730068
2888        4.38154
2888       0.162574
2888        3.43544
2888        5.03408
2888        3.91748
2888        3.80992
2888        3.84049
2888        1.50259
2888        4.21833
2888        4.13295
2888       0.830724
2888        2.60196
2888        6.22523
2888       0.451638
2888       0.898703
2888        5.78578
2888        3.17812
2888        2.07186
2888        2.87918
2888       0.575251
2888        1.75446
2888        4.86251
2888        0.77461
2888        4.20584
2888        5.96513
2888        1.79902
2888        2.06445
2888        3.75726
2888       0.699161
2888        4.18381
2888         1.2569
2888        3.74694
2888        3.69799
2888        5.33353
2888        2.40224
2888        5.80235
2888        3.75182
2888        3.28525
2888       0.474879
2888         4.9538
2888        1.76824
2888       0.930389
2888        3.51641
2888         4.2624
2888        4.53801
2888        3.96164
2888        1.43551
2888        1.33854
2888        2.59491
2888        0.58828
2888        0.76373
2888        1.84293
2888       0.333197
2888       0.784599
2888       0.674636
2888        1.80188
2888        0.24269
2888       0.253461
2888       0.155342
2888        2.87766
2888       0.459684
2888        2.97584
2888         1.3531
2888        6.00376
2888        1.43673
2888       0.489267
2888       0.682528
2888        5.94349
2888        3.18076
2888        4.18077
2888        2.41123
2888        1.40569
2888        0.71285
2888        0.63875
2888       0.544092
2888       0.824165
2888        4.51392
2888         4.3515
2888         1.2043
2888        3.93442
2888        3.71015
2888        4.50102
2888        2.27301
2888        1.95759
2888        3.07535
2888        3.87766
2888        3.86704
2888        5.84224
2888       0.876848
2888        4.15211
2888        5.35728
2888         0.5656
2888       0.732967
2888      0.0402368
2888         1.9662
2888        1.59326
2888        1.86726
2888        4.26381
2888        4.68312
2888        3.21521
2888        1.05391
2888        1.88022
2888        1.21998
2888        2.74848
2888        1.67633
2888        1.58493
2888        2.50002
2888        1.70978
2888         4.7563
2888        4.78059
2888       0.228378
2888        5.07509
2888        1.55698
2888       0.664367
2888        3.60722
2888        2.59066
2888       0.565689
2888        6.03628
2888        1.27686
2888        1.03004
2888        6.08565
2888        4.75723
2888       0.131391
2888        4.63186
2888        5.00829
2888       0.335479
2888        1.89082
2888         1.0004
2888       0.294148
2888        3.30797
2888        4.49979
2888        5.32712
2888        3.81546
2888        3.30091
2888       0.854247
2888       0.482368
2888         4.0059
2888        3.49293
2888       0.144601
2888        3.94993
2888         4.5049
2888        3.97153
2888        1.11185
2888        3.53036
2888        3.82184
2888        3.22816
2888      0.0551179
2888       0.449365
2888        3.78732
2888         2.0014
2888        4.07304
2888        5.41155
2888        1.72532
2888        5.44159
2888        1.45961
2888        1.42958
2888        5.83183
2888       0.627516
2888        3.69951
2888        1.46252
