2980        6.06552
2980        4.39229
2980        2.36842
2980        1.80755
2980        3.49241
2980       0.466478
2980        1.98023
2980        6.22142
2980        4.75278
2980        6.19068
2980        5.49937
2980        2.26009
2980        6.19273
2980        1.16316
2980        6.10949
2980        2.77498
2980        5.75387
2980        4.14483
2980        2.65914
2980        3.24418
2980        3.40386
2980        3.46661
2980        2.46574
2980       0.563302
2980         0.7403
2980         2.3608
2980        2.13039
2980        3.83648
2980        2.39799
2980       0.274351
2980        3.89728
2980        1.66368
2980        3.24602
2980        1.75158
2980       0.991099
2980        1.67496
2980       0.309398
2980        5.70083
2980      0.0232282
2980        5.95385
2980        2.57385
2980        1.93124
2980        1.86588
2980        4.21485
2980        5.36751
2980         6.1353
2980        5.24181
2980       0.629452
2980        2.70109
2980        1.33527
2980      0.0453044
2980        6.07259
2980        1.51414
2980        6.22163
2980          6.279
2980        4.98288
2980        5.17735
2980        5.88564
2980        4.56974
2980       0.748314
2980        1.13113
2980         5.5412
2980        3.85709
2980        2.39272
2980         4.1959
2980        2.87526
2980        2.29609
2980       0.576127
2980        1.86586
2980       0.407938
2980        5.99445
2980          1.785
2980        2.57507
2980        3.07406
2980        1.50249
2980        5.87291
2980        2.70196
2980        5.67661
2980        2.38334
2980        5.43031
2980         4.3374
2980        1.16525
2980        4.44634
2980         5.4515
2980        0.37599
2980         1.3511
2980        5.90947
2980        3.54501
2980        4.82766
2980        2.60298
2980        5.68358
2980        6.19424
2980        1.43101
2980        3.11111
2980        3.19519
2980        3.09927
2980        6.04974
2980        4.40102
2980        5.51469
2980        3.11017
2980       0.801899
2980       0.803532
2980        2.94972
2980       0.658243
2980        6.11293
2980        5.99975
2980        3.02127
2980        2.33605
2980        3.96532
2980        0.35951
2980        5.97015
2980        2.24335
2980        5.26395
2980        4.26423
2980        5.52923
2980       0.593184
2980        3.81611
2980        4.05767
2980        6.10385
2980        1.13604
2980        3.82498
2980        4.07596
2980        5.49969
2980        1.57661
2980        2.43721
2980        5.89814
2980       0.434523
2980        3.31791
2980         1.5303
2980        1.59038
2980        6.03359
2980       0.258578
2980       0.263884
2980       0.225837
2980        2.40353
2980         4.7912
2980        4.66004
2980         1.1407
2980        3.03414
2980          2.433
2980        4.80359
2980        4.60312
2980        1.83165
2980        2.76743
2980        2.83309
2980        2.80696
2980         1.8128
2980       0.402892
2980        6.18985
2980        4.49988
2980        4.63076
2980        2.85569
2980        5.02904
2980        0.20062
2980        5.78957
2980        2.04357
2980        5.75902
2980        1.22224
2980         2.1457
2980        3.92049
2980        1.44311
2980        4.63921
2980         2.6367
2980        2.48677
2980       0.255247
2980        1.77628
2980         3.0236
2980        1.99312
2980        1.25981
2980        2.80473
2980        5.20159
2980        1.96692
2980        5.62914
2980        3.99784
2980        3.80922
2980        1.91197
2980          5.203
2980        0.89732
2980       0.116394
2980       0.300911
2980        3.81598
2980        3.78017
2980        4.01282
2980        3.05338
2980        1.10965
2980        6.13354
2980         5.7347
2980        4.68564
2980        5.46418
2980        5.78192
2980        1.00102
2980        3.64437
2980       0.775513
2980        6.15865
2980        1.77872
2980        2.75385
2980        6.03748
2980        3.78265
2980        2.57718
2980       0.160394
2980        4.39165
2980        2.72145
2980        5.03742
2980        1.41269
2980        3.54266
2980        1.29012
2980        3.61205
2980        4.23699
2980        2.70338
2980        4.70468
2980        5.48572
2980       0.658566
2980         2.8725
2980        3.10817
2980        3.19042
2980        4.39463
2980        1.46351
2980         1.0519
2980       0.796831
2980        5.66522
2980        2.70476
2980        6.19235
2980       0.817232
2980         1.7317
2980       0.753807
2980        4.79253
2980        3.26931
2980       0.512529
2980        2.83338
2980           2.01
2980        2.09142
2980        5.10012
2980        6.27098
2980        4.33792
2980        3.02902
2980        6.19726
2980       0.198097
2980        2.27237
2980       0.751573
2980        1.87761
2980        1.76106
2980       0.353137
2980        5.93873
2980        3.09409
2980        3.12835
2980       0.256678
2980       0.418185
2980        4.17167
2980        5.11835
2980         1.8979
2980        2.62555
2980        3.64851
2980        1.99594
2980        1.63384
2980        2.53509
2980        2.47937
2980       0.742909
2980        5.20399
2980        4.81964
2980       0.393351
2980       0.940899
2980        5.90102
2980        2.05107
2980        5.20039
2980        2.75794
2980        6.11471
2980        2.46289
2980        4.10789
2980        2.37349
2980        4.15983
2980        3.11975
2980        3.32677
2980        5.73353
2980        4.91237
2980      0.0400867
2980        5.61516
2980        5.32835
2980      0.0929616
2980        5.99208
2980        5.55033
2980        1.33677
2980        4.65331
2980        1.64869
2980        2.86536
2980        2.10798
2980        4.92753
2980        1.45999
2980       0.921738
2980        0.56378
2980        3.04297
2980       0.161088
2980        6.03546
2980        2.72529
2980       0.232699
2980         1.2085
2980        1.87138
2980        5.47414
2980        5.57744
2980         6.0139
2980        2.24254
2980        4.86419
2980        4.07322
2980        1.12476
2980        3.32858
2980         2.2686
2980        4.22735
2980        1.84987
2980       0.370869
2980       0.575707
2980        5.40151
2980         3.0147
2980       0.137646
2980         3.4578
2980        5.38382
2980        4.94849
2980        5.23723
2980       0.360363
2980        2.76336
2980        4.39374
2980        3.70434
2980       0.458147
2980      0.0781655
2980        4.06561
2980        4.53851
2980        4.54171
2980         2.8562
2980        5.96063
2980        4.90384
2980       0.341072
2980         2.7006
2980        5.87972
2980       0.931539
2980        5.41778
2980        3.31992
2980         4.8125
2980        2.09746
2980       0.410807
2980        1.15103
2980        2.73579
2980        4.87725
2980        5.07179
2980       0.673338
2980        5.38165
2980        1.96731
2980       0.374986
2980        4.60542
2980        4.23173
2980        3.28122
2980        5.75009
2980         3.4426
2980        1.48439
2980         2.5749
2980       0.215736
2980        3.19124
2980        1.64346
2980        5.10117
2980        1.20966
2980        3.37794
2980        5.29576
2980       0.151811
2980        4.89431
2980        4.02612
2980        2.47133
2980        0.47386
2980        5.65324
2980        2.05275
2980       0.297237
2980        1.19009
2980        2.12117
2980      0.0943677
2980        2.76143
2980        4.98509
2980       0.743741
2980        4.92849
2980       0.548272
2980        3.29887
2980       0.178288
2980        3.73192
2980        1.71262
2980        2.93695
2980        3.81775
2980       0.439388
2980        3.34727
2980        5.51027
2980        4.01007
2980       0.112115
2980        3.51645
2980        5.44124
2980        3.14855
2980       0.255898
2980        3.41169
2980       0.229578
2980        5.39239
2980        3.94204
2980        5.61405
2980       0.793723
2980        4.44307
2980        3.57454
2980        4.88064
2980        3.76334
2980        4.40877
2980        4.68499
2980       0.643708
2980        5.21071
2980        3.05518
2980        5.86306
2980        3.35958
2980       0.198142
2980        2.16037
2980        5.73521
2980       0.251737
2980        3.00881
2980        3.17207
2980        3.14679
2980        4.61525
2980        3.28295
2980        5.83732
2980        2.78825
2980         2.0054
2980        4.24743
2980        5.23069
2980        5.74353
2980         3.7944
2980        4.91612
2980        2.08414
2980        5.89769
2980        2.52443
2980        2.33008
2980        1.85539
2980       0.791374
2980        6.19389
2980        6.23862
2980        3.83608
2980         1.3986
2980       0.447691
2980        1.07052
2980        2.04556
2980        3.72178
2980        4.18481
2980        1.78417
2980       0.650659
2980         2.5921
2980       0.510013
2980        1.94055
2980       0.331363
2980        3.48481
2980        2.10599
2980        2.82764
2980         6.2286
2980        5.09537
2980        3.73015
2980        1.05523
2980       0.956732
2980        1.82548
2980        1.87453
2980        4.46888
2980        1.12739
2980         5.2975
2980        2.01767
2980       0.179563
2980        5.46781
2980        5.04299
2980       0.275733
2980       0.501162
2980        5.21611
2980       0.910023
2980        4.48063
2980        4.87374
2980        3.97229
2980        4.62507
2980        2.02786
2980        5.73363
2980       0.708434
2980       0.272414
2980        1.10483
2980        5.97845
2980        0.28868
2980        1.12501
2980        5.45319
2980        4.56541
2980        3.66792
2980        4.81784
2980       0.263451
2980        6.28249
2980       0.268698
2980         5.7183
2980       0.079821
2980          5.732
2980        3.37671
2980       0.200988
2980         4.0355
2980        4.85726
2980         4.9438
2980       0.235221
2980        5.58328
2980        5.77235
2980         3.3552
2980       0.723165
2980       0.104251
2980      0.0602388
2980       0.578532
2980       0.659791
2980       0.150812
2980           2.71
2980       0.277293
2980        5.99092
2980        2.64644
2980        1.57154
2980       0.990392
2980        1.16888
2980        1.76778
2980        5.24803
2980       0.364374
2980        1.62888
2980        3.82734
2980        2.00392
2980        1.91757
2980        5.77742
2980        2.67236
2980         6.1717
2980        1.50438
2980        5.95218
2980        2.60747
2980        5.39958
2980         5.7535
2980        3.28146
2980        5.00301
2980        2.99962
2980        4.05547
2980         1.2744
2980        6.27404
2980        4.92966
2980        4.69888
2980        2.22044
2980        6.24626
2980       0.977916
2980        4.85419
2980         6.0488
2980       0.684516
2980       0.440027
2980         2.6041
2980       0.680676
2980        5.45845
2980        2.94326
2980        1.79981
2980       0.426687
2980        1.20979
2980        6.26948
2980        2.68872
2980        4.31602
2980        3.28285
2980        2.99431
2980        3.97565
2980        3.43376
2980       0.719349
2980        1.82631
2980         2.2402
2980        1.65611
2980        2.21654
2980        4.43787
2980       0.404186
2980       0.770866
2980        3.46174
2980       0.657577
2980        5.46742
2980        4.35258
2980        5.57303
2980        5.66736
2980        4.70779
2980        5.63424
2980        4.03712
2980       0.345652
2980        4.43702
2980        1.74207
2980       0.524549
2980        5.99583
2980        3.57865
2980        5.14369
2980        3.45989
2980       0.679607
2980        3.08855
2980        5.32786
2980      0.0537461
2980        6.23975
2980        4.38503
2980        4.24836
2980       0.136767
2980        4.28731
2980        5.82067
2980        2.82752
2980        2.12604
2980        5.98297
2980        1.15293
2980        2.58777
2980        1.21814
2980        4.58386
2980        4.05235
2980        3.99457
2980        3.12552
2980        4.74546
2980        6.07315
2980        5.29695
2980        1.96795
2980        3.57979
2980       0.333635
2980        1.61676
2980        1.05878
2980        2.46128
2980        5.23429
2980        2.42399
2980       0.248221
2980        3.01384
2980        3.26134
2980        1.30739
2980        2.54112
2980        5.42161
2980        5.83701
2980     0.00843852
2980         3.9587
2980        2.79852
2980        2.64069
2980        4.41106
2980         3.5916
2980        1.31893
2980        3.93926
2980        2.49044
2980        2.68004
2980         3.6956
2980        5.22072
2980        2.15597
2980         2.9066
2980        4.98211
2980        1.47135
2980        1.86925
2980       0.410867
2980        4.06068
2980        1.05208
2980       0.407782
2980          1.988
2980        5.88525
2980        2.90327
2980        4.59289
2980         1.5812
2980        2.80969
2980         3.2928
2980         3.7242
2980        4.75227
2980        2.33722
2980        3.64748
2980        1.35536
2980         2.8278
2980       0.408496
2980        2.58004
2980       0.251781
2980         3.0483
2980        1.39462
2980        3.24834
2980        3.52121
2980        1.35378
2980        5.55424
2980        5.19464
2980        5.31935
2980        5.76865
2980        4.04641
2980        5.29612
2980        5.84985
2980        3.74084
2980        5.30337
2980        5.01998
2980        4.99431
2980        2.23704
2980        2.93384
2980        6.23203
2980        1.84943
2980        4.93862
2980        1.98337
2980        1.91775
2980        3.36687
2980         1.1121
2980       0.319728
2980        2.39675
2980        4.59631
2980        1.18272
2980        1.35436
2980        5.51038
2980        1.55942
2980       0.521866
2980         1.3352
2980        1.07894
2980      0.0302088
2980       0.435727
2980      0.0966141
2980        4.98658
2980       0.685037
2980        1.68549
2980         3.3462
2980        2.43389
2980        3.75881
2980        5.23216
2980        3.69228
2980        1.64011
2980        3.09474
2980        2.59725
2980        5.04738
2980       0.321923
2980        5.56839
2980        6.02409
2980        5.09194
2980        3.02579
2980        4.72573
2980        3.35185
2980       0.802749
2980         1.9301
2980        3.34186
2980        4.54091
2980        4.62788
2980        5.56402
2980        1.30634
2980        5.22598
2980        5.57968
2980        4.39617
2980        1.04718
2980       0.659224
2980        5.10683
2980        5.39699
2980        3.49454
2980          3.477
2980        4.63024
2980        1.93212
2980       0.960983
2980        1.74465
2980        5.68231
2980       0.700955
2980        1.71685
2980        2.54481
2980        6.18275
2980        1.24371
2980        3.26208
2980        4.24082
2980        5.17353
2980      0.0530288
2980        4.85231
2980        2.65547
2980        4.26162
2980        2.26637
2980         4.7746
2980         2.5674
2980       0.389217
2980        5.89453
2980        2.32695
2980        4.32635
2980        5.58451
2980        5.92943
2980        4.02212
2980        4.88526
2980        3.21262
2980       0.568579
2980        1.59009
2980        5.42401
2980        4.82746
2980        2.56488
2980        1.96236
2980        3.76335
2980        3.61563
2980        1.83869
2980        3.46178
2980        0.48871
2980        4.55479
2980        1.73918
2980        6.15983
2980         5.1352
2980        1.19281
2980        2.49081
2980       0.416142
2980        1.72023
2980        3.01612
2980        6.01491
2980        6.11876
2980         3.6365
2980        5.04389
2980       0.520067
2980        2.48048
2980        5.89669
2980        5.32255
2980        5.50049
2980        2.23623
2980        1.73985
2980       0.809455
2980        6.17076
2980       0.434122
2980        6.10625
2980        1.03581
2980        5.89302
2980        4.80654
2980        3.89055
2980        1.92673
2980        2.35242
2980        0.97329
2980        5.86224
2980        3.65598
2980      0.0808523
2980        4.56272
2980        5.04037
2980        1.17758
2980        1.46918
2980        3.02447
2980        1.60821
2980        5.68524
2980       0.369132
2980        2.91398
2980        1.45563
2980        5.80065
2980        1.45222
2980        5.81327
2980        1.43852
2980        4.86942
2980        1.49679
2980       0.586046
2980        4.26711
2980         5.5915
2980        4.18835
2980         1.4678
2980        5.39432
2980        2.43416
2980        1.02373
2980        1.14617
2980       0.568615
2980       0.568348
2980       0.356285
2980        3.67306
2980        4.11997
2980        1.66031
2980        4.06826
2980        5.47664
2980       0.816747
2980        6.23949
2980       0.465782
2980       0.383078
2980        5.83647
2980        3.53363
2980        5.24498
2980        5.67815
2980         5.2697
2980        2.27592
2980        2.25672
2980        6.05296
2980        4.26767
2980        2.99312
2980        5.47642
2980      0.0340554
2980        2.48617
2980        1.99183
2980        1.99845
2980       0.803196
2980        2.74483
2980        6.26598
2980        3.55851
2980        2.68962
2980        4.58429
2980        5.72997
2980        2.57558
2980        4.49144
2980        2.68784
2980      0.0146867
2980        4.80443
2980        4.03398
2980        4.62933
2980       0.779795
2980        5.78132
2980        3.42936
2980        5.41262
2980      0.0518549
2980       0.316508
2980        6.18566
2980      0.0823602
2980        5.32203
2980         5.5871
2980        2.84604
2980        3.08859
2980        2.72752
2980        1.45938
2980        3.70836
2980        1.30877
2980        5.56994
2980        2.62693
2980          5.722
2980       0.376967
2980        4.13586
2980       0.611299
2980       0.496061
2980        6.22404
2980         1.9816
2980        5.40254
2980        1.90324
2980        2.10307
2980        1.34123
2980       0.342942
2980        2.11316
2980       0.465152
2980        2.77382
2980        1.82957
2980        1.94354
2980        4.07713
2980        2.65266
2980        5.44667
2980        4.72905
2980       0.748576
2980        5.69299
2980        2.92367
2980       0.143965
2980       0.474049
2980        3.34437
2980        2.34719
2980         1.6437
2980         1.2186
2980        4.74784
2980        1.42382
2980        6.28241
2980        6.23286
2980        2.06992
2980      0.0909711
2980        4.84744
2980        2.02722
2980        5.94469
2980        3.52671
2980        5.92242
2980        5.25113
2980        1.89918
2980        3.38047
2980       0.462982
2980        0.84403
2980        5.97391
2980       0.931075
2980        2.61983
2980        5.83127
2980       0.472695
2980        5.95597
2980        1.33633
2980         2.0224
2980        3.57994
2980        5.41751
2980        2.92015
2980        1.01699
2980        5.81215
2980        5.67533
2980        1.44726
2980        3.82282
2980        4.44903
2980        4.96331
2980        2.48823
2980        1.23027
2980        5.10285
2980        4.93258
2980        2.18033
2980        5.26311
2980        4.71958
2980        1.41679
2980        3.51653
2980        5.81246
2980        4.40893
2980        4.30679
2980        1.48333
2980        5.88349
2980        3.16451
2980       0.918224
2980        3.94552
2980        1.56061
2980        3.83023
2980        5.46111
2980         2.5585
2980        5.70066
2980        2.73337
2980        5.96081
2980          2.101
2980        2.97176
2980       0.430996
2980        5.32911
2980        1.91938
2980        0.51383
2980        5.21202
2980        1.21035
2980         3.4131
2980        4.18872
2980        4.00172
2980        1.79968
2980        5.84113
2980        5.00709
2980        2.18024
2980        1.84157
2980        3.94103
2980         1.0585
2980        5.22917
2980       0.577026
2980        5.87533
2980        5.68026
2980       0.584478
2980      0.0985119
2980        1.67458
2980        2.47422
2980        5.29282
2980        1.79947
2980        3.42194
2980        5.06593
2980          5.135
2980       0.680826
2980        2.21734
2980        1.95105
2980       0.846175
2980        3.53486
2980        2.65452
2980        2.89715
2980        6.00284
2980        2.89569
2980         2.3095
2980        1.37234
2980         3.1896
2980        1.68851
2980        4.54568
2980        4.05876
2980       0.864095
2980        6.05855
2980       0.258949
2980        3.20169
2980        2.79355
2980       0.116929
2980        3.25095
2980        5.23448
2980        4.47034
2980        2.62955
2980        2.97769
2980        5.44498
2980        5.85162
2980        1.48136
2980         0.9706
2980        3.95272
2980       0.846656
2980        1.74866
2980        2.95814
2980        2.13199
2980        4.74603
2980        3.17669
2980        5.70652
2980        2.13577
2980        4.93998
2980        2.53385
2980        4.46967
2980        1.22154
2980         1.8317
2980        3.86328
2980       0.701826
2980        6.13057
2980        3.90667
2980        1.32924
2980        5.42371
2980        4.08791
2980        3.73172
2980        2.68867
2980         5.5283
2980        2.48648
2980       0.636901
2980        3.89146
2980        5.18676
2980       0.267887
2980        1.57044
2980        2.34977
2980       0.596962
2980       0.561024
2980         4.9681
2980        2.70732
2980         3.5564
2980        5.95788
2980        1.64633
2980        3.42399
2980        2.16647
2980        2.54793
2980        0.02117
2980        4.07325
2980        1.24364
2980        5.62634
2980        4.13269
2980       0.954479
2980        3.02684
2980        3.33513
2980        2.98559
2980       0.452052
2980        5.96562
2980        6.11734
2980        5.29644
2980        5.97983
2980        1.63459
2980        6.14759
2980        1.25073
2980       0.786627
2980        5.42677
2980       0.168059
2980        2.05994
2980        5.03511
2980        4.87324
2980        4.14491
2980        1.84267
2980        3.93189
2980        2.71952
2980        5.53643
2980        2.45754
2980        2.61778
2980        2.67852
2980          5.526
2980       0.567305
2980       0.838345
2980        5.63688
2980        2.00439
2980        2.01627
2980        2.08604
2980        5.40772
2980         3.8337
2980       0.687996
2980        4.66447
2980       0.293533
2980        1.24171
2980        5.78495
2980         3.3354
2980        3.60779
2980         4.3888
2980         5.3489
2980        2.33015
2980        5.21285
2980       0.365186
2980        2.14971
2980        6.08345
2980        4.30201
2980        1.56134
2980        5.52604
2980        2.63406
2980       0.242334
2980        4.58408
2980        2.78038
2980        2.80988
2980        6.11238
2980        1.17073
2980         4.9841
2980         1.1744
2980        6.01474
2980         1.0247
2980        4.33487
2980        1.81987
2980        3.35825
2980          1.599
2980       0.509593
2980        2.80294
2980       0.569449
2980        2.23258
2980         1.7289
2980        2.91145
2980        6.27038
2980        3.59398
2980         0.5048
2980        2.69941
2980        1.16195
2980        3.53072
2980        5.31302
2980        1.11673
2980        2.79608
2980       0.286873
2980        3.29372
2980        4.02104
2980        4.36056
2980        3.05452
2980        4.00888
2980       0.155745
2980        6.13843
2980        5.75513
2980        3.75292
2980        4.74569
2980       0.694425
2980        5.67244
2980       0.765259
2980        5.60248
2980        4.63188
2980        2.39294
2980        3.74154
2980        2.91305
2980        4.05772
2980        2.54362
2980        3.19794
2980        6.06407
2980       0.486483
2980        5.08316
2980        5.56151
2980        2.16984
2980        3.06437
2980       0.260582
2980        5.39783
2980        1.46078
2980        2.89229
2980        0.53507
2980       0.304607
2980        5.66302
2980        1.50959
2980        1.61438
2980        4.52745
2980        5.87572
2980       0.973577
2980        4.59307
2980        3.76002
2980        0.16613
2980        5.43231
2980        3.24293
2980         1.1842
2980       0.456258
2980        3.45092
2980        3.00929
2980         4.4876
2980        1.54591
2980        1.20836
2980        3.77946
2980        4.86049
2980        5.72058
2980        5.27658
2980       0.297109
2980        2.97027
2980        5.94791
2980        2.26178
2980        1.32169
2980        5.35651
2980        1.83517
2980       0.193549
2980        2.50257
2980         2.2803
2980        3.77673
2980        3.06672
2980        3.22149
2980        4.55688
2980        2.64232
2980        5.19096
2980       0.584885
2980       0.465454
2980        5.45297
2980        6.19329
2980        3.67445
2980       0.925952
2980        2.95278
2980        4.14502
2980         5.2095
2980        2.40004
2980        2.88929
2980         2.4815
2980        4.54532
2980        4.74585
2980        4.80798
2980        6.18934
2980         5.0359
2980        5.71207
2980         3.0201
2980       0.879414
2980        5.46554
2980        5.48827
2980        5.40903
2980        4.96799
2980       0.164752
2980        4.52459
2980        0.71136
2980        4.54504
2980        3.49217
2980         3.0455
2980        1.94158
2980         5.9303
2980        5.47915
2980       0.305605
2980        1.34205
2980       0.373492
2980        1.14807
2980        4.18559
2980        5.95324
2980         3.8701
2980        2.14704
2980        6.27421
2980        0.66763
2980        5.43642
2980       0.375506
2980        4.48066
2980        4.85361
2980        1.98324
2980        3.74125
2980        2.09845
2980        1.72342
2980       0.393196
2980        1.61668
2980        1.78553
2980         2.1213
2980        3.54679
2980        1.73729
2980         1.6429
2980        6.07242
2980        2.18762
2980        1.74319
2980        5.77785
2980         2.3825
2980        1.29721
2980        1.40166
2980        3.93494
2980        4.05071
2980        5.73008
2980        2.78624
2980        3.93937
2980        1.37849
2980        1.64832
2980        1.44809
2980        2.01341
2980        4.65984
2980       0.436455
2980        4.82887
2980        1.93242
2980        1.88904
2980          4.004
2980       0.709845
2980        4.94888
2980        4.37385
2980        1.52762
2980        5.31951
2980        2.85931
2980        3.55962
2980         2.6911
2980        3.62862
2980        3.06857
2980        3.57447
2980        2.45797
2980        2.20914
2980       0.429865
2980       0.168689
2980        6.02564
2980        3.15221
2980        3.99844
2980         3.0775
2980        3.26246
2980        1.51897
2980        1.55752
2980        2.76843
2980        1.32302
2980         3.8282
2980       0.820866
2980        5.87914
2980        2.84765
2980        1.03057
2980        3.04301
2980        0.50299
2980        2.65303
2980      0.0514019
2980       0.993568
2980        5.32682
2980        5.29323
2980        5.95214
2980        5.41416
2980       0.196113
2980        5.25122
2980        4.17688
2980        4.67426
2980         0.9292
2980       0.300064
2980         5.3224
2980          2.333
2980        1.53649
2980       0.979491
2980        2.17505
2980      0.0688983
2980       0.929961
2980        2.36436
2980        2.97045
2980        4.56824
2980        1.39003
2980      0.0137554
2980         2.2571
2980        3.39574
2980        6.10743
2980        1.30066
2980       0.848001
2980       0.552482
2980        6.07965
2980        5.33846
2980        5.62167
2980        3.17397
2980        4.25757
2980        3.54137
2980        4.49707
2980        1.06056
2980        1.29264
2980        3.97564
2980       0.862389
2980        3.44947
2980        2.47334
2980        2.85882
2980        2.75627
2980        2.84504
2980        4.23859
2980        3.04556
2980        5.57842
2980        5.02905
2980        2.87224
2980       0.147086
2980        4.62853
2980        4.99087
2980       0.514008
2980        5.36138
2980        1.02498
2980        4.87553
2980        2.73286
2980        1.94373
2980       0.797766
2980        2.00986
2980        3.62438
2980         4.0118
2980        1.25154
2980        2.20578
2980        4.26194
2980        1.08811
2980         4.6793
2980        5.16147
2980        3.61097
2980        5.39338
2980        5.74457
2980       0.712618
2980        0.15955
2980        5.74537
2980        6.08829
2980        1.21371
2980       0.324482
2980        5.10321
2980        5.12793
2980        5.10187
2980        0.01668
2980         5.8343
2980        6.11398
2980          3.818
2980        5.22717
2980         2.5493
2980        6.03272
2980        4.15876
2980        0.73383
2980        5.91257
2980        3.23715
2980        3.18696
2980        5.00358
2980        2.12804
2980       0.914279
2980       0.291144
2980        3.45125
2980        2.84987
2980        2.96979
2980        5.90499
2980         5.6153
2980        5.02685
2980        3.94756
2980        3.41882
2980        2.47557
2980        2.89675
2980        4.42082
2980        3.32878
2980        6.14554
2980        6.23099
2980        5.66559
2980        6.07693
2980         5.6759
2980        5.55719
2980        5.12686
2980        5.34218
2980        1.91703
2980         4.4052
2980       0.912437
2980        1.01839
2980        1.09407
2980        4.88476
2980        2.53415
2980       0.200214
2980        4.09969
2980        5.18759
2980        6.27372
2980        1.61466
2980       0.133911
2980        3.59263
2980        1.44641
2980        5.53365
2980       0.527955
2980       0.647062
2980        5.72238
2980        5.41894
2980        4.47074
2980        6.18742
2980        5.93536
2980        1.22905
2980        2.86262
2980         3.0092
2980        6.15326
2980        2.13939
2980        4.48879
2980        2.93971
2980        0.10666
2980       0.350588
2980        1.16634
2980       0.558615
2980      0.0836954
2980        4.16291
2980        2.54061
2980        3.95639
2980        2.65031
2980        2.96575
2980        3.46486
2980        3.36035
2980         5.5064
2980        4.27844
2980        1.40677
2980        5.92433
2980        6.02562
2980        6.07068
2980        5.97718
2980        5.23796
2980        2.40864
2980        5.03107
2980        6.18713
2980        1.95628
2980       0.723501
2980       0.787354
2980       0.943474
2980         2.8757
2980        6.24432
2980        1.44858
2980        2.98968
2980        5.98006
2980        1.53185
2980       0.377282
2980        3.30291
2980        5.12792
2980        4.35815
2980        3.71646
2980       0.617868
2980        6.02662
2980        3.21455
2980        1.68843
2980        2.95212
2980        5.59414
2980        3.46087
2980        5.91823
2980        1.47919
2980        3.71661
2980        5.33644
2980        4.79026
2980        4.44865
2980        2.52972
2980        4.99226
2980        4.38816
2980        5.20172
2980        4.97643
2980       0.798979
2980      0.0744738
2980       0.394801
2980        2.18382
2980        5.65109
2980        1.72936
2980        1.97569
2980        2.32689
2980        1.73644
2980        3.55275
2980        4.97173
2980       0.316269
2980        3.51825
2980        1.81595
2980         5.4958
2980        4.97028
2980        4.98795
2980         2.2122
2980        3.43601
2980        2.68126
2980        1.15853
2980         6.0121
2980        2.71066
2980        3.34792
2980        1.21259
2980        5.85467
2980        2.86731
2980        2.76092
2980        4.42598
2980        4.48736
2980        0.53161
2980        4.12105
2980        5.45689
2980       0.413053
2980        6.13439
2980        2.87508
2980        2.64431
2980      0.0558933
2980        2.47981
2980       0.871085
2980        2.83276
2980         6.0148
2980        1.12077
2980        0.99633
2980        1.32758
2980        2.67962
2980       0.256664
2980        2.76989
2980        4.07661
2980         4.8571
2980       0.676516
2980       0.960454
2980        4.13896
2980        6.04848
2980        5.50063
2980        2.60655
2980        5.58474
2980        6.04639
2980        1.24152
2980        1.45124
2980        4.49196
2980        2.96429
2980        4.83578
2980       0.888032
2980        2.38428
2980        3.27461
2980        4.14102
2980         5.7991
2980        5.07808
2980        0.61833
2980        3.81564
2980        1.85935
2980        1.77522
2980        4.84648
2980        1.50862
2980       0.477692
2980        1.74996
2980        1.90008
2980        3.37443
2980        1.58974
2980        3.11694
2980        3.08893
2980        3.53248
2980        4.28646
2980        1.53499
2980        5.44675
2980        4.21194
2980        4.58163
2980        3.70246
2980        5.24844
2980        5.55437
2980       0.158749
2980        6.17429
2980        5.74249
2980        2.05599
2980        1.52607
2980        4.56168
2980        5.17762
2980        4.85558
2980        1.54634
2980        3.63084
2980        1.89606
2980        3.09927
2980        6.18944
2980       0.212409
2980        3.95027
2980        3.65934
2980        3.83031
2980         1.8834
2980        3.36034
2980        4.10656
2980        2.62185
2980        5.84128
2980         1.6011
2980        4.06551
2980        2.71136
2980        1.78184
2980       0.675315
2980       0.341403
2980        2.04576
2980        1.01349
2980        3.38272
2980        4.62848
2980        6.18921
2980        3.61616
2980       0.423523
2980        1.05623
2980        2.07136
2980        3.41322
2980          6.168
2980        1.79903
2980        5.94473
2980        3.42696
2980        1.78055
2980        1.10062
2980        5.64107
2980        5.06052
2980        5.18574
2980        1.72302
2980        6.05312
2980        4.01623
2980        2.26312
2980        4.07949
2980        1.95156
2980        3.40112
2980        5.56098
2980       0.140171
2980        3.69314
2980        3.30661
2980        2.35354
2980        3.52181
2980        5.02052
2980        1.43721
2980       0.438925
2980         5.9428
2980        2.97915
2980        6.04979
2980        3.92413
2980         1.6278
2980        1.56789
2980        3.86943
2980        2.54948
2980        2.83507
2980        5.30135
2980        6.23695
2980         1.0912
2980         4.0011
2980        4.97326
2980        5.18247
2980        4.90044
2980         6.1467
2980        3.43261
2980        3.41292
2980       0.565758
2980         3.1236
2980         5.4945
2980        2.33266
2980        4.58547
2980       0.855995
2980        5.81717
2980        5.18141
2980        4.61006
2980        1.26929
2980         3.8465
2980        1.08152
2980       0.587213
2980        5.14607
2980        1.33435
2980        5.15119
2980        0.71246
2980        5.10171
2980        0.14985
2980       0.750004
2980        1.65687
2980       0.443331
2980      0.0826296
2980        5.39986
2980       0.913603
2980        1.88781
2980        2.33352
2980        2.45427
2980       0.846043
2980        5.24564
2980         4.5721
2980        4.70309
2980        3.33176
2980        1.46519
2980        2.73928
2980        3.40147
2980       0.235525
2980        2.47126
2980        4.10806
2980        5.05281
2980        2.42243
2980        1.61177
2980        4.69775
2980        4.57848
2980        4.74709
2980        1.47753
2980       0.301016
2980         3.5092
2980       0.927264
2980        3.20502
2980        1.17331
2980        1.58838
2980       0.999553
2980        1.81061
2980        1.48412
2980       0.254479
2980       0.830186
2980         5.9084
2980        5.09928
2980        2.53245
2980         5.6583
2980        1.25741
2980        5.60561
2980         6.1835
2980        5.00626
2980        5.27506
2980        5.75391
2980        4.04598
2980        3.07287
2980        4.15577
2980        5.70522
2980        3.01088
2980       0.783176
2980       0.712803
2980      0.0094811
2980        1.81212
2980         5.0369
2980        5.84212
2980        6.06944
2980        1.34568
2980        4.04863
2980        3.15739
2980       0.922667
2980        5.21546
2980        4.56637
2980        5.19236
2980        5.37984
2980        2.66308
2980         6.0856
2980       0.386445
2980        1.72935
2980        4.62272
2980        5.50621
2980        4.60693
2980         2.9619
2980        1.42184
2980         3.1059
2980         4.7937
2980        3.78501
2980        5.18871
2980        4.37976
2980        6.09749
2980        6.02304
2980        3.01301
2980        2.42795
2980        5.62822
2980        2.47519
2980         3.4506
2980        2.35637
2980        3.99904
2980        2.32556
2980        6.06023
2980      0.0787397
2980       0.231057
2980       0.382062
2980        1.44868
2980        4.92241
2980        5.37388
2980        3.82552
2980        4.81732
2980        6.03318
2980        1.93822
2980        6.03973
2980       0.876701
2980        4.01864
2980        5.23565
2980        1.53909
2980        1.51625
2980        2.63987
2980        5.15508
2980        3.02604
2980         2.0579
2980        1.40754
2980        3.44568
2980        0.32254
2980        4.29585
2980        1.14503
2980        1.76793
2980        3.02649
2980        6.19352
2980        1.10979
2980        3.63656
2980        3.88214
2980       0.970671
2980        2.24006
2980        4.07453
2980        2.16463
2980       0.460382
2980       0.725026
2980        3.56996
2980        0.53679
2980        3.58737
2980        6.05796
2980        1.63775
2980        3.39536
2980       0.633615
2980        1.54482
2980        4.81934
2980        2.59108
2980        4.10351
2980        4.09049
2980        4.77306
2980        4.36045
2980        4.05328
2980        2.04601
2980        1.92628
2980       0.309266
2980        5.11304
2980        2.78093
2980        3.82125
2980     0.00651519
2980        3.89948
2980        3.62136
2980       0.873855
2980       0.113418
2980       0.505564
2980        2.64137
2980         3.9367
2980        1.12625
2980          3.706
2980        1.04539
2980          3.719
2980       0.370125
2980        1.96515
2980       0.975858
2980        2.94526
2980        6.24165
2980        5.64147
2980         3.4299
2980         4.0366
2980        2.74129
2980        5.56912
2980        3.71106
2980        4.22718
2980        3.84334
2980        1.74568
2980         2.2557
2980        3.01339
2980       0.749486
2980        2.58213
2980       0.683361
2980        4.50066
2980      0.0142724
2980        4.96403
2980        3.80157
2980       0.295268
2980        6.17758
2980        6.15242
2980        3.22887
2980        5.10656
2980        6.17214
2980        6.06107
2980        6.20384
2980        1.62273
2980        4.69237
2980         2.2021
2980        1.17335
2980         3.2903
2980       0.173099
2980        4.27575
2980       0.371393
2980        4.80493
2980       0.663513
2980        2.91694
2980        1.44108
2980        3.22135
2980        5.07172
2980        5.62474
2980        1.32892
2980        1.36833
2980       0.544834
2980        4.05987
2980       0.448597
2980        4.03676
2980       0.556395
2980        1.12149
2980       0.840848
2980        4.73869
2980       0.253877
2980        3.78315
2980        6.16393
2980        5.42789
2980        4.41412
2980        3.26609
2980        2.54252
2980        3.03685
2980        4.73133
2980       0.756194
2980       0.758487
2980        3.34124
2980         1.8565
2980        2.98817
2980        3.99729
2980        3.19621
2980        2.03528
2980        1.02725
2980        2.10211
2980        2.90711
2980        2.75403
2980       0.062543
2980        5.83559
2980        4.88079
2980        4.72352
2980        3.54315
2980        3.85702
2980        2.57268
2980        6.02408
2980        3.26018
2980        1.82508
2980        0.95446
2980         1.1668
2980        1.07631
2980        5.69429
2980       0.968529
2980        2.73579
2980         3.5663
2980        5.43506
2980        2.83668
2980         5.4187
2980        5.73527
2980        1.86075
2980        6.02204
2980        4.11453
2980        3.65351
2980        3.14135
2980        6.19734
2980        5.38095
2980       0.214083
2980        4.31287
2980        1.45495
2980       0.192609
2980        3.71789
2980        4.21369
2980        6.20563
2980        1.49636
2980        6.25429
2980        4.11995
2980        1.40243
2980        1.92079
2980        4.20356
2980        3.49433
2980        3.57585
2980        5.22825
2980        4.87811
2980        1.09297
2980        1.52081
2980        4.39348
2980         3.4292
2980       0.928107
2980       0.574515
2980        4.49805
2980        3.12824
2980      0.0142936
2980       0.911698
2980        2.48605
2980        2.17598
2980        5.94979
2980        4.88937
2980        2.18238
2980        5.53198
2980        6.22629
2980         1.8678
2980         4.1334
2980        1.98511
2980        1.02758
2980        4.45762
2980        3.65675
2980       0.556878
2980       0.506295
2980        4.08712
2980       0.760765
2980        1.00026
2980       0.984768
2980       0.187189
2980         4.4439
2980        5.81329
2980         5.6563
2980        3.43447
2980         1.7502
2980        1.76072
2980        6.28307
2980        2.91064
2980        1.04186
2980        2.49336
2980        2.68616
2980        2.62264
2980        1.56937
2980       0.396647
2980        0.99101
2980        5.97365
2980       0.389551
2980       0.516249
2980        2.74841
2980        2.25923
2980       0.261391
2980        4.34328
2980      0.0705668
2980         2.2295
2980        1.66091
2980        3.97702
2980       0.548411
2980        4.27737
2980        2.10002
2980        4.34612
2980        1.04555
2980        5.27721
2980         2.3702
2980       0.152107
2980        5.68035
2980        3.11762
2980        4.90301
2980        4.54201
2980        4.03365
2980      0.0443743
2980        5.17383
2980        3.62991
2980        6.27763
2980        4.39142
2980        5.91511
2980        1.76599
2980        6.05208
2980        1.87144
2980        6.18706
2980        6.04672
2980       0.966155
2980        2.92485
2980        4.93549
2980        5.15699
2980        3.11517
2980        1.77569
2980        3.46137
2980        5.69225
2980        2.13578
2980        1.04998
2980        1.47073
2980        2.32427
2980        5.63751
2980        2.29272
2980        2.74587
2980        4.41229
2980        3.52575
2980       0.979929
2980        5.83857
2980        4.44215
2980        4.17526
2980         4.4144
2980        5.09128
2980        5.10378
2980        6.17561
2980        3.69402
2980        4.20357
2980         1.0945
2980         1.1763
2980        5.88551
2980        5.23611
2980       0.987174
2980        3.12296
2980        4.80265
2980        3.45535
2980        3.96308
2980        6.14289
2980        5.62371
2980       0.597967
2980        1.81684
2980        4.48184
2980       0.539812
2980        2.66931
2980         6.2169
2980        5.52621
2980        1.04553
2980        2.10577
2980        2.74646
2980        3.82017
2980        3.51357
2980        3.52651
2980        1.81829
2980        4.12317
2980        5.99997
2980        4.53917
2980        2.82941
2980         4.0066
2980        5.40413
2980        2.47991
2980        2.24107
2980        1.78729
2980        3.57674
2980        4.97424
2980       0.566623
2980       0.739705
2980       0.330747
2980         5.7953
2980       0.470643
2980         2.3135
2980        4.09724
2980        5.41732
2980        5.96802
2980        1.93304
2980        2.59762
2980        4.90395
2980        3.82532
2980        3.28492
2980        5.88315
2980        3.43688
2980        1.28331
2980        2.43312
2980        6.12412
2980        4.21077
2980        4.68156
2980         3.1643
2980        3.51091
2980        1.06242
2980       0.778743
2980        6.03139
2980        4.82073
2980        3.49498
2980       0.263092
2980        3.18786
2980        1.02935
2980        3.01791
2980        2.56127
2980        2.09783
2980        4.68722
2980        5.25017
2980        5.73189
2980        3.60328
2980         3.7934
2980        4.24711
2980       0.302798
2980         3.1992
2980        2.76109
2980        6.19281
2980        6.27206
2980        6.20711
2980        6.05877
2980        4.93813
2980        3.21463
2980        1.32201
2980        4.25445
2980        6.14917
2980        2.13968
2980        4.91183
2980       0.146155
2980        5.83116
2980       0.277387
2980        5.80441
2980        6.18805
2980        3.15368
2980        4.49192
2980        1.54397
2980        5.66131
2980        5.01282
2980        1.65924
2980       0.849173
2980        3.13362
2980        3.96075
2980        3.34624
2980        2.49292
2980        4.75377
2980        4.48551
2980        2.17031
2980        4.09648
2980        2.20626
2980        3.98657
2980        5.74356
2980        5.82503
2980        1.18011
2980        4.98454
2980        1.93442
2980        6.25943
2980        4.12695
2980        1.82517
2980        5.49633
2980         4.9568
2980        4.52121
2980        2.27831
2980        1.75394
2980        4.39014
2980        2.44044
2980        5.51622
2980        5.89302
2980        2.40058
2980        2.72444
2980       0.386319
2980        2.03108
2980         5.2495
2980        6.13925
2980       0.767016
2980        2.41908
2980        4.05224
2980        2.90519
2980        3.21781
2980        3.55851
2980        5.14226
2980        3.51982
2980        2.92698
2980        0.36411
2980         2.8904
2980        6.12319
2980        2.02063
2980        3.19105
2980        3.68585
2980        1.98372
2980         5.4465
2980        1.00559
2980        4.22386
2980        2.63088
2980       0.112592
2980        3.90302
2980        1.31784
2980        4.34168
2980       0.358777
2980        2.21638
2980       0.429816
2980        1.98281
2980        2.57286
2980        5.48463
2980        3.12163
2980       0.332892
2980        3.65406
2980        2.49461
2980        5.64078
2980         2.1059
2980        4.71921
2980        1.15896
2980        3.41655
2980         5.3785
2980        5.22479
2980        4.22618
2980        5.98176
2980        1.33756
2980        6.26981
2980        6.27341
2980        2.53246
2980       0.480376
2980        2.81225
2980        3.64584
2980        5.55534
2980        2.21038
2980        4.54115
2980        3.27863
2980        5.38218
2980       0.793409
2980        5.77465
2980        2.04879
2980       0.325471
2980        1.22261
2980        2.62147
2980         1.5178
2980        2.22594
2980        2.79332
2980        2.23748
2980        1.46014
2980        1.27835
2980        5.87027
2980        2.64538
2980       0.328293
2980        2.52233
2980        2.87757
2980        1.69986
2980        3.29972
2980        5.47483
2980         5.9457
2980       0.220655
2980        4.64875
2980        6.02856
2980       0.385345
2980      0.0694316
2980       0.855687
2980        3.35094
2980       0.168937
2980       0.840572
2980       0.457064
2980       0.254689
2980        2.33825
2980         2.8324
2980       0.315904
2980        2.11505
2980        5.77062
2980        3.34749
2980        1.57507
2980        4.33818
2980        1.61489
2980        0.30476
2980       0.232171
2980        4.51788
2980        5.20619
2980        6.27308
2980        2.51186
2980        5.15117
2980        4.46622
2980        1.52713
2980        4.13463
2980        6.02715
2980        4.21097
2980        1.47797
2980        3.09935
2980       0.851305
2980      0.0354887
2980       0.366038
2980         2.8942
2980        3.79142
2980        5.37798
2980        5.44985
2980        5.66452
2980         5.2192
2980        3.27014
2980       0.891522
2980        5.37716
2980        4.93092
2980        4.80962
2980        1.72095
2980        3.46216
2980        3.32523
2980        1.92843
2980          2.595
2980      0.0764797
2980        3.21005
2980        1.90813
2980        1.68935
2980       0.352177
2980        1.40762
2980       0.593858
2980        2.47443
2980        1.54287
2980        3.16946
2980        6.15897
2980        5.92304
2980        4.12365
2980          4.715
2980        6.15082
2980        2.28583
2980         1.6555
2980        5.86579
2980        4.40075
2980        5.94385
2980        4.80509
2980        3.08646
2980        5.58649
2980        4.55471
2980        4.47949
2980       0.140963
2980        4.12619
2980        4.48814
2980        4.86106
2980         2.3714
2980        2.25108
2980        2.16187
2980       0.969211
2980        1.13799
2980        4.11487
2980        3.21168
2980        5.53318
2980        4.80696
2980        0.20138
2980       0.820233
2980        1.80158
2980        2.90371
2980        1.65575
2980        5.17264
2980        3.95838
2980        2.55337
2980        3.23442
2980        5.91873
2980        6.11089
2980        0.68486
2980        3.63788
2980        4.52742
2980        1.78568
2980        3.51174
2980        3.29298
2980         2.2096
2980        5.43272
2980       0.984815
2980       0.435507
2980        5.56674
2980        2.58552
2980        3.37409
2980         3.0418
2980        2.06112
2980        3.57263
2980        1.06769
2980        2.76651
2980        3.01471
2980         4.1664
2980        2.03866
2980        4.05448
2980        2.13168
2980        5.73369
2980        5.00423
2980        4.62931
2980       0.338519
2980        3.04275
2980        2.39547
2980        1.78325
2980        6.07957
2980        3.31247
2980       0.509785
2980        4.70726
2980        6.05979
2980       0.655097
2980        1.44047
2980      0.0144119
2980        5.93361
2980        3.03341
2980        2.53254
2980        2.20184
2980        3.99711
2980        5.97207
2980        2.54574
2980        1.93084
2980        3.65009
2980        3.53629
2980       0.524863
2980        5.77402
2980        5.07325
2980        4.16624
2980        4.48985
2980        1.61289
2980        6.12092
2980        2.82667
2980        5.97528
2980        4.18784
2980        2.58997
2980        2.15565
2980        5.64633
2980        5.60159
2980       0.152281
2980       0.367055
2980        5.18938
2980        5.88972
2980        6.02087
2980       0.375893
2980        4.13387
2980        1.62563
2980        4.51368
2980        3.66801
2980        4.89112
2980        1.63493
2980        6.18799
2980        6.11975
2980        2.57597
2980        4.38148
2980        5.90083
2980       0.607984
2980        2.71135
2980        4.53271
2980        4.18238
2980       0.244289
2980        1.02084
2980        5.20586
2980        5.99841
2980        3.16634
2980       0.619178
2980        2.85628
2980        4.34124
2980        2.97035
2980        2.64746
2980         5.2155
2980        3.91719
2980        4.01039
2980        3.42197
2980        3.33341
2980        3.30474
2980          4.576
2980         4.5736
2980        1.38815
2980        1.87687
2980        6.19793
2980        5.72998
2980        4.23322
2980       0.472324
2980        4.15523
2980        2.21109
2980        2.01979
2980        3.24316
2980       0.556912
2980       0.637295
2980        3.49229
2980        3.67634
2980        3.50464
2980        1.63133
2980        4.82383
2980        5.90226
2980        1.27297
2980        5.07368
2980         3.1968
2980        2.32684
2980        3.80828
2980        2.40523
2980        1.81184
2980        4.50592
2980        3.39532
2980        4.06165
2980        2.47837
2980         1.7435
2980       0.572482
2980        3.20441
2980         4.2472
2980        0.65981
2980        5.31164
2980       0.239848
2980        2.42022
2980        3.96368
2980        3.22681
2980        0.27537
2980        2.63509
2980        4.90907
2980        2.35705
2980        5.97594
2980        5.91829
2980        5.62909
2980        3.37055
2980        3.16898
2980       0.405445
2980        5.89776
2980        4.18474
2980        2.42586
2980        5.76229
2980      0.0361958
2980        2.53815
2980        5.33033
2980        4.47049
2980         2.2367
2980        2.16224
2980        3.36272
2980        1.26492
2980        3.44588
2980        2.57407
2980       0.563754
2980        4.88605
2980        2.23796
2980        1.01312
2980        5.82704
2980        3.58805
2980       0.470941
2980        1.48595
2980        3.13238
2980         6.2346
2980        5.89288
2980        2.44606
2980        2.67655
2980       0.284346
2980       0.445946
2980        5.35837
2980        2.19928
2980        5.68097
2980        3.24087
2980        1.56599
2980        1.11481
2980        1.80952
2980        3.72201
2980        4.17608
2980        5.26927
2980        0.16359
2980        5.36091
2980         2.0472
2980        2.48168
2980        2.19727
2980        4.95385
2980        3.51303
2980        1.37932
2980        2.50218
2980        1.13341
2980       0.861803
2980         4.6091
2980        3.07171
2980        1.09202
2980        5.93005
2980        1.54092
2980        2.27545
2980        2.04148
2980         3.0418
2980        5.49221
2980       0.165772
2980        6.21824
2980        0.69802
2980        2.37252
2980        4.13006
2980        3.29012
2980       0.640261
2980        3.69221
2980        3.22312
2980         2.3693
2980        4.33625
2980        5.42511
2980         5.1662
2980         5.7692
2980       0.478384
2980        3.57888
2980        5.23549
2980        2.96868
2980        4.54303
2980        2.34969
2980        4.18288
2980        3.00036
2980        0.40646
2980         3.3678
2980        1.52134
2980        2.15743
2980        5.26108
2980        5.52442
2980        2.73947
2980        2.93314
2980        5.52872
2980        0.40618
2980        1.71866
2980        1.78902
2980        5.92597
2980        5.77026
2980        2.54437
2980        3.99904
2980        1.54408
2980        1.50344
2980         4.7794
2980        4.70555
2980        3.66841
2980        4.99044
2980         4.8334
2980        5.68706
2980        5.36015
2980        2.43728
2980       0.863338
2980          2.654
2980        1.57514
2980        1.68803
2980        1.49354
2980        5.08587
2980        4.60604
2980       0.031538
2980      0.0253221
2980        5.15865
2980        3.27087
2980        4.39751
2980        3.41625
2980      0.0959567
2980        5.34953
2980       0.411677
2980       0.742496
2980        6.24523
2980      0.0112053
2980       0.765697
2980        4.42668
2980        5.17202
2980        2.37828
2980        2.22297
2980       0.603977
2980       0.347104
2980        1.69831
2980        5.96579
2980        4.35179
2980        4.30642
2980        3.77276
2980         1.1856
2980        2.23141
2980        6.16902
2980        1.65314
2980        6.16454
2980         0.9086
2980        5.02333
2980        1.78453
2980        1.97054
2980        5.07599
2980        5.60569
2980        5.44293
2980        4.11948
2980        5.65127
2980        4.32086
2980        1.33302
2980        1.68333
2980        1.47228
2980        3.04819
2980        1.93314
2980        6.17837
2980        5.48155
2980        5.11974
2980       0.732667
2980        1.87927
2980        1.85055
2980        2.00959
2980         5.7103
2980        2.62807
2980       0.908061
2980        6.17561
2980       0.570335
2980        6.15751
2980        5.09925
2980        4.94291
2980       0.458049
2980        2.70399
2980        1.96499
2980        4.40805
2980        6.02246
2980        5.59728
2980         2.4227
2980       0.747575
2980         5.6695
2980        4.08289
2980       0.271175
2980        2.02991
2980        5.49886
2980        6.02406
2980       0.865928
2980       0.875145
2980        1.48348
2980        1.82653
2980        4.09096
2980        2.84005
2980        5.61424
2980       0.291754
2980        5.48427
2980         4.3827
2980        6.18947
2980        4.34424
2980        5.80223
2980       0.992735
2980      0.0049019
2980        2.19513
2980        2.31879
2980        4.97377
2980        5.68084
2980        3.89509
2980        5.13934
2980        2.08585
2980        1.93748
2980         2.1771
2980        5.32796
2980        4.66532
2980        5.92729
2980        4.52797
2980         1.1538
2980        1.94083
2980       0.889446
2980        6.20135
2980        2.38039
2980        6.18111
2980       0.895739
2980       0.702286
2980        2.80194
2980        4.91665
2980        2.50602
2980        5.64711
2980        2.64555
2980        4.26877
2980        4.15099
2980        2.21184
2980         4.5563
2980        6.14115
2980        5.37873
2980        3.85142
2980        1.23576
2980       0.125246
2980        1.42549
2980        4.08529
2980        5.51056
2980        5.45574
2980        3.85745
2980       0.513263
2980         5.5464
2980        3.23562
2980        0.55528
2980        2.63128
2980        5.52569
2980       0.623044
2980        4.95296
2980        3.13941
2980        3.42706
2980        4.81308
2980         5.8569
2980        2.92062
2980          1.897
2980        1.46496
2980       0.604839
2980        1.99351
2980       0.122768
2980       0.305691
2980        5.48929
2980        3.96653
2980        3.45647
2980        5.96529
2980        6.23182
2980        2.75024
2980        3.20494
2980       0.486748
2980        4.81162
2980        4.03295
2980        1.30295
2980         3.8632
2980      0.0196723
2980        5.52605
2980        5.52341
2980        1.37418
2980        3.99474
2980        2.62484
2980        5.61793
2980        2.21159
2980         2.6307
2980        5.19135
2980        4.81853
2980        2.03068
2980        5.61682
2980        1.90795
2980        5.60005
2980        1.99008
2980        4.84966
2980         6.0992
2980        3.06759
2980        5.99275
2980        3.98587
2980        3.41175
2980        2.96917
2980        1.08351
2980         2.7677
2980       0.339632
2980       0.753952
2980         5.4254
2980        2.96444
2980        2.46683
2980        5.29418
2980        1.06887
2980        5.86874
2980        4.43459
2980        4.49368
2980         2.7559
2980        6.04553
2980        6.24515
2980        5.45993
2980         4.9183
2980      0.0662248
2980        1.04786
2980         3.9073
2980        1.87272
2980        2.19957
2980        4.92432
2980        3.32723
2980        3.10319
2980       0.789332
2980        2.67627
2980        3.76124
2980        2.73686
2980        5.74784
2980       0.569281
2980        2.06426
