2335        4.68481
2335        3.68351
2335        4.63891
2335        4.72633
2335        4.38418
2335        4.72847
2335        2.05073
2335         5.9913
2335        3.05483
2335        3.53009
2335        5.34453
2335         5.9347
2335         4.2293
2335        1.01383
2335        6.28077
2335        2.02539
2335        1.18175
2335       0.772698
2335        4.68425
2335        2.43196
2335        1.69278
2335        3.34948
2335        2.70674
2335        5.70883
2335        4.30519
2335         1.8829
2335          1.628
2335        2.23782
2335        2.49731
2335         4.3857
2335       0.230692
2335        1.32529
2335        3.77286
2335        3.72182
2335        1.84069
2335        2.11912
2335        1.56108
2335       0.205389
2335        4.98077
2335        1.60206
2335        4.09583
2335        1.11246
2335        2.25198
2335        1.85119
2335        5.31419
2335        2.10489
2335        1.85396
2335        3.39591
2335        3.99167
2335        4.61297
2335        3.29738
2335        5.84825
2335        1.07716
2335        1.68221
2335       0.135237
2335        5.61938
2335        3.91215
2335        4.89034
2335        0.39737
2335        4.09099
2335        2.15277
2335        4.19441
2335        4.42221
2335        1.31226
2335         4.3477
2335       0.633368
2335        4.89447
2335        1.69828
2335        2.50843
2335        1.49564
2335         2.9927
2335        3.06259
2335      0.0152854
2335        3.94284
2335         2.9477
2335        5.90335
2335         1.0622
2335        0.35142
2335        2.56341
2335        4.00743
2335      0.0600883
2335           4.51
2335         5.6459
2335        4.58945
2335        1.44356
2335        4.56914
2335        1.51386
2335        2.43943
2335        1.73561
2335        2.65518
2335        2.60023
2335        6.20758
2335        1.57763
2335        2.13802
2335        4.44048
2335        3.28665
2335         4.4196
2335       0.797692
2335        4.83067
2335        5.98128
2335       0.893794
2335         5.7002
2335        3.88824
2335        4.73873
2335        2.04508
2335         5.9612
2335        1.76042
2335        1.97704
2335        1.09642
2335        4.24523
2335        2.52503
2335        3.51017
2335        1.88573
2335        2.29855
2335        1.68172
2335         4.5163
2335        2.50241
2335        5.23749
2335        3.31379
2335        5.83748
2335        0.76556
2335         5.2799
2335        1.43341
2335        5.67694
2335        5.85766
2335        4.81225
2335          4.418
2335         5.7044
2335        2.14593
2335        2.62018
2335        1.68084
2335        2.14161
2335        4.53743
2335        5.40067
2335        1.29821
2335        4.77701
2335       0.476887
2335        4.05631
2335        4.87607
2335        4.03009
2335        4.72024
2335        1.21921
2335        3.73525
2335        2.49501
2335        3.02322
2335        2.40459
2335       0.979305
2335        3.20976
2335       0.684687
2335        1.96285
2335        5.76027
2335        3.51242
2335        5.32977
2335        5.42623
2335        2.45155
2335        4.02072
2335        4.20345
2335        4.33711
2335        1.43558
2335        1.13609
2335        2.99468
2335        1.52026
2335        1.60658
2335        4.41601
2335        3.17249
2335        5.27015
2335        1.74245
2335        4.38246
2335       0.643444
2335        4.72103
2335        2.96431
2335        4.74476
2335        1.43872
2335       0.640176
2335        2.05936
2335        2.19538
2335        1.48064
2335        1.40788
2335        4.39974
2335       0.616805
2335        5.91102
2335        5.39653
2335        1.32546
2335        5.14422
2335        1.02208
2335      0.0279175
2335        4.85233
2335        5.31711
2335        5.65119
2335       0.152905
2335        1.77483
2335        0.88704
2335        3.50466
2335        5.11401
2335        5.89785
2335        1.65678
2335         2.2111
2335        1.66517
2335        4.23665
2335          3.803
2335       0.680924
2335        5.77247
2335        1.42264
2335        5.10774
2335        5.03148
2335        4.40415
2335        4.27985
2335        2.42777
2335        5.57474
2335        5.78223
2335        1.84572
2335        1.93523
2335        2.57159
2335        4.12152
2335       0.183511
2335        4.65893
2335        1.73368
2335        4.69212
2335        5.41777
2335         4.5647
2335        5.11134
2335        3.83764
2335        5.28574
2335        3.19762
2335        5.27263
2335        5.16913
2335        6.07417
2335        1.15299
2335        1.24392
2335       0.875193
2335         5.8857
2335         2.1972
2335        2.30743
2335        0.63487
2335        0.86097
2335        0.19735
2335        4.77492
2335        5.53176
2335        5.78073
2335        3.91884
2335        6.09626
2335         1.4677
2335        1.07349
2335        4.96342
2335       0.609947
2335        2.47066
2335        1.13912
2335        5.34527
2335        3.32617
2335        2.21595
2335        4.23018
2335        4.59975
2335        2.04104
2335        5.49279
2335        4.33151
2335        4.94146
2335        4.28911
2335        6.06981
2335        3.39251
2335        5.48495
2335        2.45181
2335        2.00993
2335       0.625369
2335        3.81906
2335         1.2606
2335        4.51157
2335       0.283398
2335        2.76517
2335        5.43414
2335        1.14275
2335        2.34719
2335        3.93052
2335        2.13152
2335        2.54449
2335        1.29569
2335        2.56633
2335       0.120941
2335        4.64411
2335        3.79485
2335       0.927451
2335        3.47465
2335        1.23518
2335          4.377
2335        5.16154
2335        5.11474
2335        3.61834
2335        1.07667
2335        3.49263
2335        1.37301
2335        2.16414
2335        4.43867
2335        2.39816
2335        2.96361
2335        4.50601
2335        1.74575
2335        3.97878
2335        4.84089
2335        5.20303
2335        1.33293
2335        5.06842
2335         6.2755
2335        1.69463
2335        1.16817
2335        3.93478
2335       0.385462
2335        3.38251
2335        1.19493
2335        5.90348
2335        5.86473
2335        1.75925
2335        2.01697
2335        3.82607
2335        1.45935
2335        4.68205
2335        5.80678
2335        5.36804
2335        4.12584
2335        2.82711
2335        4.23011
2335        3.63235
2335        3.06048
2335        1.21876
2335        1.88804
2335        4.11927
2335        4.09626
2335         4.5786
2335       0.829463
2335        5.50753
2335        1.96154
2335        5.00448
2335       0.284088
2335        5.57948
2335        1.93841
2335        2.23929
2335        1.52888
2335        1.79964
2335          1.512
2335        6.02788
2335        5.82783
2335        1.08934
2335        2.25072
2335        5.84704
2335        2.10611
2335         0.5366
2335        3.12989
2335        3.75305
2335        2.50504
2335       0.132931
2335        4.97412
2335        5.75272
2335         2.0301
2335       0.529085
2335        2.62747
2335        2.43688
2335        2.11975
2335        6.26941
2335         1.5711
2335        1.25482
2335        1.95935
2335        1.59528
2335         6.1369
2335         2.6503
2335        4.54086
2335        4.50242
2335        3.55803
2335       0.981949
2335        2.15582
2335        1.18826
2335        4.25032
2335        4.76223
2335        4.44628
2335        1.06495
2335       0.647533
2335       0.965955
2335        1.35602
2335         4.7107
2335        2.69647
2335        4.76688
2335        3.00157
2335        1.33153
2335        5.09688
2335        4.27081
2335        5.48869
2335        1.66697
2335        1.32251
2335        1.53032
2335        6.04532
2335        3.83742
2335       0.556934
2335        4.52095
2335      0.0597495
2335        4.97515
2335        3.32584
2335        5.37822
2335        4.81204
2335        2.08777
2335       0.552215
2335        2.55754
2335        3.83418
2335        2.29445
2335        5.59873
2335        3.40856
2335        6.18715
2335        1.58359
2335        3.24106
2335        6.22229
2335       0.799205
2335         2.5913
2335        3.01192
2335        4.88011
2335        2.66831
2335        4.92834
2335        3.72108
2335        1.91447
2335        1.02961
2335        2.48196
2335        5.24555
2335        3.08391
2335         1.7581
2335       0.566881
2335        2.06761
2335        2.65453
2335        0.71148
2335        1.72803
2335         2.1069
2335        2.66294
2335        3.43879
2335        2.19189
2335        1.69996
2335        5.30284
2335        6.04258
2335       0.994934
2335        1.54583
2335        4.86794
2335        5.26963
2335        4.53611
2335        4.90595
2335        3.68621
2335       0.862334
2335        4.27921
2335        5.13741
2335        2.05666
2335        5.10281
2335        2.12414
2335       0.402584
2335        4.71187
2335        2.79943
2335        3.62852
2335       0.286965
2335        5.69674
2335         4.6177
2335        2.28349
2335        4.64597
2335        5.83921
2335        2.08409
2335        4.92237
2335        1.05119
2335       0.671479
2335        4.48961
2335        3.76127
2335        5.05808
2335        3.38235
2335        2.04513
2335        1.74075
2335       0.122125
2335        4.01447
2335        2.60372
2335        5.03577
2335        2.51355
2335       0.978811
2335        4.09343
2335        3.31592
2335        5.97471
2335        4.37993
2335        4.84929
2335        3.09066
2335        3.86174
2335         5.1524
2335        4.91476
2335       0.557681
2335        4.00694
2335        3.25126
2335        5.31252
2335        1.66862
2335        3.19235
2335          3.141
2335        4.96198
2335        2.68775
2335        5.37634
2335          1.394
2335       0.361914
2335        2.80655
2335        4.09368
2335        5.31096
2335        1.17312
2335        2.38553
2335        4.50266
2335         3.4812
2335        4.81195
2335       0.952473
2335        1.03153
2335        4.98753
2335       0.591762
2335        2.21372
2335        4.60789
2335       0.946256
2335        4.56115
2335        3.85154
2335        2.12772
2335       0.784784
2335        5.39713
2335        5.28264
2335        2.05042
2335        4.44814
2335        3.27469
2335         5.5211
2335        2.93089
2335        0.28492
2335        2.22379
2335       0.848529
2335        1.84989
2335       0.645004
2335        6.21113
2335        5.97759
2335         5.4732
2335        4.51126
2335         2.4641
2335        1.96297
2335        4.54936
2335        5.06778
2335        4.32465
2335        3.87157
2335        5.35793
2335        3.99682
2335        2.64553
2335        5.10174
2335        1.71386
2335        5.43101
2335        2.16159
2335        5.49043
2335         4.5734
2335        4.57363
2335       0.652719
2335        0.54965
2335        1.88559
2335        3.45125
2335       0.475904
2335        4.27208
2335        4.01739
2335        4.02246
2335        4.51898
2335        4.04973
2335       0.471601
2335        5.43501
2335        5.92673
2335        1.52295
2335        3.09292
2335       0.933153
2335        4.70886
2335        5.10817
2335        5.14727
2335        1.50667
2335        5.21571
2335        2.12765
2335        1.94483
2335        3.12938
2335        3.64902
2335        5.03089
2335        3.65019
2335        1.70966
2335        3.64051
2335       0.845915
2335       0.935866
2335         3.7039
2335        5.94867
2335        1.42835
2335        1.41085
2335        2.75074
2335        4.79598
2335        2.16965
2335        2.53068
2335        2.78929
2335        1.08843
2335        4.62095
2335        4.45639
2335        5.05653
2335        1.53116
2335        1.27508
2335        1.43674
2335        5.47619
2335        1.11448
2335        3.29932
2335        5.02863
2335        3.71238
2335        2.73273
2335        4.63136
2335        5.53241
2335        2.75452
2335        1.34073
2335        4.14927
2335        2.56835
2335        1.47919
2335        4.05175
2335        4.57064
2335       0.314536
2335        2.49302
2335        5.89013
2335        2.72597
2335        1.57775
2335        4.19651
2335         1.3855
2335        2.86192
2335        4.97472
2335        3.14592
2335        5.38123
2335        4.02488
2335        2.00775
2335        3.42542
2335      0.0573298
2335        4.39185
2335        2.46983
2335       0.706174
2335        1.51874
2335        1.17907
2335        4.13482
2335        6.18697
2335        1.48152
2335        1.60676
2335        3.54777
2335        5.48237
2335       0.885121
2335         4.8056
2335        1.71572
2335        5.54751
2335        5.84844
2335       0.316256
2335        2.15219
2335        4.08628
2335         5.1142
2335       0.397968
2335        5.25055
2335        5.33972
2335       0.693989
2335        4.76138
2335         1.2238
2335        2.12851
2335       0.773188
2335       0.155226
2335       0.586844
2335           3.84
2335        5.91112
2335        1.53325
2335        5.97184
2335        3.47864
2335         5.7773
2335        6.18159
2335        4.64692
2335        2.40815
2335        3.37636
2335        3.94843
2335        1.10283
2335        2.05453
2335          4.704
2335         2.0099
2335        2.89441
2335        2.25101
2335        4.11402
2335         4.4926
2335        1.76481
2335        3.11256
2335         3.3224
2335        5.46021
2335        1.87266
2335        5.75044
2335        1.67609
2335        2.46557
2335        1.52811
2335        4.31732
2335        1.20253
2335        2.19086
2335        3.97519
2335       0.691684
2335       0.215369
2335        2.97696
2335        4.20484
2335        1.96844
2335        3.42469
2335        1.73851
2335         3.6978
2335        5.07396
2335        4.77453
2335       0.933481
2335        4.30013
2335        5.80594
2335        1.12746
2335        1.75231
2335        1.03791
2335        5.27078
2335        5.15205
2335        4.07698
2335        4.07045
2335        5.00024
2335        2.62277
2335        2.32445
2335       0.539944
2335        1.41374
2335     0.00214172
2335       0.573339
2335        4.83141
2335        4.93259
2335        4.85206
2335        1.62252
2335        4.85218
2335        1.93339
2335        1.52023
2335        5.74776
2335         1.0476
2335        1.89751
2335        4.70729
2335        4.65365
2335        5.38664
2335       0.124926
2335        5.81832
2335        1.15463
2335        3.05404
2335        5.98688
2335          2.889
2335       0.601222
2335       0.854152
2335        3.78864
2335        2.30876
2335       0.339982
2335        4.52332
2335        1.71034
2335        3.53433
2335        5.24145
2335        4.30227
2335        4.01912
2335        4.27155
2335        4.92399
2335        4.81249
2335       0.466365
2335       0.317964
2335        3.10511
2335        3.56869
2335        3.32274
2335        2.48214
2335        1.52586
2335        4.32672
2335       0.874797
2335        5.08647
2335         1.8132
2335        3.78367
2335       0.315338
2335        3.98703
2335        2.14325
2335       0.721109
2335        1.92727
2335        5.07783
2335        5.92119
2335        5.44561
2335        0.42776
2335        5.89329
2335        4.14211
2335        1.41035
2335       0.597834
2335        1.11906
2335        4.82984
2335        2.36778
2335        4.26197
2335        4.69614
2335        4.68692
2335        5.27869
2335        1.17274
2335        1.94855
2335        0.98668
2335        4.80021
2335        4.07194
2335        5.04137
2335        3.31044
2335        4.28536
2335         2.0408
2335        2.55129
2335        4.65551
2335        5.26292
2335        1.45477
2335       0.897959
2335        1.87179
2335        2.50863
2335        1.36423
2335       0.377495
2335        1.24215
2335        2.70956
2335         3.2092
2335        3.59832
2335        1.77059
2335        4.19422
2335        1.52384
2335        6.13194
2335       0.389625
2335        1.85207
2335         2.5859
2335       0.926328
2335        4.64593
2335        6.22281
2335        2.10549
2335        1.05731
2335        1.27186
2335         4.0311
2335        1.92067
2335        4.04345
2335        5.13009
2335        4.93416
2335        4.91825
2335        4.05123
2335        1.29553
2335        2.35852
2335        3.29709
2335        6.05798
2335        5.61855
2335        3.28568
2335        1.20625
2335        1.21427
2335         1.6881
2335        1.78299
2335        2.87159
2335        4.15754
2335       0.968254
2335        1.68597
2335        5.01295
2335        4.69553
2335       0.325903
2335        2.85508
2335        5.71875
2335        5.06275
2335       0.419265
2335       0.631915
2335         1.7198
2335        1.89672
2335        1.23797
2335         1.1022
2335        2.85912
2335        1.21526
2335        1.59043
2335        4.22212
2335        1.57128
2335        3.76265
2335        3.88308
2335        5.04028
2335        5.00633
2335        2.12844
2335        4.85471
2335        5.22899
2335        4.71896
2335       0.848267
2335        1.29741
2335        1.06044
2335        5.69273
2335        5.13449
2335        1.79623
2335        5.12204
2335        4.18744
2335        3.62253
2335        3.80998
2335        4.53575
2335        1.39147
2335       0.986031
2335        1.26261
2335        1.61017
2335        1.56205
2335        5.94218
2335       0.081063
2335       0.608609
2335        3.33393
2335        6.26051
2335       0.588213
2335       0.841831
2335        1.35257
2335        2.93911
2335        3.52361
2335        4.26677
2335        1.45961
2335       0.838939
2335        2.43456
2335        5.67486
2335        4.71965
2335        2.52668
2335        1.32633
2335         1.0372
2335        5.48271
2335        3.10839
2335       0.751008
2335        4.35612
2335        2.62841
2335       0.466763
2335        3.58856
2335       0.760902
2335        1.21195
2335         5.6591
2335        2.30121
2335       0.498415
2335        1.92519
2335        4.80489
2335        2.01599
2335        1.50986
2335        2.02739
2335        5.90239
2335        6.00104
2335        4.40399
2335        3.28534
2335        4.31084
2335        1.46768
2335        2.25752
2335        1.72571
2335        2.53216
2335        1.42377
2335        1.25299
2335       0.919853
2335         1.6448
2335        2.49235
2335        4.57298
2335        4.34408
2335        5.02717
2335        4.44366
2335        4.96017
2335        1.23014
2335        1.11105
2335        1.92555
2335        1.61573
2335        1.69444
2335        1.36718
2335        4.02596
2335        1.32055
2335        5.00985
2335        2.06061
2335         4.3792
2335        1.18953
2335        1.98497
2335        5.77209
2335        6.20232
2335        1.99664
2335        5.45312
2335        4.04629
2335        1.74281
2335        4.80091
2335        4.05118
2335        5.16741
2335        1.34227
2335        2.14763
2335        1.96721
2335        1.29648
2335        1.71228
2335        3.66253
2335        3.77663
2335        3.15897
2335        5.44625
2335        4.81596
2335        3.75192
2335       0.784596
2335       0.534246
2335        1.43205
2335        4.22374
2335       0.386851
2335        1.68895
2335        2.03328
2335       0.288711
2335       0.654618
2335        1.11926
2335        3.57923
2335         2.1316
2335        2.32538
2335        5.32393
2335         5.8558
2335       0.450895
2335        3.84684
2335        2.29637
2335        3.65862
2335        1.10748
2335        2.40243
2335        5.81965
2335        4.76503
2335         4.3412
2335         3.1732
2335        3.69949
2335         6.1367
2335        6.05015
2335        2.75231
2335        1.43503
2335        3.91594
2335        6.07999
2335        1.09574
2335        6.12128
2335         3.0214
2335        4.98611
2335        2.96397
2335        2.65998
2335       0.156533
2335         4.2503
2335         1.6749
2335        1.07367
2335        3.85536
2335        2.39182
2335        2.15846
2335        4.81687
2335        6.12948
2335        3.37326
2335        1.79417
2335      0.0387096
2335        4.55635
2335        1.82351
2335        1.14974
2335        1.01682
2335        3.60466
2335         2.8812
2335        2.55014
2335        4.00536
2335        3.19568
2335        2.36184
2335        0.11595
2335        4.98935
2335        3.05865
2335        1.74293
2335        6.03361
2335        1.77671
2335        2.74583
2335        4.07066
2335         3.1084
2335        2.25794
2335       0.408532
2335        4.57362
2335         1.4982
2335        1.30987
2335        1.51275
2335        3.38223
2335        1.72009
2335       0.258963
2335        5.38886
2335        2.03636
2335        3.07125
2335        3.92368
2335        3.52897
2335        1.96557
2335        2.01908
2335        1.28227
2335        3.93222
2335        3.37259
2335        1.98273
2335        1.08682
2335        3.20464
2335        3.73264
2335        3.78504
2335        2.30939
2335        1.86834
2335        3.42704
2335        1.07371
2335        0.84982
2335       0.235876
2335       0.693384
2335        2.99573
2335        2.65033
2335       0.863886
2335        2.20286
2335        5.99078
2335        5.97937
2335        4.52703
2335        4.19019
2335        5.84969
2335        5.51821
2335        1.99735
2335        4.86359
2335        5.25417
2335        5.56091
2335        1.87466
2335        2.86072
2335        5.24937
2335        5.36507
2335      0.0204735
2335         4.6268
2335         3.1051
2335         1.2316
2335        4.61887
2335        2.99921
2335         4.1361
2335        4.84155
2335        4.08003
2335       0.540214
2335        1.89858
2335        4.82095
2335         4.2808
2335         2.3584
2335        3.84849
2335        1.99802
2335        4.33309
2335         5.1197
2335        2.30072
2335        6.25909
2335        5.49824
2335        3.98647
2335        4.86321
2335        1.09164
2335       0.830125
2335       0.589427
2335        1.57215
2335        4.75099
2335        2.65374
2335        4.44747
2335        5.12315
2335        1.81845
2335       0.448723
2335        3.69898
2335        5.28551
2335        1.79333
2335       0.155619
2335        2.48186
2335       0.710151
2335        3.59003
2335        4.42337
2335         1.9612
2335        1.55219
2335        4.98668
2335        2.64657
2335        4.23952
2335        4.77318
2335        2.32202
2335        2.06941
2335        5.50963
2335        5.01108
2335        3.59483
2335        3.48683
2335       0.492592
2335        2.85591
2335        6.15009
2335        2.56902
2335        1.53587
2335       0.996309
2335        2.03512
2335         1.6298
2335        2.81936
2335        2.46812
2335        3.37475
2335        1.28221
2335        4.71338
2335        3.74671
2335        6.17356
2335       0.718037
2335        5.63693
2335        4.62688
2335        3.25762
2335        1.73253
2335        4.13034
2335        2.01281
2335        2.54485
2335        2.12588
2335        5.71794
2335      0.0104321
2335       0.120157
2335        4.38355
2335        3.06594
2335         2.6774
2335         3.9791
2335         3.6413
2335       0.770494
2335        1.34406
2335        1.99064
2335        1.45413
2335        4.53416
2335        1.97895
2335        4.46109
2335        5.56479
2335        6.06643
2335        4.34838
2335        3.76197
2335        3.20829
2335        1.70154
2335        1.41373
2335         4.9345
2335       0.753336
2335        5.00292
2335        4.70302
2335        4.60889
2335        5.78345
2335        0.36384
2335        3.86835
2335        2.77355
2335       0.585422
2335        5.52239
2335        3.04955
2335         4.9389
2335        5.53168
2335         4.6119
2335        4.71124
2335       0.722876
2335        4.39004
2335        1.07714
2335        6.18373
2335        5.20302
2335        5.19078
2335        2.37353
2335       0.578753
2335        5.81649
2335        3.61096
2335        3.39071
2335        4.96369
2335        1.18382
2335        5.53528
2335        4.19118
2335        4.12364
2335        4.75106
2335        1.39733
2335        5.70896
2335        5.43933
2335        4.55462
2335        4.62051
2335        5.97345
2335        5.29533
2335        5.96021
2335        4.99476
2335        6.13162
2335        1.67134
2335        2.93281
2335        1.98054
2335        1.48118
2335        5.25176
2335        4.42955
2335        3.82782
2335        3.57364
2335       0.236908
2335        5.77032
2335       0.432619
2335        5.59649
2335        1.68091
2335        3.57939
2335        2.68892
2335         5.0446
2335        1.32664
2335        3.75704
2335       0.404344
2335        1.55647
2335       0.382986
2335        5.51455
2335         2.5604
2335        1.32176
2335        5.64367
2335      0.0406435
2335        1.75995
2335        1.67544
2335        4.00704
2335        4.76792
2335        5.49259
2335      0.0777542
2335        5.17985
2335        5.49151
2335        5.69125
2335        6.11066
2335       0.705495
2335       0.706358
2335        4.27061
2335        3.03956
2335        5.09784
2335        1.28071
2335        1.90896
2335        4.93124
2335        2.93436
2335        5.18337
2335        5.49695
2335        3.10994
2335        1.91826
2335         2.0758
2335        4.11165
2335        4.50733
2335        4.03817
2335        5.02598
2335        1.50477
2335        2.61971
2335        2.71349
2335         4.6655
2335        1.40642
2335        2.83543
2335        1.57017
2335        1.73057
2335       0.692975
2335        4.60687
2335     0.00447076
2335        2.62745
2335        1.98858
2335        5.87086
2335       0.387342
2335        5.23182
2335         4.4606
2335        1.28005
2335        1.11621
2335        5.86138
2335        2.18707
2335        2.62626
2335        1.52882
2335        3.27035
2335         4.0683
2335        5.39273
2335         2.4449
2335        5.43143
2335        4.42331
2335         4.0197
2335        4.01563
2335       0.870048
2335        4.95916
2335       0.942173
2335        4.43988
2335        2.37111
2335        2.18266
2335        1.65076
2335        3.88316
2335        1.12087
2335        3.99674
2335        4.41425
2335        2.53856
2335        1.66696
2335        3.97316
2335        5.83698
2335         2.6389
2335        5.48901
2335       0.918553
2335        4.39799
2335        2.35881
2335        4.33725
2335        2.23009
2335        4.17564
2335        0.99875
2335        3.69296
2335         2.5746
2335        5.27459
2335        4.06094
2335       0.197235
2335         2.4185
2335        1.29342
2335        1.30979
2335        1.96333
2335         4.4787
2335       0.385511
2335        4.37347
2335         4.9351
2335        5.95384
2335       0.512783
2335        5.12011
2335      0.0338386
2335         4.5691
2335        5.23834
2335        1.87476
2335        1.08223
2335        5.08262
2335        2.97343
2335        4.37519
2335        2.45045
2335        2.19304
2335        2.42802
2335        4.39159
2335        1.13132
2335        1.36637
2335         4.0362
2335        4.49139
2335        4.03054
2335        1.38433
2335        5.23009
2335        1.69383
2335         5.1907
2335        5.57623
2335        5.98402
2335        1.97687
2335        5.67209
2335        3.32991
2335        3.79426
2335        5.88534
2335        2.08406
2335        4.50973
2335        1.19487
2335         2.2935
2335        3.14544
2335        1.59227
2335        4.93734
2335        5.93282
2335        1.47209
2335        2.84467
2335        5.43677
2335        3.83483
2335         4.7968
2335        4.87907
2335        4.63624
2335       0.361297
2335        2.54325
2335        1.81567
2335        5.58079
2335        3.47694
2335        3.02368
2335        1.07327
2335          2.376
2335        1.49686
2335        1.47427
2335         5.0192
2335       0.859889
2335        4.90991
2335         5.0453
2335         1.3649
2335        2.59773
2335        4.64415
2335        1.64521
2335        4.37656
2335        5.08109
2335       0.352731
2335        0.50209
2335        5.06244
2335       0.974019
2335       0.213662
2335         3.6748
2335        4.52022
2335        1.03804
2335        5.35454
2335        1.15657
2335        1.44548
2335        1.79386
2335        3.34375
2335       0.250925
2335        2.76848
2335        6.17202
2335        3.67855
2335        3.15842
2335        6.20928
2335        1.72848
2335       0.795283
2335     0.00796545
2335       0.560551
2335        4.17481
2335         1.3279
2335        3.38575
2335        2.23629
2335        1.14376
2335        5.81755
2335        4.15066
2335         4.9529
2335        5.28133
2335        4.23484
2335       0.992017
2335         1.6675
2335       0.171304
2335        6.17493
2335        5.35857
2335        3.22426
2335        4.78576
2335        5.57076
2335       0.388767
2335       0.596327
2335        4.84285
2335        1.91706
2335        3.93187
2335        2.14541
2335         2.0247
2335        3.02132
2335        4.57079
2335        1.18166
2335        1.46731
2335       0.463754
2335        1.86916
2335        2.03055
2335        1.05085
2335        3.12159
2335        1.80628
2335       0.522697
2335       0.118148
2335        1.78481
2335        2.74221
2335        2.58003
2335         4.6614
2335        3.76714
2335        4.81347
2335        3.64588
2335        4.89063
2335        2.71917
2335         5.3339
2335          4.583
2335       0.666503
2335       0.998301
2335        4.48391
2335        4.27661
2335        5.10497
2335        3.98217
2335        3.60309
2335        3.62921
2335        3.57656
2335       0.932632
2335        2.16537
2335       0.773595
2335        4.79445
2335        2.10667
2335        3.07608
2335        2.05341
2335        5.17047
2335        4.90615
2335        5.30168
2335        5.66674
2335        4.34769
2335        5.58893
2335       0.525035
2335        3.79214
2335        6.22275
2335        5.27554
2335        5.27923
2335        1.12697
2335        4.42043
2335       0.271755
2335        4.00521
2335        3.60046
2335       0.297537
2335        3.02465
2335        2.64014
2335       0.576571
2335        5.03342
2335        6.03483
2335        5.19025
2335        2.36731
2335        5.09082
2335        4.80523
2335        4.97149
2335        1.57447
2335        3.73137
2335        5.04998
2335       0.599191
2335        3.30258
2335        6.15089
2335        3.99536
2335        0.25556
2335       0.325403
2335        1.46899
2335        2.07497
2335        5.31125
2335        5.72154
2335        3.18816
2335        5.26172
2335        3.99321
2335        2.00663
2335        4.63557
2335       0.761045
2335        5.57491
2335       0.814347
2335        5.39409
2335        5.84341
2335       0.958728
2335       0.125087
2335        5.53844
2335        1.76686
2335       0.573387
2335        5.84412
2335        5.47068
2335        3.45398
2335        2.44172
2335        5.45182
2335        5.09702
2335        4.76952
2335        2.26191
2335        2.74657
2335        1.95204
2335        2.88657
2335         4.1022
2335       0.603301
2335       0.787198
2335        4.98582
2335        5.76804
2335        2.51148
2335         4.0347
2335        4.78635
2335        5.51567
2335        2.49879
2335        4.77218
2335        5.50525
2335       0.369838
2335        5.14272
2335        2.03462
2335        4.80944
2335        4.97656
2335        3.77425
2335         4.6355
2335        4.77331
2335        5.27729
2335        2.72422
2335          4.398
2335        1.56244
2335        2.27149
2335       0.958662
2335        1.45118
2335        2.44783
2335        5.43878
2335        5.33342
2335        5.32895
2335         4.0449
2335        3.93192
2335        4.93831
2335       0.984942
2335        5.50423
2335        5.17915
2335        2.59952
2335         4.0788
2335        4.03644
2335        6.14297
2335        6.11701
2335        5.17416
2335         2.2606
2335        2.41037
2335        1.91154
2335         2.7581
2335       0.887616
2335        3.09834
2335         6.0762
2335       0.113346
2335        4.14222
2335        5.40336
2335        1.33141
2335        4.74667
2335        2.67188
2335        5.46356
2335        5.94042
2335        3.69427
2335        3.98232
2335        4.83523
2335       0.685373
2335        3.35361
2335         5.0945
2335        5.32173
2335        1.88688
2335        3.35708
2335        2.50097
2335        5.19411
2335        3.89699
2335        1.36649
2335        4.53227
2335        3.46359
2335        5.62761
2335         2.7651
2335        2.11983
2335        2.34049
2335        2.09241
2335         4.0263
2335        4.29187
2335        3.38079
2335       0.652218
2335       0.957149
2335        3.87307
2335        6.20754
2335        1.79016
2335        1.67431
2335        4.37502
2335        4.92516
2335        3.05313
2335         2.9239
2335        4.29247
2335       0.883887
2335        0.62602
2335        6.21013
2335        1.02903
2335        2.09559
2335        1.40322
2335        4.91723
2335        3.70087
2335        2.79586
2335        3.23826
2335        1.70704
2335        4.88959
2335        5.05324
2335        2.60191
2335       0.737068
2335        1.96806
2335        1.16151
2335        2.17214
2335        1.89392
2335        4.75697
2335        5.66951
2335        1.84192
2335        4.45106
2335        5.10158
2335        4.86338
2335        1.14029
2335        2.08461
2335         2.7883
2335        5.22101
2335        4.59594
2335        1.55928
2335        1.04597
2335        5.63902
2335        3.52995
2335        4.98193
2335        1.66829
2335        3.58773
2335        5.59847
2335         4.9128
2335        1.19403
2335        2.79373
2335         5.5127
2335       0.468088
2335        5.62938
2335        2.12536
2335        1.92133
2335        2.53658
2335        4.82996
2335        3.20657
2335         1.4303
2335        2.44405
2335        3.72082
2335      0.0418804
2335        4.37176
2335        1.84521
2335        3.50394
2335        3.50426
2335       0.969181
2335        5.25958
2335        2.45775
2335        3.83633
2335       0.127618
2335        5.84709
2335        5.38076
2335        2.23306
2335        5.75921
2335         0.7529
2335       0.206956
2335          4.427
2335        1.89509
2335        3.64952
2335        1.52705
2335        4.50514
2335        5.49289
2335        5.68471
2335         2.2646
2335        1.31782
2335        6.20172
2335         2.6067
2335        5.71469
2335        5.29977
2335        1.89058
2335        3.98556
2335        5.09416
2335        5.41765
2335        3.73276
2335        2.99946
2335        5.16407
2335       0.625246
2335        5.54148
2335        4.78643
2335        5.74993
2335        6.01992
2335        4.49656
2335         4.5428
2335       0.632845
2335        3.74219
2335        1.24256
2335        4.60069
2335        2.49964
2335        5.28777
2335        1.31009
2335        4.53431
2335         1.4668
2335        4.78565
2335        4.77175
2335       0.894344
2335        1.37369
2335        2.19202
2335        2.12993
2335         1.5419
2335        3.84283
2335       0.623102
2335        5.13347
2335        2.05529
2335        2.25891
2335        4.20428
2335        1.73599
2335        2.56936
2335        1.20606
2335         5.5305
2335        2.41618
2335        4.25421
2335        1.77055
2335        5.64689
2335        4.18488
2335       0.487524
2335        3.84715
2335        5.09098
2335        4.98524
2335        2.74636
2335        1.73381
2335       0.966786
2335         4.5961
2335        2.17344
2335        2.15931
2335        5.29549
2335        2.94416
2335        4.69997
2335        4.54133
2335       0.366325
2335        6.12407
2335        2.04877
2335        1.36689
2335       0.248032
2335        5.79049
2335        4.18784
2335        1.82517
2335         1.7443
2335         1.1508
2335        3.94569
2335       0.973712
2335        5.49828
2335        4.88805
2335       0.666586
2335        4.30647
2335        4.22043
2335        1.36768
2335        1.49465
2335        3.95667
2335        4.85763
2335        4.83911
2335        3.51029
2335         1.6787
2335        5.31709
2335        4.32092
2335        1.41278
2335        5.38999
2335        1.48838
2335         1.6151
2335        1.81106
2335        6.15106
2335        2.45723
2335         5.9511
2335        5.31887
2335        4.32119
2335        2.48737
2335        3.56625
2335        4.10319
2335        5.52072
2335        4.09012
2335        1.42717
2335       0.731703
2335       0.847857
2335        5.10186
2335        5.05206
2335         5.1367
2335        1.34615
2335        1.44377
2335         2.4233
2335        1.19097
2335        3.77368
2335        1.68526
2335        1.56167
2335        6.28032
2335        5.38685
2335        2.50564
2335        5.94519
2335        4.23407
2335        4.96043
2335        5.52599
2335        4.55338
2335        4.18763
2335        5.45971
2335        1.66542
2335        3.12932
2335        4.51422
2335         4.8922
2335        3.27714
2335         6.2356
2335        3.29955
2335        3.86646
2335        1.70814
2335         3.2735
2335        1.51504
2335        6.16572
2335        5.47703
2335        4.36528
2335        6.08769
2335        3.55238
2335       0.743247
2335        1.88141
2335        1.20895
2335        4.94484
2335        5.45678
2335        3.92671
2335      0.0617812
2335        4.51574
2335        4.89069
2335        2.85504
2335        1.61392
2335        5.18814
2335        0.83721
2335        3.17986
2335        2.51596
2335        4.07692
2335      0.0884836
2335        1.64928
2335        5.56483
2335       0.326099
2335        4.32692
2335        4.99195
2335        2.12087
2335        1.67758
2335        5.65192
2335        4.69433
2335        3.62983
2335        1.63687
2335        3.17351
2335        3.15773
2335        2.34521
2335       0.543978
2335        1.78193
2335        2.29624
2335        1.09456
2335        3.91485
2335        2.19931
2335        6.00893
2335        1.31948
2335        5.36321
2335        2.59725
2335       0.239789
2335        5.46403
2335        1.55327
2335        5.35814
2335        1.32883
2335         5.3838
2335        2.86388
2335        1.48429
2335         5.7702
2335        4.86404
2335        1.40229
2335        1.14011
2335        1.10528
2335        4.65811
2335        5.35062
2335        1.01589
2335        5.22128
2335        3.78765
2335        5.60671
2335        2.49828
2335        5.50824
2335        1.27153
2335        2.33258
2335         2.0352
2335         5.4062
2335        4.71056
2335         4.1202
2335        5.17577
2335        4.41259
2335       0.597505
2335        4.69273
2335        4.64903
2335        2.19919
2335        5.27867
2335        1.70541
2335        1.68078
2335        4.73573
2335        6.28018
2335        4.20528
2335        1.81075
2335         2.2677
2335        3.06404
2335        2.80436
2335        1.03929
2335         4.9183
2335        4.61721
2335        2.38648
2335        5.95827
2335        2.17234
2335        1.22957
2335        2.85009
2335        3.70489
2335        5.87459
2335        1.84983
2335        1.37584
2335        5.23083
2335        1.35569
2335       0.997513
2335        3.43834
2335        1.79587
2335        4.89558
2335        4.47682
2335        2.11141
2335         2.1243
2335        5.35265
2335        4.45358
2335        5.09739
2335       0.433844
2335        2.27586
2335        3.13324
2335        1.79991
2335        4.95328
2335          1.354
2335       0.555259
2335        3.02135
2335      0.0854401
2335         4.9056
2335       0.247024
2335        1.89924
2335        1.23804
2335        1.54541
2335       0.939141
2335        4.98887
2335         1.0562
2335        5.28681
2335        1.03935
2335        3.92613
2335       0.316404
2335        4.60446
2335       0.417638
2335        4.57635
2335        3.87473
2335        3.04409
2335        4.90937
2335        5.87362
2335         4.7325
2335        4.25852
2335         2.1973
2335        4.21865
2335         2.7031
2335        3.70401
2335        5.64515
2335       0.340686
2335        4.41652
2335        5.90227
2335        5.45172
2335        5.13866
2335        2.96145
2335        1.52173
2335        5.32353
2335        2.90322
2335        4.08908
2335        4.10887
2335        6.14542
2335         5.2577
2335        1.38315
2335        5.64166
2335        4.65326
2335        4.22514
2335        2.51493
2335        5.77359
2335       0.334805
2335       0.534472
2335         3.5244
2335         4.0396
2335         1.9455
2335         5.5598
2335        1.47542
2335        4.83244
2335        4.74916
2335         2.7445
2335        1.45706
2335         4.1747
2335        3.54982
2335        1.42402
2335        4.60405
2335        4.44159
2335        5.73728
2335        1.79411
2335        3.24609
2335        3.88851
2335        4.32873
2335        5.09042
2335        4.72601
2335        1.75388
2335        5.45878
2335        1.31487
2335        3.16473
2335        2.66854
2335        5.62636
2335        4.60592
2335         6.0676
2335        1.89702
2335        6.24439
2335        4.44713
2335        2.47534
2335        1.11043
2335        5.07756
2335         1.2423
2335        4.86735
2335        4.22574
2335        3.30694
2335        4.36198
2335        1.83816
2335        4.73552
2335        5.19509
2335       0.862121
2335        4.41592
2335       0.196447
2335         5.6752
2335       0.340039
2335        5.28817
2335        3.68511
2335        4.88494
2335        4.64952
2335        3.52458
2335        4.52239
2335        2.19859
2335        4.56332
2335        4.33891
2335        0.60119
2335        5.45731
2335        4.18231
2335        4.56719
2335        5.13656
2335        2.37145
2335         6.2517
2335        1.09119
2335       0.891839
2335        1.57399
2335        1.77028
2335        4.75724
2335        2.20164
2335         2.2802
2335        4.55155
2335        3.27989
2335        5.05306
2335        3.46237
2335       0.138175
2335        4.86366
2335        3.28596
2335        2.14698
2335        2.30987
2335        4.81766
2335        4.31038
2335        6.03418
2335       0.118585
