3455        3.92987
3455        2.85605
3455        3.30076
3455        2.92112
3455     0.00156252
3455        1.25461
3455         2.9151
3455        1.64737
3455        4.67344
3455        1.96409
3455        5.48886
3455        2.06826
3455        6.12992
3455       0.130031
3455         3.3055
3455       0.108419
3455        4.01025
3455        1.98423
3455        4.31503
3455         2.1227
3455        2.02276
3455        2.76729
3455        5.98486
3455         5.9058
3455         0.6159
3455       0.157493
3455        4.77041
3455        6.26554
3455        3.91217
3455        5.83122
3455        5.77782
3455        1.78557
3455        2.45302
3455        1.83937
3455          3.748
3455        3.88769
3455        1.10254
3455        5.44333
3455        3.06911
3455        4.26011
3455        5.75128
3455        3.38272
3455        4.59769
3455       0.358071
3455        4.88919
3455       0.337363
3455        5.93416
3455        2.81137
3455        5.19256
3455        1.23359
3455        5.09164
3455         4.0331
3455        4.69028
3455         3.0479
3455        4.76417
3455        4.75424
3455       0.663327
3455        6.01784
3455        1.27965
3455       0.209603
3455        5.48692
3455       0.177597
3455        1.46357
3455        4.90431
3455        2.10134
3455        3.18104
3455       0.169583
3455        3.50519
3455         2.8082
3455         2.9879
3455       0.506781
3455        5.56931
3455        1.30902
3455        3.23084
3455        4.13644
3455        2.55333
3455        4.87915
3455       0.132015
3455       0.137373
3455        1.41687
3455         2.3633
3455        2.65803
3455        4.52156
3455         5.8916
3455        4.07124
3455        4.38003
3455        5.63077
3455        4.93573
3455       0.347949
3455         2.9613
3455        4.16625
3455         4.5002
3455        3.24436
3455      0.0714917
3455        0.73996
3455        4.36595
3455        2.02946
3455        5.73938
3455        2.71489
3455        3.02298
3455        4.47754
3455        4.58299
3455        2.07996
3455        6.00035
3455        5.95088
3455        0.71153
3455        5.58865
3455        4.94761
3455        4.83572
3455        2.57402
3455        3.13903
3455       0.157015
3455        2.13184
3455       0.549467
3455         2.1833
3455        6.09142
3455       0.987119
3455        4.83068
3455       0.144648
3455        5.64534
3455       0.655222
3455        2.47172
3455        5.38483
3455        3.19707
3455        3.81623
3455        2.04771
3455        2.49808
3455        1.99963
3455        5.15834
3455        5.70103
3455        6.20568
3455        4.81393
3455       0.375423
3455        1.93081
3455        5.38613
3455        5.72183
3455        3.11952
3455         1.6419
3455        6.16612
3455        1.63069
3455        4.29333
3455        5.68235
3455        1.10953
3455        1.73211
3455        0.22744
3455        6.10395
3455        1.04544
3455        5.27431
3455        3.54794
3455        2.72748
3455        3.02172
3455        4.97361
3455        3.47424
3455        1.47856
3455        5.16695
3455        3.91699
3455        4.74858
3455        4.13124
3455         5.4399
3455         5.5376
3455        5.98309
3455         2.9557
3455        4.16265
3455        6.05565
3455        3.08448
3455        2.95614
3455       0.204681
3455        4.74997
3455         5.0005
3455       0.215944
3455        3.36911
3455        5.88513
3455        1.82935
3455        2.04786
3455        3.32373
3455        5.79776
3455        1.10016
3455        6.25473
3455        2.21114
3455       0.731596
3455        1.24835
3455        3.59326
3455        0.67312
3455        4.19815
3455        4.11396
3455        2.28895
3455         5.5583
3455       0.489105
3455        5.34985
3455        3.46798
3455       0.235465
3455        6.09044
3455        2.46144
3455        0.95206
3455        3.20015
3455        4.46563
3455        3.08915
3455         5.8333
3455        4.98455
3455        2.08392
3455        3.59468
3455        5.10065
3455       0.470012
3455        5.40706
3455         6.2303
3455        2.17153
3455        6.12286
3455        5.14997
3455        3.35575
3455       0.203901
3455        5.76456
3455        1.72013
3455         2.0505
3455        6.11886
3455         1.7967
3455        2.69113
3455        3.14946
3455        5.31575
3455       0.929302
3455        5.84261
3455        5.18434
3455         2.5298
3455        5.98137
3455        2.83536
3455        5.67383
3455        2.63555
3455        3.62623
3455         1.1221
3455        1.81217
3455        3.20729
3455        4.44226
3455        3.51385
3455        2.58342
3455        3.08249
3455        2.88552
3455       0.203971
3455        3.67051
3455        5.79755
3455       0.442495
3455        1.16046
3455       0.175881
3455         5.0183
3455        1.97234
3455        3.28192
3455        3.52484
3455        5.52153
3455        1.86339
3455        5.60645
3455        5.43451
3455         2.6029
3455        5.11981
3455        1.00015
3455        3.32832
3455       0.426122
3455        5.33973
3455        3.80379
3455      0.0156205
3455        2.05168
3455        2.75078
3455        3.49043
3455        0.33179
3455       0.602978
3455         4.7197
3455        3.22145
3455        5.46074
3455        2.86416
3455        1.45992
3455        5.42914
3455        4.53312
3455       0.608497
3455        2.79129
3455        3.04442
3455        1.11555
3455        1.88217
3455         4.5363
3455       0.807506
3455        5.73545
3455        4.33177
3455        5.05606
3455        6.22472
3455        2.46474
3455        4.41563
3455        5.94198
3455      0.0263257
3455       0.717519
3455        2.62707
3455        5.42112
3455        3.32656
3455        5.38904
3455        5.90393
3455         3.0501
3455        1.14201
3455       0.258859
3455        5.14137
3455        5.70411
3455        1.50148
3455        4.83641
3455        0.20836
3455       0.566928
3455         4.7287
3455       0.211931
3455        3.84547
3455       0.883897
3455        1.32042
3455        2.59804
3455        4.71055
3455       0.777641
3455        3.16424
3455        3.91809
3455        2.88529
3455        3.48272
3455        2.58476
3455        1.81135
3455        3.06501
3455        5.34242
3455       0.746835
3455        3.51889
3455        5.23045
3455        4.36226
3455        2.84044
3455      0.0295059
3455        1.28107
3455        2.31829
3455        5.32968
3455        3.74736
3455        5.19157
3455        2.04584
3455        2.60727
3455        4.93701
3455       0.915725
3455        4.75492
3455         0.5978
3455        6.22011
3455        1.41229
3455        1.24701
3455        4.99363
3455        5.30949
3455        3.84286
3455        4.81594
3455        1.25083
3455        1.84375
3455        4.54838
3455       0.325144
3455        4.13083
3455      0.0136645
3455       0.794753
3455        4.33092
3455        3.58479
3455        3.27666
3455        4.25977
3455        5.93837
3455       0.871953
3455       0.116202
3455        5.48044
3455       0.250857
3455         5.5633
3455        6.02229
3455        4.72875
3455        5.75108
3455        4.18763
3455       0.222916
3455        1.73846
3455        1.37826
3455        2.29335
3455        3.24288
3455        6.26946
3455         5.5419
3455        6.18928
3455        2.42014
3455        4.49607
3455        1.20353
3455        0.37847
3455        3.82616
3455        5.98291
3455      0.0886632
3455         4.1653
3455        2.00169
3455        3.86777
3455        4.82236
3455        5.85134
3455        1.40758
3455       0.465684
3455       0.683147
3455        3.43923
3455          2.943
3455        3.49963
3455      0.0998801
3455        1.38011
3455        3.84559
3455       0.416353
3455        2.13305
3455       0.906648
3455        5.76184
3455        3.75128
3455        3.66547
3455        3.10066
3455         4.4136
3455        6.02758
3455        4.08014
3455       0.988771
3455         2.4586
3455        2.37113
3455         2.0299
3455        5.12919
3455        3.13858
3455        5.42742
3455        5.50647
3455      0.0372358
3455       0.542347
3455        3.84817
3455           4.43
3455      0.0410766
3455        2.64033
3455        3.59589
3455        5.24322
3455        5.51049
3455       0.452848
3455        1.33814
3455       0.575511
3455       0.532039
3455        1.82517
3455        5.23332
3455        1.85096
3455        2.51618
3455        3.33323
3455        4.31427
3455       0.564617
3455        3.19956
3455         3.2876
3455        5.10616
3455        2.28618
3455        4.28103
3455        1.00224
3455         1.9885
3455        3.19795
3455        5.36206
3455        5.98837
3455        5.40849
3455        5.83764
3455        6.15796
3455         4.4569
3455        3.96086
3455        4.14909
3455         4.6432
3455         3.8086
3455        5.15843
3455        5.76345
3455       0.685969
3455        1.91819
3455        5.50094
3455        1.89436
3455        3.69073
3455        2.20676
3455        2.33693
3455        2.45805
3455        6.22857
3455        2.78019
3455        2.58128
3455        5.19086
3455      0.0444579
3455        1.42791
3455        5.65274
3455         1.4222
3455       0.450504
3455        3.46814
3455      0.0434469
3455        2.57982
3455       0.834639
3455        3.40701
3455        2.20441
3455        3.44796
3455        5.16075
3455       0.808665
3455        3.96168
3455        2.34441
3455       0.976224
3455        4.11171
3455        1.94247
3455       0.162222
3455         4.4876
3455           2.06
3455        2.28481
3455        5.75754
3455         5.6675
3455        2.76328
3455        3.19567
3455        1.22898
3455         2.3709
3455        2.31884
3455        3.49182
3455        2.65704
3455        1.94596
3455        4.04055
3455        3.76355
3455         1.7189
3455       0.539727
3455        1.80593
3455       0.104806
3455        3.70809
3455       0.279705
3455        3.24696
3455        6.21566
3455        4.18096
3455        2.65551
3455        4.94936
3455        1.19837
3455        4.12486
3455         2.5657
3455       0.912768
3455        3.04555
3455        4.33125
3455        1.94824
3455         3.4975
3455        3.55595
3455        3.52437
3455        5.56086
3455        4.10463
3455       0.622497
3455        3.26012
3455       0.854412
3455         5.3709
3455        1.35523
3455       0.616911
3455        2.76839
3455          2.281
3455        3.70812
3455        3.24846
3455       0.551661
3455        1.18077
3455        3.88942
3455        5.71564
3455        6.16774
3455        5.15479
3455        2.02123
3455        6.26752
3455        4.11442
3455        3.21107
3455        5.31301
3455         5.9967
3455        5.67392
3455        2.49962
3455        3.35315
3455       0.860764
3455        2.39211
3455        2.76632
3455        5.27811
3455        5.75619
3455        6.12199
3455        2.93415
3455         2.8255
3455         6.2262
3455        5.52023
3455       0.550413
3455        1.21168
3455        3.62538
3455        2.51653
3455        1.23615
3455        5.24156
3455        1.28949
3455       0.161635
3455        1.96887
3455        2.89026
3455        6.13323
3455        3.14648
3455        3.41473
3455       0.715628
3455        3.56126
3455       0.468826
3455       0.746861
3455        1.73398
3455        5.99055
3455        4.80645
3455        3.18212
3455        2.67298
3455        2.23061
3455       0.435132
3455       0.877902
3455        3.86947
3455        2.31284
3455        2.69154
3455        2.25074
3455        1.74325
3455        1.44692
3455        2.01334
3455        3.57677
3455        4.24844
3455        2.03129
3455         3.0444
3455         2.2665
3455        6.22167
3455         5.5361
3455        1.42615
3455         3.3414
3455         0.2381
3455        1.17371
3455        6.18163
3455        3.77946
3455        3.92044
3455        3.45384
3455        5.82292
3455      0.0639107
3455        2.11132
3455        5.81908
3455        2.93376
3455        6.26274
3455        5.15885
3455        3.95691
3455         2.9624
3455        2.99669
3455        5.00726
3455       0.983931
3455        2.09788
3455         3.9717
3455        4.70409
3455        3.39175
3455        3.48057
3455        1.52505
3455        4.07067
3455        4.59579
3455       0.622266
3455         4.1134
3455        2.04106
3455       0.664274
3455        3.60494
3455       0.681698
3455        2.04488
3455        4.17114
3455        2.73367
3455       0.623311
3455       0.182733
3455        4.01533
3455        3.59573
3455        2.26455
3455        4.56952
3455        4.48186
3455        4.46267
3455        6.24259
3455        5.49593
3455        4.37973
3455       0.647067
3455        0.38006
3455        6.25522
3455        1.96126
3455        3.58773
3455         5.7534
3455        3.79841
3455        5.02935
3455        2.92645
3455        2.83819
3455          3.576
3455        2.72375
3455        2.05773
3455          1.421
3455        3.53339
3455         1.1526
3455        2.51101
3455        5.78346
3455        2.62322
3455          3.546
3455        5.46227
3455         2.1348
3455       0.766373
3455      0.0755407
3455       0.726933
3455        5.48093
3455        4.95326
3455       0.795719
3455       0.979624
3455         1.6104
3455        3.29965
3455        5.25637
3455        6.21233
3455        2.02014
3455        2.01163
3455        4.00527
3455       0.421735
3455        1.57115
3455      0.0113983
3455        1.95814
3455        1.85337
3455        4.25316
3455        3.26582
3455        1.55046
3455        1.15682
3455        2.48158
3455        2.93259
3455        3.36762
3455        3.01278
3455        3.01355
3455        1.40453
3455       0.492053
3455        2.31898
3455        6.22764
3455        3.80541
3455         5.7139
3455        2.48056
3455         2.1745
3455        1.39398
3455        3.41348
3455         1.2309
3455        0.24353
3455       0.501524
3455       0.344748
3455         2.3101
3455       0.271693
3455       0.641778
3455        4.39741
3455        3.40255
3455       0.512857
3455        3.42195
3455        2.97628
3455        5.76179
3455        2.09749
3455        4.98921
3455        3.91406
3455        6.16494
3455       0.739606
3455         2.9246
3455         1.7879
3455        2.50689
3455       0.470292
3455        3.57952
3455       0.570155
3455      0.0643258
3455        1.51117
3455       0.450826
3455        2.31487
3455        2.37685
3455          3.683
3455        4.48104
3455        6.25577
3455        5.55388
3455        2.38337
3455       0.739368
3455        3.32912
3455        3.29125
3455        3.06283
3455       0.818361
3455       0.932093
3455        5.77334
3455        2.73013
3455        2.01025
3455        3.51603
3455        5.49609
3455       0.416912
3455        3.25607
3455        2.80491
3455         3.9927
3455        5.85737
3455        5.22521
3455        2.96332
3455        4.99847
3455        2.55037
3455        2.23602
3455        2.75685
3455        3.93012
3455        3.31664
3455        3.41324
3455        3.14929
3455        4.61051
3455        3.74576
3455        3.95097
3455       0.524691
3455        1.59107
3455        1.41785
3455        6.22339
3455       0.432017
3455        5.95656
3455        1.39314
3455        2.31844
3455       0.802188
3455        1.22119
3455        0.46843
3455        3.58102
3455        5.34193
3455        5.67026
3455        2.17912
3455        5.73352
3455        1.90037
3455        5.71403
3455        3.32471
3455       0.971419
3455          3.512
3455       0.651828
3455       0.267593
3455         3.4208
3455        2.39791
3455        1.65254
3455        3.51386
3455        5.73895
3455        5.40772
3455        4.47627
3455        4.53337
3455        0.48662
3455        5.02934
3455        1.86481
3455        1.79128
3455         1.1422
3455       0.437493
3455        5.55738
3455        5.94543
3455         3.7668
3455        5.52243
3455        2.95571
3455        2.14659
3455        1.44451
3455        6.09134
3455        3.47149
3455        3.74623
3455        6.14738
3455        4.02951
3455        6.27651
3455        2.97776
3455        5.28213
3455        2.28144
3455        3.33017
3455        2.67909
3455        2.48197
3455        6.02674
3455        4.12688
3455        1.87961
3455        2.74297
3455         0.4994
3455       0.369102
3455        5.38563
3455        5.58288
3455         3.8936
3455       0.278209
3455       0.205681
3455        4.25683
3455       0.348712
3455        2.17581
3455        4.33862
3455        3.35702
3455        2.36766
3455         5.8056
3455        4.36522
3455        3.20115
3455        5.32565
3455       0.868698
3455        5.04479
3455        4.36976
3455        2.69398
3455        4.52038
3455        4.01426
3455        4.24314
3455       0.393018
3455        0.34407
3455        4.72831
3455        4.64492
3455        1.40069
3455        3.40256
3455         3.1597
3455        5.98817
3455        1.05662
3455        3.59475
3455       0.130339
3455        6.07535
3455         2.8286
3455        3.71411
3455        5.15443
3455       0.730914
3455        2.39924
3455        2.95605
3455       0.127357
3455         2.2432
3455        6.22007
3455        0.44879
3455        6.11419
3455        4.24746
3455       0.949578
3455        5.63446
3455        3.90371
3455        1.64129
3455        2.47255
3455        4.78076
3455        4.82339
3455        2.83616
3455       0.309066
3455        2.91253
3455        2.22494
3455      0.0279244
3455        3.88749
3455        4.27618
3455        4.45464
3455        2.39204
3455        4.55329
3455        3.00083
3455        0.23003
3455        6.04654
3455        3.53425
3455         3.4188
3455        1.50436
3455        5.40315
3455         2.4979
3455        3.38589
3455        3.37724
3455        3.10875
3455        3.83833
3455        2.88345
3455        0.37197
3455        5.30034
3455       0.127804
3455       0.227249
3455        6.25336
3455        2.27424
3455       0.909657
3455        6.07249
3455        3.31884
3455        2.46546
3455         3.6426
3455       0.365793
3455        5.21594
3455        6.19133
3455         5.8111
3455       0.168129
3455        1.52426
3455        3.46799
3455        4.27638
3455        4.44378
3455        2.50472
3455       0.538021
3455        6.25347
3455        3.46886
3455        5.41462
3455       0.620334
3455        4.99097
3455        2.30782
3455        4.75718
3455        6.07796
3455        1.31079
3455        1.40442
3455        3.76369
3455        1.16136
3455        6.04084
3455        5.72013
3455        2.45805
3455       0.565795
3455        4.18311
3455         5.2167
3455        4.24032
3455        0.79921
3455        3.79159
3455        0.21121
3455       0.556153
3455        2.17919
3455        1.68832
3455        2.59145
3455        1.59243
3455        5.40074
3455        3.11668
3455        3.21133
3455         3.0282
3455        4.71863
3455        5.92458
3455        1.93488
3455        1.62752
3455        3.38133
3455       0.264912
3455        3.47233
3455         4.6809
3455         5.9155
3455        6.02294
3455        3.71928
3455       0.852455
3455        5.27846
3455        2.84858
3455        1.92977
3455        5.55448
3455        3.28311
3455        5.49482
3455        0.26018
3455         5.1826
3455        4.04616
3455        6.01425
3455       0.396767
3455        1.87174
3455        3.23065
3455        1.85095
3455        1.59314
3455        5.10445
3455        3.11991
3455        2.91945
3455        2.02896
3455        3.90215
3455        3.03943
3455        2.93887
3455         3.3728
3455        5.83006
3455        1.98921
3455        2.72381
3455        5.73072
3455       0.054466
3455         3.5285
3455         3.0012
3455        6.10507
3455       0.719672
3455         2.8659
3455         0.3226
3455        2.81888
3455        3.05465
3455       0.736561
3455        5.47333
3455       0.029528
3455        3.85067
3455        3.65536
3455        5.46533
3455        1.77939
3455        5.09889
3455        4.85065
3455        4.02856
3455        4.25141
3455        1.38677
3455         4.3393
3455        6.22113
3455        2.65755
3455        2.31755
3455        6.19732
3455        6.23332
3455         4.0172
3455        4.45605
3455        1.93906
3455        5.92279
3455        3.71205
3455        5.13653
3455        5.97167
3455        5.38067
3455        2.87295
3455        5.38082
3455        2.28547
3455        4.47036
3455         5.4729
3455        3.35439
3455        2.88275
3455        2.61175
3455        2.93365
3455        5.28891
3455        5.28451
3455       0.240149
3455        5.88866
3455         3.4937
3455       0.408291
3455        5.47356
3455       0.546094
3455       0.198731
3455        3.55699
3455        5.44005
3455        2.64919
3455        4.48885
3455        2.57497
3455        5.51977
3455        6.03663
3455        5.74441
3455        5.09492
3455        1.00925
3455        6.09084
3455       0.836128
3455        5.58689
3455         4.1223
3455        3.47512
3455        4.50644
3455        1.93629
3455        3.14007
3455        5.86127
3455        1.04346
3455       0.747901
3455        3.92153
3455        5.60945
3455        2.64202
3455       0.822753
3455        5.50494
3455        3.41498
3455         1.9916
3455        3.31031
3455        4.63413
3455        4.51627
3455        4.73092
3455        4.43814
3455         3.1356
3455        2.33357
3455        1.35477
3455       0.866671
3455        6.21211
3455        1.05756
3455         0.3003
3455        2.79802
3455        6.17332
3455      0.0375779
3455       0.321997
3455         5.2753
3455        0.18706
3455       0.809754
3455        4.76081
3455         6.1901
3455       0.813631
3455        5.78854
3455        2.95839
3455       0.290988
3455        6.13619
3455        2.64198
3455        2.58361
3455        5.31919
3455        4.81336
3455        4.79659
3455         1.1908
3455        5.75611
3455        5.94808
3455        2.07592
3455        5.44306
3455        2.02524
3455        3.29831
3455        2.39038
3455       0.250516
3455        3.00593
3455        2.15663
3455       0.497477
3455        5.19312
3455        1.28106
3455        3.29403
3455        2.76937
3455         4.8723
3455        6.22145
3455        5.73378
3455        3.66276
3455        0.37851
3455        5.08266
3455        2.62093
3455        2.96093
3455        2.41023
3455       0.649314
3455        4.24293
3455         5.6134
3455        5.62429
3455       0.577299
3455        2.72417
3455        1.13859
3455         4.7283
3455       0.590082
3455        4.25313
3455        4.31796
3455        5.72874
3455        1.96385
3455        2.14529
3455        3.08702
3455        4.01169
3455        1.73277
3455        6.13066
3455        2.42479
3455       0.965871
3455        4.36659
3455        3.25703
3455        1.01042
3455        5.76221
3455        1.95609
3455        5.93788
3455        1.38396
3455        1.85565
3455        2.43148
3455        5.45922
3455        6.21212
3455        1.40271
3455        2.64787
3455        6.20478
3455        4.48696
3455        5.05968
3455        4.36645
3455       0.919706
3455        5.05105
3455        5.30428
3455        5.57732
3455        2.83797
3455         2.3043
3455        3.64347
3455        2.40193
3455        4.05829
3455        1.77778
3455        2.26975
3455        5.40338
3455        1.36436
3455        5.98975
3455        4.73971
3455        2.07833
3455       0.807793
3455        4.71517
3455       0.847936
3455         3.3098
3455        4.49386
3455        3.06231
3455        3.86008
3455        3.98856
3455        1.09742
3455         3.3933
3455        4.79305
3455        5.80635
3455         3.2119
3455        2.51595
3455        1.21859
3455        5.96944
3455        3.30059
3455       0.967052
3455        3.25326
3455        1.94683
3455        5.09939
3455        4.27019
3455        1.33787
3455       0.404413
3455        2.44118
3455        4.88689
3455        4.06704
3455        4.86474
3455       0.614718
3455        1.14942
3455        4.32373
3455        2.83726
3455       0.174086
3455        6.21397
3455        5.81978
3455        6.18067
3455        1.86271
3455       0.340656
3455        3.40671
3455         6.2184
3455        1.45153
3455         5.1401
3455        3.41786
3455        1.05712
3455        4.20097
3455       0.643303
3455        1.01706
3455        4.56119
3455        1.20093
3455        4.05278
3455        4.19418
3455         2.5859
3455        3.35199
3455        2.59701
3455        2.48297
3455        2.23963
3455           2.85
3455        2.99272
3455        0.81204
3455        4.36224
3455        1.99628
3455         1.6496
3455        1.94825
3455        6.11703
3455        2.71341
3455        5.75216
3455        4.01179
3455        5.24653
3455        1.69194
3455        2.16643
3455        3.83557
3455        3.30459
3455       0.010899
3455        4.03492
3455        2.75113
3455        6.17996
3455       0.649799
3455        3.02018
3455        5.12429
3455        3.92961
3455       0.719302
3455         4.3875
3455        2.61658
3455        5.60338
3455        2.63345
3455        1.31091
3455        2.07471
3455        2.82853
3455        1.48495
3455        2.40915
3455      0.0917576
3455        5.03706
3455        4.58023
3455        1.63269
3455        3.69061
3455       0.843795
3455        1.79365
3455        5.93883
3455          5.917
3455       0.514613
3455        1.01523
3455       0.537619
3455         2.8036
3455         2.8057
3455         4.9484
3455        5.10314
3455       0.273045
3455        4.51761
3455        2.66645
3455        4.25657
3455       0.147769
3455        1.81257
3455       0.253015
3455        6.05605
3455        2.23459
3455        3.29964
3455       0.468587
3455       0.910744
3455        2.40724
3455        3.18149
3455        3.58602
3455         3.3209
3455        5.54958
3455       0.810728
3455        5.94567
3455        2.73661
3455       0.423025
3455       0.224034
3455        4.73337
3455      0.0194793
3455         2.6326
3455       0.922214
3455        1.44034
3455        4.31076
3455       0.169478
3455        3.17688
3455        1.35415
3455        1.87196
3455         6.0586
3455        2.27287
3455       0.374824
3455        3.61836
3455        2.73224
3455        5.88261
3455        3.13093
3455        2.45184
3455        1.74823
3455        2.84967
3455         6.1275
3455        1.30746
3455        4.26696
3455        2.72771
3455        5.92728
3455         3.5989
3455        3.52992
3455        3.64044
3455        3.31998
3455        2.75212
3455       0.648451
3455        1.25775
3455        1.69851
3455        1.21836
3455        4.73291
3455         1.6156
3455        2.23072
3455        4.29776
3455        6.09369
3455       0.842752
3455         3.4843
3455        6.26765
3455        2.92773
3455       0.226017
3455        3.24374
3455       0.355239
3455        5.56667
3455        6.14871
3455         1.3302
3455        2.22254
3455        5.48704
3455        4.18791
3455        1.28713
3455       0.210083
3455        5.68668
3455        1.82897
3455       0.376022
3455        2.68854
3455       0.864551
3455        2.27151
3455        1.87781
3455        4.51228
3455        1.40301
3455        4.52431
3455        3.28512
3455        5.40831
3455        5.37361
3455        2.37754
3455        3.40009
3455        2.55876
3455        3.74311
3455        0.25633
3455        4.37391
3455        3.17161
3455      0.0387842
3455       0.278579
3455       0.490805
3455        5.23575
3455       0.612718
3455       0.812299
3455        4.82426
3455       0.969095
3455          2.999
3455        1.32665
3455        2.99518
3455        4.08062
3455        1.40971
3455        2.37485
3455        2.82365
3455        4.32079
3455        3.31573
3455         2.8889
3455        6.23689
3455       0.911062
3455       0.983629
3455        1.76477
3455         3.3746
3455      0.0962138
3455        2.07129
3455         3.7431
3455        2.19057
3455        3.43886
3455        1.46486
3455        3.57301
3455        2.83559
3455        3.81079
3455        5.21129
3455        1.30689
3455          3.404
3455        2.95353
3455        3.50465
3455      0.0831192
3455         6.1637
3455        4.57135
3455        6.24331
3455        2.69708
3455        4.63211
3455        1.54103
3455        2.36996
3455        1.63045
3455        4.52363
3455        3.12502
3455        5.13146
3455        2.18182
3455        4.94415
3455      0.0138425
3455         2.3045
3455        3.90147
3455         5.7043
3455        5.28691
3455        4.83907
3455        5.56512
3455        6.07278
3455        4.62969
3455        5.52544
3455        1.49814
3455       0.358949
3455        5.66424
3455       0.204528
3455        5.92895
3455        2.88419
3455         1.8209
3455        5.41108
3455       0.607101
3455        3.51652
3455        1.00341
3455        5.54429
3455        1.97679
3455        5.22833
3455        1.25646
3455       0.520747
3455        2.07889
3455        5.20859
3455        4.17959
3455        3.87812
3455        2.69584
3455        5.45845
3455        5.19261
3455        2.39803
3455        4.21406
3455        1.87733
3455        4.58799
3455        2.74004
3455        3.96487
3455        4.19035
3455        5.43309
3455        5.61245
3455        5.34274
3455         1.1696
3455        3.67421
3455        4.03502
3455        6.15063
3455        1.33262
3455        6.21278
3455       0.104295
3455        4.36825
3455        3.13468
3455        3.30182
3455        3.61822
3455        5.34567
3455        4.20475
3455        6.12712
3455        3.27251
3455        1.49591
3455        5.98798
3455        3.31413
3455       0.169859
3455        4.16905
3455       0.560468
3455        5.32859
3455        6.09154
3455        5.05085
3455        2.34691
3455        3.72558
3455         4.9273
3455        4.55051
3455        6.23205
3455        4.63188
3455       0.804257
3455        1.01249
3455        5.79998
3455        5.81339
3455        1.71689
3455       0.788248
3455        5.78008
3455         3.8597
3455        5.14981
3455         4.2622
3455        2.07017
3455         1.5134
3455        3.66656
3455      0.0561403
3455        5.46833
3455        1.31484
3455         2.9836
3455        3.82019
3455        3.27098
3455        2.19094
3455        4.25418
3455        0.15751
3455        1.11686
3455       0.178448
3455        2.98684
3455        3.78858
3455        4.19679
3455        1.25505
3455        6.17593
3455        4.87567
3455        5.70075
3455        1.61007
3455       0.338711
3455        3.40481
3455         2.0057
3455       0.537091
3455        4.67663
3455        2.11602
3455        5.09826
3455       0.334109
3455        2.99336
3455        3.87224
3455        4.94457
3455        6.21779
3455        2.73174
3455        5.21831
3455        2.16138
3455       0.667286
3455       0.354779
3455        2.55503
3455       0.266859
3455        6.08774
3455        1.59746
3455        3.37791
3455        5.81206
3455        5.24715
3455        5.80836
3455       0.874861
3455        5.48602
3455       0.757765
3455        2.50291
3455        4.86043
3455         2.9487
3455        5.32328
3455       0.886921
3455        3.14655
3455        2.37874
3455        2.15973
3455        3.64104
3455       0.375033
3455        2.63921
3455        1.96678
3455        1.53001
3455        1.61918
3455        4.50429
3455        2.05656
3455         5.7435
3455      0.0943334
3455         5.9359
3455        3.42808
3455        4.32011
3455        4.71219
3455        3.90142
3455        5.98743
3455       0.541203
3455         5.5326
3455        4.62411
3455         6.1497
3455        5.08345
3455        3.91416
3455        5.39694
3455        6.04483
3455        2.29619
3455        1.96746
3455        2.84164
3455        2.32874
3455        3.85834
3455        5.92292
3455        5.16486
3455        1.61385
3455         5.5965
3455       0.425699
3455        4.21515
3455        2.83464
3455        3.61453
3455       0.371087
3455        2.52492
3455        3.36312
3455        1.11583
3455        3.19472
3455        6.12246
3455        5.90097
3455        5.62619
3455        3.26766
3455        4.27775
3455        2.56823
3455        2.75472
3455        1.72702
3455        4.52298
3455        3.90287
3455       0.150064
3455        4.07642
3455        2.49772
3455        2.55133
3455        1.43948
3455       0.938258
3455        6.02291
3455       0.171211
3455        3.56199
3455        3.14533
3455        2.28016
3455         1.4093
3455       0.317022
3455       0.152095
3455       0.827501
3455        4.99974
3455        2.92069
3455        5.24069
3455        2.78204
3455        3.62855
3455        3.91973
3455        0.11549
3455        4.24427
3455        3.12423
3455        1.23396
3455        6.22541
3455       0.667604
3455        2.95037
3455        2.97396
3455        4.65655
3455        1.92167
3455          3.182
3455        3.34377
3455        4.40256
3455        2.29394
3455       0.832582
3455        4.76861
3455        1.76031
3455       0.901378
3455        2.90139
3455        2.29754
3455        6.17291
3455        5.65931
3455        5.00394
3455       0.280061
3455        4.61667
3455        2.51156
3455        5.56486
3455        4.76951
3455       0.232594
3455        2.41745
3455        4.49228
3455        4.13972
3455        2.36932
3455       0.577199
3455        5.88947
3455        4.16968
3455       0.779514
3455        2.69071
3455       0.473922
3455        1.99292
3455        3.30676
3455        2.93647
3455        3.60811
3455       0.605972
3455        5.80119
3455       0.786251
3455        2.66444
3455        4.87363
3455        2.88779
3455        3.48988
3455        5.04407
3455        4.55692
3455        3.32771
3455        1.84702
3455        5.16871
3455        5.26949
3455        6.16067
3455        1.27398
3455        0.54812
3455        1.42471
3455        2.96213
3455        3.78834
3455         2.5471
3455        5.44517
3455       0.427252
3455        3.73396
3455        5.59299
3455        1.29111
3455        5.60456
3455        2.91472
3455        2.05739
3455        1.04565
3455        3.49529
3455        2.43359
3455        5.77661
3455        1.27912
3455        3.98479
3455        3.21582
3455        4.89611
3455        5.81683
3455        1.60718
3455        5.34504
3455         2.8973
3455        1.63344
3455        3.36592
3455        3.85337
3455        5.98322
3455        3.33286
3455        5.56929
3455       0.577124
3455        5.42554
3455        1.86819
3455         6.2795
3455        1.15018
3455         5.8969
3455        6.16999
3455        4.98919
3455        5.59259
3455        1.50476
3455       0.268365
3455        4.85268
3455        5.19804
3455        5.58655
3455        6.09507
3455        5.37024
3455        2.51837
3455       0.930288
3455        3.16372
3455        1.83799
3455        3.51761
3455        4.90744
3455        5.09214
3455        3.38943
3455      0.0038198
3455        3.60554
3455        3.44537
3455        1.70093
3455        2.23614
3455        4.25163
3455        5.65266
3455        3.45679
3455        2.56153
3455        5.96396
3455       0.827902
3455        5.72741
3455        3.45824
3455        4.11763
3455        6.20154
3455        3.13457
3455        0.91238
3455      0.0575054
3455         5.2774
3455        3.20978
3455        2.28606
3455        5.94154
3455        3.80668
3455         3.3518
3455        5.12161
3455        1.64584
3455        4.16934
3455        4.62242
3455        4.85747
3455        6.24289
3455       0.340555
3455        0.39255
3455         5.7647
3455         3.1385
3455        4.71076
3455        6.01136
3455       0.392383
3455        5.95553
3455         3.6358
3455        3.88629
3455        6.17854
3455        1.47561
3455        2.85157
3455        4.82815
3455          4.126
3455         4.1153
3455        4.85104
3455        5.43146
3455        2.56526
3455        2.28456
3455        5.08837
3455        5.98906
3455         4.5497
3455         3.6374
3455        5.41884
3455        2.04219
3455        2.78987
3455        2.02302
3455      0.0957543
3455        5.52498
3455         6.2084
3455      0.0965768
3455        4.43569
3455        2.67607
3455        5.50703
3455        4.35848
3455        3.71485
3455        6.26638
3455        2.58023
3455        5.41314
3455        3.61136
3455       0.290806
3455        3.20899
3455        4.77255
3455        1.79456
3455       0.304905
3455        1.83877
3455        1.52445
3455        3.17396
3455         4.1115
3455        1.87726
3455        2.89908
3455        2.55219
3455       0.408483
3455        6.04069
3455        5.50962
3455        5.77329
3455        4.45093
3455        1.36009
3455        3.46492
3455        5.75119
3455        2.67788
3455         3.8179
3455        2.98235
3455        5.00961
3455        2.77605
3455        3.76387
3455        2.95256
3455        5.99908
3455        1.33911
3455        4.04144
3455        5.56959
3455        2.06341
3455         4.9273
3455        6.02715
3455        5.64337
3455        1.42926
3455        6.07993
3455        5.01787
3455        1.02103
3455        2.80239
3455        1.02642
3455        3.89785
3455        2.26536
3455        6.10442
3455        1.97147
3455        2.17047
3455        3.02995
3455        2.35237
3455        5.28421
3455        4.29991
3455        4.27209
3455        4.92278
3455        3.41297
3455        2.16928
3455        3.95915
3455        5.86666
3455        2.56246
3455        2.97853
3455        4.58823
3455        3.23777
3455        5.55935
3455        1.42408
3455         0.5715
3455        4.76357
3455        2.80779
3455        2.88293
3455        5.19895
3455        6.14539
3455         5.2806
3455        5.46361
3455        2.86889
3455        5.05298
3455        1.12989
3455        3.36812
3455        6.05244
3455       0.830849
3455         2.3282
3455       0.508336
3455          5.678
3455       0.323784
3455        5.65141
3455        1.57324
3455        2.41896
3455        4.13302
3455        2.16154
3455        4.65459
3455        3.73341
3455        4.94037
3455        1.35176
3455        4.57466
3455        6.12734
3455        5.05341
3455         2.3125
3455       0.259974
3455        6.08498
3455        6.26146
3455        5.23324
3455        4.63171
3455        5.64122
3455        1.41144
3455        2.17029
3455       0.443251
3455        2.59051
3455       0.195065
3455       0.753392
3455        2.89681
3455       0.676676
3455        1.25068
3455        3.97527
3455        1.43293
3455        3.06516
3455        2.36108
3455       0.174541
3455        5.97357
3455         3.5111
3455        2.61046
3455        6.15872
3455        2.25478
3455        6.08524
3455        5.24252
3455         1.3103
3455        3.08246
3455        6.20038
3455        5.94136
3455        4.03652
3455        1.81528
3455        0.53282
3455        2.76127
3455        6.00155
3455        2.69273
3455        5.35653
3455        3.74166
3455         5.9261
3455        4.39998
3455        6.27725
3455        2.72802
3455         0.3028
3455        2.44507
3455        5.27812
3455      0.0284919
3455        4.20244
3455        2.96072
3455        3.33162
3455        1.79734
3455        3.43525
3455         3.6453
3455        4.62981
3455        2.09299
3455         4.0261
3455        5.92997
3455        2.23895
3455       0.760452
3455       0.311891
3455        3.89015
3455        6.18344
3455        3.65531
3455        3.19351
3455        5.03418
3455        4.77886
3455        5.66409
3455        1.21994
3455       0.190926
3455        5.97698
3455        3.29835
3455       0.192987
3455       0.926977
3455        5.11299
3455        3.57088
3455        3.45716
3455        4.90457
3455      0.0391172
3455        5.13851
3455        0.64186
3455       0.217038
3455        4.98642
3455       0.261927
3455        3.36704
3455        3.03246
3455        1.28988
3455         3.6629
3455        5.40171
3455        1.25093
3455        6.18441
3455       0.437997
3455        3.75994
3455        2.45803
3455        4.67479
3455       0.529196
3455         3.5851
3455        4.03608
3455        1.73466
3455        3.08937
3455        2.05955
3455       0.680695
3455        2.69615
3455        5.62884
3455        2.24091
3455          2.847
3455        4.53795
3455        5.66524
3455        5.17743
3455         3.8181
3455        5.88978
3455        3.63171
3455        1.32808
3455        3.57861
3455        5.67049
3455        2.94426
3455         1.2594
3455        3.96505
3455        2.37997
3455        3.37299
3455        4.11346
3455        1.13468
3455        2.48768
3455        1.66344
3455        3.74124
3455        4.43036
3455       0.996896
3455        2.75779
3455        4.35681
3455        2.95788
3455        4.21073
3455        4.86766
3455        6.23752
3455        5.44732
3455        3.22354
3455        3.26315
3455        6.16044
3455        0.85488
3455        2.16461
3455        4.68654
3455        5.86469
3455        1.99303
3455        1.09313
3455        6.24293
3455        2.72516
3455        3.05195
3455        1.99652
3455        4.52131
3455        6.04461
3455         1.7132
3455        5.57742
3455        1.77404
3455        3.19392
3455       0.173074
3455        1.49244
3455        4.65783
3455        3.15077
3455        2.87612
3455        6.11015
3455        4.27236
3455         4.3356
3455        1.22004
3455       0.464613
3455        3.47219
3455        3.32648
3455        4.17079
3455        5.51752
3455       0.111059
3455       0.624202
3455       0.451868
3455        4.17963
3455        3.70178
3455        3.38444
3455        3.08791
3455        3.84719
3455        3.84049
3455        5.07606
3455       0.106388
3455        3.58278
3455        3.30619
3455       0.354408
3455        5.69911
3455        3.57331
3455        3.16908
3455        3.18209
3455        4.08909
3455        2.65144
3455        6.05193
3455        3.12984
3455        6.01993
3455        4.18067
3455      0.0575182
3455         2.8816
3455        1.95405
3455       0.680998
3455       0.394704
3455         4.4637
3455        2.02355
3455        2.99569
3455        2.26442
3455        2.78654
3455        3.29656
3455        3.11677
3455        2.70967
3455        4.45385
3455       0.563237
3455        5.70848
3455       0.399115
3455        5.92464
3455       0.915047
3455        5.76715
3455        5.17702
3455        3.47285
3455        1.60973
3455        1.95039
3455       0.202298
3455        3.71492
3455         4.0824
3455        5.18142
3455       0.241247
3455        5.83232
3455        3.74391
3455        1.90507
3455        3.71421
3455        3.55746
3455        5.79358
3455        3.34503
3455       0.314329
3455         5.2138
3455        2.65504
3455         4.3701
3455         3.1812
3455        4.09995
3455        1.00251
3455        1.78527
3455        4.05131
3455       0.527675
3455        3.08175
3455        1.42725
3455        2.51655
3455        3.62878
3455        4.63423
3455        1.67461
3455        3.49391
3455        5.50132
3455        0.99684
3455        5.88197
3455        3.86282
3455       0.966954
3455      0.0057249
3455        2.85347
3455        2.91855
3455        2.96112
3455        5.44732
3455         4.4047
3455        1.40551
3455        1.48463
3455        3.11816
3455        6.22467
3455        4.23935
3455        5.72105
3455        2.25219
3455        1.74533
3455        2.76642
3455        3.23917
3455       0.184934
3455        3.83714
3455        6.21171
3455        4.53576
3455        3.15943
3455         3.6364
3455        3.11164
3455        5.62078
3455        5.15704
3455        1.98756
3455        1.86465
3455       0.315213
3455        4.56723
3455       0.466796
3455        4.32311
3455        4.12597
3455        4.31385
3455         2.5048
3455        4.45518
3455        2.92592
3455        3.24466
3455        5.75303
3455        5.46648
3455       0.346386
3455        2.69535
3455        2.18592
3455        5.66003
3455       0.639303
3455        1.23369
3455        3.43545
3455        4.70883
3455        4.05589
3455        1.14034
3455        1.95662
3455        5.71821
3455         6.1946
3455        5.77509
3455        5.25618
3455         3.8356
3455        3.80271
3455        6.02842
3455       0.870007
3455        5.47808
3455        3.03761
3455        3.97063
3455       0.283214
3455        5.12674
3455        2.60308
3455        2.15991
3455        6.07992
3455       0.372008
3455        2.61987
3455        5.46811
3455        5.18102
3455        1.85374
3455        4.84654
3455        2.15078
3455         1.6716
3455        2.11728
3455        6.13328
3455        2.53585
3455       0.502852
3455       0.345804
3455        2.68033
3455        3.65439
3455        5.60834
3455        4.31609
3455         2.4029
3455        1.89853
3455       0.612609
3455        6.19807
3455        5.61253
3455          3.763
3455        3.58444
3455        3.27157
3455        3.68352
3455       0.163836
3455        3.18971
3455        5.83992
3455       0.371472
3455        3.39786
3455        1.26083
3455        1.36056
3455       0.420944
3455        4.14201
3455        4.16152
3455        4.32797
3455       0.181961
3455        4.58444
3455        5.82006
3455        5.69878
3455        4.20708
3455        4.48137
3455        3.86269
3455        1.59189
3455         3.4749
3455        3.43209
3455        4.95914
3455         6.1214
3455        2.82992
3455       0.659967
3455        3.00768
3455        3.14249
3455         5.4382
3455        5.19679
3455        1.74705
3455        1.39885
3455        2.24218
3455        3.29834
3455        5.56084
3455        2.84587
3455        5.93957
3455        5.82023
3455        1.49845
3455        5.65204
3455        3.32088
3455        2.92414
3455        4.70763
3455        6.04165
3455        6.09724
3455         4.7277
3455        5.39345
3455        5.10315
3455        6.11173
3455        5.00788
3455        4.61882
3455        3.80503
3455        3.46827
3455        1.82171
3455         5.4354
3455        5.42972
3455        3.65188
3455        3.35424
3455        4.10893
3455        2.20355
3455        3.66125
3455        1.37047
3455        2.13016
3455        2.86845
3455        3.45997
3455        5.63794
3455        3.61189
3455        2.47851
3455      0.0689225
3455         5.4031
3455        1.15167
3455        1.09674
3455        1.95733
3455        1.66099
3455        1.92075
3455        4.00285
3455        3.03707
3455        1.72925
3455        2.22905
3455        1.78524
3455        4.04921
3455       0.452833
3455       0.443721
3455        5.14632
3455        6.27198
3455       0.502514
3455       0.709342
3455        2.54118
3455         4.5831
3455      0.0107766
3455        4.36615
3455        3.55931
3455        6.04134
3455        2.81146
3455        3.76782
3455       0.144733
3455        2.23965
3455         4.3802
3455        3.11247
3455        6.00114
3455        1.24558
3455        5.49594
3455        1.89833
3455        2.48599
3455        3.74828
3455        4.34931
3455        5.19316
3455        1.06612
3455       0.222356
3455       0.776614
3455        1.66772
3455        1.39902
3455        5.74052
3455         3.0955
3455        3.91086
3455        4.92659
3455        2.94688
3455        1.51633
3455        6.24249
3455        3.43068
3455         1.8499
3455       0.683601
3455       0.168677
3455        2.29657
3455         1.1423
3455        3.81901
3455         1.3748
3455        1.29094
3455        2.77564
3455        5.19463
3455        4.24005
3455        3.52099
3455        4.74085
3455        5.32506
3455        2.36849
3455       0.676853
3455        4.82038
3455        4.43868
3455       0.245448
3455        2.55751
3455        3.27712
3455        2.50419
3455        6.10992
3455        3.20172
3455        1.66309
3455       0.341515
3455        1.61872
3455        5.28577
3455        2.98931
3455        3.64907
3455       0.554138
3455       0.476038
3455        2.79995
3455        4.72149
3455         4.4166
3455        1.74256
3455         4.0606
3455        5.09669
3455        5.27755
3455        4.37766
3455        1.31563
3455        5.74256
3455        3.75764
3455        3.47841
3455        2.38652
3455        5.02705
3455        2.17626
3455        5.59745
3455        3.59919
3455        4.60976
3455       0.713518
3455        4.29916
3455        5.71058
3455        2.80868
3455         2.3036
3455         3.8641
3455        4.11913
3455        1.29475
3455        1.00712
3455        2.28828
3455        6.02298
3455       0.786639
3455        4.94875
3455        1.56662
3455        6.20015
3455        2.15358
3455        2.51273
3455        4.94028
3455        2.54636
3455        2.93969
3455        1.25935
3455         3.2748
3455         2.1852
3455        1.94453
3455       0.351727
3455        4.25343
3455        1.89413
3455        2.22374
3455        2.15707
3455        5.40283
3455        3.19746
3455       0.462426
3455        5.12918
3455       0.863535
3455        2.59422
3455         5.6053
3455        3.45664
3455        5.95639
3455        6.27766
3455         1.7694
3455        1.24449
3455        3.46236
3455        4.01175
3455        2.60168
3455        5.71014
3455        3.99123
3455        1.38407
3455        6.16307
3455        2.33894
3455      0.0771775
3455        2.36849
3455       0.475499
3455        4.62457
3455       0.542425
3455        1.90854
3455        5.25818
3455        1.40246
3455        5.07977
3455        3.33766
3455        2.70035
3455       0.329434
3455        3.34936
3455        3.90122
3455      0.0331608
3455        6.24703
3455        5.98845
3455        1.41592
3455        4.02336
3455        3.19495
3455        6.09445
3455        2.82154
3455        5.79157
3455        4.04072
3455        3.96578
3455        3.27303
3455        1.76361
3455        6.19328
3455        3.70284
3455        2.96828
3455        6.10878
3455        5.39194
3455        3.51545
3455       0.480857
3455        5.91594
3455        5.54023
3455        1.40708
3455        3.41464
3455        3.86114
3455        0.73938
3455        5.01458
3455        5.33754
3455        5.46322
3455        2.32571
3455        5.32148
3455        3.78573
3455        4.92695
3455        3.26267
3455        6.11541
3455        2.75853
3455       0.219964
3455        0.76429
3455        5.33441
3455        5.88372
