3611        5.35499
3611        2.89988
3611        1.12563
3611       0.150476
3611        5.03677
3611        1.26235
3611        2.11107
3611         5.8091
3611        1.61625
3611        2.65358
3611        5.84118
3611        2.36215
3611        4.37745
3611        1.60988
3611         4.5852
3611        2.48286
3611        4.15347
3611       0.440197
3611       0.279565
3611          2.109
3611        4.63728
3611       0.532383
3611        5.36102
3611        1.19717
3611        2.49524
3611        3.21295
3611        2.45813
3611        5.58032
3611        2.28678
3611        2.15627
3611        4.14736
3611        4.29307
3611        3.64692
3611        5.18173
3611        2.44288
3611        1.42014
3611        2.35675
3611        5.83151
3611        2.31206
3611        4.72347
3611        4.18668
3611       0.132799
3611        2.86324
3611        2.62817
3611        4.89711
3611        3.17653
3611        2.63567
3611       0.169065
3611        3.29251
3611        5.80543
3611        4.35993
3611        2.57199
3611        4.48477
3611       0.309026
3611        5.87637
3611        2.03828
3611        2.47192
3611       0.318693
3611         3.1648
3611        1.95958
3611        3.66058
3611      0.0629156
3611        2.70132
3611       0.817761
3611         4.4255
3611        4.65333
3611         2.6071
3611        4.81212
3611        0.47229
3611         1.3161
3611        1.78542
3611        1.90287
3611        2.35625
3611        4.77502
3611        5.52078
3611        5.72911
3611        3.07998
3611        2.11097
3611        4.84986
3611        3.87601
3611        4.47593
3611          1.063
3611        5.32415
3611         4.6336
3611       0.096555
3611        5.59605
3611        3.93306
3611         3.7112
3611        0.88512
3611        3.25668
3611        1.42583
3611        5.98081
3611        5.48824
3611       0.182373
3611        4.92334
3611        1.59898
3611       0.739781
3611        5.05536
3611        3.05707
3611        5.44163
3611        5.56358
3611        1.10018
3611        4.88002
3611        1.75273
3611        1.04788
3611         1.4602
3611        1.69656
3611        5.43215
3611        4.89808
3611         1.9344
3611        5.95813
3611        3.54022
3611        2.21127
3611         3.8853
3611        5.74784
3611        6.09876
3611       0.228099
3611       0.492519
3611        5.25534
3611        6.00245
3611        3.13748
3611        5.96149
3611        2.19664
3611        4.64539
3611        5.62822
3611        1.17285
3611         1.8348
3611        4.11668
3611        1.61996
3611        4.55496
3611        1.44113
3611        3.46148
3611        1.56521
3611        2.91062
3611         3.1552
3611       0.799743
3611        1.74261
3611        2.09325
3611        4.69399
3611        4.16782
3611        1.81808
3611        4.16044
3611        2.35946
3611        5.49764
3611        1.70583
3611        2.32932
3611        1.19868
3611        2.74353
3611       0.606829
3611        5.30071
3611        5.11793
3611        2.08496
3611        2.57642
3611        1.54817
3611         2.2808
3611        3.52149
3611        3.93909
3611         4.1877
3611        4.75232
3611        6.27153
3611        1.93211
3611        5.45379
3611        5.87555
3611        3.91103
3611        4.78128
3611        5.13743
3611        2.39078
3611        4.79068
3611        3.76114
3611        5.14447
3611        5.31411
3611        1.05471
3611        5.38603
3611        4.89222
3611      0.0436778
3611        4.65588
3611       0.753051
3611       0.497341
3611        2.93093
3611        3.03095
3611        1.70933
3611       0.406001
3611       0.219659
3611         2.7139
3611        2.82881
3611        6.20462
3611        6.02423
3611        3.30177
3611        1.25631
3611        4.23524
3611        2.84104
3611        5.18344
3611        3.01964
3611        2.74094
3611          3.624
3611        5.10976
3611        5.58847
3611       0.500551
3611        5.93692
3611        5.51012
3611        6.03638
3611        2.88218
3611        4.66125
3611        1.68666
3611        1.12932
3611        2.73217
3611        1.21901
3611        1.40931
3611        3.95069
3611        2.14289
3611        3.81882
3611        1.36836
3611        1.79406
3611        5.73502
3611        2.37341
3611        2.63632
3611        4.81614
3611        4.44653
3611        2.49536
3611        5.53933
3611        6.23226
3611        3.45757
3611        3.71347
3611        1.90519
3611        4.50065
3611        4.11451
3611        4.41647
3611        5.96579
3611        5.42658
3611        5.10746
3611        1.64496
3611        5.92216
3611         1.9725
3611        4.11958
3611        2.22239
3611         5.9871
3611        2.49437
3611      0.0397144
3611        1.23572
3611        5.06741
3611        4.88089
3611         5.3191
3611         5.9184
3611        4.91567
3611         3.1566
3611        4.37457
3611        1.18814
3611        1.17593
3611        1.48356
3611        2.88861
3611        4.97615
3611        1.61241
3611        5.16579
3611        6.26965
3611        5.88022
3611        2.84193
3611        2.55723
3611        6.13152
3611        1.88135
3611        6.11546
3611        1.37711
3611        5.75949
3611        4.65409
3611        1.09929
3611        3.34831
3611          1.112
3611        6.27649
3611        2.71368
3611         5.5331
3611       0.112988
3611        5.63861
3611        3.85516
3611        2.43869
3611        5.40555
3611        1.16198
3611        3.19834
3611        4.16571
3611        2.10178
3611        2.08034
3611         5.0828
3611        1.13343
3611         5.7197
3611        4.83688
3611         4.2655
3611       0.249426
3611        1.97649
3611        4.91558
3611        1.97255
3611        1.67829
3611        2.13869
3611        3.88964
3611        5.32682
3611        1.68148
3611        4.32807
3611        1.27833
3611        5.47183
3611        2.79923
3611        2.43008
3611        3.12619
3611        4.00879
3611         6.0331
3611        2.73686
3611        3.55608
3611        4.86291
3611        2.79308
3611        1.88661
3611        3.78479
3611        1.35099
3611        1.15987
3611        5.78845
3611        4.37392
3611       0.395754
3611       0.239507
3611        5.09043
3611        1.14881
3611        4.96288
3611       0.668793
3611        5.82381
3611        2.89447
3611        1.80152
3611        1.56374
3611        6.03651
3611        5.20038
3611        0.25258
3611        4.15877
3611         1.0833
3611        3.40248
3611        4.65506
3611        1.25681
3611        3.75646
3611        4.40889
3611        1.80563
3611        5.98171
3611        5.03356
3611       0.930619
3611        3.50796
3611        1.04999
3611        5.58503
3611        2.14217
3611        5.29856
3611        2.37691
3611        1.50651
3611        2.10221
3611        1.26137
3611        4.13191
3611        2.12828
3611        2.93426
3611        3.38615
3611        1.47177
3611        2.73033
3611        4.98493
3611         2.6388
3611        4.45684
3611        1.97002
3611        2.66721
3611        1.92954
3611        1.68641
3611        2.98432
3611         1.8546
3611        1.90376
3611       0.974081
3611        4.21712
3611      0.0269374
3611        3.49092
3611        1.18002
3611        2.75942
3611        2.44413
3611        5.20659
3611        1.71163
3611       0.648932
3611        2.16534
3611       0.857176
3611        4.64084
3611         4.9491
3611       0.224206
3611        1.48751
3611        1.38099
3611        3.02106
3611        3.05229
3611       0.684044
3611       0.111522
3611        4.88298
3611        1.25483
3611        2.11571
3611        5.78276
3611        2.09691
3611       0.231901
3611        4.48361
3611        3.53966
3611      0.0545877
3611        4.89878
3611       0.781293
3611        2.63315
3611       0.183116
3611        2.26036
3611       0.445221
3611         6.0111
3611        1.91288
3611       0.951784
3611        1.35696
3611        5.61437
3611      0.0462365
3611        2.59629
3611        4.04967
3611         1.8241
3611        2.62585
3611        2.80652
3611        3.05295
3611        4.86485
3611        5.67127
3611        2.13777
3611        0.99958
3611        2.52343
3611        2.82749
3611        3.21999
3611        5.15645
3611        5.76677
3611        4.14209
3611        4.51931
3611       0.651956
3611        2.00589
3611        5.45359
3611        1.34949
3611        5.03507
3611       0.397641
3611        3.64243
3611        4.60156
3611        3.93688
3611        1.06062
3611        5.14214
3611        5.84896
3611        1.50085
3611        3.76917
3611        4.59516
3611       0.699772
3611        1.44778
3611        5.86442
3611        2.01014
3611        2.08704
3611        2.15306
3611        1.02692
3611        1.60606
3611        6.23004
3611        4.92834
3611        2.97999
3611         4.3897
3611        2.59118
3611        3.18966
3611        2.05231
3611        4.84086
3611         2.7702
3611        3.10578
3611        1.40243
3611        5.42377
3611        1.93956
3611        4.01762
3611        3.42544
3611        5.22526
3611        5.02446
3611         2.9326
3611        2.24156
3611        6.10219
3611        5.46926
3611        2.35483
3611         4.5199
3611        6.26819
3611        3.77269
3611        0.69432
3611        5.01355
3611        1.16903
3611        2.99863
3611        4.44123
3611        1.84974
3611        5.16164
3611        1.29347
3611        3.92103
3611        6.25543
3611        1.60645
3611        3.71534
3611        1.11831
3611        4.68428
3611        5.05891
3611       0.846619
3611        3.19513
3611        4.42335
3611        2.81848
3611        2.97962
3611         5.1279
3611        3.52317
3611       0.161986
3611       0.719472
3611        2.27247
3611      0.0270379
3611        3.84072
3611        5.16531
3611        4.57692
3611        2.40777
3611          5.714
3611       0.998155
3611       0.342774
3611        1.51526
3611        1.70666
3611        5.36928
3611        5.65526
3611        4.23904
3611        4.43799
3611        6.26559
3611        6.06309
3611        4.02504
3611        1.70203
3611        5.79599
3611        4.35028
3611      0.0513179
3611        1.95123
3611        5.49828
3611        1.68492
3611         1.5434
3611        1.03672
3611        3.32824
3611        4.59694
3611       0.776188
3611        3.40802
3611        3.05927
3611         2.1423
3611        3.26199
3611        1.72744
3611        5.57251
3611        2.14991
3611        3.09924
3611        4.63499
3611        1.29388
3611       0.440197
3611        4.11721
3611         4.2612
3611        2.52605
3611        5.84122
3611        4.01941
3611        5.90844
3611        5.53579
3611        3.90686
3611        1.34444
3611        4.77513
3611        5.49784
3611        3.25256
3611        4.97689
3611        2.88585
3611        3.86983
3611        5.37653
3611        1.89167
3611         2.5311
3611       0.289314
3611         3.3347
3611        1.07189
3611        1.66052
3611        2.77054
3611        1.66523
3611        4.03215
3611        4.97617
3611        0.57546
3611        4.73277
3611      0.0833229
3611        4.55413
3611        4.86716
3611        5.47754
3611        1.26023
3611       0.817726
3611        2.83703
3611        1.97274
3611        4.03033
3611        2.72177
3611        3.84155
3611        2.22255
3611       0.916924
3611       0.726509
3611       0.603524
3611        5.37739
3611         5.0117
3611        1.17047
3611        2.97873
