3346        3.99586
3346        2.97477
3346        5.89829
3346        2.72825
3346        6.23933
3346        5.86651
3346        3.23936
3346         4.4126
3346        3.49223
3346       0.224481
3346        5.93978
3346        3.51898
3346        5.58054
3346        3.22838
3346        1.90936
3346       0.848646
3346        4.76476
3346        4.76048
3346        6.24975
3346      0.0652795
3346        1.75576
3346        6.00702
3346        4.25121
3346        1.71065
3346        5.20105
3346        4.61067
3346       0.425985
3346        6.08021
3346         3.9432
3346        1.68678
3346        4.37786
3346        2.39484
3346        3.04816
3346         4.2588
3346        3.27838
3346        6.05339
3346        3.97823
3346        4.22106
3346      0.0973385
3346        3.96954
3346        5.26392
3346       0.362961
3346        3.07956
3346        5.52067
3346        2.97047
3346        2.54452
3346         2.4904
3346         5.5862
3346        1.05515
3346       0.110276
3346        5.15667
3346         6.1946
3346         4.1493
3346        5.46337
3346       0.660527
3346        2.93883
3346       0.103439
3346         4.9857
3346         6.2385
3346        1.51186
3346        0.62965
3346       0.570572
3346        5.08849
3346       0.308849
3346        5.13412
3346       0.243591
3346        3.73295
3346        6.22769
3346        2.99593
3346         2.3341
3346        1.35866
3346        2.75697
3346        2.42865
3346         1.2735
3346        2.39862
3346        3.01308
3346        5.83288
3346       0.807662
3346        5.67947
3346        1.26087
3346         4.5242
3346        5.95905
3346        3.98963
3346        1.33191
3346        4.55367
3346        6.00031
3346       0.327342
3346        1.02335
3346        2.36248
3346        3.46517
3346        6.08724
3346        1.29856
3346        3.25359
3346        2.81082
3346        3.09969
3346       0.422728
3346        2.02408
3346       0.569857
3346         5.1226
3346        2.79447
3346        1.83382
3346        1.82531
3346         5.2353
3346        4.44622
3346        3.26483
3346        4.19198
3346       0.700397
3346       0.419403
3346        1.40924
3346        2.68414
3346        3.70187
3346         1.8286
3346        5.62659
3346        1.18418
3346         2.5273
3346         4.9554
3346        3.76266
3346        1.18134
3346        4.04788
3346        2.57942
3346        4.06319
3346       0.908619
3346        1.52117
3346        5.18034
3346       0.564314
3346        0.83706
3346         5.3444
3346        4.46021
3346        3.28083
3346        4.21409
3346     0.00189358
3346        4.08659
3346       0.833929
3346        3.74105
3346        1.61556
3346        1.76011
3346        4.68701
3346        4.96498
3346        1.20712
3346       0.823969
3346        6.12465
3346        3.92307
3346       0.103657
3346        3.81074
3346        5.40873
3346        0.44507
3346        4.70362
3346        3.46211
3346        5.48029
3346        2.20462
3346       0.349422
3346        2.93602
3346         2.7602
3346        3.10819
3346        4.19683
3346        2.40173
3346        4.33465
3346        1.60275
3346        1.67435
3346        1.34509
3346       0.911245
3346        3.14557
3346        5.62927
3346        4.01624
3346        3.71181
3346       0.656624
3346        4.43442
3346       0.292379
3346        1.51391
3346       0.792349
3346        2.79892
3346        1.91894
3346        3.03144
3346        6.15461
3346        4.09692
3346      0.0724969
3346        1.55152
3346        2.65805
3346       0.791332
3346      0.0230182
3346        1.67384
3346        1.81834
3346        5.30015
3346        5.52066
3346        6.03148
3346        3.12231
3346       0.761949
3346        3.33964
3346        5.01176
3346        3.41103
3346        4.85761
3346        2.37266
3346        4.97582
3346        2.34762
3346         6.2662
3346        4.31792
3346        3.07562
3346        3.30491
3346        3.00716
3346         1.7525
3346        2.58707
3346        1.27891
3346         6.0955
3346        3.03641
3346        2.87897
3346        2.86352
3346        1.56096
3346        3.19386
3346       0.396339
3346        4.72924
3346        5.85846
3346       0.387526
3346        3.23182
3346        6.26125
3346        4.37188
3346        2.75069
3346         6.2477
3346       0.439519
3346        6.22467
3346         1.8719
3346       0.724577
3346       0.383708
3346       0.498891
3346       0.856672
3346        1.28527
3346        2.55078
3346        1.04562
3346        3.23377
3346        1.76286
3346      0.0946583
3346        3.33627
3346       0.997613
3346       0.246504
3346        5.89754
3346        1.36616
3346        2.77986
3346        1.15266
3346        3.41796
3346        4.17628
3346        0.96053
3346        4.64864
3346        5.50623
3346        5.89798
3346        1.18155
3346        6.23254
3346        3.38973
3346        1.10763
3346        2.56839
3346         1.0096
3346       0.785882
3346        4.75445
3346        1.98431
3346        3.52361
3346        4.28042
3346        4.26834
3346        1.92976
3346        5.69549
3346        4.05294
3346        4.60147
3346       0.465438
3346         5.8253
3346        5.36362
3346       0.986001
3346       0.386954
3346        5.92274
3346        6.10973
3346        0.98106
3346         1.9047
3346        3.41384
3346        3.53752
3346        2.46254
3346        5.86539
3346       0.889548
3346        3.91027
3346        5.63541
3346       0.742573
3346        5.40338
3346        4.07847
3346        5.60565
3346        2.43891
3346        1.40303
3346        5.37526
3346        4.08928
3346        2.68839
3346        5.02907
3346         6.0146
3346        4.13536
3346        2.08342
3346        5.17685
3346        1.54751
3346        2.19197
3346        1.78478
3346        1.14491
3346        3.74505
3346       0.285201
3346        2.55296
3346       0.842364
3346        4.40233
3346        4.23995
3346        1.48986
3346       0.518123
3346        5.95531
3346        2.11465
3346         1.2677
3346        2.90018
3346        3.56325
3346         1.1602
3346        4.52721
3346       0.855858
3346        2.89877
3346        3.29219
3346       0.981643
3346         0.2711
3346        4.60175
3346        4.05501
3346        1.49547
3346        4.41413
3346        4.76932
3346         2.3487
3346        3.54764
3346        3.55382
3346       0.722703
3346        4.19909
3346        1.70359
3346        3.59153
3346        5.18526
3346        2.53786
3346       0.350157
3346        3.81229
3346        3.65834
3346        4.56789
3346        2.80986
3346        5.86788
3346         2.7157
3346        0.21714
3346        3.26505
3346        2.07693
3346       0.783252
3346        1.42098
3346        3.78425
3346        2.98565
3346        6.16613
3346        3.30444
3346       0.774035
3346        4.20894
3346        6.17829
3346        3.58404
3346        4.19577
3346        1.31387
3346         3.7702
3346        5.78213
3346       0.311531
3346        2.98796
3346        3.50782
3346      0.0291189
3346         5.6813
3346        5.78694
3346        3.36451
3346        2.57432
3346          5.633
3346        1.79172
3346       0.808863
3346        5.99667
3346       0.941437
3346        5.34889
3346        5.65688
3346        2.18455
3346        3.60816
3346        1.66117
3346        2.16221
3346       0.704796
3346        3.34176
3346        4.38878
3346        5.82814
3346        4.06294
3346       0.633832
3346        1.08874
3346       0.783782
3346        6.25058
3346        3.56139
3346        2.97139
3346       0.256516
3346       0.627407
3346        5.01059
3346        5.22586
3346        3.85536
3346       0.365681
3346        1.43681
3346        3.93421
3346         4.8973
3346         2.6244
3346        1.23199
3346        2.93975
3346       0.595384
3346        4.31565
3346        0.87366
3346        3.42439
3346        6.22386
3346        2.22562
3346        5.90122
3346        5.73568
3346      0.0676168
3346        3.50497
3346       0.140164
3346         2.4115
3346        5.79153
3346         1.2903
3346        2.55933
3346        4.49621
3346       0.972267
3346         6.1858
3346        4.85377
3346       0.290041
3346        2.70895
3346        5.96501
3346        0.23766
3346        3.41866
3346        6.21157
3346        4.77182
3346        2.86623
3346        1.49113
3346        2.80857
3346        4.59158
3346       0.325282
3346        1.72631
3346        5.49649
3346       0.955303
3346        3.40996
3346        1.02367
3346        4.06013
3346        2.15869
3346        6.04412
3346        3.36317
3346        2.31446
3346       0.762607
3346        4.10596
3346        6.08393
3346        1.70483
3346        3.73231
3346        2.15588
3346        3.78028
3346        1.16031
3346        2.43777
3346        6.09052
3346        4.85874
3346        4.29485
3346        2.84498
3346       0.882141
3346       0.624312
3346        3.64012
3346       0.875868
3346        2.71013
3346        4.35528
3346        4.20959
3346         3.0872
3346        3.84868
3346         5.8135
3346        3.64143
3346      0.0407986
3346       0.874734
3346        1.96672
3346        1.99532
3346        5.42983
3346        2.92958
3346        2.94272
3346        3.68145
3346       0.508715
3346         2.9177
3346        5.71949
3346        6.11107
3346        1.18206
3346        5.32487
3346        5.98041
3346        4.59989
3346       0.989768
3346        4.03362
3346        4.06024
3346         3.7254
3346         2.9307
3346       0.201375
3346        2.35927
3346        3.88947
3346        4.49695
3346      0.0404426
3346        3.30413
3346        2.99136
3346       0.643145
3346       0.348665
3346        6.11685
3346        6.12583
3346        2.98848
3346        1.08015
3346        1.47781
3346        2.09187
3346        4.78729
3346        3.63077
3346         4.7329
3346       0.296751
3346        1.98957
3346        1.16387
3346        2.82633
3346       0.697822
3346        5.37357
3346        1.10487
3346        2.92753
3346        3.23212
3346       0.491694
3346        5.44791
3346       0.847005
3346        4.25645
3346        1.47195
3346       0.217361
3346        3.26683
3346        3.80774
3346        6.20428
3346        1.90687
3346        5.85656
3346        0.90884
3346        3.10174
3346       0.317093
3346         5.3453
3346       0.592288
3346         3.8006
3346       0.812191
3346        1.65875
3346        1.62736
3346        6.13569
3346        2.64211
3346       0.133943
3346          1.607
3346        2.11794
3346        3.09276
3346       0.576961
3346        5.79422
3346        1.14921
3346         5.7889
3346        1.25513
3346        2.71062
3346        3.30604
3346        2.49363
3346        2.30323
3346        3.65559
3346        6.21096
3346       0.591585
3346         2.5612
3346        3.30315
3346        6.03736
3346        3.61982
3346        5.96082
3346        5.98747
3346        3.73447
3346        2.01602
3346        0.72089
3346          2.761
3346        4.31858
3346       0.719935
3346        2.71113
3346        3.34985
3346        4.32899
3346        2.28221
3346        0.94341
3346        4.03803
3346       0.538519
3346        4.80609
3346        6.14029
3346        2.86146
3346        3.21217
3346         3.9206
3346        5.94242
3346        2.96985
3346        0.50489
3346        4.47455
3346        1.44529
3346        0.43773
3346        1.24023
3346         5.6669
3346        2.93332
3346        2.93906
3346         2.4814
3346        5.45831
3346        1.27894
3346        4.58864
3346        3.00314
3346        2.39597
3346        3.37266
3346        4.98925
3346        3.44809
3346       0.887444
3346       0.688798
3346        5.17067
3346        3.38941
3346        4.04402
3346         3.5265
3346        2.18221
3346        1.35796
3346       0.295561
3346        3.38683
3346        4.38217
3346        4.10444
3346        2.19457
3346        3.33864
3346        3.18318
3346        3.11965
3346        4.06696
3346         3.4803
3346           1.33
3346        4.06361
3346        3.82888
3346        4.47124
3346       0.571485
3346          1.234
3346        3.20607
3346        1.96613
3346       0.102847
3346        3.53018
3346        5.13725
3346        3.74888
3346        2.10435
3346        1.46608
3346        1.75753
3346        2.46468
3346        3.30973
3346       0.963872
3346        3.71789
3346       0.456626
3346        1.13918
3346        2.13746
3346       0.877062
3346        4.09777
3346        4.02672
3346         1.5707
3346        4.10981
3346        3.69415
3346        3.07776
3346       0.538221
3346        6.05592
3346        5.85949
3346        5.26029
3346        0.74293
3346        2.77315
3346        1.37457
3346        1.12331
3346        3.32329
3346        1.28307
3346        2.41589
3346         1.8679
3346        5.31076
3346         2.9718
3346        4.57233
3346        3.08017
3346        5.70481
3346        1.24181
3346        2.03368
3346       0.203835
3346       0.361748
3346        2.96907
3346       0.889494
3346        4.31811
3346        5.79063
3346          3.107
3346        6.27758
3346        3.70026
3346       0.736782
3346        6.20043
3346       0.461911
3346         0.8126
3346        1.69552
3346        6.00012
3346         2.7934
3346        1.49785
3346        1.47479
3346       0.367184
3346        4.02993
3346         1.3151
3346        4.42149
3346        5.93592
3346        3.84313
3346        4.31623
3346       0.182183
3346       0.624472
3346        5.27868
3346        1.84014
3346        6.01134
3346        3.98435
3346        1.35262
3346        3.75957
3346        2.64181
3346        1.52805
3346       0.349328
3346       0.995146
3346        5.64688
3346        3.40587
3346        5.36939
3346       0.472879
3346        2.78788
3346         2.2416
3346       0.109047
3346        3.01454
3346       0.983148
3346        3.12347
3346        5.34359
3346         1.8641
3346        5.66206
3346        1.97993
3346        5.74878
3346        4.77787
3346        5.73975
3346        2.63711
3346        1.62401
3346       0.650142
3346        3.36273
3346         1.3286
3346        2.64846
3346         1.8333
3346       0.059344
3346       0.277434
3346       0.800581
3346       0.838049
3346        1.61295
3346        4.90022
3346        1.89004
3346        3.79323
3346        1.80173
3346       0.859018
3346        1.40072
3346        3.25908
3346         1.4481
3346        2.79419
3346        2.13687
3346        5.94462
3346        6.28227
3346        5.51946
3346        4.03785
3346        0.12975
3346        4.06291
3346        5.99588
3346        6.11217
3346        5.00762
3346       0.783499
3346       0.668062
3346       0.849301
3346       0.153724
3346      0.0154389
3346       0.629006
3346         1.1234
3346        3.24464
3346        1.11597
3346        3.18067
3346         4.1972
3346        1.23196
3346        4.81461
3346         6.2355
3346        1.80537
3346        3.22017
3346        2.37961
3346        1.99208
3346      0.0574515
3346        4.19025
3346        4.64244
3346       0.996347
3346        4.18973
3346       0.190967
3346         6.0714
3346        5.48153
3346        1.38722
3346        1.24012
3346        5.52111
3346        1.52813
3346        6.04607
3346        6.18259
3346      0.0449738
3346        4.68963
3346       0.217403
3346        2.52502
3346        2.90231
3346        2.37181
3346       0.875823
3346        1.79263
3346        1.94144
3346        2.10786
3346        2.18112
3346        5.60899
3346       0.926212
3346        5.61689
3346        3.75393
3346         0.4246
3346        3.47682
3346        3.70084
3346       0.592143
3346        3.71725
3346        6.20933
3346        1.64842
3346        5.58847
3346        5.46284
3346        2.17118
3346        3.81421
3346         3.5357
3346        1.75535
3346        2.76887
3346        2.66028
3346        3.74195
3346        4.90758
3346       0.312632
3346        2.41693
3346       0.962437
3346        4.75955
3346        6.14945
3346        6.06508
3346      0.0481341
3346        1.99166
3346        1.60515
3346        3.38353
3346       0.241011
3346        3.15481
3346        4.01624
3346         3.7306
3346        4.59918
3346        5.08563
3346        3.04994
3346        2.20925
3346        3.90378
3346        1.26493
3346       0.784349
3346        5.73901
3346       0.961467
3346        3.69237
3346         4.7388
3346       0.430604
3346        6.05307
3346      0.0953291
3346        4.62685
3346       0.374633
3346        6.01709
3346        3.99568
3346         3.0083
3346         3.6248
3346       0.853686
3346        5.74022
3346        0.93741
3346        3.95769
3346        1.49165
3346        4.26127
3346        2.58489
3346       0.437034
3346        2.91753
3346        4.09412
3346        2.59481
3346        1.53528
3346        1.07891
3346        4.25216
3346        3.41602
3346        5.91799
3346        3.39723
3346        1.42226
3346        4.77528
3346       0.263126
3346        4.44661
3346         1.2496
3346        3.04087
3346        1.28278
3346        4.18539
3346       0.677977
3346       0.345481
3346        4.54268
3346        5.84875
3346        5.45066
3346         3.0219
3346        2.26904
3346        1.85984
3346        3.89207
3346        3.46258
3346       0.260925
3346        5.48476
3346        2.34119
3346        4.94115
3346        2.01089
3346        3.07431
3346         4.3176
3346           3.19
3346        3.25599
3346        3.18193
3346       0.515089
3346        6.06357
3346        2.77399
3346        6.02508
3346         2.8275
3346        3.48393
3346        2.63871
3346        4.11777
3346        5.91327
3346        3.76637
3346        2.52124
3346        3.70598
3346       0.232766
3346        6.07357
3346        3.53117
3346        4.57345
3346        2.29219
3346        5.09153
3346        1.07537
3346       0.532455
3346        4.34943
3346        2.72446
3346        3.37151
3346        2.83433
3346        0.64455
3346       0.542698
3346         3.4183
3346        2.15932
3346       0.455131
3346        4.50057
3346         3.8683
3346         4.4253
3346         5.8914
3346        1.18771
3346       0.188983
3346        5.93061
3346         1.6955
3346        2.36132
3346        2.20859
3346        1.09083
3346        1.06287
3346         4.3219
3346       0.869715
3346         6.1897
3346        6.17467
3346        1.26103
3346        6.22913
3346        4.19277
3346        3.76146
3346        6.24474
3346        2.54272
3346        5.84812
3346        2.63954
3346        4.74896
3346        5.12031
3346       0.871057
3346        1.44414
3346      0.0166869
3346        3.54788
3346       0.484083
3346        1.33696
3346        1.70687
3346        2.52071
3346        2.89433
3346        4.68719
3346        1.15098
3346        3.16352
3346        6.04341
3346        2.13817
3346        5.93181
3346       0.967049
3346        5.33585
3346      0.0804162
3346        5.14061
3346        1.32141
3346        1.47973
3346        4.21848
3346       0.700722
3346       0.466161
3346        1.89252
3346        5.75772
3346        2.47047
3346       0.126995
3346        4.13922
3346        5.91589
3346        1.59013
3346        2.36719
3346       0.986647
3346        4.86635
3346        5.74521
3346        3.70443
3346        3.03828
3346        6.08169
3346        4.55884
3346        5.94317
3346         3.4678
3346       0.810572
3346        1.85445
3346      0.0815971
3346        2.26112
3346       0.746253
3346        2.72451
3346        3.94279
3346        4.40534
3346       0.557881
3346       0.866467
3346        5.90387
3346        0.49302
3346        3.48505
3346        2.69749
3346        2.49686
3346       0.886974
3346         5.7503
3346        5.85282
3346        3.21275
3346        5.81197
3346      0.0815342
3346        3.52005
3346        2.51889
3346       0.923086
3346          2.637
3346        2.18863
3346        2.28076
3346        3.03287
3346        3.36808
3346        1.62528
3346       0.152197
3346        6.18054
3346        4.31132
3346       0.711764
3346        4.14153
3346        4.64127
3346        4.54207
3346        1.03378
3346        4.94113
3346        1.07013
3346        4.30557
3346        2.18632
3346       0.581494
3346        1.55003
3346        0.37589
3346        4.87834
3346        1.48613
3346       0.411317
3346        1.05245
3346        2.48751
3346        5.60459
3346        2.02576
3346         3.5217
3346        2.31242
3346        6.05252
3346        3.12507
3346        6.11721
3346       0.755962
3346        2.76792
3346        3.49769
3346        1.50227
3346       0.337688
3346       0.382781
3346        3.02111
3346        3.90451
3346        2.78632
3346       0.815502
3346        5.58855
3346        5.65091
3346        3.91062
3346         3.5264
3346        5.95603
3346        5.28467
3346        3.91717
3346       0.868581
3346        1.80834
3346      0.0145244
3346        1.28381
3346        1.26192
3346        5.40205
3346        5.77535
3346        1.78796
3346        5.41357
3346        2.76569
3346        4.07632
3346        3.51661
3346        1.35952
3346        5.89739
3346        3.59844
3346        3.66141
3346        3.46297
3346      0.0934819
3346        4.74172
3346        6.19669
3346       0.387441
3346        3.25125
3346        2.82568
3346         4.5222
3346        5.96437
3346       0.145921
3346        4.01667
3346        4.05238
3346        1.76158
3346        5.57443
3346       0.560149
3346        2.46269
3346        3.56669
3346        3.71419
3346         2.2847
3346        1.18638
3346        3.64307
3346        3.46681
3346        3.51673
3346       0.373022
3346         4.8399
3346        2.83695
3346        4.48223
3346        4.10221
3346         0.4423
3346        4.15179
3346        3.60682
3346        3.52478
3346        6.10307
3346        4.00907
3346        3.66791
3346        3.55749
3346        1.28559
3346        3.65706
3346        5.43875
3346         3.5466
3346        5.40465
3346        1.45722
3346        2.64819
3346        4.71149
3346      0.0862367
3346        3.34955
3346       0.241501
3346        3.43907
3346        3.81499
3346        1.37894
3346       0.932362
3346       0.799909
3346        5.85966
3346        1.15339
3346        1.34422
3346        2.38569
3346        3.99085
3346        3.10404
3346       0.980039
3346       0.862918
3346        4.87065
3346        5.47958
3346        1.32102
3346        3.65243
3346        5.00038
3346       0.739862
3346        4.37453
3346        2.03136
3346        5.35478
3346         0.2828
3346        5.39347
3346        3.59637
3346        3.52824
3346        2.40784
3346        1.79109
3346        6.00806
3346        5.85843
3346        5.72477
3346        2.65221
3346       0.410386
3346       0.331283
3346         1.0402
3346        1.11886
3346       0.614845
3346        2.09132
3346       0.390237
3346        2.20728
3346        1.75912
3346        4.26613
3346         2.0085
3346       0.645444
3346        3.56509
3346        4.79034
3346        3.59413
3346       0.279033
3346        5.85867
3346        3.03589
3346       0.943004
3346        2.96234
3346          1.555
3346        3.30174
3346        3.94455
3346        3.46691
3346        2.09071
3346        2.45617
3346        1.80904
3346        4.35617
3346       0.726359
3346        0.80877
3346        3.42327
3346        1.41867
3346        3.76906
3346       0.755038
3346        1.86496
3346        0.20984
3346        2.32532
3346       0.298028
3346        2.78232
3346       0.552425
3346        2.92889
3346       0.041007
3346        4.48704
3346        2.67224
3346        3.43025
3346        5.70345
3346        3.15767
3346        0.17198
3346        2.81662
3346        5.09082
3346        2.17831
3346        5.89727
3346        0.76051
3346        4.55487
3346       0.888402
3346        2.98868
3346          6.076
3346        1.41865
3346       0.958939
3346       0.403427
3346        2.07618
3346        1.40112
3346        2.72213
3346       0.775657
3346       0.535003
3346         6.0315
3346        2.30165
3346        5.92169
3346       0.250113
3346        4.82466
3346        1.50209
3346        4.21283
3346        3.45979
3346        3.32535
3346         2.4291
3346        6.13838
3346       0.751611
3346        0.62276
3346        1.08889
3346        2.40036
3346       0.992059
3346       0.767719
3346        3.36297
3346        3.45791
3346        5.77411
3346       0.868206
3346        5.53774
3346        6.10881
3346        1.66655
3346        1.16535
3346        1.43722
3346        6.06508
3346       0.828062
3346        2.54704
3346        2.99487
3346        3.63305
3346        5.76652
3346        2.09935
3346         4.3921
3346        6.09427
3346        6.24221
3346        2.69764
3346        3.84486
3346        2.19189
3346        1.82446
3346       0.307446
3346       0.347015
3346        5.67584
3346        4.59903
3346       0.518952
3346       0.564123
3346        2.74882
3346        1.98431
3346       0.562928
3346        6.12703
3346        2.34494
3346        1.73793
3346       0.644328
3346        0.89116
3346        5.79246
3346        1.38254
3346        1.25842
3346        2.94288
3346        1.71413
3346        5.45498
3346        1.15441
3346        4.86192
3346        3.23816
3346        5.95321
3346        2.59979
3346        0.26022
3346        1.44779
3346        1.95815
3346        5.36679
3346        3.18903
3346        5.00657
3346         3.6007
3346        2.34243
3346        1.77902
3346        3.74538
3346        2.97571
3346        3.08419
3346       0.684583
3346       0.337636
3346        5.69456
3346       0.225142
3346        4.22281
3346        5.94481
3346        2.07356
3346        6.23192
3346        5.33555
3346        3.27484
3346          5.083
3346        5.84136
3346       0.856863
3346        2.75928
3346        5.00953
3346       0.398712
3346        3.91308
3346       0.716874
3346        2.82832
3346       0.566425
3346         5.7314
3346        5.07287
3346        1.15733
3346         1.9383
3346        1.05333
3346        3.85716
3346        2.14264
3346        4.58492
3346        1.37592
3346        3.20244
3346        3.15261
3346        3.84397
3346        1.33473
3346        2.94713
3346        3.49634
3346         2.6236
3346        4.57429
3346        4.48585
3346        2.05065
3346        3.47261
3346        2.93722
3346         3.9444
3346        1.82538
3346        4.13115
3346       0.745893
3346        5.72251
3346        3.25722
3346      0.0839559
3346        2.96967
3346       0.620086
3346        5.59296
3346        3.33061
3346        1.39802
3346        2.12362
3346        4.26953
3346        1.06037
3346        1.40926
3346        4.75925
3346        5.56435
3346        5.40074
3346       0.391877
3346        2.35043
3346         6.1905
3346        5.70425
3346        1.68219
3346         2.4001
3346        5.01374
3346        1.69521
3346       0.636587
3346        5.86635
3346        2.51494
3346        4.80383
3346        3.97571
3346        4.98124
3346       0.301656
3346         6.0342
3346        6.05142
3346        5.18766
3346        5.74288
3346        4.05562
3346        6.07995
3346       0.247514
3346       0.359879
3346        3.24011
3346       0.546574
3346        2.15681
3346         2.6077
3346        6.19016
3346        2.82376
3346        1.86049
3346       0.577422
3346        5.59054
3346        1.38936
3346        2.77283
3346        4.17491
3346        2.95316
3346        2.01212
3346        5.43228
3346       0.756328
3346        1.72338
3346        1.89305
3346        4.70013
3346        4.34491
3346        4.48861
3346        5.77162
3346        4.65511
3346        2.20341
3346        3.20829
3346        5.80512
3346        2.37909
3346        1.44796
3346        6.05214
3346        1.22367
3346        2.25742
3346        2.89214
3346        5.60063
3346        2.68277
3346        3.81479
3346        2.15433
3346        6.25094
3346         2.3467
3346         5.7854
3346        4.58703
3346        5.04144
3346        2.62952
3346        5.78177
3346      0.0157213
3346        2.08043
3346        1.83137
3346          3.076
3346        4.37458
3346        5.73689
3346       0.123484
3346        5.46575
3346        1.23714
3346        3.07224
3346        2.74206
3346       0.668341
3346        4.38855
3346        6.05996
3346        1.03696
3346        5.45648
3346        3.46714
3346       0.465464
3346        1.11356
3346        3.08538
3346        3.36236
3346      0.0794253
3346        6.16482
3346        1.46486
3346        4.92054
3346         1.8541
3346        3.71761
3346        2.86945
3346        2.35692
3346        0.51686
3346        5.72853
3346        4.26168
3346        2.53639
3346        2.63105
3346        2.16817
3346        4.04714
3346        3.83927
3346        3.07779
3346        3.39304
3346        4.81401
3346        2.78502
3346        4.68554
3346       0.623238
3346        5.10381
3346        1.66541
3346        3.62755
3346        6.08196
3346       0.822014
3346        1.69174
3346        2.89678
3346       0.712272
3346        6.11748
3346        5.01372
3346        4.99072
3346        2.64668
3346        2.79261
3346        5.98824
3346        4.77711
3346        2.60737
3346        2.05622
3346        2.09583
3346        2.38676
3346        1.49135
3346        5.38888
3346        0.90122
3346        0.89336
3346        4.66233
3346        6.19421
3346        5.06374
3346        5.33027
3346        4.22224
3346        1.11945
3346        2.50473
3346        2.67623
3346        3.02771
3346        1.89994
3346        1.53602
3346        2.61854
3346        4.25691
3346        4.93373
3346         2.5795
3346        3.14556
3346        2.75429
3346         4.7924
3346        5.99381
3346        5.74565
3346        5.85515
3346        1.26352
3346        5.56072
3346        6.14057
3346       0.940319
3346       0.581311
3346        1.37927
3346        2.73854
3346        1.48913
3346        3.36798
3346        5.65048
3346        1.10757
3346       0.994818
3346        5.57722
3346        6.17413
3346        2.24887
3346         3.5516
3346        3.86203
3346        1.13338
3346        1.50818
3346        5.86573
3346        2.85743
3346        1.04361
3346        5.16677
3346       0.718103
3346        3.08567
3346        2.06381
3346        1.90395
3346        1.95303
3346        2.10654
3346       0.172197
3346        1.99786
3346        6.13679
3346        5.18876
3346       0.814595
3346         2.4296
3346        3.27892
3346        4.62935
3346        6.27529
3346        2.20449
3346        5.51629
3346        3.26427
3346       0.925464
3346        5.52791
3346       0.660322
3346         6.2458
3346        0.86439
3346        4.29066
3346        4.48479
3346        4.21532
3346        5.51127
3346       0.170679
3346        5.63434
3346        5.63222
3346         3.8201
3346        4.60024
3346        5.89441
3346        3.04746
3346        1.07409
3346        4.59605
3346         2.4495
3346        2.52669
3346       0.821973
3346       0.431941
3346        3.12518
3346       0.592369
3346        4.54988
3346       0.270117
3346       0.694897
3346        3.61475
3346       0.490025
3346        4.60077
3346        5.92037
3346        6.10542
3346        1.38929
3346        4.95315
3346        4.47154
3346        1.84648
3346       0.110002
3346        2.58992
3346        5.13908
3346        4.95104
3346        4.52117
3346        4.25905
3346        5.29436
3346       0.693911
3346        3.05539
3346       0.510266
3346        3.68703
3346       0.329448
3346        1.18841
3346        3.85889
3346        2.64275
3346      0.0936646
3346       0.149084
3346        6.08632
3346       0.676371
3346       0.840274
3346       0.583045
3346        3.32936
3346        3.39792
3346         1.4488
3346        5.94461
3346        4.85377
3346        4.07217
3346        5.54088
3346        5.60362
3346        1.36584
3346      0.0165983
3346        2.62844
3346        3.20898
3346       0.819691
3346        4.32034
3346        1.29228
3346         2.5049
3346        3.06241
3346        3.28761
3346        2.07089
3346        4.24807
3346        2.79871
3346        5.15303
3346         3.5994
3346        5.38727
3346        1.39375
3346       0.692919
3346        3.41726
3346        2.02799
3346       0.231521
3346          6.123
3346         2.9069
3346        6.18996
3346       0.816488
3346       0.783937
3346        2.87328
3346        3.12253
3346        1.23432
3346        3.49186
3346      0.0968476
3346        3.44672
3346        3.43452
3346        2.67596
3346        6.13167
3346        3.73318
3346        1.29172
3346        2.72455
3346         4.0177
3346        5.22655
3346         3.6278
3346         4.9029
3346        6.04411
3346        1.92809
3346        3.98101
3346        4.01423
3346        2.70583
3346        0.43213
3346        5.65493
3346        1.58276
3346        3.91597
3346        3.48823
3346        3.60367
3346        1.73449
3346        4.52013
3346        6.03007
3346        4.87434
3346       0.510865
3346        5.51913
3346        0.85735
3346        5.26944
3346        3.58591
3346        3.88008
3346       0.823547
3346        1.13099
3346      0.0833816
3346        1.48599
3346       0.709587
3346        2.01467
3346       0.784152
3346        0.45408
3346        4.37916
3346        5.36352
3346        5.35895
3346        4.23835
3346         3.4413
3346        2.00598
3346        4.00391
3346       0.203754
3346        3.90044
3346       0.221555
3346       0.567879
3346        4.90626
3346         6.2316
3346        4.37354
3346        1.32019
3346        3.64763
3346        2.74626
3346        5.30249
3346        3.29771
3346        6.10886
3346         3.0475
3346       0.414304
3346       0.131017
3346        3.04833
3346        2.70878
3346        1.35607
3346        5.23008
3346        2.86393
3346        1.81395
3346       0.176307
3346         3.2893
3346        2.63928
3346        5.67585
3346        5.98213
3346        6.13603
3346        2.04013
3346        2.99494
3346        3.30336
3346        5.76979
3346        1.68492
3346         5.9497
3346        1.98648
3346       0.704229
3346        2.54918
3346        5.99585
3346        3.11576
3346        4.18909
3346        2.42889
3346        6.27734
3346        1.07973
3346        3.36246
3346         4.0864
3346        1.83514
3346        2.73044
3346        2.10981
3346        1.99387
3346        3.40466
3346       0.327373
3346        4.50285
3346       0.932799
3346       0.755828
3346        1.73691
3346        4.07359
3346         3.1866
3346        3.89896
3346        4.53989
3346        5.71565
3346        1.27379
3346        1.02425
3346        1.14186
3346        3.94919
3346        3.79978
3346        3.78751
3346         3.8537
3346       0.863993
3346        3.82785
3346       0.412996
3346        3.27492
3346       0.447272
3346       0.930197
3346        2.92714
3346        3.69129
3346        3.59274
3346       0.204285
3346        2.52145
3346       0.123731
3346        5.03789
3346        2.93395
3346        0.95715
3346        4.18861
3346        1.21858
3346        5.41376
3346        3.26228
3346        1.02887
3346         2.7806
3346        3.19385
3346        1.41762
3346        2.61279
3346        3.00243
3346        1.04161
3346        5.68118
3346       0.693403
3346       0.877152
3346        1.75349
3346        6.20961
3346        3.40992
3346        5.28034
3346        3.26915
3346        2.35298
3346        2.78521
3346        3.76713
3346        4.43841
3346      0.0130922
3346        2.13455
3346        5.67717
3346        3.73592
3346        4.08346
3346        2.10093
3346        1.14862
3346        1.85724
3346        3.00028
3346       0.199858
3346        5.31068
3346        5.64151
3346        1.45751
3346        3.12811
3346       0.368502
3346        4.50208
3346        6.07074
3346         5.4904
3346        2.19479
3346        3.14534
3346       0.428686
3346         5.3731
3346        2.33956
3346        6.22182
3346        2.29901
3346        2.86926
3346        4.27034
3346        2.28667
3346        1.05934
3346        2.88448
3346        2.40416
3346       0.537314
3346        3.72437
3346         5.6074
3346        6.10466
3346        3.14117
3346       0.512873
3346        3.33072
3346       0.448707
3346        1.47701
3346       0.722321
3346        3.16169
3346        4.22663
3346        1.87721
3346       0.252011
3346        5.23461
3346       0.922331
3346        2.15671
3346       0.386434
3346        3.42442
3346          2.603
3346       0.811808
3346        4.77675
3346        4.90192
3346        1.98103
3346       0.275936
3346        2.44423
3346       0.342186
3346        5.98077
3346        5.94103
3346         0.5299
3346        3.30692
3346        2.83097
3346        2.49917
3346        3.11982
3346        1.74276
3346        1.09592
3346        3.87142
3346       0.320578
3346        1.82443
3346        2.33225
3346        2.70837
3346        2.10363
3346       0.220811
3346        4.16372
3346        5.48344
3346        5.54656
3346        5.95147
3346        1.11531
3346        2.37855
3346        1.79895
3346        3.44453
3346        6.09505
3346        2.62645
3346       0.164877
3346       0.672125
3346       0.276115
3346        3.16652
3346        6.24121
3346       0.315052
3346        6.15396
3346        1.34844
3346        4.90761
3346        3.78864
3346        4.06278
3346        2.30371
3346        5.22509
3346        3.22104
3346        5.58307
3346        4.10479
3346        4.63154
3346        4.04949
3346        3.23077
3346        1.77238
3346        4.97815
3346        2.30367
3346        2.48236
3346         6.0993
3346        5.20948
3346        5.00129
3346        6.13293
3346        4.75906
3346        4.47705
3346        3.89392
3346        4.52848
3346        2.55855
3346        3.78256
3346        2.78997
3346        5.01203
3346        4.75705
3346        5.01333
3346        2.98774
3346        4.20109
3346        2.83702
3346        2.51585
3346        4.21781
3346        4.14599
3346        2.55264
3346        1.57237
3346        4.09251
3346        5.98689
3346       0.524119
3346       0.767512
3346        1.23142
3346       0.357372
3346        5.89528
3346        2.19787
3346        1.58989
3346        3.86434
3346        5.23046
3346        5.46746
3346        2.98779
3346        6.21247
3346        4.02438
3346        2.33342
3346        3.42557
3346         3.5723
3346        3.18803
3346        4.89052
3346        4.77374
3346        4.42814
3346        1.96662
3346        1.22335
3346        1.60214
3346        2.45623
3346        3.73271
3346        2.27868
3346        4.58661
3346        3.81416
3346       0.959035
3346        6.01416
3346        3.48595
3346        6.17608
3346        3.65575
3346         5.4933
3346        3.05922
3346        1.59016
3346        2.33534
3346        2.81427
3346        1.07608
3346        1.06018
3346       0.968553
3346        2.12972
3346        6.08972
3346        1.46039
3346       0.217902
3346        2.01785
3346        6.07481
3346        6.12169
3346        4.84616
3346        3.23137
3346        4.98343
3346         1.8694
3346        1.69517
3346        4.46664
3346         4.6865
3346        1.54887
3346        2.98464
3346        2.91815
3346        3.59303
3346        3.62079
3346        4.48357
3346        6.11911
3346        4.36266
3346        4.70573
3346        6.24192
3346         1.0107
3346        1.55321
3346        5.97153
3346        2.54812
3346        1.20498
3346        2.42043
3346        3.28761
3346         3.6839
3346         3.2594
3346        4.80636
3346       0.869618
3346        5.30825
3346        2.66508
3346        4.87787
3346        3.08975
3346        3.26359
3346        2.13481
3346        1.79482
3346       0.450849
3346        4.42928
3346        2.64988
3346        2.84771
3346        3.88255
3346        4.70665
3346        3.43889
3346        5.11334
3346        3.08622
3346        3.26668
3346        3.87337
3346        2.64907
3346       0.657491
3346        4.43456
3346          2.334
3346        4.38651
3346        6.23146
3346        1.24268
3346        5.24684
3346       0.077521
3346        4.44958
3346       0.162073
3346        6.09362
3346         3.2464
3346        3.10227
3346        5.98578
3346        4.44292
3346        4.28818
3346        3.28935
3346        2.29801
3346       0.438245
3346        1.56407
3346         5.8727
3346        0.03977
3346       0.706439
3346        0.90168
3346        5.42891
3346        2.55586
3346      0.0231943
3346       0.729853
3346        5.28888
3346        3.38201
3346        4.80288
3346        2.86517
3346        2.73858
3346        4.24084
3346        2.42746
3346      0.0266409
3346        2.25345
3346        4.49375
3346        1.00432
3346        5.84386
3346         2.5965
3346        3.25336
3346        6.07736
3346        2.54959
3346        3.97467
3346         4.4331
3346        6.06593
3346         4.1453
3346         0.9483
3346       0.194966
3346         1.6139
3346       0.513708
3346        5.77618
3346        1.38636
3346        3.46881
3346       0.215863
3346        2.83444
3346        5.20097
3346        2.09081
3346        1.98389
3346        1.77514
3346        3.30217
3346        2.53115
3346        3.64433
3346        3.69881
3346        1.07682
3346        2.41513
3346        3.06144
3346        5.09269
3346         2.6673
3346         1.1773
3346        5.75977
3346        1.12602
3346        3.45737
3346      0.0685442
3346        1.33635
3346        2.29397
3346        4.43549
3346        2.65677
3346        5.82873
3346       0.408327
3346       0.780628
3346        2.52562
3346       0.740258
3346        3.95421
3346        3.62128
3346        3.69391
3346        1.32963
3346        4.29908
3346        1.94757
3346        1.26269
3346       0.520992
3346        3.72469
3346         3.6883
3346        2.91175
3346        6.03678
3346        1.20325
3346      0.0973739
3346          4.512
3346        3.75879
3346        1.37994
3346        6.12868
3346        2.84965
3346        5.85077
3346        5.81802
3346        3.45021
3346        1.46545
3346        5.75256
3346        5.26222
3346        1.00352
3346        3.26099
3346        5.18462
3346        3.89901
3346        6.25587
3346        5.79256
3346        4.21185
3346       0.438021
3346        1.03633
3346       0.777586
3346        5.14629
3346        4.52508
3346         2.4634
3346        3.48281
3346        5.07306
3346         6.1069
3346        3.99393
3346        5.92413
3346        4.73059
3346        6.11639
3346        2.46341
3346        3.13108
3346        5.36475
3346          0.592
3346        4.48336
3346         3.2129
3346        3.00703
3346        3.73062
3346        5.61193
3346        3.98048
3346        1.78119
3346        5.36845
3346        1.54023
3346        1.27124
3346       0.274148
3346        3.59573
3346        3.52933
3346        5.05627
3346          1.762
3346        1.60779
3346        5.96314
3346        5.78837
3346        1.30634
3346        4.69599
3346        4.51258
3346         2.6272
3346        6.17382
3346        1.55143
3346        5.40244
3346        3.64513
3346       0.259408
3346       0.594634
3346        1.91918
3346        2.53306
3346        3.37771
3346        3.07983
3346        3.90037
3346       0.820177
3346        3.79456
3346        3.31479
3346       0.395867
3346       0.526639
3346        3.98243
3346        6.09474
3346       0.508103
3346       0.146926
3346        1.72996
3346        5.54091
3346        5.09861
3346        6.03851
3346        1.00601
3346        6.09152
3346        4.63404
3346        2.96674
3346        3.34118
3346        5.34113
3346        5.08184
3346        4.68043
3346        4.03859
3346        1.44883
3346       0.618261
3346        3.53137
3346        2.05543
3346        2.27245
3346      0.0476376
3346        3.64549
3346        5.96893
3346       0.648266
3346        5.73139
3346        1.32663
3346        3.23683
3346       0.752558
3346       0.691233
3346        1.37884
3346       0.539499
3346         1.0917
3346        1.23469
3346        3.69967
3346        5.07781
3346        3.72258
3346        3.99386
3346        2.82056
3346        1.18279
3346        4.50307
3346        3.67714
3346        2.54686
3346         5.3683
3346        0.64359
3346        3.55414
3346        3.46116
3346        4.70029
3346        3.82314
3346        4.11437
3346        1.81994
3346        2.54114
3346       0.975476
3346        1.58856
3346        4.21976
3346        4.07709
3346        2.67451
3346        3.96664
3346      0.0772931
3346        4.86771
3346        2.01211
3346        1.36972
3346        3.48069
3346        3.86708
3346        5.63058
3346       0.534284
3346        4.38576
3346        5.39938
3346        2.82589
3346       0.400318
3346        2.78155
3346       0.726463
3346        5.79411
3346        3.83816
3346        5.32979
3346        4.49412
3346       0.251156
3346        3.82796
3346        1.71288
3346        2.96238
3346        2.42896
3346       0.181953
3346        4.00519
3346      0.0555159
3346        1.92961
3346        4.68303
3346        2.41589
3346        5.06657
3346        3.18049
3346        1.26372
3346        2.38565
3346        4.66879
3346        1.05466
3346        2.39542
3346       0.624276
3346        4.78889
3346        6.02262
3346       0.273006
3346        2.57721
3346        6.18686
3346        2.97146
3346        4.67795
3346        6.03986
3346        3.29104
3346        1.92849
3346        2.27635
3346       0.411092
3346       0.386907
3346        6.15544
3346        2.68069
3346        1.21953
3346        5.69469
3346        4.05111
3346        2.12997
3346        2.81995
3346      0.0856485
3346       0.312254
3346        2.05738
3346        5.43229
3346        1.11275
3346         3.7279
3346        1.07656
3346        3.80915
3346        6.19095
3346        6.19075
3346        5.78846
3346        3.73658
3346       0.400714
3346        2.88752
3346        4.78818
3346        2.53353
3346       0.881317
3346        3.74189
3346        4.53794
3346        4.49036
3346        3.34428
3346        2.49558
3346       0.879078
3346        6.14522
3346        3.73796
3346        5.08478
3346        1.90331
3346       0.678198
3346        6.14965
3346        4.45047
3346        5.34822
3346        2.00324
3346         3.4105
3346        3.47745
3346       0.785769
3346        4.54199
3346        1.43091
3346       0.010614
3346        2.66777
3346        1.45113
3346      0.0400102
3346        5.40391
3346        2.07953
3346        3.71516
3346        2.78397
3346        4.21142
3346         4.3923
3346        6.13041
3346        4.20701
3346        3.72504
3346       0.506424
3346       0.110167
3346        3.22648
3346          3.578
3346        6.24196
3346        1.01928
3346        5.83234
3346       0.191111
3346         2.4505
3346        1.66402
3346        1.72046
3346        6.17762
3346        2.03486
3346        4.61799
3346        1.93176
3346        2.65219
3346        2.63755
3346       0.219782
3346       0.392249
3346        2.04954
3346        2.88646
3346        1.83483
3346        5.73368
3346        0.84738
3346        1.17635
3346        2.52859
3346        4.23206
3346        1.91476
3346        3.51008
3346        6.08745
3346        4.12201
3346       0.878313
3346        3.58579
3346       0.222034
3346        5.35693
3346        2.15248
3346        6.10669
3346        1.12669
3346        2.34127
3346        2.93622
3346        1.11352
3346        4.24729
3346        3.42561
3346        3.21891
3346        4.56415
3346        1.82301
3346        2.81778
3346        4.56942
3346        5.04892
3346        3.67572
3346        5.82688
3346        3.04646
3346        4.78317
3346        2.50815
3346        3.84666
3346        5.33827
3346        4.07642
3346        3.66369
3346        1.60384
3346        2.01002
3346         2.3709
3346       0.199256
3346        3.56717
3346        4.69642
3346        5.71327
3346       0.544859
3346        5.53306
3346        1.57954
3346        6.11033
3346        2.41983
3346        2.52929
3346        3.13005
3346        2.57383
3346        4.79716
3346       0.889727
3346         6.0988
3346        2.66606
3346        5.64566
3346        5.45586
3346      0.0241684
3346        2.85158
3346        6.14043
3346       0.803846
3346        2.98169
3346        2.66943
3346        3.03248
3346         5.4395
3346        2.08361
3346        3.88101
3346        1.89512
3346        2.76047
3346         1.2858
3346        1.33926
3346       0.881129
3346        2.45316
3346         2.4917
3346        3.30913
3346        4.12419
3346       0.726336
3346        6.07504
3346        1.89577
3346        2.46401
3346        3.49286
3346        3.55654
3346       0.290723
3346        5.40182
3346        6.21576
3346        2.92422
3346        4.42959
3346        5.30325
3346        3.15231
3346       0.190106
3346        2.69166
3346       0.303605
3346        2.80589
3346        5.65924
3346      0.0390464
3346        6.16647
3346         3.1087
3346        4.26774
3346        4.54907
3346        1.67827
3346        1.62965
3346        3.83977
3346        4.12677
3346        4.60152
3346        3.31058
3346        2.69056
3346        1.49693
3346        4.71035
3346        3.26649
3346        3.90339
3346        1.64635
3346        4.07949
3346        3.72533
3346         2.6415
3346        3.24876
3346      0.0213786
3346        5.73168
3346        3.99459
3346        5.04603
3346       0.334233
3346       0.596091
3346        4.21726
3346        3.97948
3346       0.184898
3346        2.47237
3346        0.91126
3346        1.34465
3346        3.98426
3346        1.13125
3346        6.26042
3346        4.63867
3346       0.125295
3346        3.84938
3346        2.04969
3346        2.21063
3346        2.61242
3346        1.79742
3346        5.75005
3346        3.18393
3346          4.864
3346        2.31484
3346        2.83978
3346        4.67814
3346       0.495745
3346        3.95665
3346        3.55346
3346       0.928641
3346        4.82526
3346        1.47005
3346       0.567965
3346        4.13326
3346      0.0297246
3346        3.22602
3346       0.915565
3346        4.63632
3346       0.686423
3346        5.90055
3346        1.58893
3346        3.32522
3346        3.19143
3346         6.1485
3346       0.747284
3346       0.729539
3346         4.3798
3346        3.98803
3346        4.63599
3346        1.91729
3346       0.951492
3346        3.78063
3346         1.7097
3346        5.83533
3346        4.89004
3346        2.32701
3346        2.06546
3346        1.92534
3346        5.41221
3346        6.23372
3346        5.19747
3346        2.91995
3346        2.11081
3346        1.19538
3346        0.77349
3346        4.81251
3346        1.34215
3346        4.00109
3346       0.566212
3346        3.63631
3346       0.566979
3346        4.07477
3346        1.64856
3346        2.83354
3346         1.4051
3346       0.467713
3346        4.68314
3346           1.83
3346        3.74388
3346        4.76949
3346        5.15221
3346        3.59388
3346        5.07659
3346        3.23403
3346        2.37883
3346        6.25181
3346        2.77211
3346       0.500091
3346        3.34932
3346        5.93211
3346        5.93517
3346         4.6089
3346        1.03168
3346        5.61322
3346        3.69942
3346        3.52885
3346        3.75603
3346        2.55826
3346        2.53961
3346        4.63466
3346       0.549451
3346       0.332957
3346        4.25475
3346       0.394847
3346         5.9361
3346       0.934311
3346        3.03037
3346        2.85071
3346        3.89439
3346       0.163595
3346        5.69433
3346        2.37179
3346        4.44997
3346        1.52052
3346         2.0123
3346        1.54014
3346       0.469071
3346        5.69973
3346        3.89998
3346        4.45192
3346     0.00300562
3346        4.37967
3346        5.58007
3346        5.32143
3346       0.270001
3346        1.40429
3346        1.05816
3346        5.80026
3346        3.09433
3346        6.23117
3346       0.168556
3346        3.66981
3346         2.3014
3346        1.74589
3346        3.87908
3346        2.82204
3346        1.27254
3346        2.84512
3346        3.01299
3346        3.76084
3346        3.62949
3346        5.59426
3346       0.729031
3346         3.0971
3346       0.466164
3346        5.95425
3346         4.8017
3346        2.89505
3346         3.4012
3346        2.94991
3346       0.960331
3346        0.84715
3346        3.73923
3346        1.26288
3346        1.32003
3346        3.85295
3346        4.36884
3346        4.75061
3346        6.03345
3346        3.64606
3346       0.585442
3346         4.3727
3346        3.64322
3346        6.16357
3346        5.69029
3346        4.88449
3346       0.772934
3346        1.01735
3346        4.21711
3346        2.77616
3346       0.109021
3346       0.427259
3346        3.15414
3346        2.64381
3346       0.243038
3346        6.13451
3346         5.7651
3346        2.81517
3346       0.152453
3346        2.77583
3346       0.727928
3346        2.46484
3346        3.16752
3346        2.77547
3346        0.85533
3346        2.43246
3346        3.20457
3346        2.72171
3346         2.7329
