3024       0.661824
3024       0.912924
3024        5.78822
3024        3.34127
3024        1.52628
3024        3.30151
3024        3.03492
3024        5.97503
3024        3.10855
3024       0.621186
3024        4.40135
3024        2.68748
3024        4.21364
3024        2.93517
3024       0.219357
3024        1.16708
3024        6.24769
3024        4.95214
3024       0.451676
3024        5.64304
3024        3.61763
3024        1.61458
3024         2.9479
3024        4.84711
3024        5.75956
3024        1.37234
3024       0.397291
3024        1.64836
3024        2.60511
3024        5.97309
3024        2.91532
3024        3.20633
3024         3.5199
3024          1.144
3024       0.123946
3024        5.81455
3024        0.07877
3024        3.44631
3024        2.00611
3024         2.6802
3024        6.03403
3024        5.02444
3024       0.843848
3024        3.13362
3024        5.74832
3024        5.35762
3024        6.03107
3024        1.04741
3024         3.6129
3024        0.54825
3024        2.03765
3024        6.11469
3024        2.27497
3024         6.1131
3024        1.98748
3024        1.71587
3024        3.96038
3024        6.24707
3024         5.2653
3024        3.24531
3024        3.71985
3024        2.89066
3024         4.7506
3024         4.7891
3024        1.82543
3024         6.1198
3024        2.69882
3024         3.0643
3024        0.13657
3024       0.151663
3024        3.36626
3024        4.17728
3024       0.836119
3024        2.28652
3024        2.06472
3024        3.62189
3024        5.76147
3024        5.17201
3024        5.95477
3024        4.16596
3024         3.3279
3024        2.19571
3024        2.72805
3024        5.21804
3024          4.061
3024        0.50468
3024        2.36955
3024        6.14281
3024         4.2172
3024        3.84938
3024        1.77119
3024        4.12363
3024        3.77567
3024        1.99228
3024       0.119162
3024        5.99287
3024        2.92426
3024        4.48535
3024        5.42751
3024        4.09571
3024       0.583928
3024        2.99653
3024       0.197881
3024        5.54506
3024        3.34278
3024        2.98168
3024       0.667999
3024       0.466428
3024        2.02165
3024       0.783821
3024        1.72821
3024        5.31319
3024        5.46697
3024        2.19865
3024        5.70118
3024        5.16139
3024       0.623786
3024       0.841542
3024        5.61482
3024      0.0217787
3024        1.63967
3024        5.64401
3024       0.347304
3024        4.04028
3024       0.279881
3024        3.29998
3024        4.11896
3024        5.48749
3024        5.58301
3024        2.84874
3024       0.209598
3024        2.25628
3024        4.85894
3024        1.13996
3024        6.14306
3024        2.60807
3024        1.91681
3024     0.00613303
3024        1.42582
3024        3.37694
3024        3.37947
3024       0.368053
3024        1.86891
3024        4.25174
3024        2.49112
3024       0.304106
3024        2.58486
3024        5.45299
3024        3.27005
3024       0.551217
3024        3.45269
3024        1.32076
3024        0.87395
3024        2.30718
3024      0.0740196
3024        1.12371
3024        4.67285
3024        2.03949
3024        5.63296
3024        3.01117
3024        3.62049
3024         2.9915
3024         3.1714
3024        2.14658
3024        5.88596
3024        5.66982
3024        2.09814
3024        3.93193
3024         6.1607
3024        3.17912
3024        2.63788
3024        5.18335
3024        3.79284
3024        1.85956
3024        2.77311
3024        2.17543
3024       0.528119
3024        1.21317
3024        2.55814
3024        2.11067
3024        4.90678
3024        1.06161
3024        2.21233
3024        3.35645
3024        3.85761
3024        6.06653
3024        2.94713
3024        2.84757
3024        6.07772
3024        2.27696
3024        4.19351
3024        5.81823
3024        2.24981
3024        3.03211
3024        2.59899
3024        1.50616
3024        3.12868
3024        2.88114
3024        3.53471
3024        3.73727
3024      0.0336769
3024        3.65745
3024        3.37069
3024        1.71675
3024       0.206168
3024         2.5925
3024        2.72294
3024        5.09688
3024        1.81929
3024        2.80676
3024        2.82016
3024        1.97052
3024        5.78149
3024      0.0774745
3024        2.97215
3024        4.07581
3024        2.20805
3024         3.0084
3024        4.89962
3024        5.42792
3024          2.664
3024        1.06342
3024        2.28375
3024        2.92219
3024         4.6324
3024        1.44077
3024        3.68154
3024        3.33892
3024       0.217485
3024        2.69843
3024        3.12067
3024        2.72473
3024        1.22251
3024        4.87831
3024        4.78764
3024        4.75134
3024        3.04567
3024        2.54047
3024        5.76742
3024        3.35446
3024        1.97498
3024        3.18389
3024       0.469046
3024        3.43016
3024        2.45117
3024        6.20035
3024        2.82127
3024     0.00808837
3024        4.53306
3024        5.89436
3024        5.84292
3024        2.17889
3024         4.6948
3024        5.49446
3024        5.87631
3024        2.59757
3024         3.6403
3024        1.75655
3024        4.90419
3024        2.82957
3024        4.86681
3024        3.04519
3024        1.38746
3024        5.72677
3024        5.99501
3024        5.85824
3024       0.164601
3024       0.736237
3024         1.8928
3024        5.15591
3024        5.68801
3024        2.03908
3024       0.335504
3024        1.74461
3024        1.80474
3024        2.55139
3024        1.83502
3024        5.77598
3024        3.38907
3024        2.35845
3024        2.97138
3024        1.04293
3024        6.24841
3024      0.0345659
3024       0.625248
3024        3.86013
3024        2.47608
3024        5.81207
3024        0.23225
3024        3.12364
3024        2.94752
3024        2.48237
3024        5.93895
3024        2.49393
3024        6.18222
3024        6.05898
3024        5.63672
3024        4.03001
3024         2.8112
3024        3.63991
3024        2.54662
3024         3.1016
3024        4.62659
3024        2.48371
3024      0.0513124
3024         2.4068
3024        3.56169
3024       0.442504
3024        2.53661
3024       0.589106
3024       0.552271
3024         5.3259
3024        5.07745
3024        4.10532
3024        1.28001
3024        2.49548
3024        3.97263
3024        2.89682
3024        2.75596
3024        2.63336
3024        3.63593
3024         3.0925
3024        2.74959
3024        2.21516
3024       0.153223
3024        4.97736
3024        2.46955
3024        5.15915
3024      0.0415519
3024         5.6768
3024       0.413607
3024       0.160404
3024        3.58003
3024        5.65443
3024        3.00388
3024        4.63826
3024        5.86995
3024        4.81666
3024        1.87043
3024        2.56408
3024        2.32411
3024        1.95405
3024         1.5579
3024        0.63307
3024       0.573889
3024        1.07001
3024        3.63001
3024       0.416824
3024        0.10569
3024        1.95228
3024        5.64223
3024        4.45868
3024         3.1098
3024        3.77061
3024        2.42456
3024        3.63362
3024        2.43347
3024        2.68114
3024         6.0877
3024        1.21473
3024        3.14995
3024        6.11508
3024         5.9917
3024        4.34457
3024        4.64039
3024       0.414521
3024        5.90633
3024        6.12041
3024        3.63536
3024        2.77867
3024        3.11124
3024        2.73822
3024        5.45794
3024        2.66037
3024        4.22275
3024        3.70249
3024        1.74974
3024        2.74394
3024        2.68858
3024        3.35963
3024         2.8604
3024        1.45581
3024      0.0976787
3024        5.40581
3024       0.535875
3024         0.4837
3024         4.7827
3024        2.58104
3024        4.11308
3024        5.44329
3024        4.32455
3024        4.21225
3024        1.18149
3024        2.90428
3024        3.21363
3024        3.27146
3024       0.290286
3024         4.0727
3024        2.20757
3024        4.64673
3024       0.713508
3024       0.108428
3024        3.61248
3024        3.38941
3024        2.83224
3024        3.25885
3024         4.5327
3024         4.3914
3024        4.25878
3024        5.48423
3024        5.14475
3024       0.149351
3024      0.0762223
3024        1.87005
3024        3.22804
3024         4.8449
3024        2.99412
3024        5.04209
3024       0.707144
3024        2.58743
3024       0.540208
3024        1.34571
3024        5.16509
3024        5.57658
3024        3.02696
3024        3.28037
3024        2.85708
3024       0.388534
3024        1.13227
3024        6.21884
3024       0.428598
3024        3.61284
3024        6.23963
3024        2.38501
3024        5.99986
3024        5.76067
3024        2.39855
3024        6.15052
3024        4.41189
3024        2.30116
3024        2.72232
3024        4.52796
3024        3.17973
3024        4.06971
3024        2.80992
3024       0.389603
3024        2.29661
3024        1.90465
3024        2.92591
3024        4.77292
3024        3.28678
3024        2.87024
3024        5.88717
3024         1.2171
3024        2.91898
3024       0.378552
3024        4.36644
3024        2.29025
3024        1.23463
3024       0.385802
3024        5.39832
3024        2.59073
3024        3.66008
3024        3.42089
3024        5.75505
3024        2.42461
3024        2.89055
3024         4.1847
3024        4.27525
3024         5.6139
3024        2.97816
3024        3.44999
3024        2.09337
3024       0.200666
3024       0.192252
3024        5.48157
3024        3.34816
3024        2.59483
3024        6.00812
3024        5.49701
3024        2.43176
3024        2.55995
3024        2.84438
3024        5.83226
3024        3.03381
3024       0.526444
3024        2.19453
3024        3.83436
3024        5.60191
3024        1.60449
3024        2.96599
3024        3.14601
3024         5.8193
3024        1.49604
3024        4.94118
3024        2.31292
3024        2.32653
3024        2.18859
3024        2.16162
3024        2.81769
3024        5.72466
3024        2.40668
3024        5.38183
3024        3.17487
3024        5.86964
3024        2.27422
3024        5.53423
3024        5.71654
3024        6.10997
3024        3.61706
3024       0.140101
3024        5.57915
3024        3.54574
3024       0.847954
3024        2.26069
3024        5.55232
3024        2.00033
3024        2.28711
3024        3.52751
3024        3.63156
3024        3.21638
3024       0.986064
3024        5.33172
3024        5.67829
3024        3.12483
3024       0.480279
3024        5.78553
3024       0.907288
3024        3.08116
3024        2.50552
3024        1.69393
3024        5.02017
3024       0.294836
3024        1.39246
3024      0.0813682
3024        1.28577
3024        2.47215
3024        1.72325
3024        5.79771
3024        1.82492
3024       0.333466
3024        3.83102
3024        1.82537
3024        5.12008
3024       0.847198
3024        1.78734
3024         3.0398
3024       0.907769
3024        4.84503
3024        1.54868
3024        3.90104
3024        3.10513
3024        1.10195
3024        3.49969
3024           6.01
3024         1.6789
3024         2.3699
3024        3.40347
3024        2.86818
3024          3.074
3024       0.162394
3024        2.19808
3024        2.87813
3024        5.15234
3024        2.59946
3024       0.239748
3024        2.39962
3024        3.40717
3024        6.23926
3024        5.47276
3024        3.60484
3024        2.90536
3024        2.97641
3024       0.396809
3024        2.89286
3024        5.84192
3024        2.70283
3024        3.20012
3024        5.28357
3024       0.277403
3024        2.18691
3024         2.2004
3024        1.13245
3024         4.4489
3024        1.24993
3024        2.53759
3024        3.10294
3024        3.23209
3024        5.59383
3024        6.06152
3024       0.105032
3024        1.20254
3024        5.81147
3024       0.199253
3024        2.60084
3024        1.89499
3024        5.57603
3024        4.11394
3024        3.78447
3024        5.48333
3024        4.78264
3024        1.27882
3024        3.23476
3024         4.2151
3024        2.48286
3024        6.20123
3024        3.85209
3024         3.6817
3024        4.66543
3024        2.64717
3024         4.4383
3024       0.539661
3024        4.93702
3024        6.10783
3024       0.204896
3024        6.25891
3024         5.6743
3024        5.84481
3024        1.78335
3024        1.88904
3024        4.50451
3024        3.25377
3024        5.46378
3024         5.6554
3024       0.996865
3024         2.1325
3024       0.327983
3024        4.61792
3024        5.20547
3024        2.92083
3024        5.79821
3024        6.13003
3024        2.07383
3024        2.17374
3024        2.04897
3024        6.19111
3024       0.115743
3024       0.920829
3024        5.05096
3024        2.79061
3024        3.28308
3024         5.7154
3024        3.23439
3024        5.60384
3024        5.62956
3024        5.67361
3024       0.140827
3024        2.32568
3024        5.70736
3024        2.79535
3024       0.352945
3024        3.03772
3024        5.95294
3024        1.26271
3024        2.58564
3024        2.87046
3024        3.46212
3024        2.19161
3024       0.135087
3024        4.85106
3024        4.56514
3024        3.80512
3024        6.04915
3024       0.555731
3024        3.09405
3024        3.38056
3024        1.84975
3024        2.47657
3024        6.25577
3024        4.33927
3024        2.17251
3024        4.02949
3024        3.37632
3024        2.64978
3024        5.48716
3024        5.76059
3024          3.387
3024         5.0352
3024        1.63724
3024        2.25934
3024        5.43257
3024        6.00114
3024        1.78698
3024        4.79523
3024        2.42195
3024          5.594
3024        5.01374
3024        5.38869
3024        2.91824
3024        3.32547
3024      0.0768499
3024        4.57738
3024        6.17901
3024        1.58479
3024        3.16526
3024        2.94055
3024        2.69406
3024         1.7136
3024       0.530306
3024        2.21435
3024        3.14965
3024        5.62158
3024         5.4118
3024        1.72104
3024        5.21108
3024       0.474381
3024        4.28865
3024       0.136058
3024        2.61236
3024        5.40293
3024        3.38133
3024        4.38238
3024        2.20369
3024        2.76018
3024        2.35829
3024        5.88876
3024        3.29494
3024        3.55575
3024        3.32554
3024        5.75294
3024        2.51098
3024        5.18142
3024        1.42402
3024        5.68334
3024        5.02643
3024        5.46755
3024        2.28851
3024        3.63688
3024        3.90173
3024        5.27304
3024        4.17299
3024        6.24208
3024        2.39361
3024        5.42611
3024        5.31495
3024       0.407204
3024       0.184267
3024       0.420044
3024         4.5099
3024       0.145307
3024        2.80253
3024      0.0421983
3024        6.11026
3024       0.722834
3024        2.16427
3024        2.83763
3024        5.70852
3024        3.30757
3024        2.62971
3024        3.12863
3024        2.90042
3024        4.36669
3024        1.37203
3024        5.03513
3024        3.72678
3024        1.35953
3024        5.34862
3024        1.66208
3024        2.48182
3024        1.21712
3024        5.63651
3024        2.01369
3024        2.37214
3024        6.16227
3024        3.62392
3024        5.89839
3024       0.664128
3024        6.11712
3024       0.263954
3024        6.12274
3024         3.1185
3024        3.27858
3024        4.87701
3024        6.05678
3024        3.00096
3024       0.886915
3024        6.16267
3024        1.64347
3024        4.66432
3024        5.58342
3024        3.19238
3024        1.09141
3024        3.17835
3024     0.00876032
3024       0.270094
3024      0.0399089
3024        2.50177
3024        2.59136
3024       0.328083
3024       0.136234
3024        2.94784
3024        3.17206
3024        3.60089
3024        3.84508
3024        5.54027
3024        5.96503
3024        1.15974
3024        5.10458
3024        4.92173
3024        1.22048
3024        5.55856
3024       0.675451
3024       0.345688
3024        3.81613
3024        4.92419
3024        6.24642
3024         3.6058
3024        2.89542
3024        5.22292
3024        5.45722
3024        1.04657
3024        5.91263
3024        2.18669
3024        2.75923
3024        5.57954
3024        2.68356
3024        3.16918
3024        2.81303
3024        5.80725
3024        2.42086
3024        2.85333
3024         3.2628
3024        6.06436
3024        4.57132
3024        5.75878
3024       0.382304
3024        3.26368
3024        2.52399
3024       0.136692
3024        0.95943
3024        2.90636
3024        3.81093
3024        3.17847
3024        5.58687
3024        5.53929
3024        5.64891
3024         2.6974
3024     0.00857352
3024        3.30527
3024        2.03608
3024        5.68104
3024        2.57636
3024        5.89912
3024        3.15617
3024        3.63567
3024        2.37525
3024        3.39949
3024        5.65815
3024        3.50392
3024       0.773148
3024        6.10641
3024       0.126516
3024        5.77939
3024        4.56598
3024        3.45807
3024        5.48909
3024        6.15409
3024        6.06563
3024       0.639584
3024         1.7763
3024        5.17341
3024        2.23412
3024        1.71037
3024        4.21966
3024       0.088182
3024         6.2597
3024        6.14778
3024        5.67641
3024        6.27674
3024         5.4696
3024        6.17406
3024        5.31499
3024        1.18366
3024        5.69443
3024        5.93506
3024       0.913125
3024       0.409085
3024        1.05614
3024         5.9782
3024        5.88524
3024        4.48713
3024        5.49534
3024        4.59256
3024        3.17593
3024        3.26341
3024        3.18693
3024        5.27345
3024        4.95457
3024        0.50519
3024       0.464394
3024        4.33281
3024        6.05581
3024        3.67969
3024        6.24938
3024        6.07608
3024         2.8784
3024        2.97355
3024        2.53552
3024       0.572691
3024        2.13933
3024        2.73497
3024        5.72125
3024        5.64475
3024        4.82797
3024        5.08504
3024        5.14999
3024        4.37592
3024        3.85986
3024        6.00391
3024        5.43675
3024        3.17216
3024        2.28909
3024        1.00957
3024      0.0584036
3024        3.44421
3024        3.14845
3024        1.69818
3024        3.74816
3024        3.24237
3024        2.33071
3024        2.76789
3024        5.28763
3024        1.05052
3024        5.96335
3024        3.94673
3024        2.59807
3024        2.07775
3024         5.9064
3024        4.92583
3024        3.64538
3024        3.70339
3024        1.76034
3024        2.35898
3024        1.46291
3024        5.15192
3024       0.544283
3024        4.19623
3024       0.194547
3024        3.27163
3024        1.51631
3024        3.25913
3024        5.17098
3024        2.61192
3024        2.95724
3024         1.3433
3024        5.86645
3024        2.49031
3024        4.37158
3024        3.42333
3024        4.85311
3024        2.70547
3024       0.512654
3024         3.2786
3024        3.29693
3024         1.9265
3024        6.05651
3024        5.46398
3024        5.27306
3024       0.416206
3024         2.5039
3024        3.48161
3024         1.7938
3024        3.65057
3024        4.79956
3024         2.9264
3024        3.30581
3024        5.39278
3024        6.08201
3024        5.90791
3024        2.52399
3024        6.17155
3024        3.70104
3024        1.51672
3024        2.12428
3024        5.04331
3024        6.07753
3024       0.663319
3024        5.39743
3024        4.81711
3024        2.95917
3024        2.12848
3024        4.32196
3024        2.78667
3024        2.51908
3024        2.59871
3024         4.5553
3024         5.4391
3024        2.88923
3024         4.1614
3024        2.82735
3024         4.5946
3024        5.13547
3024       0.881792
3024        3.59424
3024        5.93463
3024        3.53832
3024        1.01413
3024        6.20189
3024        3.39048
3024        2.39173
3024        3.05054
3024       0.152041
3024       0.160201
3024        5.20445
3024        2.52846
3024        1.10338
3024        4.11092
3024        0.10029
3024        3.79678
3024        1.31667
3024        5.61433
3024        4.83393
3024        6.00419
3024        1.90674
3024        1.49693
3024        1.81093
3024        3.37256
3024        3.01311
3024        4.83681
3024        3.26243
3024        1.34208
3024       0.203835
3024        3.97893
3024        2.84528
3024        5.93133
3024        6.16879
3024       0.129711
3024        5.06403
3024       0.628065
3024        3.95108
3024        2.45069
3024        6.23534
3024        2.39487
3024        4.68412
3024        4.65349
3024        2.63117
3024        3.15943
3024        6.02584
3024        4.11685
3024        2.50047
3024        2.73943
3024       0.774487
3024        6.06465
3024         5.8529
3024        1.72765
3024        1.44204
3024        2.47817
3024        1.95002
3024        3.59147
3024        5.85516
3024        4.91964
3024        3.33342
3024        6.21279
3024        5.29447
3024        2.58472
3024       0.622177
3024        1.84077
3024        2.62832
3024        4.42125
3024        5.34021
3024        5.23385
3024        5.66286
3024        5.33285
3024       0.510133
3024        3.54736
3024        1.31191
3024        3.40665
3024         1.7755
3024       0.193836
3024        6.15132
3024         6.0804
3024        2.50483
3024        5.71912
3024        5.86268
3024        2.36228
3024       0.652356
3024        5.07713
3024        1.17236
3024        5.52992
3024        3.27643
3024        3.61171
3024        5.78338
3024        3.47398
3024        4.93562
3024        1.47785
3024        3.57399
3024       0.568824
3024        3.02399
3024        2.17959
3024        5.37535
3024        5.63227
3024        3.52828
3024        2.38293
3024        4.13315
3024        5.79237
3024        5.22849
3024        2.75555
3024        5.77764
3024        3.62484
3024        5.16752
3024        2.94383
3024        5.89262
3024        2.41225
3024        6.14808
3024        2.83027
3024        5.97376
3024       0.075058
3024        1.39627
3024        2.86965
3024         2.0565
3024         5.6101
3024        3.05382
3024        5.96148
3024        3.05667
3024        3.97196
3024          3.089
3024        2.87641
3024        4.95788
3024        3.50467
3024        5.63635
3024        5.78496
3024        5.63923
3024        1.68992
3024        5.97975
3024       0.269002
3024        5.23576
3024        3.35762
3024        2.67602
3024        1.26436
3024       0.926829
3024        1.97665
3024        4.19752
3024        3.17473
3024        4.72514
3024        4.84761
3024        4.05772
3024        6.10447
3024        1.09003
3024        4.81257
3024         5.7607
3024        5.14071
3024       0.857866
3024         3.7012
3024        5.69874
3024        4.71674
3024       0.982389
3024        3.56489
3024       0.301617
3024        3.00159
3024       0.671363
3024        1.78689
3024         3.3099
3024        3.51811
3024        2.11235
3024        3.65223
3024        6.15693
3024       0.801855
3024        1.01359
3024        5.83222
3024        5.67923
3024        5.67367
3024        1.65765
3024        3.29903
3024        3.69956
3024        5.64103
3024        6.12588
3024         2.1604
3024        1.51809
3024       0.187842
3024        2.53348
3024        2.90085
3024        2.50572
3024        6.18501
3024       0.837193
3024        3.52101
3024       0.332653
3024        6.04861
3024         2.9351
3024        5.52076
3024        5.49834
3024        3.68732
3024        1.74931
3024        4.35315
3024        3.11873
3024          5.045
3024        2.29453
3024         1.8428
3024        4.64766
3024        4.96519
3024        4.56771
3024        3.28861
3024        3.76804
3024       0.948186
3024       0.577514
3024        0.93346
3024        6.26408
3024         2.7299
3024        0.94088
3024      0.0364705
3024        3.45437
3024        2.99715
3024        5.87343
3024        6.26773
3024        2.53902
3024        2.53403
3024       0.126074
3024        2.39694
3024        4.80513
3024         2.8478
3024      0.0109262
3024         1.1969
3024       0.106173
3024        3.26467
3024       0.237443
3024        3.73336
3024        2.58417
3024        2.41471
3024       0.357491
3024        5.98671
3024         3.6844
3024        2.75877
3024        2.89652
3024        5.69956
3024        3.84808
3024        2.62157
3024        3.94174
3024      0.0262403
3024        5.99083
3024         6.2744
3024        6.13499
3024        2.38426
3024       0.458392
3024         5.5318
3024        6.04497
3024        5.31691
3024        4.99373
3024        5.97873
3024        2.40231
3024        5.34326
3024        3.93415
3024        2.79424
3024        5.87846
3024        5.79705
3024        3.25638
3024        3.49298
3024        1.95691
3024        3.25169
3024        4.57745
3024         2.9705
3024        6.22953
3024        6.12346
3024        3.81763
3024        2.83909
3024        4.97276
3024        6.17846
3024        0.23467
3024        3.36527
3024        4.44662
3024       0.275324
3024        3.65736
3024        5.69487
3024        1.31994
3024        2.47654
3024         6.1022
3024        3.40717
3024        6.26676
3024       0.165201
3024       0.792346
3024          3.231
3024        3.70042
3024        4.76158
3024        3.07707
3024        4.11217
3024        5.79594
3024        2.64505
3024        2.78828
3024        5.49584
3024         2.3632
3024        5.74916
3024       0.322849
3024       0.519197
3024        3.01843
3024        4.39752
3024        1.51022
3024        6.15004
3024        6.14771
3024        5.52888
3024        1.41001
3024        6.22513
3024        1.05768
3024      0.0772768
3024        2.79382
3024        2.33814
3024       0.573625
3024        1.20264
3024        4.61925
3024       0.295585
3024        2.80377
3024        5.38819
3024         3.6265
3024        0.18152
3024         2.6189
3024        3.24488
3024        1.73056
3024         2.2729
3024         2.4069
3024           2.96
3024        1.18817
3024        1.68223
3024        2.61256
3024        3.13879
3024         5.9484
3024       0.524144
3024        5.29449
3024         2.4842
3024       0.292932
3024        3.06648
3024        1.52825
3024        3.59206
3024        1.15827
3024        5.56714
3024        5.51933
3024       0.383858
3024       0.464028
3024         1.9189
3024       0.161033
3024          3.999
3024        3.08798
3024        3.59091
3024        3.29653
3024        5.89311
3024        5.78745
3024       0.133132
3024        2.13398
3024        6.02097
3024        2.74433
3024        1.76558
3024        1.58894
3024        3.11029
3024        3.47929
3024        1.08925
3024        6.26041
3024        3.30925
3024        2.49626
3024         2.3466
3024        2.40133
3024        3.00456
3024         6.0198
3024        5.15803
3024         4.3783
3024         5.2658
3024        0.31892
3024       0.027865
3024        3.22276
3024        5.62845
3024        5.39785
3024        5.43091
3024        5.50864
3024        4.30079
3024        1.25567
3024        3.99279
3024        6.18632
3024        4.30786
3024        5.85249
3024        5.55666
3024       0.916858
3024        5.30156
3024        2.05468
3024        2.02209
3024         3.9903
3024        5.82966
3024        4.54931
3024        1.14774
3024        3.10613
3024        6.02874
3024        3.84074
3024        3.00891
3024        5.16537
3024         2.5567
3024         2.7982
3024        4.37792
3024       0.626411
3024       0.365924
3024        2.81411
3024        2.89535
3024        5.47753
3024        4.82938
3024        5.94698
3024        1.81954
3024        5.93964
3024        3.06608
3024        4.01099
3024        3.71169
3024        2.19638
3024        1.05809
3024        4.88641
3024        5.40511
3024        4.89184
3024        5.13974
3024        5.47223
3024      0.0692167
3024        3.41649
3024        5.93784
3024        3.62804
3024         6.0315
3024       0.857109
3024        5.97277
3024        2.47867
3024       0.163683
3024        6.22219
3024         3.8131
3024        3.05503
3024        3.45293
3024        4.42701
3024        6.11278
3024       0.148913
3024        4.65067
3024        1.17259
3024        2.77471
3024       0.514585
3024       0.109814
3024        1.51502
3024        2.41216
3024        3.00299
3024        3.20138
3024        2.96943
3024        5.01471
3024        1.28329
3024        1.87145
3024        2.70098
3024       0.997059
3024         6.0148
3024        3.76088
3024        2.34485
3024        2.10963
3024        3.04711
3024        6.11719
3024        2.91107
3024        3.24536
3024          2.929
3024        2.30231
3024      0.0504472
3024        3.40965
3024        5.23378
3024        4.06651
3024       0.296484
3024        4.68209
3024        2.14948
3024        1.29813
3024        2.58368
3024        5.31623
3024        5.93257
3024       0.421875
3024        5.80396
3024        5.83397
3024        3.21791
3024        2.61671
3024        5.95892
3024        1.98466
3024        4.88437
3024        6.08398
3024        2.18771
3024        5.74303
3024        3.37934
3024        2.55507
3024        2.01909
3024        2.40475
3024         3.9879
3024        3.10856
3024       0.522592
3024        5.46035
3024         3.2067
3024        2.74311
3024       0.274015
3024       0.214558
3024        2.51264
3024        3.36484
3024        1.49156
3024        1.06928
3024        2.40721
3024        1.79679
3024        3.57777
3024        5.68652
3024       0.299131
3024       0.230988
3024        4.86158
3024        4.31666
3024        2.21919
3024        2.84783
3024       0.888844
3024        2.66946
3024        4.93824
3024        6.15735
3024       0.724161
3024       0.797355
3024        4.70814
3024        2.46185
3024        3.45977
3024        4.27941
3024         5.3485
3024        2.16617
3024        1.97301
3024      0.0191038
3024       0.647368
3024        6.23811
3024        4.99551
3024        2.48395
3024         2.5843
3024        3.34139
3024        5.44888
3024        6.03267
3024        4.93721
3024        1.04576
3024        5.38451
3024        5.52431
3024       0.738032
3024        2.47275
3024        2.28525
3024        5.62447
3024         2.8959
3024         5.7895
3024        1.85595
3024        3.98744
3024        2.43962
3024        4.94782
3024       0.213195
3024        1.12083
3024           3.85
3024        1.52877
3024        5.58618
3024        5.40306
3024        5.89785
3024        4.14224
3024       0.740481
3024        5.72604
3024        3.82033
3024        3.32329
3024        2.76719
3024        5.82873
3024        3.38505
3024        5.67255
3024        5.36759
3024        1.85731
3024         1.6871
3024        3.63906
3024        3.12682
3024        3.19306
3024        4.02059
3024        6.28046
3024        5.42683
3024       0.430793
3024        5.93998
3024      0.0597495
3024        2.40174
3024       0.593175
3024        2.72638
3024        5.05527
3024        2.63911
3024        5.08206
3024       0.159228
3024        2.34943
3024        2.74493
3024        6.26494
3024        3.32892
3024        5.96816
3024       0.607407
3024         5.8509
3024      0.0422326
3024        4.23922
3024        3.38352
3024        1.44024
3024        2.23801
3024        2.76114
3024        3.99121
3024        1.52519
3024       0.864669
3024        2.50998
3024        5.78972
3024        4.24406
3024        6.14777
3024        2.26749
3024        2.89273
