3767        4.88029
3767        2.89348
3767         4.6486
3767        4.56207
3767         4.7458
3767        4.98042
3767        4.45014
3767        4.30736
3767       0.920172
3767        3.04412
3767        1.96041
3767        3.27647
3767       0.861573
3767         3.0289
3767        6.22374
3767        2.87583
3767        1.99657
3767        4.18702
3767        4.13601
3767        3.84251
3767        1.35249
3767        2.04573
3767          5.801
3767        4.51259
3767       0.180584
3767        6.04141
3767        5.09006
3767        2.28332
3767        1.48117
3767        4.39244
3767        1.17045
3767        5.35693
3767        4.16711
3767      0.0649275
3767        1.51007
3767        1.69208
3767       0.911208
3767        1.83494
3767        1.22226
3767        3.35903
3767        5.36173
3767          3.843
3767        2.88818
3767        1.48976
3767       0.548653
3767        2.70531
3767        3.30733
3767        2.52317
3767        1.92496
3767        2.05527
3767       0.632107
3767        5.92806
3767        5.37938
3767        4.21696
3767        5.25953
3767       0.454405
3767        5.84826
3767        4.94208
3767        5.38878
3767       0.506142
3767        5.04908
3767        1.02112
3767        2.41424
3767         4.4767
3767        4.27468
3767        1.64409
3767        2.87689
3767        4.94289
3767      0.0817056
3767        5.80466
3767        2.58301
3767        1.04766
3767      0.0547729
3767        2.62779
3767        3.03989
3767        4.32748
3767         1.7646
3767         2.7288
3767       0.814924
3767         2.4912
3767       0.398241
3767        4.17561
3767         5.4869
3767         2.4116
3767       0.884088
3767        5.52239
3767        3.91621
3767        2.12181
3767        2.90238
3767        4.91004
3767        3.99141
3767        1.78816
3767         5.5988
3767       0.891965
3767        5.33804
3767        5.28947
3767        1.16268
3767        3.60231
3767        2.66126
3767      0.0146576
3767        1.71659
3767        2.79249
3767       0.088705
3767        4.63558
3767        2.30904
3767        2.14453
3767        1.50871
3767        5.78031
3767           4.87
3767        5.73378
3767        4.82583
3767        3.09158
3767        2.00558
3767       0.110746
3767        5.91091
3767        2.19303
3767        3.72419
3767       0.930794
3767        5.47599
3767        4.50698
3767        2.46622
3767        5.19616
3767        2.02923
3767        3.51588
3767     0.00846418
3767        6.00064
3767        6.21483
3767        2.03406
3767       0.238539
3767        4.03006
3767        4.98864
3767       0.662126
3767        3.56487
3767        1.15504
3767        3.61818
3767        5.42266
3767        4.66784
3767       0.580665
3767        5.10248
3767        4.59119
3767        3.92917
3767        2.33988
3767        2.25595
3767           2.42
3767        6.24332
3767      0.0474864
3767        1.68059
3767        2.98705
3767         3.1138
3767        3.29521
3767        5.23725
3767        0.11328
3767        5.74969
3767       0.501371
3767        2.92907
3767         6.1309
3767        2.28288
3767        5.93352
3767       0.972786
3767        4.15015
3767        4.97449
3767        5.15666
3767        2.69963
3767        3.94749
3767        5.55464
3767        5.63024
3767        4.56485
3767        5.51416
3767        3.89653
3767        4.54637
3767       0.348582
3767        5.97542
3767        5.96055
3767        5.82629
3767        1.04146
3767        2.34933
3767       0.826881
3767         1.2839
3767        0.10678
3767         2.4928
3767        4.93342
3767        5.61067
3767        4.09964
3767        4.41855
3767         3.7784
3767       0.355358
3767        2.11359
3767        1.44079
3767        3.18828
3767        1.50328
3767        1.62728
3767        2.37847
3767        1.89923
3767        2.88485
3767        3.55788
3767        0.22508
3767        3.04305
3767         1.5225
3767        5.27033
3767         3.7483
3767        2.74397
3767        3.87499
3767        2.83975
3767       0.155925
3767        2.66775
3767        4.74523
3767        1.09324
3767        2.45194
3767        2.39347
3767        4.66194
3767        5.14188
3767        1.87587
3767        3.95491
3767        2.02552
3767        2.95494
3767        5.41618
3767        0.68198
3767        1.98097
3767          5.988
3767        1.82769
3767        0.52629
3767       0.604416
3767        5.82127
3767        4.14104
3767        3.16818
3767         1.8432
3767        3.12186
3767       0.323031
3767        3.75463
3767       0.193215
3767        4.62252
3767        2.02389
3767        0.30402
3767         5.0601
3767        2.01702
3767        2.89775
3767        4.47029
3767        3.19612
3767        4.80654
3767        2.80469
3767        5.63861
3767        2.72922
3767        2.41582
3767        1.79964
3767       0.738764
3767       0.305971
3767        2.63101
3767        2.57128
3767         1.5334
3767         5.6914
3767        5.04276
3767        1.31397
3767        2.73446
3767        1.63603
3767        2.67077
3767        2.59074
3767        2.78622
3767        1.61269
3767        6.25627
3767        2.98233
3767       0.540554
3767        6.22718
3767        3.37842
3767        1.93468
3767        4.26208
3767        2.00585
3767        2.99116
3767        5.48174
3767         6.2237
3767        5.30539
3767        1.24045
3767        4.23061
3767        0.68115
3767       0.178474
3767       0.228052
3767        1.26169
3767        5.44392
3767        0.14328
3767        2.65011
3767       0.189519
3767        3.33271
3767        2.95793
3767         2.7378
3767        1.68618
3767        4.53556
3767        5.46352
3767         3.6804
3767        1.57069
3767         3.6799
3767        4.03111
3767       0.495119
3767        4.08573
3767        3.77533
3767        6.09044
3767        4.43375
3767        5.23921
3767        1.12666
3767       0.967135
3767        5.27749
3767          1.977
3767        6.26597
3767        2.13092
3767        1.42781
3767        2.95326
3767        4.24285
3767        4.11459
3767         2.5056
3767       0.276917
3767        3.94301
3767        2.64994
3767      0.0983446
3767        2.01987
3767         1.3321
3767        1.12058
3767        2.33243
3767        5.83427
3767        1.96415
3767       0.365118
3767        3.23714
3767        4.47442
3767        5.29933
3767        4.33531
3767        5.38902
3767        2.93256
3767        2.02839
3767        2.39367
3767        2.87539
3767        2.65398
3767        5.07964
3767        1.40123
3767        4.49305
3767        2.82306
3767        4.28877
3767        4.08305
3767        1.92639
3767        2.94963
3767        1.74555
3767        1.07387
3767       0.963123
3767        1.48866
3767        3.49641
3767        3.08044
3767        4.25787
3767        1.05755
3767        3.91581
3767        4.24385
3767        4.31353
3767        1.60964
3767         2.0649
3767        5.91991
3767      0.0349538
3767        2.68612
3767       0.526887
3767        2.70039
3767        5.29494
3767        3.98413
3767        5.33779
3767        3.57932
3767         4.2581
3767        5.60283
3767        5.32899
3767      0.0521481
3767        4.19341
3767        1.54749
3767      0.0818519
3767        2.18912
3767       0.255026
3767        1.81827
3767        3.19812
3767        4.12272
3767        5.07117
3767        4.04502
3767        2.92153
3767        5.95495
3767        5.44412
3767       0.512638
3767        5.68725
3767        2.19688
3767        4.91274
3767        5.38822
3767        5.44117
3767        6.04151
3767        4.91796
3767        3.37886
3767        0.34888
3767        4.25526
3767        2.02432
3767        5.05881
3767          4.128
3767        3.63576
3767        4.43694
3767        1.90433
3767        4.29229
3767        4.65064
3767         1.0396
3767        4.99087
3767        5.41674
3767        4.00966
3767        4.22395
3767        4.50059
3767        4.98745
3767        5.42269
3767        2.27491
3767        5.59347
3767       0.397756
3767        4.76822
3767        1.25014
3767        3.84073
3767        5.69281
3767        2.40222
3767        4.02943
3767        1.95994
3767         5.2642
3767        6.27587
3767       0.532931
3767       0.305941
3767        2.35252
3767         0.3043
3767        1.59829
3767      0.0970399
3767        3.10525
3767        4.06068
3767       0.663649
3767        4.86046
3767        5.81053
3767        4.18284
3767        2.44099
3767         4.6078
3767        2.50772
3767        4.28544
3767        3.23886
3767        2.16043
3767        4.10414
3767        5.71812
3767         1.7258
3767       0.285596
3767        1.30774
3767       0.447452
3767        1.87726
3767        2.34725
3767        5.52446
3767        5.94213
3767         1.8298
3767        4.92737
3767        1.85707
3767        4.15088
3767        5.31303
3767        1.08757
3767        5.67781
3767        5.85944
3767        3.31872
3767        4.87363
3767        3.06311
3767       0.471792
3767        4.26102
3767        4.64784
3767        4.91541
3767        5.24325
3767        4.31318
3767        2.44211
3767        6.19818
3767        5.26396
3767        6.26469
3767        4.73486
3767        5.82003
3767       0.892279
3767        2.48097
3767        6.15459
3767        6.26168
3767        4.71665
3767        4.85113
3767        5.52798
3767        5.18157
3767        2.86222
3767        4.01179
3767         5.0556
3767        2.92606
3767        4.45489
3767        2.04429
3767        5.84616
3767         5.3766
3767        2.97638
3767        2.39302
3767        5.42091
3767        4.97363
3767        5.88492
3767         5.7522
3767        1.86796
3767        1.28039
3767        3.78459
3767        1.39747
3767        2.08444
3767        3.12901
3767          4.026
3767         3.3315
3767        6.25961
3767        5.38025
3767       0.257492
3767       0.920038
3767        4.29516
3767        2.36295
3767        1.91879
3767        4.09206
3767       0.828467
3767        4.73841
3767        5.83303
3767        5.17792
3767        2.02463
3767        2.42816
3767        3.11175
3767          2.921
3767       0.233771
3767       0.828985
3767        4.15313
3767        1.03091
3767        5.98023
3767        2.27638
3767         2.4772
3767       0.857835
3767        6.19395
3767        1.15542
3767        3.70403
3767        1.78212
3767        2.28223
3767        3.46447
3767        1.16251
3767        2.20465
3767        4.28518
3767        1.24517
3767        3.38246
3767        4.68765
3767       0.715777
3767       0.222732
3767        3.87167
3767         5.1715
3767        1.21549
3767         4.2255
3767        4.76702
3767        5.43252
3767        1.56487
3767        1.48792
3767          5.211
3767        4.56088
3767        3.06311
3767        2.45709
3767        4.35272
3767        5.98359
3767        1.40667
3767       0.307703
3767        2.73385
3767        5.74204
3767        5.79771
3767        2.42463
3767        3.56011
3767        5.06321
3767         1.9232
3767       0.669388
3767       0.498245
3767        2.85053
3767        4.99239
3767        5.16039
3767        2.47176
3767        2.56154
3767        5.54243
3767        2.61642
3767        1.08205
3767        2.86783
3767       0.652529
3767        5.01866
3767         0.6812
3767        3.41688
3767        1.79546
3767        4.26206
3767        2.83558
3767        2.51666
3767        5.10276
3767        1.21449
3767        6.12309
3767        1.95579
3767        4.11732
3767        5.87346
3767        5.32985
3767        3.17164
3767        5.68951
3767       0.551597
3767        2.71982
3767        2.04929
3767        1.06138
3767       0.602127
3767         5.9999
3767        4.43033
3767        2.05446
3767      0.0864405
3767        5.01689
3767        2.46407
3767        1.58404
3767        2.68357
3767        2.89885
3767        5.11416
3767        2.68715
3767        3.99703
3767        6.07086
3767        5.12052
3767        3.24597
3767        5.73028
3767       0.268442
3767        1.51826
3767        5.66775
3767        5.33333
3767         4.7408
3767       0.687553
3767        3.54115
3767        3.50535
3767        4.84558
3767         1.7472
3767        1.12427
3767        6.13715
3767        5.08772
3767        1.17313
3767        2.56948
3767        4.51977
3767        1.23693
3767      0.0320656
3767        3.55769
3767        5.66451
3767        5.10205
3767        6.25294
3767        2.37495
3767        4.61687
3767        2.19491
3767       0.170128
3767        5.64664
3767        5.45192
3767        1.68963
3767        5.34616
3767        1.59393
3767        1.55553
3767        5.87307
3767        4.59182
3767       0.590673
3767        3.47824
3767        4.50387
3767        1.96665
3767        3.95702
3767         2.6604
3767        2.97115
3767        1.30132
3767        5.09275
3767        1.90582
3767        3.35138
3767       0.427801
3767        5.12413
3767        2.07998
3767        1.48674
3767      0.0484121
3767        2.39406
3767        1.71141
3767        5.83366
3767        2.23024
3767        2.34528
3767        1.94109
3767        3.09473
3767        4.34582
3767       0.618193
3767        2.06823
3767        6.11041
3767        5.67078
3767         2.9568
3767        5.58984
3767        2.29408
3767        3.22938
3767        3.11978
3767        4.91496
3767        2.22931
3767        6.15352
3767        1.45296
3767        1.13167
3767        1.66515
3767        3.06061
3767       0.240009
3767        3.76038
3767        5.89498
3767        3.90202
3767        2.27139
3767        2.43439
3767        5.42026
3767        1.23022
3767        1.86642
3767         4.3911
3767        5.60461
3767        6.07121
3767        2.20389
3767        3.23075
3767        2.10612
3767       0.425937
3767       0.450598
3767        4.81629
3767        2.71945
3767         2.1216
3767        2.11181
3767        5.13734
3767        4.13253
3767        1.05577
3767        5.57969
3767        2.07748
3767         3.6943
3767         5.3992
3767       0.403424
3767        1.61703
3767         5.1444
3767       0.777908
3767        3.26652
3767        0.85453
3767        4.30585
3767        5.38129
3767        6.23793
3767        6.08114
3767        5.90216
3767        1.63724
3767        2.56598
3767        6.05042
3767        3.27518
3767        3.49889
3767        2.42112
3767        3.18516
3767        4.78793
3767        4.12998
3767         3.5266
3767        6.02733
3767        3.03809
3767        3.14031
3767        5.70659
3767        3.45475
3767        2.14902
3767        5.40517
3767        2.19544
3767        3.06466
3767         6.1999
3767        2.25802
3767         2.8937
3767       0.679137
3767         2.0775
3767        4.51332
3767         2.7955
3767        3.86088
3767        2.10194
3767        5.43531
3767        3.30239
3767        5.73779
3767        3.39778
3767          2.633
3767        4.07214
3767        2.30938
3767         3.8843
3767         2.6722
3767        5.71222
3767        0.40095
3767        2.60717
3767        4.13347
3767        3.77631
3767        5.85842
3767        5.93153
3767        5.17855
3767        2.96088
3767        5.19199
3767        3.84454
3767        1.16072
3767        3.28321
3767        5.63258
3767        1.64109
3767        5.31086
3767        4.06065
3767        4.48346
3767        3.72278
3767        6.19571
3767       0.928606
3767       0.924889
3767        1.70129
3767        3.18838
3767        4.12573
3767        2.92207
3767        4.67237
3767        1.71719
3767        1.85535
3767        2.13677
3767        1.27428
3767        4.71257
3767        1.75239
3767       0.908992
3767        2.15197
3767        2.12889
3767       0.569054
3767        5.56477
3767        4.84021
3767        2.31038
3767       0.787873
3767         4.8422
3767        1.43683
3767        4.63833
3767        3.92099
3767        4.35297
3767        5.10545
3767         2.7796
3767       0.684107
3767        2.84937
3767        4.63939
3767        2.74834
3767        5.26131
3767        3.78259
3767        6.19271
3767        1.96077
3767         1.7076
3767        3.00528
3767        2.08496
3767        2.21879
3767        4.04153
3767        2.58548
3767        5.83054
3767        2.47215
3767        1.34526
3767        4.44678
3767        4.70687
3767        3.01327
3767        3.74888
3767        1.36415
3767      0.0416516
3767       0.902269
3767        2.82037
3767        3.73553
3767        1.45654
3767        2.21053
3767        6.23799
3767        2.57145
3767        1.52596
3767         2.3098
3767        1.94102
3767        1.22194
3767        2.31633
3767        5.10837
3767         0.8105
3767        5.06038
3767         2.8778
3767          3.439
3767        5.59229
3767        5.13284
3767        5.52491
3767        4.25798
3767        5.53933
3767        3.59789
3767        6.19636
3767        4.04719
3767        3.15649
3767        2.37967
3767         3.8991
3767        0.78618
3767        2.90044
3767         6.1717
3767        3.22038
3767        5.88123
3767        0.24881
3767        5.80045
3767        5.05963
3767       0.415021
3767        1.90561
3767        2.37772
3767        3.54178
3767        4.75239
3767        5.81822
3767       0.635053
3767        5.76677
3767        3.49368
3767        1.99311
3767        1.19331
3767        6.09685
3767        4.19386
3767        4.39135
3767        1.93816
3767       0.251122
3767        5.47354
3767         1.6514
3767        1.00785
3767        3.06659
3767        3.68533
3767        3.32365
3767         2.8279
3767        2.22146
3767        4.68138
3767        3.44738
3767        3.67079
3767        2.57167
3767       0.909268
3767        2.63812
3767        1.91951
3767        3.63218
3767        4.12122
3767        1.14039
3767        1.64185
3767        5.12546
3767        2.82814
3767        1.39817
3767         3.5536
3767        1.69016
3767        5.46523
3767        2.94597
3767       0.167939
3767       0.685526
3767        0.33217
3767        3.99337
3767        5.30839
3767        5.32672
3767         3.9267
3767        3.61354
3767        2.40687
3767         4.9247
3767        6.27291
3767        2.98978
3767         4.5574
3767        5.81753
3767        3.82929
3767        5.00305
3767        1.57863
3767        5.76834
3767       0.976766
3767        5.16632
3767        5.36161
3767        3.13658
3767        5.65206
3767        2.88965
3767        2.20609
3767         4.3329
3767        1.83633
3767        2.45193
3767        2.24244
3767        1.44999
3767        3.64656
3767        4.51499
3767       0.823239
3767        2.54938
3767          4.102
3767        2.95392
3767        1.77174
3767        1.99163
3767        1.43202
3767        1.52698
3767        1.65491
3767        3.53126
3767        5.31829
3767        5.36036
3767       0.684023
3767        4.48043
3767         5.9393
3767        3.06339
3767        2.48637
3767        1.41965
3767       0.257012
3767        1.38105
3767        5.53031
3767       0.420462
3767       0.890427
3767       0.403939
3767        2.31344
3767        1.57297
3767        5.21658
3767        2.56785
3767        5.91556
3767        2.78253
3767       0.765463
3767        1.75073
3767        1.15751
3767        4.82911
3767        1.98585
3767        4.93755
3767      0.0703155
3767        3.12386
3767       0.362137
3767        1.90495
3767        3.90047
3767          3.485
3767        3.13256
3767        2.03543
3767          2.455
3767        5.30272
3767        5.34258
3767        2.38002
3767       0.785697
3767        6.18652
3767        6.13505
3767        5.49938
3767        2.29672
3767        2.24827
3767        2.85896
3767        4.14172
3767        4.08926
3767         3.5805
3767        5.36633
3767        2.27763
3767        6.05497
3767        4.20202
3767        1.33541
3767        3.27132
3767        3.43993
3767        3.21686
3767        2.48148
3767        4.30494
3767        5.88686
3767        2.71534
3767        5.26065
3767        2.50251
3767       0.281803
3767        4.37815
3767        2.34938
3767        3.78939
3767        3.58744
3767        1.63593
3767        5.63623
3767        2.60573
3767        3.42594
3767        6.13564
3767        3.38974
3767        5.30055
3767        6.05922
3767        4.31367
3767        1.22637
3767        2.44481
3767         2.6409
3767        6.13814
3767        2.01521
3767        0.17223
3767        4.98046
3767        4.07904
3767        0.95564
3767         1.3655
3767       0.456422
3767        3.24741
3767        4.47895
3767        3.47946
3767        3.55303
3767        1.49957
3767        3.06548
3767        3.17832
3767        4.45472
3767        0.26227
3767        5.74792
3767        1.92356
3767       0.298334
3767        0.81313
3767       0.992389
3767        6.23594
3767        1.15231
3767        5.32581
3767        2.11839
3767        6.20698
3767        2.50171
3767        3.20049
3767        1.01275
3767        1.31726
3767        5.04106
3767        5.56094
3767        2.91941
3767        4.22029
3767        3.84546
3767        1.11184
3767         1.5799
3767        5.41107
3767         3.2212
3767        1.22192
3767         5.7956
3767        3.50674
3767        1.25074
3767        3.23651
3767        4.35162
3767        3.10981
3767        5.80991
3767        1.40552
3767         5.2164
3767        2.90111
3767        2.49428
3767         4.3548
3767        2.73039
3767        3.27804
3767        5.34635
3767        2.89156
3767        4.02161
3767        3.00181
3767        2.62977
3767        5.47375
3767        4.51871
3767        5.19983
3767        1.06289
3767        5.11842
3767        1.75747
3767        5.47692
3767       0.955961
3767        3.25883
3767        3.73572
3767       0.046558
3767        3.38012
3767        5.76686
3767        3.37074
3767        5.34139
3767        3.45584
3767        0.65792
3767       0.432227
3767        4.59163
3767        2.13862
3767        5.39348
3767        2.74387
3767           4.31
3767        6.23806
3767       0.134982
3767        2.11026
3767        1.97185
3767         5.0218
3767        5.13146
3767        1.87782
3767        5.78458
3767        2.39767
3767        6.08125
3767       0.392341
3767        3.72459
3767       0.526695
3767        4.44497
3767        1.96229
3767       0.636519
3767         2.5277
3767        2.22883
3767        1.03978
3767        6.21812
3767        3.80595
3767        4.45875
3767        4.92975
3767         5.1682
3767        4.90633
3767        1.59931
3767        1.10178
3767       0.375128
3767        2.65875
3767         5.5439
3767        5.19719
3767        2.60803
3767        3.71966
3767       0.551229
3767        3.68507
3767        3.02423
3767        4.19474
3767        2.16511
3767        3.66978
3767       0.637522
3767        5.50663
3767        1.07175
3767        2.39855
3767        2.32409
3767           6.07
3767        5.23707
3767        4.62293
3767        4.73787
3767        1.25832
3767        0.13389
3767        2.28343
3767        4.55589
3767        3.37675
3767        2.47653
3767        1.54117
3767        5.09155
3767        2.43345
3767        3.72595
3767        2.62512
3767        4.01233
3767        3.40788
3767      0.0422998
3767        3.83717
3767        2.47027
3767        5.38032
3767         1.2348
3767       0.618793
3767        4.64255
3767        3.15818
3767        1.34273
3767        5.13557
3767       0.281743
3767         4.2158
3767        5.93573
3767        2.21352
3767       0.670094
3767        5.27385
3767       0.497396
3767         2.8421
3767        1.93833
3767        3.39785
3767        6.16329
3767        5.55202
3767        5.81271
3767        2.27354
3767        3.27516
3767        6.23809
3767       0.810567
3767        1.37326
3767        4.55099
3767        2.59956
3767        3.02655
3767        3.21635
3767        4.74824
3767        2.74399
3767        3.89656
3767        1.50902
3767        4.26517
3767        4.10113
3767        1.91678
3767       0.722288
3767         5.8214
3767        5.53076
3767       0.378552
3767        3.84062
3767        2.13493
3767        5.27912
3767        6.00804
3767        1.20116
3767        1.80674
3767        3.74457
3767        1.78822
3767        3.39463
3767        2.50218
3767       0.226339
3767        3.19982
3767        4.60471
3767        6.11088
3767        5.89872
3767        6.03688
3767         1.9814
3767         1.8588
3767        2.10084
3767        5.33599
3767        5.08493
3767        4.01914
3767        1.73255
3767         2.3962
3767        2.73389
3767        2.98773
3767        6.03605
3767        1.97907
3767        4.85486
3767        5.05299
3767        3.47857
3767        4.83245
3767       0.566898
3767        2.20606
3767        4.49454
3767        5.54267
3767        6.18245
3767        6.05516
3767        2.56157
3767       0.294164
3767        5.10705
3767        2.49682
3767        3.52206
3767        6.13266
3767        4.64862
3767        4.01114
3767        6.08749
3767        4.23134
3767       0.547163
3767        1.40017
3767        3.28422
3767        1.95903
3767        4.59189
3767        5.61312
3767        1.98107
3767        3.59361
3767        2.68013
3767        2.52919
3767        2.43522
3767        5.10117
3767        0.16932
3767        3.38775
3767        2.29067
3767       0.302391
3767        1.22217
3767        4.62025
3767        1.61906
3767       0.798649
3767       0.527232
3767        2.61114
3767        3.10074
3767        5.92685
3767        4.65729
3767        4.75022
3767        4.65418
3767        2.39248
3767       0.587586
3767        5.56209
3767        5.80341
3767        2.01493
3767        1.44041
3767       0.170508
3767        6.22592
3767        3.09121
3767        3.67162
3767        2.55036
3767        4.67518
3767        4.26113
3767        2.28167
3767        5.09793
3767        2.79409
3767        2.78537
3767         2.8106
3767        4.83621
3767     0.00996812
3767        1.47169
3767        2.82426
3767        4.97713
3767        5.72425
3767        6.27163
3767        5.53813
3767        4.22831
3767        4.13013
3767        1.70862
3767        4.82675
3767        1.10117
3767        2.85144
3767        4.15543
3767         5.7039
3767        4.35884
3767       0.660988
3767        4.10512
3767        3.65453
3767        5.46537
3767        2.27686
3767        4.59758
3767       0.421026
3767        2.82933
3767         1.1611
3767       0.970241
3767        6.24527
3767        1.40767
3767        3.24622
3767        5.27313
3767        6.15614
3767        4.64771
3767        4.88058
3767        5.75384
3767        5.75949
3767        5.32714
3767        5.84489
3767        1.23018
3767        5.12622
3767        5.71473
3767        3.48433
3767        4.90352
3767        5.07797
3767        5.53525
3767        0.64731
3767        1.74262
3767        5.73558
3767         2.8436
3767        1.16811
3767         1.7754
3767        1.89574
3767        4.52323
3767        5.57792
3767        4.83566
3767        1.10419
3767        1.84151
3767        4.98297
3767        0.56067
3767        3.53956
3767        2.41909
3767        3.73705
3767        2.78682
3767        2.64818
3767          1.932
3767        1.94262
3767        6.02366
3767        4.96256
3767        1.55666
3767        1.28482
3767        2.95967
3767        2.58928
3767       0.973312
3767        5.87726
3767        1.67012
3767        2.19818
3767        5.62958
3767        2.97602
3767         3.8982
3767        2.48015
3767        5.26895
3767        4.73241
3767        2.62741
3767        4.46634
3767        5.11468
3767        4.55263
3767        5.83046
3767        5.39133
3767       0.462414
3767        4.94973
3767        5.93119
3767         1.0332
3767        2.98005
3767       0.493183
3767        2.06946
3767        2.13555
3767        3.53043
3767        5.31899
3767        1.92073
3767        6.08025
3767        5.83862
3767        1.79487
3767        2.59564
3767        1.78866
3767         1.2552
3767        5.12212
3767        1.68908
3767       0.515332
3767        2.48519
3767        2.73077
3767        4.64161
3767        2.69573
3767        4.05977
3767        1.79651
3767         2.0097
3767        2.52085
3767        3.02518
3767        2.48277
3767        5.15079
3767        4.87561
3767       0.617654
3767       0.840133
3767        6.27217
3767       0.631941
3767       0.902479
3767        5.65319
3767         4.7479
3767        5.07535
3767        3.18061
3767         3.7831
3767      0.0211634
3767         1.4318
3767        4.89578
3767        4.70563
3767        2.92619
3767       0.227439
3767        5.72346
3767        1.65034
3767       0.868624
3767       0.629525
3767        4.62905
3767       0.347214
3767        6.04579
3767        2.74919
3767        6.01345
3767       0.429567
3767          2.683
3767        5.89775
3767        5.16751
3767        2.58001
3767        2.22778
3767        2.46886
3767      0.0538626
3767        1.89307
3767        1.28492
3767        2.51577
3767        2.85005
3767       0.881725
3767        1.69278
3767        3.36029
3767        2.18589
3767        5.43504
3767        5.54771
3767        2.19229
3767        4.61256
3767        5.79856
3767        1.04843
3767       0.821328
3767          2.863
3767        2.19387
3767        5.65338
3767        5.87928
3767       0.428038
3767         3.6974
3767        3.97089
3767        4.42461
3767        2.59493
3767        1.84118
3767         1.9092
3767        5.07063
3767         4.0341
3767        1.21718
3767        3.60526
3767        2.84011
3767        5.99753
3767       0.268699
3767        2.86784
3767       0.738698
3767        5.74578
3767        5.08667
3767        1.71258
3767        5.40572
3767        1.89285
3767        4.42183
3767        5.21457
3767        5.01451
3767         2.5558
3767        3.08238
3767       0.216494
3767        1.00998
3767        4.80597
3767        3.27231
3767        3.65165
3767        6.02468
3767      0.0448716
3767        2.98157
3767        3.78985
3767        2.58563
3767        4.25037
3767        4.26907
3767        1.88526
3767        2.34535
3767        3.89474
3767       0.461391
3767        4.24423
3767        2.55545
3767          2.895
3767        1.91535
3767       0.637567
3767        2.99568
3767        5.35501
3767      0.0182698
3767        3.14901
3767        2.71079
3767      0.0525251
3767        4.75444
3767        1.14942
3767        1.06728
3767         2.0523
3767        4.47713
3767        5.33323
3767        1.81554
3767        5.33293
3767        1.10698
3767        6.05134
3767        3.17388
3767       0.659147
3767        0.62393
3767         1.5577
3767        0.75448
3767         2.5808
3767        5.22293
3767        2.01199
3767        5.48956
3767        5.81318
3767        3.72095
3767        3.01111
3767        2.34145
3767         4.5761
3767        6.28204
3767        2.08174
3767        3.22105
3767        6.26049
3767        2.10165
3767        5.90746
3767        4.73596
3767       0.120367
3767        1.33285
3767        5.09818
3767        4.62836
3767        5.75289
3767        4.31139
3767        3.03892
3767        4.18021
3767       0.851686
3767        4.39064
3767        5.06722
3767        1.16458
3767        4.71726
3767        5.84569
3767        3.25029
3767        2.36898
3767        4.92848
3767         3.3658
3767        4.11763
3767        4.59683
3767        4.95924
3767        3.69683
3767        2.37293
3767        5.38509
3767       0.894843
3767        1.67924
3767        5.75028
3767       0.321866
3767        3.83094
3767        3.33906
3767        1.91117
3767         3.8864
3767        5.97132
3767        3.27914
3767        2.92162
3767        4.77373
3767        2.52358
3767       0.719037
3767        3.00876
3767       0.514666
3767        3.11609
3767        2.46433
3767       0.857536
3767          5.358
3767        5.32923
3767        5.63395
3767        2.34639
3767       0.696731
3767         4.7806
3767        3.62741
3767        1.38576
3767       0.347395
3767        5.64328
3767        1.42532
3767        2.59646
3767        5.35332
3767        3.59341
3767        2.90337
3767        5.56627
3767       0.857919
3767        5.54219
3767        5.57139
3767        1.61279
3767        1.08376
3767        1.40887
3767        5.92672
3767        5.09656
3767     0.00449258
3767        3.78522
3767       0.379079
3767       0.440358
3767        4.57661
3767       0.955856
3767        4.61176
3767        2.87957
3767       0.847977
3767        5.37789
3767        2.87728
3767        5.66448
3767        4.43734
3767        1.00924
3767       0.770338
3767        1.90764
3767        4.20875
3767        6.13619
3767        1.68163
3767        4.18359
3767     0.00257252
3767        4.24894
3767        1.71476
3767        5.55911
3767        2.83707
3767        3.20163
3767        5.26304
3767        6.13714
3767        1.75287
3767        1.74366
3767        4.11479
3767        3.29449
3767        5.78113
3767        2.24582
3767       0.867867
3767        3.97251
3767        3.97968
3767        3.77748
3767        2.06047
3767        3.17999
3767        1.04355
3767        5.79534
3767        1.42843
3767      0.0562711
3767        3.50662
3767         3.4354
3767        1.86609
3767       0.318736
3767        2.98851
3767        1.26967
3767        2.15242
3767        4.95977
3767        6.00454
3767        3.55723
3767        4.47912
3767        4.62292
3767        2.84757
3767        1.30972
3767        2.06918
3767       0.318748
3767        5.74461
3767        4.15793
3767        1.78551
3767        1.43352
3767        2.12133
3767        5.36111
3767       0.889198
3767        5.68417
3767        2.39427
3767        4.08741
3767         3.0717
3767       0.359719
3767        4.05479
3767       0.124892
3767       0.369074
3767        4.41152
3767        6.05738
3767        1.44588
3767        5.37928
3767        5.86179
3767        1.28249
3767       0.570164
3767        5.87177
3767        4.09234
3767        2.78499
3767        6.06653
3767        3.73072
3767        2.27456
3767         2.9334
3767        2.08072
3767        4.91821
3767        3.69068
3767        1.13162
3767        4.91279
3767        3.20927
3767        1.25775
3767        2.82182
3767        4.36669
3767        3.01614
3767        2.62259
3767        6.13635
3767        2.01534
3767        2.48379
3767        1.90725
3767        5.01488
3767        5.04777
3767        2.93354
3767     0.00955988
3767        5.94526
3767        4.58509
3767         1.6691
3767        5.88635
3767        5.42797
3767        4.28536
3767        4.79198
3767        5.95692
3767        1.50101
3767        4.20214
3767        2.41519
3767         1.4063
3767        5.74286
3767        1.43307
3767        2.70845
3767       0.304939
3767        1.40222
3767        3.30754
3767        4.38283
3767        5.20159
3767        4.28817
3767        2.27991
3767        6.17676
3767        2.83858
3767        2.18685
3767        5.69464
3767        4.74478
3767        5.86266
3767         4.6557
3767        5.66751
3767         4.3078
3767        6.16404
3767        4.70233
3767        3.73594
3767        1.70843
3767        2.20885
3767        2.38605
3767        3.03189
3767        2.26593
3767        6.22296
3767         5.2681
3767        2.07004
3767         2.4183
3767       0.929009
3767        4.08267
3767        1.53356
3767        2.06065
3767        2.82968
3767        1.56175
3767         2.3501
3767        2.93721
3767        1.47307
3767        1.24646
3767        3.83449
3767         3.4308
3767        3.13098
3767        1.88744
3767        5.02685
3767        3.56512
3767        5.47717
3767        3.08093
3767        1.57912
3767        5.56717
3767        4.37938
3767        5.37508
3767        4.20216
3767        5.80846
3767        4.53163
3767       0.436128
3767        4.72545
3767        5.84526
3767        3.70895
3767         5.8373
3767        5.78739
3767        5.20845
3767       0.690969
3767        5.03938
3767        1.95055
3767       0.177298
3767        4.46191
3767        5.68254
3767        5.65198
3767        4.96466
3767        1.45404
3767        4.57974
3767        1.47303
3767        4.05734
3767        5.31278
3767        2.90314
3767        4.70446
3767        2.77622
3767        2.11048
3767        4.23291
3767        5.64795
3767        2.38429
3767        3.05052
3767        6.05478
3767        3.36818
3767        5.16154
3767        2.14957
3767        5.54328
3767        3.32143
3767        3.10925
3767         2.9256
3767        3.60893
3767        4.47311
3767        2.60235
3767        2.99402
3767        1.98536
3767         2.1897
3767        1.86026
3767        1.64745
3767        1.46171
3767        5.56909
3767        1.27408
3767        1.50213
3767        6.22885
3767        4.90942
3767        4.50163
3767        4.68156
3767        3.27328
3767        4.76559
3767        2.03144
3767        4.54054
3767       0.780259
3767        2.36091
3767        3.43886
3767        3.26763
3767        1.60671
3767        2.86217
3767        2.17186
3767         1.8248
3767        2.42628
3767        2.30236
3767        0.30992
3767         1.7858
3767        1.52617
3767        5.91273
3767        3.47189
3767        3.42355
3767        5.40775
3767        5.85569
3767        2.24992
3767        5.65845
3767         4.1892
3767        4.15048
3767        2.13361
3767       0.854538
3767        3.97365
3767        4.01563
3767        1.82756
3767       0.311864
3767        2.00485
3767        2.26163
3767        1.32099
3767        2.39361
3767        4.55885
3767        1.02108
3767        4.19406
3767        4.45022
3767        5.40175
3767        2.26118
3767         2.9052
3767        3.66266
3767        3.23089
3767        5.72133
3767        5.03361
3767        5.01024
3767        1.31617
3767        2.10808
3767        2.75808
3767        4.23864
3767       0.833967
3767        1.43183
3767        4.76931
3767        1.06745
3767        5.55499
3767        1.46671
3767        5.30087
3767        6.16138
3767        3.28081
3767        2.39732
3767        6.26703
3767       0.415524
3767         2.1097
3767        3.01388
3767       0.180205
3767        5.61419
3767        3.58582
3767        2.04724
3767        5.31037
3767        3.76861
3767        5.10699
3767        4.93049
3767         3.7795
3767      0.0047647
3767        2.73447
3767        4.34687
3767        5.18158
3767        4.28684
3767        1.65372
3767          6.192
3767       0.724598
3767        1.36368
3767        3.31635
3767        3.02837
3767        1.43492
3767        2.27607
3767        5.60773
3767      0.0517412
3767        2.08105
3767        2.13735
3767        5.06655
3767        4.81139
3767       0.766027
3767       0.470328
3767        4.80894
3767        2.94739
3767        3.28569
3767        4.49807
3767        1.23171
3767        5.13016
3767        3.46202
3767        5.09581
3767         5.9527
3767        5.20939
3767        5.63734
3767        5.72049
3767        2.59586
3767        1.33011
3767        5.38906
3767        4.34804
3767        3.94734
3767        5.16529
3767        5.51533
3767        6.01601
3767       0.508351
3767        2.23398
3767        3.73455
3767        3.07576
3767         5.2256
3767        3.07872
3767        4.76765
3767        4.20213
3767        1.89741
3767       0.972223
3767        6.05554
3767        2.01076
3767        4.08633
3767        3.27149
3767       0.569104
3767        1.79734
3767         1.5109
3767        3.96646
3767        3.74876
3767        5.00252
3767        2.77924
3767        4.07981
3767       0.194032
3767        3.73833
3767        5.58385
3767        4.80124
3767         2.1153
3767         4.8168
3767        4.86537
3767        1.31048
3767       0.490239
3767        4.89337
3767        4.83546
3767        1.36405
3767        2.80473
3767        5.53587
3767        2.99428
3767        2.61874
3767        5.44075
3767       0.311471
3767        3.84459
3767        6.26848
3767        3.28123
3767        1.62332
3767        4.45583
3767        4.84758
3767        3.17337
3767        2.48389
3767       0.535717
3767        5.59261
3767        4.94802
3767        3.17673
3767        1.68884
3767            1.9
3767        3.96498
3767        2.77626
3767        3.16092
3767        3.82169
3767        4.93571
3767       0.873086
3767        4.83749
3767        5.07535
3767        3.16662
3767        4.71819
3767        2.43557
3767       0.701538
3767        5.38626
3767        1.49247
3767        2.47717
3767        5.63464
3767        2.49425
3767        3.75748
3767        5.18024
3767        1.01188
3767        4.20455
3767        6.13417
3767        2.02891
3767        5.84536
3767        4.03325
3767       0.514841
3767        4.82743
3767        1.62242
3767        6.12649
3767        3.00335
3767        5.51771
3767        1.63521
3767        5.60635
3767        5.21263
3767        2.30845
3767       0.440406
3767        6.22441
3767        1.25735
3767        5.06215
3767         2.6448
3767        2.91567
3767       0.754881
3767        3.76166
3767        4.36267
3767         3.4864
3767        1.89795
3767        2.18114
3767        4.00457
3767        4.18724
3767        5.08275
3767        2.62358
3767        4.74888
3767         5.2396
3767        5.14941
3767        5.99666
3767        2.78615
3767        3.72926
3767        5.98168
3767        0.78489
3767        4.23581
3767        2.67582
3767        5.98975
3767        3.40412
3767         2.0253
3767        6.26199
3767        2.55445
3767        4.80106
3767        3.41743
3767        2.00677
3767        1.36405
3767        4.70319
3767        5.10082
3767        1.93331
3767        2.50621
3767         1.0883
3767        1.89347
3767        3.60723
3767        2.76225
3767        3.85581
3767        3.79538
3767        5.51583
3767         2.1833
3767        2.75654
3767        3.06283
3767       0.608364
3767        1.92175
3767        1.70259
3767        2.94962
3767        6.20315
3767        1.18747
3767       0.125062
3767        1.49631
3767        5.83527
3767        3.29529
3767        5.83824
3767        4.01808
3767        4.36381
3767        1.21759
3767       0.147699
3767        3.88777
3767       0.891543
3767       0.849312
3767        1.70246
3767        4.95245
3767        2.16505
3767        0.29955
3767        4.48943
3767        5.57259
3767        4.87346
3767        3.48621
3767        6.05859
3767        6.02957
3767        5.32827
3767        4.04881
3767       0.685083
3767        3.27239
3767       0.795145
3767       0.778907
3767       0.337039
3767       0.473974
3767       0.244924
3767        1.79583
3767        3.66235
3767        1.75253
3767       0.306301
3767        3.37092
3767        3.54739
3767        4.66018
3767        5.36957
3767       0.194515
3767        5.79365
3767        5.02701
3767       0.917447
3767        3.25148
3767       0.891495
3767        3.36591
3767        1.72315
3767        4.37236
3767        2.77241
3767        1.43034
3767        5.88205
3767         2.5595
3767       0.466505
3767        1.85066
3767        5.37666
3767        2.47989
3767       0.414894
3767       0.562064
3767       0.116641
3767        3.00437
3767        1.07061
3767        3.02355
3767        1.64147
3767        1.87028
3767        4.48202
3767       0.137396
3767        3.11586
3767        2.81813
3767        2.65714
3767        5.10926
3767        4.52039
3767        5.75327
3767        1.41995
3767         3.0954
3767        1.05064
3767       0.150105
3767       0.847953
3767        2.85526
3767        1.35912
3767        4.50175
3767        1.77762
3767        5.74442
3767        6.08174
3767        4.78647
3767        5.13287
3767        1.37708
3767        1.12176
3767         1.5401
3767        6.08697
3767         6.2726
3767        5.12275
3767        1.14972
3767        4.41367
3767        2.53488
3767        3.00373
3767        6.19344
3767        2.69384
3767        2.26708
3767        2.78942
3767        4.58919
3767         5.5656
3767        4.15949
3767        1.16419
3767        4.18957
3767       0.799898
3767        3.88311
3767       0.633544
3767        5.44992
3767        2.91931
3767        0.35628
3767        5.71991
3767        5.65916
3767        3.75268
3767        4.66814
3767        3.25399
3767        2.82174
3767        5.74027
3767       0.952307
3767        4.22342
3767       0.346213
3767        2.91132
3767        4.90016
3767        2.63749
3767        4.38903
3767       0.356534
3767         4.8498
3767        4.57932
3767         1.9835
3767         1.4398
3767        4.35642
3767        2.97756
3767        4.55781
3767        4.52606
3767        4.99923
3767        4.31468
3767        5.87264
3767         4.9592
3767        3.02636
3767        1.78985
3767        4.82273
3767       0.947195
3767         5.2083
3767       0.844845
3767        3.67957
3767        4.08124
3767        2.61115
3767        5.46522
3767        2.46741
3767        2.16623
3767        3.16402
3767       0.373376
3767         3.5361
3767        3.36603
3767        3.01709
3767        3.07121
3767        3.48759
3767        6.21141
3767        5.83319
3767        2.31869
3767        2.20647
3767       0.479697
3767        4.89936
3767        3.94622
3767         2.0076
3767        5.22203
3767        2.19113
3767        5.59089
3767        3.72246
3767        4.56985
3767       0.177186
3767        5.21772
3767        1.02297
3767        1.55036
3767        4.60235
3767        5.94608
3767         2.2094
3767       0.775472
3767        4.24046
3767         5.1737
3767       0.676199
3767        3.51909
3767        1.90831
3767        4.05957
3767        0.99273
3767        1.70116
3767        1.63021
3767        2.57097
3767         5.6022
3767        2.32208
3767        3.31605
3767        2.57384
3767        5.47106
3767        2.52467
3767        5.89302
3767        4.44095
3767        3.48137
3767        0.37028
3767        3.73273
3767        5.69727
3767        3.27717
3767        2.48892
3767         4.2674
3767        1.36642
3767        6.22307
3767        1.62475
3767        4.77026
3767        3.14269
3767        4.35372
3767        2.12292
3767        1.83011
3767        2.69325
3767        2.17136
3767        2.42913
3767        5.39053
3767       0.110073
3767        3.40876
3767       0.210677
3767       0.662137
3767       0.480599
3767       0.469515
3767       0.608774
3767        2.60389
3767        2.39915
3767        2.87504
3767        2.09794
3767        4.24928
3767        3.83203
3767        3.43109
3767        1.39519
3767        1.03539
3767        5.52346
3767        4.02879
3767        1.79389
3767        2.79285
3767        3.37714
3767        3.14348
3767        2.78944
3767        3.00486
3767        2.17969
3767        5.93073
3767       0.309188
3767         4.9246
3767        5.41101
3767        2.19598
3767        3.46271
3767        3.94371
3767        2.58471
3767       0.317453
3767        4.91083
3767        2.20444
3767        3.48938
3767        4.04255
3767        4.96783
3767         4.2708
3767       0.599765
3767        1.56749
3767        3.26875
3767        2.37614
3767        2.18282
3767        2.90767
3767          2.971
3767          1.807
3767        4.35229
3767        5.10029
3767        5.19957
3767        3.04704
3767        5.34882
3767        3.77044
3767        4.41128
3767        2.87181
3767        5.38919
3767        2.33833
3767       0.779654
3767        3.15614
3767        3.79748
3767        3.57002
3767        5.14874
3767        5.34017
3767         2.8276
3767        2.85207
3767        1.45435
3767        3.82525
3767        1.31798
3767        3.98301
3767       0.823365
3767       0.330198
3767        2.13482
3767        3.35604
3767        2.35046
3767        4.35549
3767        5.70567
3767       0.174532
3767         3.0164
3767       0.934279
3767       0.891797
3767        5.90767
3767        1.89233
3767        4.65146
3767         3.5827
3767        2.80422
3767        4.23804
3767        3.87808
3767        5.73046
3767        2.91342
3767       0.701439
3767        1.57357
3767        1.57335
3767        2.31188
3767        1.92941
3767       0.476917
3767        5.62517
3767        2.84422
3767        4.35725
3767        5.18898
3767       0.341619
3767          5.047
3767        5.06833
3767        5.38589
3767         3.6926
3767        2.41939
3767       0.727452
3767        1.98142
3767        6.04376
3767        5.14815
3767       0.336158
3767        3.40473
3767        4.79317
3767        1.36167
3767        1.01669
3767         1.7913
3767       0.590005
3767       0.740211
3767        2.44835
3767      0.0688511
3767        2.23437
3767        4.32211
3767       0.599308
3767        2.40609
3767        4.51123
3767        1.17349
3767        3.94681
3767         5.8469
3767        5.17392
3767        5.32163
3767        1.81001
3767        3.52354
3767        3.46993
3767        2.68012
3767        1.95778
3767        3.43261
3767         2.6093
3767        3.82546
3767        0.70796
3767        1.28384
3767        1.23474
3767        2.29849
3767        3.20503
