3975        4.49534
3975        1.23307
3975        4.91979
3975        1.68512
3975        5.39348
3975        2.72145
3975        4.35472
3975        5.08396
3975        5.06873
3975        1.74069
3975        0.97641
3975        3.79715
3975        1.33122
3975        5.59056
3975         1.3112
3975        1.33827
3975        4.41053
3975        2.37301
3975        3.07234
3975       0.730568
3975       0.391889
3975        2.66183
3975        0.81133
3975         1.7721
3975       0.904086
3975        5.76994
3975        2.35936
3975         5.7568
3975        3.24236
3975       0.175601
3975        2.68288
3975        1.22502
3975        1.43009
3975        3.53805
3975        1.87214
3975        5.92338
3975        1.03568
3975        1.75935
3975        1.26742
3975        6.17148
3975         3.7247
3975        5.19081
3975        5.01674
3975        4.69455
3975        3.75188
3975        4.48673
3975        2.08033
3975        5.90896
3975        4.69893
3975       0.669544
3975        1.14402
3975        2.13245
3975        5.38484
3975        0.27315
3975         3.6169
3975        5.11045
3975         5.3759
3975         5.4197
3975        2.16271
3975        2.49363
3975        5.04636
3975        2.25297
3975        4.07124
3975        2.56065
3975        1.42606
3975          3.529
3975         1.0213
3975        1.12504
3975        2.68667
3975        1.51078
3975        1.76991
3975        0.26806
3975        1.19693
3975       0.783516
3975        4.63743
3975        5.39552
3975        5.54433
3975        5.59394
3975        5.50791
3975        2.23958
3975         2.0289
3975        4.99256
3975        5.59704
3975        2.53998
3975        4.68578
3975        1.82749
3975        1.71525
3975         2.4163
3975        2.21722
3975        3.45286
3975        2.76775
3975        3.99617
3975        2.30917
3975        4.80874
3975        1.53825
3975        1.65184
3975        3.21832
3975         3.7408
3975        5.50111
3975        5.64743
3975        5.15487
3975       0.405735
3975       0.723282
3975        1.75262
3975        1.54544
3975        3.03497
3975        6.03289
3975        3.61663
3975        1.23803
3975        5.17111
3975        1.76366
3975        4.20157
3975        5.34653
3975        3.00823
3975        0.50385
3975         2.8723
3975        2.73186
3975        5.38145
3975        1.25595
3975       0.647306
3975        5.51914
3975        5.62952
3975        5.13945
3975        2.58474
3975        1.29711
3975        1.85997
3975        0.58759
3975         2.5811
3975        1.49516
3975       0.103729
3975        5.85512
3975        3.81391
3975       0.705033
3975       0.610738
3975        4.54394
3975       0.624346
3975        2.18975
3975         0.1055
3975         5.4495
3975        5.23558
3975        6.06636
3975       0.310743
3975        5.42461
3975         1.2995
3975        5.85856
3975        5.89501
3975        3.18486
3975       0.457674
3975       0.934626
3975        5.45405
3975         5.3519
3975        1.24979
3975        5.06399
3975        4.82127
3975         2.2457
3975        4.38907
3975        4.34405
3975        2.41915
3975        2.14694
3975        5.63336
3975        4.81555
3975        1.72933
3975        2.20822
3975        5.34933
3975        3.18695
3975        2.84569
3975       0.651451
3975        5.13377
3975        5.60421
3975        1.78845
3975        6.13052
3975        2.21832
3975        4.33663
3975        1.74781
3975        1.62176
3975        5.58788
3975       0.380497
3975        5.48574
3975       0.996371
3975        1.60971
3975        1.98377
3975        3.91018
3975        3.68474
3975         1.7041
3975        2.47297
3975         1.3314
3975        1.37141
3975        1.32729
3975        2.05153
3975        4.57463
3975        5.08382
3975        3.87386
3975        3.60333
3975        3.02917
3975       0.768881
3975        5.89092
3975        4.25285
3975        2.11091
3975        2.41097
3975        2.01408
3975        4.46308
3975        1.42725
3975        1.10374
3975       0.919597
3975        3.80747
3975        3.37402
3975        5.76845
3975        2.26977
3975        5.00754
3975        2.20019
3975       0.883127
3975        3.89743
3975        1.64802
3975        1.01132
3975       0.929876
3975        5.41661
3975        4.67368
3975        1.00281
3975        4.09522
3975        4.26854
3975        3.31671
3975        5.45419
3975        2.39673
3975        4.18761
3975        4.42193
3975        6.20404
3975        1.78451
3975        1.70475
3975        4.52609
3975        5.34335
3975        3.53657
3975         3.5939
3975        5.77294
3975       0.627225
3975        2.58397
3975        3.10461
3975        3.46027
3975        5.25409
3975        1.77172
3975        5.19996
3975        5.95008
3975        4.38682
3975        1.56194
3975        1.80567
3975       0.475068
3975        3.46305
3975        1.02534
3975        1.68063
3975        1.13727
3975       0.967261
3975        3.13127
3975         1.3732
3975       0.842561
3975        2.87694
3975        3.74092
3975       0.646198
3975        4.07927
3975          1.866
3975        1.22771
3975        6.15645
3975        4.96181
3975        6.09737
3975        4.49163
3975        3.43533
3975         5.0669
3975        4.69653
3975        4.17043
3975        1.87764
3975        4.70677
3975        2.03307
3975        2.97428
3975        1.17801
3975        4.43502
3975        4.92879
3975        4.29279
3975         1.0259
3975        4.82529
3975      0.0917935
3975         2.1516
3975        4.53366
3975        5.49264
3975        2.63708
3975        2.45908
3975        5.35279
3975        2.04206
3975        5.42123
3975        2.28841
3975        4.06863
3975      0.0629178
3975        4.56347
3975        1.85287
3975        1.78083
3975        5.89932
3975        1.08599
3975        1.57379
3975       0.529573
3975        2.12391
3975        3.73068
3975        2.21141
3975        5.89361
3975        6.24799
3975        5.54216
3975        5.59265
3975        4.65434
3975        4.97604
3975        5.40448
3975        4.67304
3975        1.45122
3975         3.4187
3975        2.65515
3975        4.43507
3975         5.0349
3975        5.76852
3975        1.21143
3975        4.89718
3975       0.646755
3975        5.28849
3975       0.526597
3975        4.65608
3975        1.15383
3975        2.13423
3975         3.6165
3975       0.631202
3975        2.89984
3975        4.13595
3975         1.1173
3975         4.4726
3975        2.01825
3975        2.83093
3975        5.79746
3975        4.77007
3975       0.659427
3975       0.707026
3975        3.13227
3975        1.02987
3975        4.00358
3975        2.50011
3975        3.57607
3975        1.95365
3975        2.53821
3975        2.54385
3975        2.49903
3975        5.00885
3975        3.74156
3975         2.8654
3975        4.89508
3975        5.26027
3975        1.87761
3975        2.35232
3975        5.63753
3975        2.05892
3975        1.78434
3975        2.36594
3975        1.67687
3975        2.20188
3975        4.84378
3975        2.89334
3975        3.34974
3975        3.88753
3975        1.36428
3975       0.425921
3975       0.105495
3975        1.68929
3975        5.53853
3975        4.97204
3975         4.4264
3975       0.605447
3975        1.33782
3975        4.72401
3975        5.14509
3975        5.30111
3975        5.12883
3975       0.786285
3975        2.02591
3975        5.05052
3975        4.12719
3975       0.664326
3975        2.29753
3975        4.75101
3975        5.48123
3975        1.40285
3975        2.58555
3975        1.55876
3975         2.1878
3975        1.26698
3975         2.4609
3975        2.19879
3975        3.88372
3975        5.33494
3975        5.64939
3975        5.89944
3975        2.21226
3975        5.20437
3975        2.58383
3975       0.724461
3975       0.136317
3975         2.5775
3975        1.30087
3975        4.72609
3975       0.406343
3975        5.57955
3975        1.35791
3975        2.95512
3975        4.31189
3975        1.60386
3975        5.28149
3975        2.54511
3975        5.79144
3975        2.61353
3975        2.46302
3975        2.84052
3975        1.76694
3975        2.09596
3975         4.8567
3975        1.06412
3975        3.37527
3975        1.60312
3975       0.717338
3975       0.283989
3975        1.70873
3975        5.51905
3975        4.16492
3975        5.89495
3975         1.3152
3975      0.0604947
3975        0.97938
3975        3.99691
3975         5.6181
3975        6.20329
3975        2.10986
3975        5.04349
3975        1.35941
3975        3.52558
3975        5.58833
3975        2.17393
3975        2.32148
3975        4.16277
3975        2.76912
3975         3.4776
3975         5.2774
3975        1.08258
3975        4.47583
3975       0.167232
3975        6.19475
3975        6.07427
3975         3.9879
3975         2.0372
3975       0.180576
3975        1.18473
3975        4.81026
3975        4.60989
3975       0.378221
3975        2.33554
3975        4.70404
3975       0.101443
3975        1.80755
3975        1.16614
3975        5.02805
3975        2.10147
3975        4.46371
3975        1.25007
3975        3.28823
3975        5.09268
3975        4.45395
3975        5.14457
3975         2.0339
3975       0.304578
3975        5.44271
3975        4.27031
3975        4.91578
3975        5.22127
3975        2.57627
3975       0.545019
3975        5.30019
3975       0.660709
3975        5.36895
3975       0.296903
3975        1.62308
3975        5.74895
3975        3.31317
3975        2.68239
3975        1.19049
3975        4.06681
3975        1.26843
3975        5.30849
3975        4.97152
3975        4.68209
3975        1.13304
3975        3.90236
3975        5.94548
3975       0.946217
3975        2.64118
3975        5.19221
3975        1.45729
3975       0.519575
3975        5.99443
3975        5.01622
3975        3.68603
3975        5.19663
3975        5.48246
3975       0.446855
3975         3.8305
3975        4.37732
3975        5.35787
3975        4.58479
3975         5.1873
3975         3.4747
3975        3.35585
3975        2.31463
3975        1.96387
3975        5.19596
3975        1.59797
3975        5.55233
3975        2.57754
3975        6.05782
3975        4.14734
3975         2.7158
3975        1.11036
3975        1.93547
3975        3.19141
3975         2.9881
3975        4.45921
3975        2.17346
3975        5.61672
3975        4.14209
3975        1.70442
3975        4.14079
3975        1.86644
3975       0.673673
3975         3.2285
3975        5.10932
3975        2.50098
3975        5.54788
3975       0.727785
3975         1.2318
3975        5.83236
3975         4.3929
3975        4.48156
3975        5.18185
3975         4.4021
3975        1.98603
3975       0.723277
3975        1.62094
3975        1.78471
3975        5.92624
3975        5.45413
3975        5.93303
3975        3.97621
3975        4.97252
3975        6.23493
3975        6.12548
3975         1.1975
3975        5.28813
3975        1.62049
3975        3.52886
3975         1.0817
3975       0.906794
3975       0.594796
3975        5.94462
3975        5.42515
3975        4.35244
3975        1.09658
3975        3.37272
3975        5.68841
3975        5.13769
3975        1.67259
3975         2.2765
3975        4.02309
3975        4.55176
3975         4.9923
3975        4.78448
3975        4.08438
3975       0.522418
3975        6.21552
3975        5.32387
3975        3.14497
3975       0.401607
3975        3.32578
3975        4.85105
3975        6.01543
3975        4.84884
3975        5.96608
3975        4.23823
3975        3.66554
3975        5.66026
3975         1.4817
3975        3.18877
3975        1.03722
3975        3.19595
3975        3.59746
3975        1.79953
3975        5.86576
3975        4.79602
3975        3.61304
3975       0.959917
3975        5.19055
3975         2.4838
3975         3.6513
3975        2.07472
3975        5.66869
3975        3.23276
3975        2.83938
3975         1.9012
3975        2.11643
3975        4.52506
3975        3.92681
3975        1.24254
3975       0.143066
3975        5.61746
3975        5.58505
3975        4.00506
3975        3.61109
3975        4.75281
3975        2.29054
3975        3.16745
3975        1.20851
3975        5.65586
3975        4.53313
3975        4.85477
3975         4.4006
3975        6.15264
3975        5.38834
3975        2.18011
3975        5.28853
3975        5.01418
3975        2.42487
3975        4.59439
3975        4.67321
3975         1.4614
3975        5.15713
3975         5.3786
3975        3.11725
3975        2.67454
3975        5.32984
3975       0.845867
3975         5.2337
3975        4.24798
3975        5.95314
3975        2.49534
3975         2.3457
3975        1.93729
3975        3.66642
3975        1.93729
3975        1.63992
3975        5.90777
3975        5.36726
3975        2.28879
3975        2.22611
3975        4.64671
3975       0.311179
3975        1.01328
3975        2.37805
3975        2.02566
3975        5.53699
3975        1.33142
3975        4.91698
3975        4.46829
3975        5.62455
3975        2.62079
3975        2.04456
3975        4.83595
3975        3.04132
3975        1.42106
3975        3.88652
3975        1.58122
3975        2.33808
3975         3.1987
3975        5.08078
3975        2.31051
3975           6.25
3975        1.94032
3975         3.9897
3975        2.60086
3975         5.3935
3975        5.08829
3975        4.17646
3975        5.25327
3975         3.2404
3975        2.17823
3975        5.01777
3975        3.72257
3975        2.02821
3975        2.40648
3975        2.44425
3975         1.2992
3975        6.08593
3975        2.09285
3975         0.7582
3975         3.0437
3975        4.92338
3975        2.01117
3975        3.67853
3975        3.20902
3975        5.16618
3975        2.38659
3975       0.550344
3975        5.48319
3975        1.79514
3975        1.86718
3975       0.211964
3975        3.33929
3975        2.15797
3975        1.01891
3975      0.0722246
3975        5.08205
3975         1.7517
3975        1.07052
3975       0.539227
3975          0.573
3975        6.24897
3975       0.605308
3975        4.39755
3975        2.08103
3975        4.16469
3975        4.24909
3975        5.56797
3975        1.74696
3975        3.69595
3975        6.08416
3975        4.61387
3975       0.588193
3975        2.63711
3975        1.69221
3975        1.70625
3975        5.59194
3975        5.79658
3975        2.63658
3975        3.43132
3975        4.54825
3975        2.59651
3975        5.17056
3975        2.43346
3975        3.23388
3975        5.08152
3975        1.29177
3975        5.75267
3975        5.11144
3975        1.35433
3975        2.37987
3975        4.11956
3975        5.07491
3975         5.6793
3975        3.32658
3975        1.30447
3975        1.81695
3975        5.30693
3975        1.59137
3975        4.15596
3975        2.63542
3975       0.440504
3975        3.57505
3975        2.63253
3975        2.23277
3975        4.00381
3975        1.46381
3975        4.41544
3975        6.06121
3975        5.78981
3975       0.568023
3975        1.82685
3975        3.24213
3975        1.97222
3975        4.02538
3975        3.59103
3975        1.58518
3975         5.2223
3975        2.16488
3975        5.22787
3975        2.30625
3975        1.56222
3975        4.93188
3975        4.11094
3975        5.10565
3975       0.912687
3975        5.81119
3975        5.30667
3975        6.16785
3975        4.92544
3975        5.62066
3975        1.06967
3975        3.68024
3975        3.67871
3975        3.12093
3975       0.318319
3975         1.4352
3975        2.67745
3975        5.15534
3975        5.77709
3975       0.287737
3975        4.17532
3975       0.773078
3975        4.70538
3975        5.27588
3975        5.73884
3975        2.62543
3975        3.74784
3975        1.29204
3975        3.97487
3975        1.91418
3975        2.47049
3975        4.17868
3975         5.1726
3975        2.52476
3975        1.38868
3975        5.33642
3975        4.49362
3975        1.54538
3975        4.50185
3975        1.81612
3975        1.14636
3975       0.829833
3975        1.31076
3975          5.166
3975        4.67095
3975       0.745248
3975        5.73543
3975        5.40014
3975        2.54613
3975        4.07184
3975        3.86627
3975        5.58328
3975        2.98795
3975        1.84129
3975        4.56869
3975        4.06935
3975       0.815681
3975        5.49292
3975        2.49022
3975        2.20938
3975        4.17281
3975        5.15604
3975        4.71662
3975        4.66649
3975         1.7257
3975        3.04937
3975         3.7722
3975        1.53748
3975        6.27151
3975        3.94701
3975       0.986474
3975        4.44207
3975        4.94304
3975        4.66308
3975        4.75699
3975        4.38236
3975       0.931718
3975      0.0126051
3975        4.84723
3975        4.21334
3975        2.99102
3975        5.96162
3975        5.16836
3975        1.30516
3975        5.31195
3975       0.161237
3975        3.95554
3975        2.28742
3975        5.01483
3975        4.58084
3975       0.282668
3975        1.36193
3975        1.88413
3975        4.74996
3975        5.67687
3975        2.63798
3975        6.25738
3975        2.11501
3975        2.06684
3975        2.17201
3975        2.25831
3975        1.04037
3975        5.72357
3975        4.77121
3975         2.6196
3975        2.94306
3975        5.27311
3975       0.782661
3975        1.22939
3975        2.91967
3975        1.52488
3975        5.79136
3975        1.25733
3975        5.64501
3975        5.42692
3975       0.933886
3975        5.50946
3975        2.73861
3975        1.83276
3975        4.53394
3975        1.80168
3975        2.19751
3975        5.36255
3975        4.25081
3975        2.86517
3975        1.23933
3975        5.22758
3975        4.51654
3975        1.65984
3975        4.94352
3975        4.08005
3975        4.79164
3975        1.75606
3975       0.508033
3975        1.12252
3975        1.72839
3975        5.32527
3975        4.15424
3975        1.45163
3975        4.73772
3975        2.47671
3975        3.82872
3975       0.499222
3975        1.96571
3975        4.67533
3975        1.52432
3975        1.59981
3975        1.67384
3975        5.36692
3975        2.10505
3975       0.367635
3975        4.25324
3975        3.04281
3975        4.18181
3975        4.88372
3975        1.64537
3975        2.66519
3975       0.798246
3975        1.53782
3975        4.81761
3975        5.44821
3975        1.05016
3975        5.92633
3975        5.73524
3975       0.313016
3975        5.15391
3975        2.98224
3975        4.70947
3975         1.1946
3975        5.40342
3975        5.91985
3975       0.430792
3975        1.95716
3975       0.836512
3975        1.41331
3975        6.06384
3975        5.28479
3975        5.65926
3975        4.75193
3975        1.23023
3975        4.75213
3975        5.95369
3975        2.40805
3975        2.98191
3975        5.40412
3975        1.80725
3975        2.84979
3975        1.82637
3975        4.71254
3975        4.72432
3975        3.10039
3975         5.8666
3975        4.33663
3975       0.878019
3975        4.99402
3975         5.8552
3975        1.83916
3975        1.95968
3975        1.39205
3975       0.404506
3975         5.9145
3975         1.7129
3975        5.69254
3975        3.16419
3975        2.10438
3975        2.40642
3975        5.56684
3975        5.14624
3975        4.27024
3975        5.28012
3975        4.69404
3975        5.67662
3975        3.12915
3975        4.35151
3975        3.98152
3975        3.57185
3975        5.73473
3975       0.613819
3975        2.01946
3975       0.230708
3975        2.89527
3975       0.215984
3975        5.22834
3975        2.93125
3975        1.94807
3975        5.22473
3975        2.67229
3975        3.86271
3975        1.96776
3975         2.8476
3975        1.06294
3975        1.69667
3975        1.69026
3975        2.66326
3975         3.4252
3975       0.402091
3975        3.19863
3975        1.92788
3975        2.18901
3975        1.36047
3975        1.40426
3975        1.41883
3975        4.93175
3975        2.54974
3975       0.348676
3975       0.899051
3975        0.71391
3975        3.99944
3975        1.37489
3975        5.22688
3975      0.0380805
3975        3.87988
3975         4.2896
3975        6.26467
3975        2.70516
3975        4.71843
3975       0.198196
3975         3.7956
3975        3.86126
3975        4.18008
3975        4.20665
3975        6.15072
3975        1.53485
3975        2.44829
3975        3.32226
3975        3.04627
3975        5.76586
3975        4.38491
3975       0.634466
3975        3.04753
3975        6.17365
3975        3.19721
3975        1.15478
3975        3.91157
3975        0.99489
3975         1.6147
3975        4.03458
3975        5.04826
3975        1.56143
3975        1.00105
3975        5.72611
3975        1.65595
3975        3.71987
3975        2.07935
3975        2.05064
3975        3.58829
3975        4.66341
3975        1.01861
3975        2.27671
3975        3.18609
3975       0.931901
3975        4.77804
3975        4.95044
3975        1.81207
3975         3.1854
3975        4.71026
3975       0.196284
3975         5.0057
3975        4.94316
3975       0.481353
3975        5.31256
3975        1.42974
3975        4.65842
3975         4.0827
3975        4.37781
3975        1.27098
3975        4.90497
3975        2.49866
3975        3.53587
3975        4.91012
3975        2.41875
3975       0.828956
3975        0.58724
3975        2.50127
3975        4.27218
3975        4.89948
3975        4.38837
3975        4.46815
3975      0.0833378
3975        4.99319
3975        1.43434
3975        1.58769
3975        2.69271
3975       0.640089
3975        3.16143
3975        1.88971
3975        2.81665
3975        5.01601
3975        4.85097
3975        1.71589
3975         2.2637
3975        5.58351
3975        5.91085
3975        5.95126
3975        3.98636
3975        5.70709
3975        4.83296
3975        1.92887
3975        2.85676
3975        4.46779
3975        5.11381
3975        2.33956
3975         1.6033
3975        5.61252
3975        3.10282
3975        2.62147
3975        2.05742
3975         5.2075
3975        5.56001
3975        1.97208
3975        5.73044
3975        3.07518
3975        2.41065
3975        5.12634
3975        2.16029
3975        5.79219
3975        4.11334
3975         5.4721
3975        1.71114
3975        2.07368
3975        1.62666
3975        2.65114
3975       0.643131
3975        5.60756
3975       0.917352
3975        1.17858
3975        5.46481
3975       0.900543
3975         1.6017
3975        5.19941
3975        5.06651
3975        4.30555
3975        3.48322
3975         2.3118
3975        4.47084
3975        4.86436
3975        5.92566
3975        4.77025
3975        4.62597
3975        2.75063
3975       0.890507
3975        5.18998
3975        4.34071
3975        1.33878
3975        1.97328
3975        1.78634
3975        1.06771
3975        1.98218
3975        2.50711
3975        4.19326
3975        5.11738
3975        4.49918
3975        5.35402
3975        1.14168
3975        2.67195
3975        3.60752
3975        5.07287
3975        1.68006
3975        4.39005
3975        6.12184
3975       0.564512
3975        3.69875
3975        6.08042
3975        5.18131
3975         5.2966
3975        5.44628
3975        1.66466
3975        4.76351
3975        1.20637
3975        1.97884
3975        2.96431
3975        1.52455
3975        4.59275
3975        3.93454
3975        5.65289
3975        4.82545
3975        5.78782
3975       0.365032
3975        5.22155
3975        2.06132
3975        2.49305
3975        3.70567
3975        2.00109
3975        1.67096
3975        4.59704
3975        1.62982
3975         1.4461
3975        4.63055
3975        5.39027
3975        4.84625
3975        3.48177
3975        3.73867
3975         3.0822
3975        3.96444
3975        3.83606
3975        5.11488
3975        1.06489
3975        2.73791
3975        6.02546
3975        1.13842
3975        3.56834
3975        1.43002
3975        1.75901
3975         2.3968
3975        1.79613
3975        1.05297
3975        1.81296
3975        6.18324
3975        4.45448
3975        5.79168
3975        4.66528
3975        2.83148
3975        4.08854
3975        4.58206
3975        6.11861
3975        1.73052
3975        5.47923
3975        1.99546
3975        2.70788
3975        4.10616
3975       0.292437
3975        4.86378
3975        1.58496
3975        2.57727
3975        4.42929
3975        1.60427
3975       0.606238
3975        1.94004
3975        3.81124
3975        1.20792
3975         1.3608
3975        5.62845
3975        6.00546
3975        4.51618
3975        4.97209
3975        3.83263
3975        5.85647
3975        4.81718
3975        4.15678
3975         5.3467
3975       0.697148
3975        1.57963
3975        5.37166
3975       0.476971
3975        5.05998
3975        5.54783
3975        4.53455
3975       0.301254
3975        2.78687
3975        4.78205
3975        5.57944
3975         4.7187
3975         2.0084
3975        4.14767
3975        3.47644
3975        3.30602
3975        4.39913
3975        1.64397
3975        4.20316
3975        1.77137
3975        1.47998
3975        5.94782
3975        1.54728
3975        3.92048
3975       0.656289
3975       0.721041
3975       0.335028
3975        3.22102
3975        4.92777
3975        4.99517
3975        2.52596
3975        1.65487
3975        2.78708
3975      0.0190477
3975        2.24914
3975        6.08954
3975        5.63088
3975        4.80815
3975        1.55514
3975        4.47947
3975       0.904493
3975         4.2222
3975       0.884487
3975        5.18546
3975        1.69468
3975         2.0669
3975        2.18363
3975        4.00207
3975        5.13597
3975        3.02348
3975        3.74338
3975        2.36759
3975        6.26002
3975        2.24419
3975        4.15645
3975       0.166744
3975        1.47641
3975        3.34131
3975        3.23248
3975        5.18791
3975        2.33048
3975        2.96097
3975        2.50583
3975        3.87001
3975        4.71085
3975        5.85524
3975       0.388483
3975        4.16343
3975        4.49332
3975        2.68926
3975        4.76076
3975        5.50918
3975        1.64666
3975        1.89904
3975        1.49406
3975        1.76905
3975        1.95165
3975        3.46843
3975        5.22781
3975        5.13193
3975        5.53705
3975        3.13994
3975        0.50647
3975        2.73274
3975        3.36302
3975        4.65394
3975        4.80575
3975        2.43249
3975        3.35621
3975        4.85222
3975        5.17762
3975        3.76138
3975        4.95813
3975        1.52927
3975        3.58847
3975        3.38912
3975        4.42415
3975        5.05444
3975        1.23024
3975       0.608502
3975       0.950826
3975        4.12297
3975        4.66544
3975        1.83319
3975        6.00853
3975        4.76138
3975        4.72843
3975        4.67716
3975        1.86405
3975        2.43058
3975        4.56148
3975        3.07609
3975        3.82845
3975        1.42125
3975        2.59442
3975       0.956223
3975       0.805132
3975        5.91088
3975        1.76095
3975         4.4696
3975         4.8804
3975        6.16067
3975        4.38599
3975        2.79686
3975        3.72256
3975        4.97456
3975        4.08221
3975        3.99886
3975         4.1246
3975        1.61244
3975        4.73302
3975        1.76598
3975        1.65195
3975        5.04862
3975        1.72235
3975         1.3764
3975        6.18905
3975        5.89845
3975        2.82398
3975        2.46238
3975        4.77049
3975        1.81652
3975        1.59901
3975        5.03112
3975        6.03421
3975        1.82865
3975        6.01152
3975         1.9094
3975        5.26354
3975        5.04908
3975       0.423757
3975          2.898
3975       0.563996
3975         2.3253
3975        4.96379
3975        5.76488
3975       0.885551
3975        4.53532
3975       0.470496
3975        3.19401
3975        4.51691
3975       0.689359
3975        3.83459
3975        4.26436
3975       0.979937
3975       0.310195
3975        4.68905
3975        1.13892
3975        2.91152
3975         2.2108
3975        1.18295
3975         2.5625
3975         4.3119
3975        0.37044
3975        5.23441
3975         3.0718
3975        3.99036
3975        5.60173
3975        4.06052
3975        1.54533
3975        3.06447
3975        3.26536
3975        3.69757
3975       0.989459
3975        5.60622
3975        6.13172
3975        1.08107
3975        3.12727
3975        1.22983
3975        5.28394
3975        4.83064
3975        3.39209
3975        3.84881
3975        3.10489
3975        3.20733
3975        1.31865
3975        5.13805
3975       0.573918
3975        3.76197
3975       0.398664
3975        1.38866
3975        2.91378
3975        3.19009
3975        1.10125
3975        1.04654
3975        3.51756
3975        6.15945
3975        4.06526
3975        5.88909
3975       0.215725
3975        1.63675
3975        5.12292
3975         4.7206
3975        3.94021
3975        4.76627
3975        2.80061
3975        5.08866
3975        1.27965
3975        1.97839
3975       0.634956
3975        5.90199
3975        3.08982
3975        3.53544
3975        4.91205
3975        3.95436
3975        5.64531
3975        3.43497
3975         3.0356
3975       0.528562
3975        5.32965
3975        5.01468
3975        5.76124
3975        2.99044
3975       0.955358
3975        6.17306
3975        0.37763
3975        1.77646
3975         4.1111
3975        4.77758
3975       0.918272
3975        1.63123
3975         1.9092
3975        1.49069
3975        5.18731
3975        2.24516
3975        2.27592
3975        3.40879
3975        2.52266
3975        3.45848
3975        1.22375
3975       0.106262
3975        1.64334
3975        5.96291
3975        3.57176
3975        6.03739
3975        1.47223
3975        2.01161
3975        5.52528
3975        1.19018
3975        1.40122
3975        1.60914
3975       0.948855
3975        1.26756
3975        2.02648
3975         2.2457
3975        3.86924
3975         2.4983
3975        5.89555
3975        4.12332
3975        5.19713
3975        2.65136
3975        4.74307
3975        4.69321
3975        2.81167
3975        5.87115
3975        3.30133
3975        2.88418
3975        3.70472
3975        6.06486
3975        2.50922
3975        5.51811
3975        2.64402
3975        4.78837
3975        5.70918
3975        2.75219
3975        4.30822
3975        3.46467
3975        1.17697
3975        4.99911
3975        1.54197
3975          6.082
3975        4.33324
3975        4.16891
3975       0.626596
3975         4.8521
3975        3.65431
3975        3.79281
3975        1.11449
3975       0.763011
3975        3.12388
3975        5.87722
3975        2.48713
3975        2.91826
3975        1.56232
3975        4.96022
3975        4.54321
3975       0.375837
3975        1.89649
3975        4.99479
3975        4.00634
3975        4.01331
3975        4.11932
3975        4.67451
3975       0.972428
3975        1.29542
3975        2.91953
3975        4.90211
3975        5.03789
3975        2.61716
3975        5.92004
3975        1.67902
3975        5.35625
3975        1.94881
3975        5.02869
3975        2.71867
3975        1.79332
3975        1.72125
3975      0.0625669
3975       0.101295
3975        1.48372
3975        1.93214
3975        1.24937
3975        3.64784
3975        1.61591
3975        4.72351
3975       0.158636
3975       0.914676
3975          5.003
3975       0.167395
3975        2.48873
3975        1.75828
3975        2.29751
3975        3.58625
3975       0.288089
3975       0.317899
3975         6.0396
3975        4.93062
3975        3.36643
3975        6.25854
3975         3.9139
3975        2.34574
3975        2.78952
3975        1.95331
3975         6.2298
3975        5.69421
3975        5.40684
3975        0.22387
3975        3.37412
3975        4.20409
3975        2.12144
3975         5.4587
3975        2.48183
3975        5.93307
3975         4.4997
3975        3.99336
3975        5.13193
3975        1.40238
3975       0.851774
3975        5.24861
3975        3.95685
3975       0.465725
3975       0.316288
3975        1.78836
3975        4.67123
3975        5.67931
3975        1.11437
3975        5.71904
3975        1.99827
3975        2.91025
3975        1.40306
3975       0.310566
3975        1.86668
3975        1.06652
3975       0.914465
3975        3.60808
3975        5.07119
3975        5.48665
3975        5.69906
3975        2.09448
3975        4.44642
3975        1.23675
3975       0.927932
3975        2.36537
3975        4.09991
3975        3.54499
3975        5.78261
3975         1.7595
3975        3.08831
3975       0.263699
3975        1.39102
3975       0.314974
3975        1.61878
3975        2.86842
3975        5.10064
3975        5.31944
3975        1.83972
3975        2.30192
3975        1.72984
3975        4.32871
3975       0.646051
3975        3.23948
3975        4.56242
3975        1.21734
3975        2.26804
3975        2.56798
3975        1.60226
3975        2.36751
3975        2.20561
3975       0.851513
3975        5.76476
3975        3.08661
3975        2.26335
3975        4.92179
3975        4.88281
3975        4.72751
3975       0.838587
3975        5.73202
3975       0.641781
3975        1.52397
3975       0.478208
3975        4.20248
3975        4.98075
3975        4.83469
3975        2.46929
3975       0.747388
3975        5.52361
3975         2.6814
3975        3.14776
3975        3.31323
3975        3.64349
3975        5.35009
3975         1.2571
3975        1.43786
3975        1.04434
3975        5.07017
3975        5.98028
3975        4.04512
3975        1.78179
3975        5.00808
3975        2.61534
3975       0.264175
3975         4.4252
3975      0.0112271
3975        5.70108
3975        3.09235
3975        5.82903
3975        4.54561
3975        5.24555
3975        5.33435
3975       0.193552
3975       0.395877
3975        2.08749
3975        5.65599
3975        4.24615
3975        1.87081
3975        1.98807
3975       0.751888
3975        4.67369
3975        6.21426
3975        6.10367
3975        1.90746
3975        5.31493
3975        1.94956
3975        3.17496
3975        1.77131
3975        2.30112
3975        5.44301
3975        4.91378
3975        3.57098
3975        5.06109
3975        1.89613
3975        5.68725
3975        5.89398
3975        1.19397
3975        3.79803
3975         5.1473
3975        5.38544
3975       0.549306
3975        5.27793
3975        5.93198
3975        5.05445
3975       0.779751
3975        4.77163
3975        1.11352
3975        2.52103
3975        5.35216
3975        4.80203
3975          4.858
3975        3.10098
3975        3.39253
3975        5.34937
3975        2.15011
3975        1.33302
3975        4.38999
3975         4.2685
3975        3.60643
3975        5.08315
3975        2.09896
3975        2.63012
3975        1.64391
3975        4.92276
3975        2.00889
3975        1.92381
3975       0.854149
3975        3.21777
3975        4.74024
3975        4.79701
3975        5.07269
3975        1.24043
3975        4.67456
3975        4.16968
3975        2.09434
3975        2.76303
3975        2.15552
3975        3.74448
3975       0.667302
3975         1.0433
3975        2.02041
3975        3.07053
3975       0.697911
3975        5.57919
3975        2.24402
3975        5.10752
3975       0.339597
3975       0.675301
3975        4.03535
3975       0.704567
3975        2.88857
3975       0.535468
3975        3.52187
3975        2.58421
3975        5.05103
3975        2.64382
3975       0.725546
3975        5.70836
3975        1.27801
3975        3.96679
3975        1.93289
3975       0.305645
3975        1.85599
3975          5.592
3975        1.09277
3975        1.35822
3975        5.86078
3975        5.49273
3975        5.21999
3975        3.56764
3975        2.18197
3975        6.06422
3975        3.17882
3975        4.39742
3975        5.10142
3975         1.3652
3975        1.52798
3975        4.90291
3975        1.67308
3975        2.21788
3975       0.886533
3975        5.57027
3975        1.94784
3975        1.96653
3975         3.8865
3975         2.7372
3975        5.17324
3975        2.29382
3975         4.0622
3975        5.37716
3975       0.958036
3975        4.49067
3975        1.26003
3975        5.55848
3975        5.02592
3975        5.02089
3975        2.83888
3975        4.62252
3975        2.01917
3975        5.62192
3975        1.17718
3975        6.27661
3975        5.40809
3975        3.68051
3975        2.67771
3975        2.29919
3975        4.39818
3975        4.52642
3975        1.85087
3975           1.94
3975        1.34996
3975        6.21146
3975        3.81048
3975        1.59917
3975        3.13176
3975         2.3715
3975        3.48816
3975        4.48765
3975        2.21424
3975        5.40099
3975        2.73858
3975        4.80715
3975        1.89526
3975        1.16831
3975        1.61686
3975       0.624371
3975        4.59366
3975        3.51429
3975        5.65102
3975        6.17732
3975        1.89601
3975        2.27171
3975        3.87427
3975        3.70498
3975        2.10213
3975        0.88989
3975         2.4193
3975        4.99325
3975        5.17515
3975        1.65022
3975        4.50667
3975       0.372197
3975        1.97646
3975        3.83434
3975        1.37201
3975        2.06386
3975        3.25869
3975        4.61681
3975        2.20644
3975         3.9496
3975        5.91624
3975        5.40265
3975        2.39182
3975       0.410134
3975        2.18151
3975        2.11305
3975         0.4406
3975        2.32591
3975        5.50058
3975        2.58639
3975        2.79686
3975        1.77284
3975        2.44213
3975        3.99754
3975       0.486197
3975        1.38851
3975        3.09865
3975        2.29238
3975        1.41258
3975        4.83035
3975        1.80306
3975        4.79583
3975        2.53047
3975        6.23532
3975       0.942862
3975        3.81333
3975         1.7065
3975        3.24037
3975        5.09022
3975        1.98785
3975        3.63252
3975        5.42023
3975        2.78886
3975        5.10976
3975       0.900774
3975        2.65969
3975        3.60367
3975        2.81779
3975        2.17146
3975        4.26623
3975       0.779983
3975        1.78097
3975        3.29161
3975        1.48811
3975        1.41496
3975        2.24572
3975        6.10722
3975        3.84005
3975         1.7836
3975        1.55927
3975          4.697
3975        4.73973
3975        5.51552
3975        5.66257
3975         3.9463
3975        3.31143
3975        5.51091
3975        1.89527
3975        6.16769
3975        1.74294
3975        3.11085
3975        3.83418
3975        4.52278
3975        0.59933
3975        4.91085
3975       0.502433
3975          3.551
3975         5.5272
3975        1.71428
3975        2.19681
3975        4.94806
3975        6.04835
3975       0.174957
3975        1.98098
3975        2.95063
3975       0.862036
3975        1.40652
3975        1.87772
3975        1.57771
3975        4.15952
3975        2.42351
3975      0.0845536
3975        1.82821
3975        1.57181
3975        4.24664
3975        1.76539
3975        4.47299
3975         2.5492
3975        1.94963
3975        3.28307
3975        5.66937
3975        1.48727
3975       0.146124
3975        2.49436
3975        5.40752
3975       0.168391
3975        2.13583
3975        3.52559
3975       0.306484
3975        3.26075
3975        4.87067
3975         5.0044
3975        1.20866
3975        2.12941
3975        2.47297
3975        1.46749
3975        1.50706
3975        2.19614
3975        2.41275
3975        4.84522
3975        2.45787
3975        5.60502
3975        1.56069
3975        5.57161
3975        4.59062
3975        3.86247
3975        3.62994
3975        5.59861
3975        2.22284
3975        2.88336
3975       0.310608
3975        5.36511
3975        4.72984
3975       0.427483
3975        1.84973
3975        1.60141
3975       0.416536
3975       0.514921
3975         2.6451
3975        5.91647
3975        4.72395
3975          2.467
3975        4.51587
3975        4.86687
3975        3.60869
3975        0.75601
3975        5.41347
3975       0.184764
3975        3.19374
3975        5.20275
3975        5.80982
3975       0.322334
3975         2.1029
3975        3.60886
3975        5.37248
3975        4.29287
3975        2.11807
3975       0.589092
3975        5.62166
3975        2.81323
3975        4.11725
3975        3.93464
3975        4.14946
3975        4.34366
3975        5.34961
3975        4.23428
3975        4.95744
3975        3.32819
3975        4.57884
3975        1.94763
3975        1.66867
3975        1.48945
3975        3.94234
3975        6.23981
3975        5.08191
3975        4.09607
3975        5.26125
3975        1.48259
3975        3.22183
3975        5.42806
3975        1.56746
3975        3.61464
3975        4.11392
3975        2.29792
3975        4.40546
3975        1.59298
3975       0.634972
3975       0.323429
3975        4.86276
3975        4.18764
3975        3.82431
3975        3.97729
3975        1.94139
3975        0.38969
3975         1.7563
3975        3.80122
3975        6.20196
3975        2.87748
3975        1.22065
3975        1.72902
3975         5.9983
3975        5.40755
3975        5.26265
3975        1.27732
3975        4.46595
3975        4.28484
3975        2.34328
3975        5.92944
3975        1.23952
3975        4.72157
3975        5.95663
3975        3.74845
3975        5.53267
3975        2.66142
3975       0.974924
3975        2.35253
3975        4.86413
3975        3.02629
3975        4.78566
3975         4.1523
3975        1.36801
3975        5.76232
3975        1.80241
3975        3.87592
3975        1.64322
3975        2.98203
3975        3.22914
3975        2.11682
3975        6.22291
3975        1.08691
3975        2.47539
3975        4.45567
3975        2.86096
3975        1.65461
3975        2.85183
3975        4.24881
3975        2.78041
3975        5.44286
3975        3.06842
3975        6.23836
3975        1.38096
3975        6.13075
3975        1.18863
3975        5.15262
3975       0.327503
3975        5.28073
3975        2.40013
3975        5.63057
3975        1.77608
3975         2.7169
3975        2.52469
3975        1.86127
3975        2.55296
3975         5.9992
3975        5.28852
3975        2.09307
3975        1.62106
3975        5.54439
3975        5.04063
3975         3.8592
3975        1.34094
3975        3.25086
3975         4.8112
3975        3.64112
3975        3.48755
3975       0.353337
3975        4.68755
3975        1.75065
3975        3.72352
3975        4.07502
3975        3.51464
3975        1.81574
3975         5.5146
3975        2.55454
3975        1.87593
3975        1.81246
3975        2.76729
