3576        4.64778
3576        2.21912
3576        5.56666
3576        1.92356
3576        1.95713
3576        5.05032
3576        6.11203
3576        1.43092
3576       0.480676
3576        4.51542
3576        5.66646
3576        3.36395
3576        4.60869
3576        5.53304
3576       0.767998
3576        1.44347
3576        2.09866
3576        3.93961
3576        3.33181
3576        4.57759
3576        3.68255
3576       0.639579
3576        2.14112
3576        2.57386
3576         5.2589
3576        6.06446
3576        5.38155
3576        1.41846
3576       0.426517
3576        4.78982
3576       0.739352
3576       0.862947
3576        3.05111
3576        1.54019
3576        1.01502
3576       0.266209
3576        4.28524
3576        5.35144
3576        1.64191
3576        2.02259
3576        3.91043
3576       0.509868
3576        4.84593
3576        2.61254
3576        2.08019
3576       0.821891
3576       0.825986
3576       0.717232
3576        4.21076
3576       0.915458
3576        3.92031
3576         4.9696
3576        2.26743
3576        1.22051
3576        4.54105
3576        2.56165
3576        3.45025
3576       0.875384
3576        2.85861
3576        3.04544
3576        1.31188
3576        4.08349
3576       0.823206
3576        2.24655
3576       0.993997
3576        4.38253
3576       0.832354
3576        6.09684
3576        4.73047
3576        5.46975
3576       0.723848
3576       0.636074
3576        3.99396
3576        5.84936
3576         4.1264
3576        1.42998
3576        3.60442
3576        2.13734
3576         3.3788
3576        1.45723
3576        4.29026
3576        6.19032
3576        1.31251
3576        1.91015
3576     0.00037235
3576         4.1917
3576        0.47999
3576        2.33098
3576       0.928963
3576        4.42294
3576        2.73279
3576        3.30428
3576        3.73526
3576          5.059
3576          3.339
3576         3.6147
3576        0.68432
3576        1.49351
3576        1.60349
3576        1.04904
3576        1.63604
3576         1.0199
3576        2.44176
3576        1.09672
3576       0.217953
3576        2.22588
3576         1.0537
3576          5.165
3576        2.31717
3576          1.563
3576        5.77367
3576       0.919527
3576        2.46747
3576        5.34688
3576        2.39298
3576        4.12216
3576        1.88365
3576        3.64163
3576        3.12879
3576        4.20643
3576        2.40338
3576        5.33683
3576        2.47217
3576        0.62151
3576         6.1764
3576        4.84224
3576         5.1778
3576       0.568739
3576        4.63316
3576        1.89553
3576        3.86793
3576        1.91823
3576       0.484662
3576        4.10044
3576        1.40566
3576        5.52402
3576        2.68991
3576        4.20098
3576        2.13631
3576        4.18608
3576        5.50071
3576        2.41619
3576        1.34849
3576        1.27194
3576        2.73079
3576        5.91306
3576        2.45189
3576        4.91767
3576       0.728063
3576         1.0948
3576       0.323169
3576        1.33705
3576         1.1384
3576        6.23838
3576        3.89197
3576        4.16471
3576        4.32404
3576        3.69337
3576        1.60223
3576        5.19425
3576        2.57316
3576         3.5754
3576        1.69185
3576        4.83034
3576       0.528864
3576        3.85837
3576        1.79166
3576        4.80195
3576       0.215453
3576       0.505446
3576       0.757445
3576        4.51187
3576         1.2492
3576        5.87733
3576        1.72492
3576         5.2908
3576        5.79659
3576        2.66321
3576        1.59891
3576        5.49427
3576        2.53774
3576          2.875
3576        4.11665
3576         4.6607
3576        4.37453
3576        1.86522
3576        1.48035
3576        4.73146
3576        3.12499
3576        1.21424
3576        4.17431
3576        5.31528
3576        4.06109
3576        3.69027
3576        1.22648
3576       0.166422
3576       0.704589
3576        2.11142
3576        3.23007
3576        5.06213
3576        4.10469
3576        1.07208
3576        5.60407
3576        5.30129
3576       0.831046
3576        1.96767
3576        5.95839
3576       0.533954
3576        1.71762
3576        2.02065
3576        3.05663
3576        4.57516
3576        4.25763
3576       0.499604
3576        3.40366
3576        2.82127
3576        6.07528
3576        4.86726
3576        0.34741
3576        2.76373
3576      0.0159686
3576        5.51979
3576        5.25335
3576        1.53939
3576        2.11887
3576        1.87597
3576        4.59133
3576        4.27074
3576        3.56229
3576        3.72972
3576        2.91206
3576        1.55171
3576        2.57927
3576       0.151285
3576        3.79014
3576        2.58031
3576        4.29721
3576       0.659143
3576        2.08377
3576        4.32932
3576        1.29958
3576        2.19879
3576           2.95
3576        5.88692
3576       0.690733
3576       0.466465
3576       0.560398
3576        1.82199
3576        1.90303
3576        1.19398
3576        2.00335
3576       0.904524
3576       0.870493
3576        1.40218
3576        1.28705
3576        2.45098
3576        4.53458
3576        5.54098
3576         1.1204
3576        3.11894
3576        2.13705
3576        3.55949
3576        1.04107
3576        4.99623
3576        1.84472
3576        5.62528
3576        1.04898
3576         4.5201
3576        5.55364
3576        3.53612
3576        3.88887
3576        4.91649
3576        5.22277
3576        6.17581
3576        4.43394
3576        1.27927
3576        5.89215
3576        5.26629
3576        5.54958
3576        6.23927
3576        1.35885
3576        4.31935
3576         5.0464
3576       0.365528
3576        6.06356
3576       0.818357
3576        2.32264
3576        1.79552
3576        1.20976
3576       0.119768
3576        3.55333
3576        4.40344
3576       0.632205
3576      0.0540571
3576       0.890951
3576         6.1995
3576        5.72226
3576        3.13682
3576        5.51038
3576        3.48719
3576         1.8903
3576        6.27542
3576           3.44
3576        4.57274
3576         5.3196
3576        1.43458
3576        4.75715
3576       0.032043
3576        5.13283
3576       0.952294
3576        2.25826
3576        1.20934
3576        5.54098
3576        1.19026
3576        1.65211
3576        1.99115
3576        5.14296
3576        1.60932
3576        1.92457
3576        5.08252
3576        5.19973
3576        2.12943
3576         4.3178
3576        1.72501
3576        4.32046
3576         3.0137
3576        5.26627
3576        2.39641
3576        3.73808
3576         3.4542
3576         3.2106
3576        5.42735
3576        4.26532
3576        4.10663
3576        2.70688
3576        1.24133
3576        0.46164
3576        2.24508
3576        4.40747
3576        1.33452
3576       0.491374
3576        3.59663
3576        2.34573
3576        2.38878
3576        3.50162
3576        4.78687
3576        4.94108
3576        1.87069
3576        4.52188
3576        4.44278
3576        4.60489
3576        1.68463
3576       0.788256
3576        1.04713
3576        4.25266
3576       0.888822
3576        4.30941
3576        5.32637
3576        3.71279
3576        4.18239
3576        5.99626
3576        1.11571
3576       0.834948
3576        1.23166
3576         3.8146
3576        5.77754
3576        4.75738
3576        4.06971
3576         5.9349
3576         1.4711
3576        5.95249
3576        2.67185
3576       0.574239
3576       0.904571
3576         5.0246
3576        3.41235
3576        4.51154
3576       0.172292
3576        1.09374
3576          5.175
3576        1.02504
3576        4.22026
3576        4.94762
3576        4.41142
3576        3.49402
3576       0.612407
3576        5.57358
3576         6.0865
3576        5.25887
3576        3.74729
3576        4.52574
3576        1.09699
3576       0.397453
3576        1.46442
3576         4.2982
3576        2.32432
3576        3.87002
3576        2.13116
3576        3.13845
3576       0.373252
3576        4.22972
3576         1.6434
3576        4.46751
3576        5.55941
3576        2.44252
3576        1.42787
3576         3.3229
3576        1.85451
3576        4.65651
3576        2.88207
3576        1.05983
3576        4.91232
3576         5.1551
3576        4.34614
3576        4.01902
3576        4.07651
3576        1.59577
3576       0.678689
3576        5.89492
3576        3.46467
3576       0.652163
3576        4.55652
3576        4.49609
3576        4.65007
3576        2.08398
3576        1.69004
3576       0.884855
3576        5.64755
3576        4.47957
3576        1.08401
3576        4.36295
3576        4.91071
3576        6.14396
3576        2.17674
3576        4.47045
3576        5.50166
3576        2.22877
3576        1.21795
3576        6.14149
3576       0.730414
3576        2.07812
3576        5.38805
3576          2.352
3576        4.41914
3576        1.66178
3576        2.24786
3576        2.74448
3576         4.2879
3576        1.64691
3576         3.8031
3576        1.16302
3576        2.15063
3576        5.15689
3576        6.19394
3576        4.52967
3576        4.28959
3576      0.0926308
3576        5.49394
3576        3.85336
3576        2.81634
3576        5.20047
3576        2.23302
3576        1.15845
3576         3.7069
3576        6.16602
3576        1.63474
3576         2.6584
3576        2.69758
3576        5.08173
3576       0.862046
3576        1.01512
3576        2.67953
3576         2.1148
3576       0.365656
3576        5.04185
3576        3.52992
3576        3.72824
3576      0.0606747
3576        4.49144
3576        4.62267
3576        3.95327
3576        3.54203
3576        4.61867
3576        5.39912
3576        5.07632
3576        4.68751
3576        2.53006
3576        3.96513
3576        4.29065
3576         1.8934
3576        3.97217
3576        1.58074
3576        4.65385
3576        4.34401
3576        3.66863
3576         1.6677
3576       0.728338
3576        5.51522
3576        1.32486
3576        2.09553
3576        4.05338
3576        1.31175
3576        5.30998
3576        3.75386
3576       0.832341
3576        1.79327
3576        4.23404
3576        2.80112
3576       0.923218
3576        5.01178
3576        6.04787
3576        4.24779
3576        2.70122
3576        2.58688
3576        3.45931
3576       0.414733
3576         5.9336
3576        1.80544
3576         3.7269
3576        1.93949
3576        5.21972
3576        3.80048
3576        1.89246
3576        5.74847
3576        1.11697
3576       0.433671
3576         4.5187
3576        1.21935
3576        3.99332
3576        1.53635
3576        5.02086
3576          1.968
3576        3.74088
3576        1.02956
3576        6.05815
3576        0.35219
3576        2.86854
3576        2.57635
3576       0.417208
3576        5.27015
3576        3.67613
3576        4.08744
3576        1.64036
3576        4.42848
3576        3.13916
3576         1.1349
3576        1.28683
3576        5.44676
3576        5.18153
3576       0.136618
3576        6.02349
3576        1.26273
3576       0.243439
3576        5.77894
3576         4.5468
3576        4.10121
3576       0.893965
3576         4.2878
3576        2.78425
3576        2.37974
3576        5.68174
3576       0.232437
3576         2.7503
3576       0.682489
3576        3.22312
3576        3.87085
3576        1.28121
3576        4.01412
3576         1.8114
3576      0.0716021
3576         1.3869
3576        1.62691
3576        2.32731
3576       0.618745
3576        3.25158
3576        4.25655
3576        2.66305
3576        5.44506
3576       0.674533
3576         2.2849
3576        1.97843
3576         1.3308
3576       0.432893
3576         4.9492
3576        5.06851
3576        4.36002
3576        6.10957
3576        1.65346
3576        3.25427
3576        1.86718
3576        5.17015
3576        5.66762
3576        5.42538
3576        3.59888
3576        2.09811
3576        4.53346
3576        3.02388
3576        3.47665
3576       0.669483
3576        5.81687
3576        2.65936
3576        4.16287
3576        4.81505
3576        1.70561
3576        6.23461
3576        0.36442
3576        1.66917
3576        4.59528
3576        4.59792
3576      0.0632799
3576       0.684245
3576        2.07249
3576       0.441123
3576      0.0719226
3576        5.63546
3576         5.1842
3576        4.42318
3576        2.01906
3576        2.38631
3576        4.98213
3576        4.18235
3576       0.990594
3576        1.87752
3576        2.12436
3576         4.6335
3576       0.234216
3576        1.29304
3576        1.32272
3576        1.14527
3576        1.21283
3576        3.50973
3576        4.73381
3576        3.50681
3576        5.46203
3576         3.2969
3576       0.730925
3576        2.88632
3576        4.13689
3576        1.83969
3576        2.33408
3576        4.30076
3576        6.23958
3576         1.2993
3576        5.46652
3576        5.21313
3576        5.61892
3576        3.81592
3576        5.23985
3576       0.754283
3576       0.646118
3576        2.90404
3576        5.91372
3576        2.05202
3576        4.16873
3576        5.71931
3576        2.42289
3576        3.75559
3576        3.93234
3576        4.92892
3576        3.48487
3576        6.26449
3576        2.07507
3576        5.01408
3576        4.69334
3576        2.45963
3576        4.05827
3576        1.66748
3576       0.530668
3576        3.83608
3576        5.24862
3576        4.49802
3576        1.50214
3576        6.07238
3576        5.75357
3576         3.8571
3576        1.67922
3576        2.48814
3576        0.17037
3576        3.71489
3576        5.19112
3576         5.1887
3576       0.852491
3576         4.4924
3576        1.60672
3576        4.40928
3576       0.231065
3576         1.5572
3576        1.10358
3576       0.989429
3576        3.78298
3576        3.59282
3576        1.14998
3576        3.52868
3576          3.609
3576        5.26284
3576       0.968555
3576       0.701929
3576        5.27754
3576         6.1997
3576        4.29254
3576        3.87157
3576        4.97912
3576       0.769925
3576          5.524
3576        3.81214
3576        4.92794
3576        1.41717
3576        1.97294
3576        5.48959
3576        2.36106
3576        2.73423
3576        2.94247
3576        1.98727
3576         1.5892
3576        3.24091
3576        3.58338
3576         3.4902
3576         5.2919
3576        3.74433
3576        1.36338
3576        4.30934
3576        5.18957
3576        5.09953
3576        4.59375
3576        5.80942
3576         5.0218
3576        2.45114
3576        5.61315
3576         1.1509
3576        6.10804
3576        2.45978
3576        4.08498
3576        3.20042
3576        1.40563
3576        5.94695
3576       0.230859
3576        1.86015
3576        2.64948
3576        1.05341
3576      0.0347365
3576        4.19255
3576        5.48607
3576        5.58157
3576        5.67627
3576         5.1929
3576        0.66798
3576         1.8899
3576        4.61355
3576        3.16123
3576       0.100977
3576        2.21592
3576        2.47757
3576        4.72758
3576        3.16418
3576       0.178919
3576        4.53797
3576         2.8377
3576        1.76409
3576        1.99881
3576        5.02121
3576        2.94022
3576        4.63624
3576         1.2764
3576        3.59388
3576        3.08895
3576        5.47533
3576        1.09432
3576        2.08567
3576        3.08296
3576        5.32937
3576        4.84051
3576        3.28674
3576       0.665249
3576       0.582149
3576        4.66598
3576        1.76646
3576        3.88105
3576        5.62597
3576      0.0291833
3576        1.22887
3576        4.12679
3576        5.38048
3576         3.8078
3576        1.00655
3576        5.46194
3576        4.97731
3576        3.81632
3576        4.89212
3576        2.39237
3576       0.445355
3576        4.43451
3576        3.60517
3576        2.93339
3576        4.59817
3576        4.14656
3576       0.540179
3576        1.54563
3576        3.94256
3576        3.73009
3576        4.18453
3576        1.69364
3576        4.11787
3576         1.9043
3576       0.838523
3576        3.88754
3576        4.44525
3576        2.88479
3576        3.91652
3576        3.67239
3576        4.18627
3576        1.77594
3576        1.44786
3576        4.05225
3576        0.67677
3576        1.16063
3576        3.12601
3576        2.38351
3576       0.167907
3576       0.957293
3576        2.43364
3576        1.45302
3576       0.780909
3576        4.56631
3576       0.727025
3576        4.68072
3576        4.92561
3576         4.1787
3576        6.26025
3576        4.16028
3576      0.0571327
3576        6.10728
3576        6.15192
3576        5.90239
3576        6.15642
3576        5.87111
3576       0.217262
3576       0.382698
3576       0.351513
3576        2.04653
3576        4.07002
3576        4.39767
3576        2.74823
3576        5.72303
3576        1.93418
3576        1.05276
3576        6.09985
3576        4.49308
3576        1.85276
3576        1.20429
3576        4.98839
3576        3.31624
3576        4.57513
3576        2.68324
3576        4.72972
3576       0.789912
3576        3.09444
3576        4.25105
3576        3.45175
3576        1.46791
3576        4.66968
3576        4.73546
3576        5.95478
3576        3.70366
3576        2.01134
3576        4.62855
3576        2.61747
3576        1.47557
3576       0.866486
3576        2.84135
3576         5.5529
3576        4.46053
3576        2.62779
3576        6.05222
3576        4.76645
3576       0.586161
3576        5.88393
3576       0.739143
3576         3.9567
3576     0.00844767
3576        4.08583
3576        5.18016
3576        5.15283
3576        5.05635
3576        2.49552
3576        4.83353
3576       0.672611
3576        3.22501
3576        4.03792
3576        5.29777
3576        2.22478
3576        5.95603
3576        4.08334
3576        3.12949
3576        3.36328
3576        3.69484
3576        1.14216
3576        4.27967
3576        1.64152
3576        5.13828
3576        1.52081
3576        3.96765
3576        2.05669
3576         2.9778
3576        5.04293
3576        3.44727
3576        1.57553
3576        1.01452
3576        2.45458
3576       0.152126
3576        4.32778
3576        4.62858
3576         1.4928
3576       0.996715
3576        4.68372
3576         2.0698
3576        4.27528
3576          3.543
3576       0.996213
3576        3.71332
3576        3.77671
3576        3.52265
3576       0.894724
3576       0.336539
3576        4.27991
3576        1.29931
3576        4.17771
3576        5.51092
3576        2.67382
3576        3.06871
3576       0.975825
3576        1.43821
3576        2.79156
3576        4.33836
3576        3.73791
3576        2.34459
3576        3.11294
3576        3.71732
3576        5.66872
3576        2.03566
3576        4.86092
3576        5.45767
3576        0.67582
3576        3.72713
3576       0.505524
3576       0.402748
3576        4.77623
3576        0.40757
3576        4.17585
3576        4.67432
3576        4.47734
3576        2.83622
3576        2.83117
3576        2.74117
3576        4.20474
3576        2.07697
3576        3.53735
3576        3.83098
3576        4.77116
3576        1.28919
3576        1.46825
3576        4.48328
3576        2.08043
3576        2.01157
3576       0.812346
3576        1.23373
3576       0.962632
3576        2.28083
3576        3.73674
3576        1.02706
3576        5.95895
3576       0.300107
3576       0.378638
3576        3.22707
3576        5.10991
3576         6.1597
3576      0.0289348
3576        3.79007
3576        3.09335
3576         3.0326
3576        5.49458
3576        1.42578
3576        1.95731
3576        4.94347
3576        5.73825
3576         4.0103
3576          4.982
3576        5.57839
3576        0.11666
3576        6.11676
3576        5.66013
3576        4.21476
3576        5.00513
3576        5.23051
3576        4.05311
3576        4.98145
3576        2.72726
3576       0.782798
3576        1.48186
3576        3.00636
3576        1.52722
3576        4.11804
3576        3.25141
3576        2.29108
3576        2.78039
3576         3.5367
3576        4.93489
3576        2.91468
3576       0.951273
3576        5.75253
3576        2.47889
3576       0.436064
3576       0.578958
3576        4.90519
3576       0.156815
3576       0.472928
3576        1.02214
3576       0.562216
3576         4.0513
3576        3.35641
3576        0.71717
3576        3.35962
3576        3.97456
3576       0.401823
3576        5.33668
3576       0.767569
3576        2.17233
3576        4.37843
3576        4.62844
3576        1.87464
3576       0.707097
3576        3.26022
3576        5.73362
3576         2.6421
3576        2.41769
3576       0.476372
3576        5.67404
3576         4.4301
3576       0.518984
3576        1.57682
3576        2.47582
3576        4.12761
3576        4.22342
3576        1.00246
3576        5.77754
3576        4.15016
3576        1.12578
3576       0.540284
3576        1.71453
3576        4.21584
3576       0.337235
3576        5.31482
3576        4.50374
3576        4.16108
3576        2.43836
3576        4.59668
3576       0.272448
3576         5.3828
3576        5.96535
3576        1.98833
3576        5.91871
3576       0.691241
3576        5.63051
3576        4.44329
3576        5.72499
3576       0.436417
3576        5.80186
3576        2.46796
3576        2.36017
3576        2.66728
3576        5.85949
3576        3.79837
3576        1.04047
3576        2.89932
3576        2.13905
3576        5.76066
3576        2.93374
3576        1.41359
3576        5.55126
3576        5.01901
3576        1.78728
3576        2.34703
3576         1.6629
3576        1.16812
3576        5.97997
3576        3.74882
3576          3.461
3576       0.880354
3576       0.483121
3576        0.51414
3576        2.33964
3576        5.63205
3576        4.04121
3576         4.5701
3576        4.11039
3576        3.44368
3576       0.380851
3576        5.07087
3576        3.76382
3576       0.368964
3576        1.19698
3576        4.67669
3576        4.98992
3576       0.162212
3576        4.70959
3576         4.3193
3576         1.3779
3576        4.85314
3576       0.969571
3576        5.05048
3576       0.611455
3576        4.35923
3576        1.40038
3576        4.27476
3576       0.752049
3576        2.13758
3576         3.8186
3576         4.0812
3576       0.410369
3576        2.79964
3576         2.3838
3576        4.40017
3576       0.839337
3576        5.55211
3576        4.91178
3576         6.1069
3576        5.17886
3576        1.94137
3576        1.16303
3576        5.62926
3576        3.35136
3576        1.10495
3576        1.36853
3576        4.35442
3576         3.2302
3576        1.96323
3576        4.10848
3576        5.03555
3576       0.521759
3576        5.01097
3576        3.47071
3576       0.500339
3576        2.62982
3576        3.95326
3576        2.76769
3576        4.54221
3576        1.24712
3576        3.16201
3576        3.48762
3576       0.955967
3576        5.39301
3576        2.28335
3576        0.52507
3576        4.39821
3576        5.70869
3576        1.08983
3576        5.76738
3576        3.00567
3576       0.855869
3576        3.13375
3576        1.17101
3576        5.67196
3576        4.58413
3576        5.26871
3576        1.07284
3576        2.44192
3576        5.60216
3576        1.85875
3576        2.36652
3576        3.35793
3576        4.02747
3576        5.00169
3576        2.70693
3576        1.94101
3576        5.27319
3576        4.96989
3576       0.178556
3576         1.4111
3576        1.22681
3576         5.4434
3576        3.61523
3576         1.8244
3576        2.78315
3576        5.67643
3576         2.0787
3576        4.47562
3576        1.45057
3576       0.964887
3576        1.75161
3576        3.84209
3576        4.62434
3576        2.10498
3576        5.11286
3576       0.944886
3576       0.891372
3576        5.23455
3576        2.28071
3576        4.07904
3576        3.20951
3576         4.3305
3576        3.69185
3576        5.18817
3576        6.23098
3576         4.7967
3576        0.66303
3576        3.52676
3576        2.92923
3576        1.82839
3576        5.58722
3576        4.76296
3576        1.36758
3576        4.90597
3576        1.32107
3576        1.61443
3576        2.03851
3576        5.78013
3576        1.03429
3576        1.91858
3576        4.86472
3576          4.143
3576         5.8965
3576        5.15873
3576        2.93096
3576       0.657604
3576        2.87928
3576        3.28871
3576        1.74246
3576        1.32817
3576        4.83663
3576        4.77838
3576       0.209771
3576        4.38682
3576        3.27847
3576        1.01193
3576        2.64888
3576       0.609307
3576        5.53833
3576        1.66673
3576        5.00303
3576      0.0139937
3576        4.47634
3576        3.46111
3576       0.169422
3576        1.56365
3576      0.0896302
3576        1.80326
3576        1.37192
3576       0.183024
3576        2.67804
3576        3.61522
3576       0.129704
3576        2.76711
3576        4.24823
3576        4.80884
3576        5.04665
3576        4.14852
3576       0.888507
3576        3.08943
3576       0.419685
3576        5.47356
3576        3.01561
3576        2.84121
3576        2.44176
3576        4.83331
3576        1.64077
3576        4.71394
3576        2.20054
3576        5.36161
3576         3.5174
3576        3.05548
3576        1.68035
3576        2.82124
3576        5.28617
3576        2.07051
3576         5.7635
3576        4.47908
3576         4.7556
3576        3.83182
3576        4.69374
3576        1.27591
3576        1.79245
3576        3.38576
3576         2.9832
3576        1.87874
3576        5.00779
3576        3.11816
3576        1.25569
3576        4.59997
3576        1.41133
3576        1.71804
3576        1.73178
3576        3.30926
3576        2.53013
3576        2.90564
3576         5.4232
3576         4.3975
3576        4.52914
3576         1.6512
3576        3.05581
3576        5.22929
3576        5.52712
3576         3.7794
3576       0.903009
3576       0.889223
3576          3.642
3576        4.25354
3576        1.85957
3576        3.93356
3576      0.0682806
3576         1.0124
3576        4.80263
3576        1.41069
3576        2.04748
3576         1.6508
3576       0.148105
3576       0.825851
3576        2.57299
3576        6.17757
3576        2.65138
3576        6.15045
3576        2.73051
3576        1.98226
3576        0.80452
3576         3.0727
3576        1.68326
3576        4.59286
3576        2.11839
3576        2.18324
3576        1.91851
3576        3.39303
3576        1.83338
3576        4.84098
3576        5.36699
3576        1.30142
3576        5.44253
3576        2.49294
3576        4.43942
3576         5.3306
3576        4.53754
3576        3.14341
3576       0.775909
3576        5.04987
3576        4.63308
3576        4.06875
3576        5.28567
3576        5.31105
3576       0.590628
3576        5.40655
3576        3.12518
3576        3.25007
3576        4.59541
3576        1.28429
3576        4.52672
3576        1.24294
3576        3.41552
3576        1.95689
3576          5.274
3576        4.03468
3576        5.54518
3576         1.9225
3576        1.57372
3576      0.0183857
3576        4.94716
3576        6.23366
3576        3.74742
3576        4.16006
3576        6.19428
3576        2.92963
3576         4.6027
3576        1.61156
3576       0.772507
3576        5.07997
3576        3.78191
3576        3.55714
3576        4.43318
3576        2.09994
3576        4.69096
3576        1.43846
3576        3.81019
3576       0.091606
3576        3.79286
3576        1.51318
3576        3.36885
3576       0.386371
3576        1.67224
3576        1.77051
3576        1.83355
3576         4.2656
3576        4.98518
3576        1.29983
3576        1.60917
3576        3.79529
3576        2.90937
3576       0.554573
3576        3.13605
3576       0.723654
3576        1.49006
3576        2.20398
3576        4.89177
3576        1.30984
3576        2.60815
3576        3.80745
3576        1.94382
3576        2.20172
3576        1.67068
3576        5.73632
3576       0.861786
3576        1.25217
3576        3.02447
3576       0.216086
3576        5.05331
3576        3.95519
3576         3.0984
3576        3.68314
3576       0.984815
3576        3.50342
3576        1.75615
3576         2.7045
3576        4.94194
3576        5.94145
3576        5.45553
3576         1.9794
3576         1.4013
3576        5.59415
3576        1.51373
3576        1.63981
3576        3.88485
3576        6.10542
3576        5.07043
3576         5.2141
3576       0.485947
3576         5.1884
3576        4.30804
3576        4.46176
3576        1.12564
3576         1.8537
3576        2.29858
3576       0.155481
3576        1.83293
3576        1.87387
3576        4.80936
3576        2.07403
3576        5.16293
3576        1.17257
3576        5.34853
3576        5.60164
3576        2.24313
3576         1.5736
3576       0.875953
3576        2.83407
3576        3.41301
3576        4.03548
3576        4.67127
3576        4.59102
3576        5.69014
3576         1.6359
3576        4.46538
3576       0.436336
3576         2.2927
3576        4.35782
3576        4.80103
3576       0.810304
3576        3.80699
3576        2.24006
3576        2.97378
3576       0.659998
3576        3.42506
3576        2.04401
3576        4.27095
3576       0.422854
3576        0.90841
3576        2.24745
3576        1.21617
3576        4.99558
3576        4.95903
3576        1.32892
3576        4.78741
3576        6.11789
3576        2.25467
3576        4.81787
3576       0.358856
3576        5.44524
3576         2.6424
3576        2.57808
3576        3.25043
3576        3.81844
3576        5.38416
3576        4.49286
3576        1.64714
3576        2.08933
3576        1.86421
3576        4.00634
3576       0.783822
3576        4.65635
3576        4.35898
3576        5.63451
3576        4.21978
3576        3.19417
3576        4.02446
3576       0.210993
3576        5.48675
3576        1.20004
3576        2.18508
3576        1.25396
3576       0.435471
3576        4.82193
3576        2.52269
3576       0.351576
3576        4.09272
3576        5.24002
3576       0.914511
3576         5.3598
3576        1.18035
3576       0.852543
3576        1.95462
3576        2.21214
3576        2.17365
3576        4.38423
3576        3.43374
3576       0.260817
3576        3.75787
3576       0.906367
3576        5.12181
3576        3.98155
3576       0.576893
3576        4.35901
3576        3.22029
3576        5.12865
3576        2.23305
3576       0.574242
3576        2.24046
3576          5.645
3576        5.01588
3576        1.09146
3576        4.91827
3576        3.92559
3576        1.71296
3576        5.25328
3576        2.04073
3576        4.42761
3576       0.816697
3576        2.49674
3576         3.5791
3576        2.94173
3576        6.28133
3576        5.49311
3576        3.95253
3576        5.70316
3576        5.22019
3576         4.4574
3576        2.84024
3576        1.10374
3576        2.29792
3576       0.211021
3576        6.12694
3576        2.78601
3576       0.241504
3576        1.41686
3576       0.795364
3576       0.991216
3576        5.07028
3576       0.754834
3576       0.532495
3576         5.0008
3576        2.68963
3576         1.2831
3576        2.91314
3576        2.02926
3576        5.41313
3576        3.82294
3576        4.79392
3576        3.54474
3576        4.92787
3576        3.03992
3576        3.04291
3576        4.81333
3576        6.20535
3576        3.23884
3576        5.62459
3576        1.98872
3576        3.01438
3576        6.20628
3576        4.55853
3576        2.94268
3576        3.32264
3576        0.88003
3576        1.33022
3576        4.70334
3576        2.30787
3576        5.77757
3576        2.38014
3576        2.87185
3576        4.37593
3576        3.32567
3576        5.60656
3576        1.98523
3576        5.40853
3576       0.251513
3576        3.77885
3576        3.35037
3576        5.81575
3576        5.16115
3576        4.53779
3576        2.16151
3576       0.531229
3576        5.38226
3576       0.426789
3576        4.84407
3576        1.19509
3576        4.86999
3576       0.269777
3576        3.96417
3576       0.845647
3576         2.3909
3576        2.06655
3576        4.59491
3576        4.67934
3576        4.11276
3576        2.44643
3576        3.46215
3576        2.88521
3576        1.47001
3576         4.7037
3576        1.04328
3576       0.689385
3576        2.27613
3576        2.37588
3576        5.76578
3576         5.2136
3576       0.347875
3576        4.77868
3576        2.85472
3576        4.15425
3576        4.79061
3576        5.33363
3576        4.48629
3576        1.73096
3576        4.83786
3576       0.926707
3576        1.15942
3576         3.1677
3576        3.05267
3576        3.11924
3576         6.2721
3576       0.866054
3576        2.62307
3576        4.33365
3576        4.28097
3576        2.20154
3576        3.83532
3576        4.50398
3576        2.99636
3576        5.98325
3576        1.70735
3576        5.47287
3576        3.37255
3576        4.96573
3576       0.622553
3576         1.8334
3576        3.79274
3576        4.23206
3576        5.56774
3576        3.22981
3576        4.62977
3576       0.493009
3576         2.6341
3576        2.05706
3576        5.73128
3576        4.40519
3576       0.643844
3576         1.7074
3576       0.185626
3576       0.473308
3576        2.17148
3576        4.02895
3576        3.87477
3576        5.32921
3576         1.3966
3576         4.1556
3576       0.761934
3576        3.51164
3576        5.56614
3576        5.10174
3576        1.94458
3576       0.356751
3576        2.88397
3576       0.856074
3576        4.10755
3576        3.09755
3576        5.13342
3576        4.96221
3576        1.52442
3576        1.77647
3576        4.52124
3576        2.07307
3576        1.48979
3576       0.739311
3576       0.524116
3576        1.60163
3576       0.580282
3576        2.34573
3576        1.01945
3576        2.83661
3576        3.76335
3576        3.80233
3576        1.99424
3576        3.02539
3576        1.60481
3576        2.33239
3576        2.08877
3576        1.19243
3576        5.54963
3576        1.37038
3576        3.76692
3576       0.766759
3576        4.78928
3576        2.33992
3576        4.80439
3576        2.72646
3576        4.94763
3576        3.79167
3576        2.78923
3576        5.25094
3576        2.52808
3576         2.2061
3576        1.00138
3576        2.41457
3576        3.28422
3576       0.245777
3576       0.695981
3576       0.583211
3576       0.648454
3576        5.58339
3576        4.13973
3576        4.80409
3576        5.98401
3576        1.28907
3576       0.918819
3576         4.5407
3576        5.57568
3576        1.65642
3576        5.57803
3576        1.87344
3576        4.56489
3576        4.24997
3576        1.53589
3576        2.62548
3576         1.1199
3576        2.30122
3576        5.23594
3576       0.945338
3576       0.740208
3576      0.0309665
3576        5.00994
3576        2.46582
3576        1.30893
3576        5.80205
3576        5.51026
3576        5.61447
3576        4.75657
3576        5.41114
3576       0.978004
3576        1.59515
3576        5.45179
3576        5.67425
3576        1.76763
3576       0.901637
3576        5.56879
3576         3.7846
3576        5.55206
3576        5.08505
3576        1.52064
3576        1.23978
3576        2.40209
3576        5.08143
3576       0.672527
3576       0.930299
3576        1.97386
3576        2.83289
3576         1.5189
3576        1.70521
3576        2.78287
3576        2.49878
3576        3.35319
3576         5.6185
3576       0.565057
3576        4.19993
3576       0.186198
3576        3.52362
3576        2.32195
3576        4.87752
3576        4.22556
3576       0.755002
3576        5.21003
3576        1.75376
3576        1.50531
3576        6.17528
3576        1.00525
3576        4.43227
3576        4.08746
3576         3.9168
3576        2.90609
3576        1.60287
3576        1.15798
3576        1.27959
3576         4.4101
3576        4.54615
3576        3.95436
3576         4.1666
3576        6.06858
3576        4.92886
3576       0.950383
3576        5.03943
3576        4.50754
3576        1.51178
3576        5.38454
3576        4.63988
3576        6.02059
3576        3.88633
3576        4.97557
3576        4.70036
3576        6.20247
3576        4.07762
3576       0.148379
3576        4.46643
3576        2.57204
3576        3.25108
3576        6.12557
3576        1.95414
3576        4.36169
3576        3.88896
3576         5.3521
3576       0.825327
3576        5.19171
3576        6.03298
3576        2.36398
3576        3.32926
3576       0.627242
3576        5.58131
3576       0.412918
3576        4.22365
3576        5.20101
3576        2.71327
3576        4.37351
3576        4.12083
3576       0.930324
3576        3.53362
3576        5.19978
3576        5.33324
3576        1.54168
3576        2.09106
3576         3.0698
3576         5.3778
3576        2.64789
3576        3.80152
3576        3.30836
3576        1.87518
3576        4.19016
3576       0.103849
3576        4.83995
3576        3.49245
3576        4.14235
3576       0.119761
3576        1.40777
3576        1.45279
3576         5.6602
3576        2.13514
3576        6.05966
3576        1.88736
3576       0.740399
3576        2.47492
3576        3.98107
3576        5.06224
3576        1.44137
3576         3.0011
3576        3.17767
3576        2.74665
3576      0.0837084
3576         5.2967
3576        5.11746
3576        1.58853
3576        1.14431
3576        4.80847
3576        2.64056
3576        2.21497
3576        2.44398
3576        3.95238
3576        3.86417
3576        1.10797
3576        2.18776
3576        5.56798
3576       0.705747
3576        2.83882
3576        5.04751
3576        1.41106
3576        4.30088
3576         1.6364
3576        2.12987
3576         4.9782
3576        1.93008
3576        1.21662
3576        5.86485
3576        2.49267
3576         1.2262
3576        1.75695
3576        1.61297
3576        1.73828
3576        6.18245
3576       0.559855
3576        4.21149
3576        4.47783
3576        4.17381
3576        3.40096
3576        0.91227
3576        3.55841
3576        3.08431
3576        1.13346
3576        4.42496
3576         2.1582
3576        3.88389
3576        3.89763
3576        1.66438
3576        4.87545
3576       0.192276
3576       0.174074
3576       0.319718
3576        4.96567
3576        4.66867
3576        4.34194
3576        6.26238
3576       0.720343
3576        5.66751
3576        2.26355
3576        4.40014
3576        1.49335
3576        4.63708
3576        1.37642
3576        5.81484
3576        4.39366
3576        2.54667
3576        1.89738
3576        4.70921
3576        4.07163
3576         4.3866
3576        2.84191
3576        5.35875
3576        2.61636
3576        5.82425
3576        2.41539
3576       0.606199
3576        0.96247
3576       0.846283
3576        2.49162
3576        1.17871
3576       0.204111
3576         1.9089
3576        3.29298
3576         5.9883
3576        1.79842
3576        5.39899
3576        1.76744
3576        1.24151
3576        4.40874
3576        6.13674
3576        2.14973
3576         3.9794
3576        5.11322
3576        5.68083
3576      0.0882124
3576        5.05659
3576        1.37525
3576        3.64197
3576        4.93796
3576         2.5623
3576        1.32624
3576        5.36272
3576        3.04186
3576        5.47305
3576       0.983576
3576        4.92141
3576        5.90153
3576        2.18968
3576        4.12779
3576        5.06755
3576        1.68223
3576        5.75192
3576        0.63334
3576      0.0594825
3576        5.98442
3576        5.65442
3576       0.229857
3576        3.73499
3576       0.143154
3576        5.18748
3576        1.99542
3576        3.30406
3576       0.828939
3576        5.29277
3576        3.32752
3576        1.81569
3576        2.12525
3576       0.640591
3576      0.0258019
3576        2.02316
3576        3.52641
3576         4.1064
3576        5.25442
3576        4.59362
3576        1.57288
3576       0.816429
3576        1.25057
3576        2.39172
3576        5.49141
3576        4.57024
3576        5.60041
3576        3.52333
3576          4.534
3576        5.69262
3576        5.62571
3576        2.72971
3576        1.25285
3576          4.738
3576        2.75577
3576        4.47442
3576        1.19851
3576         6.0272
3576        4.66626
3576        5.43635
3576        3.59932
3576       0.526316
3576        3.94675
3576        5.39064
3576         3.1989
3576        3.81691
3576        2.48144
3576       0.956787
3576        1.14819
3576        0.93204
3576        3.52016
3576        1.70533
3576        4.38955
3576        4.30048
3576        1.37491
3576        3.89107
3576       0.510712
3576         4.9632
3576         4.7076
3576        2.97577
3576        5.15984
3576       0.891336
3576       0.460378
3576        4.24101
3576        4.50821
3576        3.70322
3576        1.84618
3576        1.46677
3576        5.67007
3576        3.55119
3576        1.17935
3576        5.38189
3576        2.47989
3576       0.262255
3576         4.1739
3576       0.569281
3576        2.26879
3576        2.13237
3576        2.00903
3576         3.7346
3576        1.21597
3576         5.5367
3576        5.77235
3576        3.96151
3576        2.47414
3576        1.45208
3576        1.66211
3576         2.5171
3576        5.60064
3576        1.95487
3576        3.94144
3576        3.72847
3576       0.581976
3576       0.555102
3576      0.0183029
3576       0.374037
3576        1.48649
3576        3.12218
3576       0.259396
3576        1.50029
3576       0.601133
3576        1.01045
3576        1.94605
3576        4.04555
3576        1.60092
3576        1.95539
3576        1.64038
3576       0.560002
3576         5.2639
3576        5.35947
3576        2.16442
3576        1.29229
3576        3.53138
3576        2.10825
3576        5.02459
3576       0.949644
3576        2.68942
3576        1.10727
3576        4.42635
3576        5.02187
3576        5.33145
3576         5.5213
3576        3.13789
3576        5.80209
3576        3.24171
3576        1.74377
3576        1.19557
3576        3.59705
3576        4.12573
3576       0.894547
3576          5.576
3576        2.75836
3576        1.71606
3576        4.01462
3576        1.91294
3576        2.57709
3576       0.776187
3576        2.47591
3576        4.08477
3576        4.76247
3576         5.4046
3576         3.8485
3576        2.16672
3576        1.82311
3576        1.12592
3576        1.45422
3576        4.12677
3576        3.10838
3576        2.81606
3576        2.67636
3576        4.08393
3576         5.8991
3576        2.97666
3576        3.95285
3576        4.50596
3576        3.72882
3576       0.663633
3576        4.16365
3576        2.39576
3576        4.60417
3576        4.46117
3576        1.11762
3576         5.1523
3576       0.125814
3576        1.82714
3576        4.39534
3576        1.19283
3576        2.70097
3576        4.23073
3576        4.53278
3576        4.72711
3576        2.58288
3576        1.52985
3576        4.95058
3576        1.04942
3576        1.98831
3576         5.9194
3576       0.262957
3576         5.1829
3576        5.58649
3576         5.7189
3576         5.0241
3576        4.65093
3576         2.6032
3576        2.67487
3576        2.35053
3576        2.42073
3576        1.41143
3576        3.25291
3576       0.623282
3576        4.29542
3576        3.25217
3576        5.74639
3576        2.98414
3576        2.31024
3576        0.68208
3576        1.22403
3576      0.0847846
3576        5.30485
3576        1.58264
3576        2.56786
3576          4.119
3576        2.44042
3576          1.027
3576       0.449003
3576        4.01107
3576        4.72258
3576        3.79378
3576       0.500067
3576        3.93991
3576        2.72235
3576        1.64876
3576         1.1096
3576        4.14034
3576        4.75376
3576        2.26753
3576        4.80382
3576        1.63173
3576          4.511
3576        4.55918
3576        1.85263
3576         2.6279
3576        4.92623
3576        2.61286
3576       0.113036
3576       0.771729
3576        4.24647
3576       0.115135
3576        1.10861
3576      0.0786615
3576        5.22967
3576        4.49584
3576        3.88107
3576         2.8487
3576         5.3513
3576         2.0393
3576       0.613788
3576        0.47517
3576        1.28767
3576        4.99804
3576        4.08823
3576        3.14852
3576        1.50321
3576        1.45452
3576        4.57083
3576      0.0823075
3576        1.61552
3576        2.39822
3576        4.17378
3576         1.8422
3576        4.76337
3576        1.57003
3576        3.80649
3576        4.67922
3576         2.0759
3576        4.55536
3576        1.52479
3576       0.934963
3576      0.0179838
3576        1.56825
3576        5.72092
3576        2.83469
3576        2.77291
3576        2.10903
3576        1.92752
3576       0.685104
3576        2.17368
3576        1.28054
3576       0.968519
3576        5.28614
3576       0.519931
3576        1.79614
3576        2.56333
3576        2.69209
3576        4.00548
3576        4.16404
3576        1.07012
3576       0.110894
3576        0.52998
3576        2.05019
3576        2.20299
3576        4.12061
3576        2.05578
3576        2.56759
3576        5.95162
3576        1.36469
3576        4.99946
3576        4.55267
3576        2.82263
3576        1.82541
3576        2.01718
3576        1.22155
3576        4.13336
3576        2.14989
3576        4.43363
3576        5.10986
3576        1.05212
3576        2.13255
3576        4.91504
3576        5.14976
3576        5.87719
3576        0.21931
3576        3.70504
3576        0.87529
3576        1.51175
3576        3.63249
3576         4.9854
3576        4.85697
3576        3.49225
3576       0.855241
3576       0.729187
3576        2.17551
3576        5.06872
3576         3.8609
3576        5.07534
3576        4.71219
3576        2.15181
3576        6.14411
3576        4.36487
3576        2.10337
3576        6.02441
3576        1.09155
3576        1.63012
3576        2.74402
3576        0.14283
3576        2.14306
3576       0.473774
3576        5.51698
3576       0.408454
3576        1.98871
3576        4.76652
3576       0.146443
3576        3.90279
3576       0.214033
3576        1.00638
3576        5.64405
3576        1.79031
3576        1.70398
3576        2.34318
3576        4.52162
3576        4.64799
3576        5.23104
3576        2.04012
3576       0.816524
3576        4.59532
3576         2.8168
3576        2.28655
3576        2.34458
3576        2.78031
3576        5.52143
3576         5.4412
3576        1.25959
3576        5.04569
3576        3.18389
3576        4.65024
3576        1.75844
3576        3.88911
3576        1.59677
3576        2.58828
3576        4.72419
3576        1.92906
3576         2.4967
3576        1.26623
3576        1.83676
3576        2.73931
3576        5.75412
3576        1.04479
3576        5.54473
3576        5.76841
3576        4.20361
3576        3.26859
3576        4.30133
3576        1.31153
3576         1.7696
3576         4.3984
3576        1.79927
3576        2.44371
3576        2.99228
3576        5.53331
3576        1.80268
3576          1.047
3576       0.833699
3576        4.16667
3576        5.48374
3576         4.8645
3576        5.20658
3576        1.19789
3576        6.27199
3576       0.773374
3576        1.46653
3576        1.29288
3576       0.999174
3576        0.21676
3576        2.33795
3576         2.2244
3576        5.10716
3576        4.81852
3576      0.0456631
3576       0.535054
3576        2.13146
3576        4.34347
3576        3.71092
3576        1.63435
3576        1.69374
3576        4.75247
3576        3.34304
3576       0.995023
3576        4.11168
3576        4.82355
3576        6.19066
3576        2.66278
3576       0.594376
3576        3.98219
3576        4.57978
3576        4.17626
3576        1.78192
3576        3.86914
3576        4.10549
3576        1.11311
3576        2.15342
3576       0.968664
3576        5.27432
3576        2.13039
3576         1.4654
3576        5.54623
3576        2.95178
3576         5.4936
3576        1.06391
3576        2.11711
3576        4.17772
3576         3.1949
3576        2.04525
3576         2.2209
3576        4.47894
3576        1.24838
3576       0.319043
3576        1.39259
3576       0.745991
3576        1.92857
3576        2.69787
3576        4.07349
3576        1.73195
3576       0.417893
3576        4.70448
3576        3.00438
3576        3.26771
3576         5.3093
3576        5.06036
3576        2.89482
3576        4.19505
3576        2.45031
3576        4.80533
3576        4.40985
3576        3.46075
3576        4.69972
3576        2.41369
3576        1.09782
3576        1.54484
3576       0.313664
3576       0.780229
3576         4.2335
3576        1.05706
3576        5.48524
3576        5.63311
3576        1.60665
3576        3.72982
3576       0.939312
3576        6.27414
3576        5.44948
3576         6.1592
3576        4.45917
3576        5.66051
3576        1.06268
3576        5.28523
3576        4.08813
3576        4.31357
3576         4.0665
3576         2.5865
3576        5.46034
3576        3.93471
3576        6.21924
3576        5.63772
3576        2.79911
3576        4.45508
3576       0.355361
3576        4.00908
3576        3.00561
3576        5.10595
3576        2.16023
3576        4.76156
3576        5.69691
3576          5.528
3576        4.20867
3576        5.00436
3576        3.14626
3576        4.90035
3576       0.134139
3576         4.4428
3576       0.852298
3576        5.52722
3576        2.05975
3576          3.916
3576        4.66415
3576        1.80039
