3432        2.53814
3432        1.84581
3432        1.15063
3432        4.44817
3432        4.13788
3432       0.324725
3432        3.17566
3432        4.53977
3432        2.07654
3432        4.46316
3432          5.566
3432         2.9785
3432        4.64898
3432        3.86074
3432        4.56227
3432       0.961952
3432        5.19316
3432       0.612405
3432        5.36906
3432        4.07523
3432        1.81448
3432        1.10398
3432       0.895013
3432        1.58253
3432        4.61496
3432        1.22909
3432        5.27841
3432        3.91813
3432        3.66397
3432        2.37903
3432        1.64545
3432        2.52644
3432        2.43312
3432        5.68396
3432        2.53581
3432        5.24257
3432        0.41709
3432        3.87233
3432       0.334757
3432        6.06916
3432       0.760913
3432       0.581082
3432        1.00865
3432        4.98498
3432        2.02161
3432        5.29529
3432        5.58091
3432        3.96454
3432        4.50809
3432        3.22896
3432        1.86547
3432        4.02949
3432        3.53217
3432        2.08353
3432        4.49866
3432       0.873952
3432        3.50467
3432        1.66528
3432        1.20962
3432         3.3131
3432        2.29313
3432         2.7863
3432        1.30067
3432        2.50128
3432        3.62521
3432        5.45054
3432        2.56902
3432        4.64881
3432       0.391108
3432        4.03899
3432        4.63015
3432        5.47345
3432        3.46713
3432        3.54353
3432        1.97634
3432        2.55686
3432        4.25392
3432       0.725069
3432        4.70999
3432         4.6512
3432        5.97959
3432        5.37041
3432       0.681477
3432        1.04159
3432        4.48646
3432        1.79719
3432        5.40883
3432       0.672595
3432        4.64432
3432        4.30067
3432        5.43372
3432        4.46909
3432        6.04017
3432          5.641
3432        4.65998
3432     0.00757332
3432       0.211468
3432       0.140359
3432         5.6118
3432        1.15325
3432        3.06472
3432        3.06499
3432        3.70463
3432       0.593314
3432        3.53819
3432        5.18612
3432        5.57925
3432        4.68322
3432        4.43332
3432        2.33597
3432       0.836202
3432        1.65566
3432         1.4054
3432        1.56886
3432        5.74902
3432        1.59035
3432         1.0875
3432       0.758189
3432        2.19985
3432        3.99013
3432        2.49312
3432       0.058209
3432        3.89868
3432        1.99504
3432        4.93128
3432        2.72867
3432         4.3399
3432        0.20496
3432       0.603965
3432         2.6403
3432        1.56408
3432       0.469644
3432       0.186207
3432        2.93571
3432       0.744225
3432       0.891309
3432        3.59087
3432        1.90456
3432        2.62335
3432       0.586164
3432      0.0979493
3432        4.36517
3432        1.08759
3432        6.22617
3432        2.15835
3432        5.47905
3432        4.96767
3432        5.04531
3432        4.12982
3432        2.10103
3432        1.61182
3432        5.39381
3432        4.96499
3432        4.48685
3432         2.6383
3432        2.14372
3432        4.48894
3432         1.5829
3432        1.92409
3432        6.18685
3432       0.351854
3432        3.93561
3432        4.14362
3432        2.27521
3432         3.8192
3432        1.24511
3432        2.26525
3432       0.244667
3432        6.08839
3432        4.83656
3432        1.93963
3432        3.03831
3432        3.21349
3432        5.72458
3432        2.29953
3432        3.24845
3432        4.83421
3432        2.58945
3432        3.53259
3432        6.10367
3432        6.22016
3432         1.4476
3432        5.88664
3432        5.60973
3432         2.9003
3432         5.5473
3432        5.03159
3432        2.85794
3432        0.44405
3432        2.84219
3432        5.45859
3432        4.31095
3432        5.14454
3432        3.42571
3432        4.19144
3432        1.91758
3432        4.80988
3432       0.139438
3432        2.25285
3432         6.1479
3432        4.80813
3432         1.4374
3432        1.75713
3432        3.42387
3432        4.62842
3432       0.179851
3432        6.03301
3432        3.39769
3432        5.89718
3432         3.7076
3432        4.71735
3432        1.72908
3432        1.71527
3432        1.70865
3432        5.37303
3432        2.63161
3432       0.276084
3432        4.68127
3432        5.16774
3432        1.56805
3432        1.12991
3432        1.37762
3432        4.91535
3432        6.17786
3432        4.64692
3432       0.453684
3432          5.057
3432        1.50319
3432        1.77937
3432        1.07124
3432        3.11677
3432        5.63682
3432        2.03797
3432       0.337194
3432        4.88055
3432        4.29847
3432        2.01305
3432        5.69195
3432        3.43634
3432       0.531136
3432        5.17781
3432        1.02825
3432        3.51998
3432         4.0454
3432        5.09158
3432        2.39025
3432         1.7173
3432        5.22491
3432        1.44644
3432        1.34652
3432        4.01707
3432        1.64619
3432        1.68034
3432        3.37863
3432        2.69126
3432        2.33152
3432        1.76826
3432        5.30915
3432        4.69993
3432        1.96327
3432        1.48761
3432        4.69747
3432        2.69373
3432        5.25515
3432       0.750146
3432        2.63181
3432        1.15192
3432        5.01568
3432        4.64306
3432         6.0559
3432        5.40885
3432        2.24419
3432        1.24723
3432        1.50875
3432        5.30899
3432         4.2834
3432       0.961344
3432        2.32265
3432        1.55992
3432        5.01023
3432        1.02513
3432        4.05645
3432       0.709122
3432        1.47928
3432        1.62811
3432         3.4901
3432        4.04043
3432        2.11838
3432         4.9889
3432         3.5704
3432        3.81315
3432        4.65193
3432        3.64031
3432        4.80867
3432        1.78251
3432        3.58427
3432        3.98989
3432       0.421037
3432        3.77582
3432        4.97759
3432        3.20637
3432        2.35068
3432        4.46755
3432       0.634555
3432         2.2851
3432       0.231903
3432        1.45336
3432        2.79552
3432        4.33264
3432        4.47234
3432        4.52684
3432       0.861465
3432        3.36942
3432        1.96392
3432        4.72876
3432       0.866306
3432        5.13078
3432       0.712566
3432        3.21226
3432        2.91002
3432        2.89812
3432         1.0312
3432      0.0702914
3432        3.04586
3432        1.10847
3432        2.28277
3432        4.93664
3432        4.72149
3432        3.19465
3432        3.25375
3432        4.33687
3432        5.33252
3432        3.51606
3432        4.36293
3432        5.42555
3432        1.58495
3432       0.817371
3432        2.67462
3432        4.57483
3432        4.19282
3432        5.69758
3432         2.5724
3432        4.83632
3432        2.11698
3432        1.62202
3432         1.1634
3432        1.25703
3432       0.129676
3432        3.55422
3432        0.93462
3432        1.48331
3432        2.69406
3432        4.55932
3432        4.95212
3432        5.51083
3432        2.70006
3432        3.92973
3432         6.0715
3432       0.472521
3432        2.10146
3432        4.27247
3432        1.38968
3432        4.28634
3432        1.60263
3432        4.99091
3432        1.48013
3432        4.08203
3432        3.45792
3432         6.0723
3432        2.16583
3432         6.2401
3432        2.15128
3432        2.65793
3432        3.81676
3432       0.735327
3432        5.40604
3432        5.60417
3432       0.755251
3432       0.967815
3432       0.658513
3432         1.1568
3432        5.32113
3432        1.35505
3432        5.03483
3432        5.59759
3432        1.18482
3432       0.602516
3432        4.61492
3432        3.59381
3432        3.55648
3432        3.01114
3432        4.25401
3432        2.19591
3432        1.20882
3432        6.15839
3432        4.49315
3432        2.62067
3432        2.12873
3432        5.01767
3432        2.99232
3432        5.53417
3432        2.86835
3432        1.22334
3432        4.96236
3432          1.705
3432       0.192633
3432        5.32153
3432        1.48043
3432        5.33909
3432        1.87911
3432        3.53329
3432        2.80402
3432        3.15054
3432        3.39975
3432        2.94248
3432       0.863553
3432       0.968553
3432       0.520689
3432       0.161909
3432       0.803324
3432        2.10676
3432        3.04947
3432        1.22232
3432         2.7276
3432        3.16281
3432        3.78719
3432        5.54492
3432        5.43963
3432        4.26801
3432        4.47149
3432        1.76082
3432        2.77506
3432       0.541212
3432       0.127792
3432        4.84471
3432       0.694657
3432        3.96218
3432        1.57778
3432         2.4214
3432         3.5417
3432        5.36264
3432       0.302277
3432         5.9717
3432       0.273036
3432        2.09729
3432        1.06356
3432       0.098527
3432        4.15551
3432        1.50509
3432        2.53841
3432        1.54933
3432        3.13038
3432         1.2246
3432        1.41312
3432       0.555729
3432        1.77923
3432        5.18652
3432        5.63796
3432        5.32924
3432       0.835335
3432         2.5925
3432         4.8111
3432        5.21356
3432        2.78627
3432        0.73029
3432        1.71169
3432        5.87321
3432       0.707263
3432        4.03452
3432        2.21162
3432        4.97098
3432         2.8964
3432        2.59299
3432        3.44448
3432        2.18899
3432        1.53628
3432        5.29981
3432        1.93855
3432        5.75181
3432        5.98762
3432        6.03755
3432       0.881644
3432        2.64218
3432        3.02899
3432        5.18055
3432        4.14587
3432        1.56741
3432        5.68231
3432        4.33042
3432        3.41824
3432       0.097904
3432       0.942462
3432        2.96038
3432        4.04264
3432       0.369346
3432        5.75171
3432         6.2612
3432        3.94369
3432        3.05887
3432       0.544152
3432        2.70746
3432        3.51774
3432        4.41638
3432         4.6031
3432        3.68036
3432        2.72881
3432        2.88094
3432        2.44747
3432        4.54124
3432        4.41278
3432        5.62004
3432        1.10244
3432        1.55772
3432        1.49495
3432       0.380365
3432        5.32053
3432        4.33432
3432        5.49888
3432        2.14914
3432        4.67301
3432        2.40524
3432        3.34769
3432        1.67225
3432        4.26138
3432        2.71131
3432        1.10617
3432        3.44989
3432        1.57545
3432        4.72188
3432        1.81498
3432       0.931668
3432        4.68189
3432        0.83944
3432        2.49208
3432         5.1744
3432        3.45429
3432        5.68068
3432       0.678878
3432        4.53526
3432        2.35155
3432       0.984841
3432        3.46819
3432      0.0727616
3432        2.33445
3432       0.657356
3432        1.86212
3432       0.864311
3432      0.0325471
3432        3.89573
3432        0.92312
3432        4.38667
3432       0.233223
3432        2.70437
3432         5.9084
3432        3.61224
3432         5.4069
3432        4.09003
3432        4.62688
3432        1.39745
3432        4.08514
3432         1.3424
3432        2.18951
3432        1.64714
3432        3.95115
3432        5.92777
3432        2.86645
3432        1.13674
3432        4.30511
3432        1.52978
3432       0.645925
3432        4.28616
3432        1.64292
3432        3.05068
3432        5.10555
3432        4.63697
3432        3.09399
3432        2.43238
3432        6.21754
3432        3.96047
3432         1.2945
3432        1.18202
3432        2.71251
3432        4.96074
3432       0.207417
3432       0.511143
3432        2.85428
3432        5.17637
3432        4.24037
3432        3.10075
3432        2.46495
3432         2.1112
3432       0.698173
3432       0.982812
3432        5.42643
3432         5.6467
3432        4.72236
3432        5.91265
3432        4.31417
3432        4.14411
3432       0.451992
3432        2.57573
3432        3.83142
3432        4.63885
3432        4.42636
3432        1.71613
3432        5.36436
3432        6.25678
3432        3.93842
3432       0.945137
3432        3.37245
3432         1.6125
3432        1.43334
3432        5.42182
3432        4.59373
3432        5.92333
3432        5.14233
3432        4.76736
3432        1.87499
3432        6.02997
3432        4.18977
3432        6.19044
3432        1.34779
3432        3.01325
3432       0.486599
3432         3.8629
3432         6.2811
3432        2.90254
3432        4.25362
3432        6.17535
3432        1.66251
3432        2.75016
3432        5.72933
3432        5.72166
3432        3.36571
3432        1.63791
3432        4.17807
3432        1.78104
3432        1.70406
3432        4.36194
3432        4.32992
3432        1.02224
3432       0.647382
3432       0.317629
3432        1.19864
3432        1.10057
3432      0.0102473
3432        1.07164
3432        3.75798
3432        5.70093
3432        0.39746
3432        4.95729
3432        1.32759
3432        1.66283
3432        1.66591
3432        2.41406
3432        4.61592
3432        3.08275
3432        6.01834
3432         1.9145
3432        2.47068
3432        4.48519
3432       0.569833
3432        5.19335
3432        1.68181
3432        4.05364
3432       0.621314
3432        4.13418
3432       0.710249
3432        6.10222
3432        1.54029
3432      0.0608742
3432        1.39654
3432        5.25669
3432         6.1119
3432        1.51845
3432        4.22199
3432       0.947224
3432        2.19522
3432        3.33058
3432        5.86216
3432       0.923857
3432        2.90574
3432        1.41342
3432        2.24905
3432        1.99213
3432       0.545876
3432         4.3055
3432       0.271149
3432        4.20086
3432        2.89138
3432        1.59588
3432         4.2513
3432       0.218339
3432        4.62708
3432         4.9098
3432        4.64746
3432        5.31248
3432        5.77535
3432       0.143219
3432        1.71151
3432        1.51699
3432        1.43587
3432        5.78234
3432        1.77821
3432        4.21693
3432        0.92623
3432         5.8566
3432       0.717598
3432        2.31749
3432       0.560398
3432        4.34811
3432       0.789017
3432        2.24075
3432        3.68891
3432        2.53778
3432        5.67657
3432        2.58902
3432        2.94451
3432        5.45643
3432        5.36325
3432        6.14099
3432        1.22866
3432        2.87772
3432        6.21868
3432        5.63446
3432       0.141469
3432       0.984677
3432        6.21313
3432         3.6037
3432        1.80795
3432       0.461725
3432        2.78432
3432        1.96612
3432        3.42789
3432         0.9652
3432        2.19007
3432       0.471276
3432        6.24468
3432        1.77287
3432          5.964
3432        3.28678
3432        5.34604
3432        1.03622
3432     0.00767969
3432        3.27831
3432        4.72069
3432      0.0197765
3432       0.491122
3432        4.49804
3432         4.8262
3432        4.35478
3432         3.9027
3432        2.35623
3432       0.357641
3432        4.88396
3432        5.04665
3432        1.52765
3432      0.0230817
3432        2.13288
3432        4.40294
3432        2.03464
3432        4.22827
3432        3.08189
3432       0.530761
3432        5.79349
3432        5.90814
3432        3.53623
3432       0.570825
3432      0.0909769
3432        6.00733
3432        5.72224
3432        4.72496
3432        5.02324
3432        6.26219
3432        5.69817
3432        2.33792
3432        4.26691
3432        2.05889
3432       0.994627
3432         6.0388
3432        3.12816
3432        1.99344
3432        4.24147
3432      0.0108174
3432        1.14463
3432        2.21638
3432        2.56592
3432        1.76298
3432        3.26358
3432       0.381642
3432        1.24984
3432        2.85913
3432       0.668534
3432         3.8751
3432        3.25288
3432        1.70144
3432       0.817879
3432          1.694
3432        5.13808
3432        1.57556
3432        4.97368
3432        3.12773
3432        3.93489
3432        2.34865
3432       0.252988
3432        5.24795
3432        5.14183
3432        5.82111
3432        2.07778
3432        5.64038
3432         4.0284
3432        2.56215
3432        1.85405
3432        6.25821
3432        1.74114
3432        5.54674
3432         4.8213
3432        1.17528
3432         1.0673
3432        1.23233
3432        4.42557
3432       0.535992
3432        1.15989
3432        4.60128
3432        1.04346
3432        4.89529
3432        1.67587
3432       0.642351
3432        4.25321
3432        5.60985
3432        4.26825
3432        3.59937
3432        6.04966
3432        4.95995
3432        4.93733
3432        4.25212
3432         3.7511
3432        1.23431
3432        3.36325
3432         3.6746
3432        5.21102
3432        6.23977
3432        2.36086
3432        2.27994
3432        0.27087
3432       0.863592
3432        4.78655
3432        1.18663
3432        5.22014
3432        4.68463
3432        4.83184
3432        2.20054
3432        5.72749
3432        2.80976
3432       0.944195
3432        1.67272
3432        5.45788
3432         3.4037
3432        5.11888
3432        5.14288
3432        1.32178
3432        1.65993
3432        2.85801
3432         1.6172
3432        2.83198
3432        2.12951
3432         5.0891
3432        1.75442
3432        4.08579
3432         3.3905
3432        2.48905
3432       0.850044
3432        5.43393
3432        5.75588
3432        2.17616
3432        3.02595
3432        5.35674
3432         4.2991
3432        4.06079
3432         5.3996
3432        5.77208
3432        2.70948
3432        2.61913
3432       0.420999
3432        5.99764
3432        3.80608
3432        5.57183
3432       0.952998
3432        2.17427
3432        2.30163
3432        4.74413
3432       0.474102
3432        5.35588
3432        2.62036
3432        1.94294
3432       0.923794
3432        3.64791
3432        5.69459
3432        1.71292
3432       0.675675
3432        4.18852
3432        1.94188
3432        2.79781
3432       0.702614
3432       0.209784
3432        4.68529
3432        2.52169
3432          1.361
3432        4.28133
3432        4.24894
3432        3.91105
3432        1.61992
3432        6.03747
3432         5.2572
3432        5.32754
3432        5.33862
3432        1.66328
3432        1.95143
3432        3.87343
3432         5.2679
3432        3.88211
3432         1.4088
3432        2.58391
3432        3.95979
3432        2.37006
3432        3.39192
3432        4.56448
3432        3.18912
3432        6.26883
3432       0.537933
3432        5.94642
3432        5.38235
3432        1.44224
3432        1.72845
3432        5.38016
3432       0.988219
3432        4.28574
3432        4.46662
3432        3.74407
3432        4.19906
3432        5.11747
3432        2.75997
3432        2.49971
3432        4.23257
3432        5.13957
3432        2.82172
3432      0.0906093
3432        2.91169
3432         5.6186
3432        5.89093
3432        5.12435
3432        1.42231
3432        5.17486
3432        1.62712
3432        5.10474
3432        4.33586
3432        3.25624
3432        3.77562
3432        2.42166
3432        1.41691
3432        4.16001
3432        4.17589
3432       0.118835
3432         3.2971
3432        2.00219
3432        0.46611
3432        4.43961
3432        3.52786
3432        4.67353
3432        4.11862
3432        2.20239
3432        1.74278
3432        2.02032
3432        2.87376
3432       0.334389
3432        2.09947
3432         3.7412
3432       0.134086
3432        2.63814
3432        3.77083
3432        1.98264
3432       0.396465
3432        1.25308
3432        3.06926
3432        5.22971
3432        5.83473
3432        3.54855
3432        2.48614
3432         4.8467
3432        2.12689
3432         2.9941
3432       0.461866
3432         6.2526
3432        1.29434
3432        5.79686
3432        5.68058
3432        6.05109
3432       0.768452
3432        3.20209
3432         4.9794
3432       0.900254
3432         5.0889
3432        5.53967
3432        6.10993
3432        1.83776
3432        3.01399
3432        1.56127
3432        3.55854
3432        3.39186
3432        1.20462
3432        5.96846
3432        3.87434
3432        4.79851
3432        3.51289
3432        1.65751
3432        2.89008
3432        3.90955
3432        4.93712
3432        4.26687
3432       0.911561
3432       0.546187
3432        5.15713
3432        6.10008
3432        2.02227
3432       0.591961
3432        5.13181
3432        4.10998
3432        3.04246
3432        1.60508
3432        2.85338
3432         6.0912
3432         5.2115
3432        5.26023
3432        5.94407
3432        5.39758
3432         6.1747
3432          6.171
3432       0.578123
3432        3.98116
3432        2.72486
3432        4.72839
3432        1.92983
3432       0.381771
3432        4.51903
3432        5.69199
3432        3.74348
3432         1.1369
3432        5.43077
3432        3.58069
3432        4.38593
3432        2.87061
3432        1.18976
3432        4.90099
3432         5.3484
3432        3.71141
3432        4.56429
3432       0.143435
3432        2.35477
3432        4.34434
3432        2.72604
3432        2.72664
3432       0.558971
3432        1.50604
3432        4.78721
3432        4.58068
3432       0.409586
3432        1.65582
3432       0.235778
3432        4.33829
3432        2.47811
3432        2.96214
3432        4.96798
3432        2.73544
3432        2.21721
3432        5.72716
3432        4.08511
3432        4.31535
3432        1.06907
3432         5.2704
3432        5.27705
3432        2.53393
3432        4.52344
3432        5.28875
3432        2.68658
3432        3.39567
3432         5.2421
3432        3.89752
3432        1.93953
3432       0.852762
3432        2.25282
3432        3.15577
3432       0.147542
3432        1.77371
3432         5.6374
3432       0.784249
3432       0.821644
3432        6.07324
3432         4.2132
3432        5.72742
3432        4.20314
3432         4.9058
3432         1.0827
3432       0.250148
3432        4.63692
3432        5.24492
3432        4.09964
3432        4.43514
3432        3.66325
3432        5.33185
3432        1.83541
3432        4.67705
3432        2.09326
3432        4.08378
3432        5.52672
3432        4.86885
3432        3.66979
3432        1.26389
3432        0.45224
3432        3.39524
3432        5.05821
3432        1.28366
3432        4.51238
3432        4.56611
3432         4.6429
3432        5.98855
3432        1.40968
3432        3.24711
3432        5.14708
3432        1.58378
3432         2.1749
3432        4.31462
3432        4.93999
3432        3.31968
3432        4.91718
3432       0.494039
3432        4.62683
3432        1.82363
3432        4.06174
3432      0.0593101
3432        3.75779
3432          1.433
3432        1.85891
3432        4.29298
3432        2.91302
3432        1.72664
3432        4.43202
3432        3.45237
3432        5.24212
3432       0.442454
3432        6.21065
3432        4.99551
3432        2.31127
3432        3.46293
3432        6.16199
3432        4.50239
3432        1.09202
3432        4.97196
3432        5.27759
3432        1.32856
3432        4.36497
3432        5.17573
3432        4.31128
3432        3.87465
3432        2.40912
3432        3.18392
3432       0.801741
3432        0.90172
3432       0.139967
3432        5.78495
3432       0.142895
3432        1.47294
3432        5.47893
3432       0.703794
3432        1.95031
3432        4.77332
3432        3.97126
3432        2.80921
3432       0.211144
3432         2.7722
3432        1.81444
3432       0.144782
3432        4.95132
3432        6.20998
3432        1.13681
3432       0.690364
3432        2.17537
3432        2.15341
3432        4.53651
3432       0.581858
3432        5.11075
3432        1.50143
3432        1.25855
3432        4.74515
3432        1.89643
3432       0.555764
3432        2.56911
3432        5.20108
3432        1.25806
3432      0.0705618
3432        2.60853
3432        3.75057
3432        4.04114
3432       0.447508
3432        3.91288
3432        4.44139
3432        3.83035
3432        4.96875
3432        5.18976
3432       0.653119
3432        5.11129
3432        5.22095
3432        1.01307
3432        4.57545
3432        5.94136
3432         2.2259
3432        2.13705
3432         5.8277
3432         1.8161
3432        6.00286
3432        4.30055
3432         4.6656
3432         3.1937
3432        3.55413
3432        1.83378
3432        2.54868
3432        3.15124
3432        3.52407
3432        1.92715
3432        5.27185
3432        1.85742
3432        5.42281
3432        2.44606
3432        6.24031
3432        6.06628
3432       0.784327
3432         4.0727
3432       0.833493
3432        2.89138
3432        3.51141
3432        5.66024
3432        4.96792
3432        1.86407
3432        2.26117
3432        3.66098
3432         4.3515
3432       0.419478
3432        2.21889
3432       0.385997
3432       0.628261
3432       0.239202
3432        1.92572
3432        2.48874
3432        2.05104
3432        1.82827
3432        2.61445
3432        3.33501
3432        3.33806
3432        2.90702
3432        2.67281
3432         5.0837
3432       0.786769
3432       0.643642
3432        4.93116
3432        3.88471
3432       0.833043
3432        2.50355
3432        1.49591
3432        5.70553
3432        4.80832
3432        1.53485
3432        4.63864
3432        4.37883
3432        5.15537
3432        4.76691
3432        4.59903
3432        5.64949
3432        5.87916
3432        5.46453
3432         2.0039
3432      0.0651602
3432        6.04032
3432        1.91174
3432        1.69008
3432        3.61932
3432        2.87169
3432        2.19105
3432        4.04511
3432        4.28323
3432        5.24969
3432        4.61457
3432       0.973206
3432        4.55277
3432       0.937596
3432        3.92168
3432        2.28376
3432         4.9164
3432        2.02582
3432        0.78809
3432        4.13079
3432        4.90932
3432        5.74626
3432        2.24735
3432       0.488091
3432        2.24022
3432        6.16179
3432        4.33098
3432        4.26444
3432        1.79302
3432        1.21924
3432        1.09626
3432        4.14346
3432        4.68635
3432        2.12393
3432        1.69504
3432       0.813904
3432        5.10746
3432        3.25474
3432        1.12784
3432         4.7432
3432        6.13459
3432       0.321086
3432        4.04629
3432        5.81986
3432         1.8283
3432        4.08514
3432        4.54293
3432        1.04582
3432        1.90458
3432       0.497341
3432        1.80346
3432        5.41279
3432        2.31264
3432        2.15158
3432        4.94973
3432         1.9538
3432       0.746716
3432        4.09403
3432        2.88571
3432         2.2472
3432        2.89048
3432        1.12715
3432        2.87094
3432        1.52764
3432        4.22738
3432         4.0619
3432       0.616535
3432        5.36225
3432        3.06753
3432        3.68096
3432        2.13638
3432        4.60433
3432        1.96303
3432        1.17949
3432        5.86983
3432        2.89926
3432        1.18422
3432         5.9114
3432        6.09084
3432        2.74988
3432            1.5
3432        1.16051
3432        5.40648
3432        2.77651
3432        2.88721
3432       0.595197
3432       0.175437
3432        1.21088
3432        5.91466
3432       0.782189
3432        1.10592
3432        1.18564
3432        3.33339
3432         5.8121
3432        3.88974
3432        4.39292
3432        5.84137
3432       0.569837
3432         4.5346
3432        4.95138
3432       0.799692
3432        5.87244
3432         5.3502
3432        3.69376
3432        2.42073
3432       0.793945
3432        4.65816
3432       0.463484
3432        5.47316
3432        4.98484
3432       0.865344
3432       0.544593
3432        1.38672
3432        1.89628
3432         0.6895
3432       0.703281
3432       0.288624
3432        4.92453
3432        3.63968
3432        1.68712
3432        2.19004
3432        5.40254
3432       0.251832
3432        2.22695
3432        2.31855
3432        2.18767
3432       0.981033
3432        4.81829
3432       0.466858
3432       0.559049
3432        3.69006
3432        5.27907
3432        3.31182
3432        1.37197
3432         1.7171
3432        4.53248
3432        4.75922
3432         1.2439
3432        5.61506
3432       0.941902
3432        2.18448
3432        5.24854
3432        3.64103
3432         2.1178
3432        5.68295
3432        3.55137
3432        2.21532
3432        4.65663
3432        3.02542
3432         2.0774
3432        5.61872
3432        6.00611
3432        0.93247
3432        5.27054
3432        4.77382
3432        4.64364
3432        5.34743
3432        3.41216
3432       0.512466
3432        5.23741
3432        4.90849
3432        5.34327
3432       0.907043
3432        1.49415
3432        5.04932
3432        0.46738
3432        2.31684
3432        5.76189
3432        3.08769
3432        3.67062
3432        5.98731
3432        2.04146
3432        3.62357
3432        1.75762
3432        6.17604
3432        4.36124
3432        3.70632
3432        5.40595
3432        4.14054
3432       0.333538
3432        3.85689
3432        2.87638
3432        2.07858
3432        1.92096
3432        5.21414
3432        4.31231
3432        5.98478
3432        5.83086
3432        1.66885
3432       0.781061
3432        4.77233
3432        4.62737
3432        4.17262
3432        5.46822
3432        4.55144
3432        3.42113
3432       0.550794
3432        5.42029
3432        1.96203
3432       0.980385
3432       0.561686
3432        2.52933
3432        4.43751
3432        2.59729
3432        1.27639
3432        5.21839
3432         2.0205
3432        2.19613
3432        2.43656
3432        2.52321
3432        3.93185
3432        1.86039
3432        1.80438
3432         6.0788
3432        3.71738
3432         1.1639
3432        3.19514
3432        4.98973
3432        3.15145
3432        2.11609
3432        4.21213
3432        3.31126
3432        4.72278
3432        2.80463
3432        3.73007
3432        2.61762
3432        2.59744
3432         5.3237
3432        2.21124
3432        4.12314
3432       0.899331
3432        4.35476
3432         1.9341
3432        1.82498
3432        3.15209
3432        6.20414
3432        5.99837
3432        5.05366
3432         2.0737
3432        5.25887
3432        1.17732
3432        5.62402
3432        4.40771
3432        5.00024
3432        4.93015
3432         5.4915
3432        1.07406
3432        1.18523
3432        3.10898
3432        5.35902
3432        5.54849
3432        4.86435
3432        4.20146
3432        5.57184
3432        3.56895
3432        4.13107
3432        0.88737
3432        4.44536
3432        1.21091
3432         3.6652
3432        3.06767
3432        4.21812
3432        1.04272
3432        3.22087
3432        5.63197
3432        2.20123
3432          1.561
3432        6.06387
3432        3.42678
3432       0.233589
3432        3.60401
3432         5.2669
3432        2.05492
3432        1.97046
3432        3.16633
3432        4.45577
3432        2.51908
3432        3.69529
3432         2.9376
3432        2.42831
3432        3.10388
3432       0.461102
3432        3.88355
3432         4.4834
3432        2.43233
3432        1.82516
3432        1.65568
3432       0.802616
3432         1.4886
3432       0.351695
3432        2.64709
3432        4.53001
3432       0.660728
3432        1.98258
3432        4.88261
3432     0.00705521
3432        1.90448
3432        1.79388
3432      0.0547849
3432        2.50564
3432        2.20343
3432        1.54167
3432        2.49851
3432         5.5294
3432        3.42459
3432        3.70018
3432        5.82549
3432       0.372587
3432        1.81994
3432       0.394356
3432        1.30689
3432         1.4819
3432        2.68624
3432        4.61546
3432        4.42126
3432        6.22722
3432        5.13904
3432        2.51572
3432        3.87848
3432       0.304426
3432       0.768817
3432        3.14041
3432        5.71512
3432        0.58058
3432        6.21245
3432        2.97622
3432        1.53101
3432        5.05294
3432       0.949165
3432        4.70585
3432        4.26324
3432        3.21595
3432        4.20607
3432        4.35945
3432        5.18686
3432        6.02594
3432         1.8213
3432        2.67488
3432        2.27758
3432         5.1334
3432        5.66199
3432        1.01212
3432         2.7224
3432        4.86108
3432       0.374099
3432        2.33685
3432        1.35114
3432        1.97949
3432        2.98171
3432       0.685384
3432        3.88141
3432       0.652921
3432       0.786126
3432        4.25807
3432        2.20613
3432        1.44609
3432        1.68214
3432        4.19218
3432        2.52314
3432         4.3606
3432        3.18615
3432        2.49415
3432       0.785869
3432        2.46643
3432         3.3627
3432       0.886973
3432        3.77163
3432        4.43264
3432       0.455724
3432        3.43642
3432        1.40134
3432           5.54
3432        4.76224
3432        1.33042
3432        5.92044
3432        4.22848
3432        4.55826
3432        3.46956
3432        2.03567
3432        6.00588
3432       0.683202
3432        4.02139
3432       0.693291
3432        2.30636
3432        4.91262
3432       0.751252
3432       0.322196
3432        4.97783
3432        5.07831
3432        3.03312
3432        4.41678
3432       0.855343
3432       0.292187
3432       0.184909
3432       0.677119
3432         1.7711
3432        0.01008
3432        4.70158
3432        6.03177
3432        6.07342
3432        0.81703
3432        3.20596
3432        5.33086
3432        4.14751
3432        5.77433
3432        4.89225
3432       0.954971
3432        3.33105
3432        3.28307
3432        1.64143
3432        5.06351
3432       0.804654
3432       0.659035
3432        3.18215
3432       0.321064
3432        5.86546
3432        3.90558
3432         1.5791
3432        3.82595
3432       0.778166
3432        2.52427
3432        4.71609
3432        4.21897
3432        5.92577
3432        3.23754
3432        3.89795
3432        3.55344
3432        4.08144
3432        5.82652
3432        4.77249
3432        3.21927
3432        2.05555
3432        4.83673
3432        6.00068
3432        4.61211
3432        1.65569
3432        1.93293
3432        5.78345
3432        4.77627
3432        5.45878
3432        3.94952
3432        6.11773
3432        1.04219
3432        4.65443
3432       0.333924
3432        2.84631
3432        5.60733
3432        4.63148
3432        3.61929
3432        2.03227
3432        1.87871
3432       0.661164
3432        2.66521
3432        5.99576
3432         3.8511
3432        2.42325
3432        6.03419
3432        2.37814
3432        2.56349
3432        6.21475
3432         4.6476
3432        1.42822
3432        1.09642
3432        5.57602
3432        2.45651
3432        6.24534
3432       0.380398
3432        1.56209
3432       0.277813
3432        1.23095
3432         3.1522
3432        6.15391
3432        4.98121
3432        1.38864
3432        5.53264
3432        5.99567
3432        6.17562
3432         5.0235
3432        3.97712
3432        2.49938
3432        1.34074
3432        3.97683
3432        4.74697
3432        3.56147
3432        3.51035
3432        4.40541
3432        1.83906
3432        6.04669
3432        4.31327
3432        4.90022
3432        3.86754
3432        4.70269
3432        3.34618
3432        5.61979
3432       0.202828
3432        5.64581
3432        4.32269
3432        4.05852
3432        1.20019
3432        4.35125
3432        3.02822
3432        4.90604
3432        1.37144
3432        2.98808
3432        2.85743
3432        2.49348
3432       0.769403
3432       0.969112
3432        5.47583
3432       0.129545
3432        3.17804
3432        5.49442
3432        6.22426
3432        5.10073
3432        2.25216
3432        5.21346
3432        2.04275
3432        4.75279
3432        2.15504
3432        4.73948
3432        3.75693
3432        1.85345
3432       0.756774
3432        1.22388
3432        4.55664
3432        2.17208
3432         1.2758
3432        1.24362
3432        3.73926
3432        3.87246
3432        2.09087
3432        5.00222
3432        2.25828
3432        3.95263
3432        2.78362
3432        1.05735
3432        2.90073
3432        1.02437
3432        5.88312
3432         4.6538
3432        3.59706
3432        5.22126
3432        5.11263
3432        0.80439
3432       0.837597
3432        1.28789
3432        2.72543
3432        2.82414
3432        5.83639
3432        4.46307
3432         6.0479
3432        4.56939
3432        4.57763
3432        5.61215
3432       0.692939
3432        2.52107
3432        3.43245
3432       0.710265
3432        2.56163
3432        3.76123
3432        6.02527
3432        1.85083
3432        1.43127
3432        5.07235
3432        3.32081
3432          4.341
3432        4.85132
3432        4.08617
3432         4.8548
3432         5.2452
3432        4.38602
3432        5.47643
3432        6.08554
3432        1.47775
3432       0.900621
3432        3.23307
3432        4.87128
3432        3.06851
3432      0.0327319
3432        1.13504
3432        5.70511
3432        4.17701
3432        5.92286
3432        2.16283
3432        4.65635
3432        4.72759
3432        0.83999
3432       0.539795
3432        2.15851
3432        2.39217
3432        1.42628
3432        1.24621
3432        3.88065
3432        3.40374
3432       0.983025
3432       0.583274
3432        2.32148
3432         5.3823
3432        1.10331
3432        6.22309
3432        5.98372
3432          1.269
3432        4.70678
3432        5.49154
3432        5.34573
3432       0.775741
3432        3.65894
3432        4.32054
3432      0.0775801
3432        6.26959
3432        4.39328
3432        3.44043
3432        3.22963
3432       0.753648
3432        2.08613
3432        5.65292
3432        1.23623
3432        1.65316
3432         1.4046
3432        4.01553
3432        1.30831
3432       0.992585
3432        3.54981
3432        1.66013
3432        5.81256
3432        1.62771
3432        5.96533
3432        3.44466
3432       0.770892
3432        6.02517
3432        4.73635
3432       0.934061
3432        2.38786
3432         4.3258
3432        4.92441
3432        3.58547
3432       0.246571
3432        4.90024
3432        3.70765
3432        2.70773
3432        5.10695
3432        4.64077
3432        2.98825
3432        5.62491
3432        2.60164
3432        3.26049
3432        2.79411
3432         6.0431
3432        1.29487
3432        3.08673
3432        3.78589
3432        3.61154
3432         2.6536
3432         5.2017
3432        2.87881
3432        3.29963
3432        4.25905
3432        0.87334
3432        3.20648
3432        1.81447
3432        5.92017
3432        6.23174
3432        0.30526
3432        5.61347
3432        1.65274
3432        3.86056
3432        1.20323
3432        1.11572
3432        5.49743
3432        5.61749
3432        3.18163
3432        1.10656
3432        4.60478
3432        1.76171
3432        4.45308
3432        2.08493
3432        5.71524
3432         3.0303
3432        2.20451
3432        0.54114
3432        3.93325
3432        3.62623
3432        1.52012
3432       0.569392
3432       0.773888
3432        4.57366
3432        2.00208
3432       0.880732
3432        2.65921
3432        4.89905
3432        4.61883
3432        1.27239
3432        2.62611
3432        0.50929
3432        1.65359
3432        3.81228
3432       0.732299
3432        3.01768
3432        4.20737
3432        4.17371
3432        5.08814
3432        1.00168
3432        3.98218
3432        1.28039
3432        0.57435
3432        5.86337
3432        3.94961
3432        2.44584
3432        4.86582
3432        5.68943
3432       0.617844
3432        2.22343
3432       0.850936
3432       0.332825
3432          1.865
3432        5.97845
3432        1.40694
3432         3.0032
3432        6.07673
3432        4.07107
3432        1.37484
3432        2.88145
3432        2.16621
3432        6.18873
3432        1.62734
3432        3.16715
3432       0.195427
3432        1.49999
3432        4.32934
3432       0.732597
3432        4.46577
3432        4.01052
3432        5.14438
3432        1.76058
3432        2.89368
3432        4.45433
3432        5.05365
3432        3.86511
3432        0.15085
3432        4.92776
3432         1.8802
3432        5.46753
3432        5.01295
3432        3.97285
3432        3.65866
3432        1.94352
3432        3.97197
3432         5.6744
3432       0.743991
3432        1.07686
3432        4.97437
3432       0.976057
3432        1.45431
3432        5.00778
3432         2.3235
3432       0.508384
3432        1.28826
3432        3.44541
3432        4.01895
3432        4.31618
3432       0.492394
3432        5.44699
3432        3.32812
3432        5.40523
3432        3.43172
3432        1.38735
3432        3.93863
3432        2.65413
3432        4.77827
3432         1.1683
3432        5.11114
3432        2.06769
3432       0.784911
3432        5.47414
3432        1.40736
3432        5.60652
3432        1.36275
3432        4.84483
3432        4.14102
3432        4.27862
3432         5.4869
3432        6.16587
3432        5.55974
3432         2.1879
3432       0.295576
3432        2.15354
3432        3.99447
3432        3.78077
3432        4.96903
3432        5.21477
3432        5.44343
3432        2.59809
3432        4.05097
3432        4.35124
3432        2.22628
3432        2.21458
3432          5.231
3432        3.81865
3432        4.57463
3432       0.862739
3432        1.36377
3432       0.983584
3432        4.85008
3432        2.52398
3432         3.1088
3432       0.823131
3432       0.430242
3432         2.7061
3432       0.961348
3432        4.00386
3432        3.39145
3432        1.64059
3432        4.74818
3432       0.488865
3432        1.12276
3432         1.5681
3432        1.59374
3432        2.28103
3432        4.03452
3432        3.07216
3432        5.23088
3432        1.66392
3432        2.91822
3432         1.2334
3432        5.86689
3432        1.04228
3432        1.43267
3432        1.69268
3432        5.27253
3432        3.61694
3432        1.75355
3432       0.421609
3432        4.66981
3432        5.37719
3432        5.16174
3432        4.74735
3432        1.91106
3432        2.10133
3432        5.37846
3432        3.64752
3432        5.53686
3432       0.587363
3432           3.84
3432        2.36126
3432        4.47186
3432        1.02548
3432        5.02975
3432        5.65082
3432        2.75861
3432       0.822818
3432        2.17203
3432        4.92663
3432        3.78803
3432        1.10725
3432         0.4219
3432        1.93734
3432        1.01984
3432        4.78394
3432        5.01719
3432        2.97626
3432        1.95732
3432        1.92336
3432          5.639
3432          1.912
3432         3.3656
3432        4.73973
3432        4.54901
3432        2.94482
3432        4.32614
3432        4.74466
3432        2.28172
3432        5.20771
3432        2.46413
3432        5.34766
3432        4.94275
3432         3.8896
3432        1.41369
3432        2.86136
3432       0.623404
3432       0.971355
3432       0.678809
3432       0.860933
3432        1.12291
3432       0.349912
3432         2.1777
3432        4.20542
3432        3.53212
3432       0.754316
3432        4.20438
3432        4.33235
3432         2.9675
3432        2.14052
3432        3.51954
3432        3.48386
3432        4.37301
3432        2.89032
3432         1.8845
3432        1.77964
3432        2.19371
3432       0.382574
3432        4.30204
3432        3.18027
3432        3.06061
3432        4.89176
3432       0.670975
3432        2.70008
3432        2.98818
3432        3.31025
3432        2.47473
3432        1.88347
3432        1.03257
3432        4.21545
3432        2.80949
3432        4.90125
3432        4.86922
3432        4.52813
3432        2.29052
3432        2.04632
3432        3.87308
3432        3.44749
3432        5.73994
3432        4.27273
3432       0.226926
3432        5.93106
3432        4.97441
3432        2.72011
3432        4.02913
3432        3.94423
3432        2.15551
3432        3.06718
3432        4.73292
3432         1.3161
3432        4.89881
3432        4.93896
3432        5.16225
3432         5.9689
3432        1.78864
3432        5.42437
3432     0.00740054
3432       0.433036
3432        4.43164
3432        5.70323
3432       0.389276
3432        3.95567
3432        1.49407
3432        3.69167
3432        3.11246
3432        1.42442
3432       0.273519
3432        2.33754
3432        3.71209
3432        2.43452
3432       0.685624
3432         4.3036
3432        4.23875
3432        1.72782
3432        5.33338
3432        4.49609
3432        6.24881
3432        5.03298
3432        1.45003
3432        4.34824
3432        3.10083
3432         5.9222
3432        6.05801
3432        1.17997
3432        4.01569
3432        1.89124
3432        3.69556
3432       0.847504
3432       0.428041
3432        1.01201
3432       0.836318
3432        2.20437
3432        3.93799
3432        1.38349
3432        3.69024
3432         0.8018
3432         1.4855
3432        1.12197
3432        2.70353
3432        5.36858
3432        4.79435
3432        4.83443
3432        4.75839
3432        3.57687
3432        3.83362
3432        1.06956
3432         3.2535
3432       0.618751
3432        3.16971
3432       0.663869
3432        4.78538
3432        1.04963
3432        2.41144
3432        6.14329
3432        1.30419
3432        2.63335
3432         1.1299
3432        2.27536
3432        5.82228
3432       0.409121
3432        0.96929
3432        2.19578
3432        2.68157
3432        1.71691
3432        1.01511
3432       0.124255
3432        5.14696
3432        3.74054
3432        3.19024
3432        5.36899
3432        5.90556
3432        5.06698
3432        6.23721
3432        2.22952
3432        4.86911
3432        5.40014
3432       0.370737
3432        4.67407
3432        5.61086
3432        4.34874
3432       0.200892
3432        2.00412
3432         1.4588
3432       0.872448
3432        4.36066
3432        1.66797
3432        3.19478
3432        3.05218
3432        5.39464
3432        3.99213
3432        1.87237
3432         2.5344
3432        2.97651
3432        1.27582
3432        5.44501
3432        5.91142
3432        1.11658
3432        1.46989
3432       0.399968
3432        5.31899
3432       0.233043
3432         4.9203
3432        1.23103
3432      0.0147612
3432       0.621526
3432        4.81971
3432          5.737
3432        1.27132
3432        4.94956
3432        1.89735
3432        1.74275
3432        2.98464
3432        5.27412
3432         2.6941
3432        1.24696
3432        3.77663
3432        1.67744
3432        5.61334
3432        4.49925
3432         4.9871
3432        1.74868
3432        5.26513
3432        4.17822
3432        3.31882
3432        2.44316
3432        2.19791
3432        3.60372
3432       0.536818
3432        5.35397
3432        2.12692
3432        5.14756
3432        4.39897
3432       0.782109
3432        2.71214
3432         5.8727
3432        1.71672
3432        3.84555
3432        2.15822
3432        5.12269
3432       0.825488
3432        1.52852
3432       0.229731
3432       0.788484
3432        5.23111
3432        1.40042
3432        3.91766
3432        4.38987
3432        1.87007
3432       0.529181
3432        1.55275
3432        4.55846
3432        2.29745
3432       0.793586
3432        4.39837
3432         5.0329
3432        4.45481
3432        6.06872
3432       0.831548
3432        5.40509
3432        4.05375
3432        3.49645
3432       0.953606
3432        2.68839
3432        1.02398
3432        3.50394
3432        5.05407
3432       0.330222
3432       0.886805
3432        3.93818
3432        1.40783
3432         5.2867
3432        5.60648
3432        4.79402
3432       0.215795
3432        1.13356
3432       0.220072
3432        5.53484
3432        3.15665
3432        4.93389
3432        1.19326
3432        4.81193
3432        5.13441
3432        4.85745
3432        5.03178
3432        4.28582
3432         3.8204
3432        2.58108
3432         0.5613
3432         4.7525
3432        5.74479
3432        3.73987
3432        5.36044
3432        5.11574
3432        5.30411
3432        2.31396
3432       0.712277
3432        3.72146
3432        0.94223
3432        4.44587
3432        2.18685
3432        4.37144
3432        6.22037
3432        0.21015
3432         3.4673
3432        4.05223
3432        2.91956
3432        5.76523
3432        1.03504
3432       0.393165
3432        2.47108
3432        2.33833
3432        2.77153
3432         1.3938
3432        4.62816
3432        1.49022
3432        3.30701
3432       0.172514
3432        5.04897
3432        3.40004
3432       0.545344
3432         2.4743
3432        3.02511
3432        4.54576
3432        5.91746
3432        4.29024
3432        4.21255
3432        4.55264
3432        3.98176
3432        3.48139
3432       0.781572
3432        5.79042
3432        5.76542
3432        5.71001
3432        2.05257
3432       0.354209
3432        1.93261
3432        4.43282
3432         4.8474
3432        1.31956
3432        1.08396
3432       0.387648
3432        1.38135
3432        3.20122
3432        6.17498
3432         1.5338
3432       0.188403
3432      0.0589668
3432        2.27993
3432      0.0364853
3432        1.28211
3432        4.49777
3432        3.72118
3432        3.22976
3432       0.962165
3432       0.750966
3432        2.40832
3432        4.86527
3432        1.37554
3432       0.883188
3432        2.65177
3432        4.94242
3432        0.25705
3432        2.26313
3432        1.53859
3432       0.814675
3432        5.55272
3432        1.92481
3432         4.8926
3432       0.879138
3432        1.21521
3432        5.44437
3432        2.05794
3432        5.01297
3432        6.07812
3432        2.59662
3432        5.49777
3432       0.341126
3432        1.25079
3432        1.49168
3432        3.55293
3432        5.36154
3432        3.04622
3432        2.96391
3432        4.00259
3432         1.2248
3432        1.68497
3432         5.3415
3432        1.47576
3432        2.32917
3432        2.92271
3432        5.24889
3432        1.00449
3432        5.10968
3432        1.19304
3432        5.73353
3432        4.25242
3432        3.91757
3432       0.997618
3432         3.1238
3432        5.69305
3432        2.77737
3432       0.571777
3432        5.72465
3432        5.21723
3432         5.4771
3432        6.05063
3432         2.3213
3432        1.70414
3432          1.282
3432         1.7142
3432        1.69297
3432       0.940697
3432        3.36449
3432         4.5473
3432        5.95804
3432        5.76984
3432        4.84321
3432        5.73498
3432        5.66567
3432        2.33865
3432        5.49775
3432        4.71251
3432       0.840117
3432        4.34235
3432         1.4255
3432       0.698436
3432        3.09496
3432        3.36771
3432      0.0648979
3432        2.48793
3432        1.04582
3432        1.84811
3432         1.0667
3432          4.642
3432        2.32715
3432         3.6354
3432         4.8604
3432        1.74091
3432        1.88852
3432        2.03712
3432        4.79379
3432      0.0290357
3432        1.53375
3432        3.92735
3432         6.1301
3432        4.48974
3432        2.17652
3432         1.1282
3432        5.38892
3432       0.349797
3432        3.98325
3432        5.94485
3432        5.43099
3432        0.71392
3432        5.49408
3432        3.38308
3432        4.13717
3432        1.11158
3432        5.02067
3432        5.02001
3432        4.77246
3432        5.90934
3432        5.76304
3432        2.52734
3432        4.13306
3432        4.36043
3432       0.577961
3432        2.40501
3432        1.83373
3432        3.71742
3432        5.85683
3432       0.267406
3432       0.794519
3432      0.0176015
3432      0.0485279
3432        1.16871
3432        4.85599
3432        1.21778
3432        2.95148
3432        5.81846
3432        2.61879
3432        5.00266
3432        5.83099
3432        2.55826
3432         2.3076
3432          2.585
3432        4.18563
3432         5.2243
3432        3.08133
3432        1.92381
3432        3.03373
3432        1.63211
3432        5.34124
3432        4.66552
3432        3.88438
3432       0.661425
3432         6.1463
3432        1.85816
3432        5.29452
3432        3.05877
3432       0.791717
3432        3.85654
3432        3.32134
3432        4.67836
3432         3.7843
3432        2.46825
3432        4.90029
3432        1.49952
3432        2.07408
3432        4.34434
3432       0.549488
3432         3.7658
3432        5.97508
3432        0.35468
3432        1.45857
3432        2.47913
3432        1.93891
3432        3.21162
3432        2.90117
3432         3.0199
3432        2.60137
3432         1.4176
3432       0.571159
3432       0.157007
3432        2.74358
3432        2.93576
3432        2.39418
3432        4.03136
3432       0.059282
3432         0.5275
3432        1.49025
3432        3.03596
3432        0.82298
3432        3.94189
3432       0.924302
3432        3.38478
3432        4.35197
3432        2.28626
3432       0.581908
3432         5.1194
3432        1.75305
3432       0.990922
