3377        4.77984
3377        2.28653
3377        5.93457
3377        3.75489
3377        3.66232
3377        3.21082
3377        6.25232
3377        4.68286
3377        2.50664
3377        5.86039
3377       0.812049
3377        2.46241
3377        4.90129
3377        1.26632
3377        4.84823
3377        2.13816
3377        2.68065
3377        6.15275
3377         1.4151
3377      0.0538221
3377        3.65948
3377         4.7358
3377       0.431719
3377       0.831317
3377        1.71632
3377       0.408803
3377        3.45243
3377        3.27156
3377        1.87717
3377        1.95312
3377        6.24215
3377        5.88367
3377         5.6645
3377        6.02403
3377        3.80136
3377        5.37533
3377          5.837
3377      0.0383747
3377        3.81742
3377        2.36454
3377        2.32145
3377        5.41269
3377        2.37918
3377        5.99451
3377        3.40665
3377        3.76086
3377        1.95155
3377        4.38718
3377        4.89495
3377        3.30179
3377        2.50425
3377       0.479594
3377        6.19424
3377        5.26417
3377        4.71752
3377        6.16595
3377        1.60621
3377         2.9569
3377        5.74198
3377         6.0001
3377        2.17194
3377        4.92929
3377        3.26034
3377        3.22056
3377        4.47693
3377       0.671321
3377        4.71363
3377       0.610099
3377      0.0228792
3377       0.330942
3377         3.2798
3377        5.65105
3377        3.65047
3377        5.21517
3377       0.888254
3377        2.07081
3377       0.224597
3377        4.24221
3377        4.43168
3377         6.2594
3377       0.934493
3377       0.652288
3377        5.64218
3377        2.09764
3377       0.946879
3377        3.93751
3377        2.60429
3377        2.92748
3377        4.84162
3377        6.09231
3377        1.71049
3377         2.7702
3377        2.90182
3377        4.64789
3377       0.830357
3377        3.17042
3377        3.23227
3377        1.37072
3377        3.20034
3377        3.44627
3377       0.343395
3377        5.35928
3377       0.852102
3377        2.31819
3377       0.886866
3377        2.34961
3377         1.1764
3377        5.62009
3377        1.75963
3377        3.60545
3377        4.15213
3377        5.60975
3377        5.86889
3377        2.17803
3377       0.285198
3377        2.57915
3377        0.62691
3377        1.24145
3377        2.06385
3377        4.01546
3377        2.02052
3377           3.95
3377        3.56078
3377        5.62032
3377        2.40562
3377        2.06051
3377        2.65567
3377        5.37983
3377        3.52068
3377        5.50171
3377        5.66283
3377       0.283981
3377        1.21617
3377        2.81265
3377        5.38062
3377       0.582339
3377        4.18994
3377        4.90025
3377       0.310639
3377        2.57298
3377        4.20283
3377        2.87858
3377        3.28383
3377        2.77227
3377        2.30207
3377        3.22854
3377       0.444468
3377       0.307005
3377        2.67771
3377        2.79745
3377        2.96332
3377       0.108839
3377        3.10327
3377        1.03856
3377        3.41274
3377        6.14845
3377        5.13005
3377       0.190129
3377        6.11652
3377        1.34239
3377        4.80933
3377       0.223087
3377        1.98773
3377         6.1066
3377        4.04406
3377        2.62304
3377      0.0124657
3377        1.91182
3377        6.04475
3377        5.39995
3377         2.6267
3377        3.69144
3377       0.424868
3377        5.70167
3377        3.72232
3377        3.37666
3377        1.98298
3377      0.0759671
3377        4.86107
3377       0.402318
3377        3.61866
3377        5.29211
3377        4.51714
3377        3.20938
3377        1.35068
3377       0.977366
3377         4.2077
3377        2.71385
3377        2.14622
3377        4.55856
3377        4.05666
3377        6.01968
3377        3.76526
3377        2.60275
3377        1.58389
3377        5.35871
3377       0.103347
3377        1.31583
3377        4.64365
3377        2.56388
3377        5.10156
3377        5.65297
3377        5.16004
3377         5.5396
3377         5.6577
3377        4.76047
3377        2.52001
3377        2.91647
3377        1.79426
3377         2.3303
3377         4.7491
3377        0.74073
3377        5.23996
3377        2.00983
3377        5.92848
3377        6.15898
3377      0.0297964
3377        5.52448
3377        4.75583
3377        5.77211
3377         5.8899
3377        2.88125
3377        3.52092
3377        5.00122
3377        6.13978
3377        4.38201
3377        5.86081
3377        4.55376
3377       0.224432
3377        2.61092
3377        3.00789
3377        1.95264
3377         3.2075
3377        4.93868
3377         3.5759
3377        3.60643
3377        5.42245
3377        2.57384
3377         5.2623
3377        5.89799
3377        1.58981
3377        3.73014
3377        3.48624
3377        4.55993
3377         3.2462
3377        2.41609
3377       0.678059
3377         2.5038
3377        2.56421
3377        3.49323
3377       0.316139
3377        0.31786
3377       0.990799
3377        3.72886
3377        2.79531
3377         2.5988
3377        3.85068
3377        1.85872
3377        6.10758
3377        5.21957
3377        3.05512
3377        3.10438
3377        1.83916
3377        1.93228
3377         3.7522
3377        0.15908
3377       0.121699
3377        3.70998
3377        6.02031
3377        6.12726
3377        6.01666
3377        5.84695
3377        5.72182
3377        4.71623
3377        6.03146
3377        2.42178
3377        3.01073
3377        2.18486
3377        3.16055
3377       0.984375
3377        2.68451
3377        2.43883
3377        3.27039
3377         2.0448
3377        5.65791
3377        3.97529
3377        4.77386
3377        4.35235
3377        4.35796
3377        1.42275
3377        1.54295
3377      0.0243185
3377        2.61173
3377        5.99636
3377       0.828072
3377        2.55577
3377          5.136
3377        1.74115
3377        2.15625
3377       0.403084
3377        1.94564
3377        2.88438
3377        4.17223
3377         5.0231
3377       0.253426
3377        1.00007
3377        1.86425
3377        3.21341
3377        2.24283
3377        3.50062
3377        6.14804
3377        5.41417
3377        5.63158
3377        5.18919
3377        4.09984
3377        1.64268
3377       0.513892
3377        4.53335
3377        1.01018
3377        1.89355
3377         2.2119
3377       0.867863
3377        1.97655
3377        5.03961
3377        2.80787
3377        2.12128
3377        6.19228
3377        5.32949
3377        2.55416
3377        5.68501
3377        3.56254
3377      0.0818949
3377         3.3833
3377       0.478144
3377        0.30205
3377        3.09289
3377        3.52355
3377        3.86306
3377        5.43885
3377      0.0178718
3377        1.65596
3377        1.91318
3377       0.470038
3377       0.566133
3377        1.93549
3377        4.88891
3377         4.7944
3377        3.21099
3377       0.698452
3377        5.72893
3377        4.87287
3377        5.74692
3377        4.28383
3377        2.20543
3377        3.32861
3377            2.4
3377        2.52253
3377       0.145263
3377      0.0157156
3377        6.02068
3377       0.185121
3377        4.82046
3377         3.5319
3377        3.14944
3377        5.30268
3377        3.05336
3377        2.82141
3377        1.02348
3377        1.99281
3377        4.99142
3377         4.9016
3377        2.40793
3377       0.197435
3377        5.27692
3377        1.72726
3377        2.30826
3377         1.3788
3377        4.47251
3377        3.52667
3377        6.22617
3377        4.76322
3377        6.18534
3377       0.468774
3377        4.58676
3377       0.297013
3377        4.75606
3377        4.45928
3377        3.49757
3377        2.75627
3377        2.63655
3377        2.30674
3377       0.425912
3377        5.32021
3377        4.80438
3377        5.60762
3377       0.164204
3377        3.27971
3377        1.19627
3377        1.38978
3377        4.07476
3377         1.6464
3377        1.19501
3377         4.4284
3377        1.91598
3377        3.67994
3377        5.92123
3377        2.44991
3377       0.423194
3377        3.46709
3377        3.97234
3377        6.17131
3377        5.66519
3377        3.32328
3377        1.26155
3377        5.68258
3377        2.18454
3377     0.00334109
3377        1.58885
3377          2.878
3377        2.63789
3377        5.88875
3377        1.71079
3377        2.91977
3377        2.36239
3377        4.27804
3377        4.92162
3377       0.674676
3377        4.40746
3377         3.6106
3377        2.37118
3377        4.65528
3377        1.24043
3377       0.386498
3377         1.0825
3377        4.93346
3377        3.64134
3377        3.15509
3377        1.56821
3377        4.84007
3377       0.279939
3377        4.79211
3377       0.512685
3377         3.6976
3377       0.599882
3377        2.41379
3377        5.43536
3377        5.99383
3377        5.58259
3377        5.89457
3377      0.0251552
3377        1.03253
3377        3.09296
3377        2.23742
3377        3.06755
3377        2.51909
3377        2.67487
3377        5.32888
3377        1.01361
3377        4.92368
3377       0.815535
3377        5.17144
3377        4.16072
3377        2.28439
3377        1.75748
3377       0.411505
3377        1.98789
3377        3.04322
3377        1.74783
3377        4.03454
3377        1.86111
3377        5.69409
3377       0.403673
3377        5.67399
3377        4.02471
3377        4.28857
3377        2.55037
3377        6.26953
3377       0.279127
3377        5.72829
3377        5.23764
3377        5.07058
3377        1.81672
3377        4.11502
3377       0.296729
3377        5.81713
3377        3.22398
3377        1.43072
3377        2.76408
3377        2.88978
3377        3.73521
3377        2.18087
3377        1.51196
3377      0.0339047
3377        3.02425
3377         1.2844
3377       0.122622
3377        3.81959
3377        2.72501
3377         1.9362
3377        4.83481
3377        4.83651
3377       0.618059
3377        5.41162
3377        3.46777
3377        5.90817
3377        1.79913
3377        2.50451
3377        4.39879
3377        2.25006
3377        6.16669
3377        1.92027
3377        3.31545
3377        3.23742
3377        5.96576
3377        2.31408
3377        5.03017
3377        4.78787
3377        3.25846
3377        4.74256
3377        3.12406
3377        5.39336
3377        3.52901
3377        3.39413
3377        4.27131
3377       0.121581
3377        2.00245
3377        3.83732
3377        0.92155
3377        2.20962
3377        2.68108
3377        5.99941
3377        5.12859
3377        3.69921
3377        2.68527
3377        6.22003
3377        1.92616
3377           5.25
3377        6.25237
3377        3.75721
3377        2.66115
3377       0.866226
3377        2.56247
3377        2.00935
3377        6.21566
3377        3.69155
3377        4.84913
3377        1.79767
3377        5.48129
3377       0.449657
3377        4.71231
3377        2.64203
3377        3.05744
3377        5.24174
3377         5.7721
3377       0.284932
3377         2.1558
3377        5.52836
3377        1.62537
3377        3.37443
3377        4.14666
3377        3.85561
3377        3.92796
3377        6.06255
3377        5.11342
3377        5.29245
3377      0.0271158
3377        6.17459
3377        1.83541
3377        2.90087
3377         1.0693
3377        2.23215
3377        5.57127
3377        2.63367
3377        2.34219
3377        4.10494
3377         0.7945
3377        5.71285
3377        3.51666
3377       0.330602
3377        5.45698
3377        2.50053
3377        1.76266
3377        4.46176
3377           2.64
3377         4.4502
3377        5.03159
3377         1.7036
3377        2.89493
3377        6.03207
3377        1.38297
3377        1.89577
3377        1.80478
3377        5.64581
3377        1.50002
3377        6.06615
3377        3.51628
3377        2.20644
3377      0.0346342
3377        1.07075
3377        1.65244
3377         2.4109
3377        4.82976
3377        4.59954
3377        6.15083
3377        4.84082
3377       0.630616
3377        2.01367
3377        1.98174
3377        5.08301
3377        2.69434
3377         3.8024
3377         0.4516
3377        5.85002
3377        1.79217
3377        3.74774
3377        5.64887
3377        5.39179
3377        1.71564
3377       0.175981
3377        3.35092
3377        3.03018
3377        5.94544
3377        2.03381
3377        2.81812
3377         2.7047
3377        1.61977
3377        5.64868
3377        4.96193
3377        3.51215
3377        3.43748
3377        5.70852
3377         3.4694
3377        1.92584
3377        5.78554
3377       0.307406
3377        2.86048
3377        3.98198
3377        2.21815
3377        3.12118
3377        2.74716
3377        2.40916
3377        1.78524
3377        3.93801
3377         2.1704
3377        2.93756
3377       0.813504
3377         5.4803
3377        3.36206
3377        3.58129
3377        1.72972
3377        4.03789
3377        3.51934
3377        2.82568
3377        1.25787
3377        3.85109
3377        1.35092
3377        4.02691
3377        6.02356
3377        3.34504
3377        1.56563
3377        2.49969
3377         4.2657
3377       0.431589
3377        4.12249
3377        1.39588
3377        1.70003
3377       0.186625
3377        6.06384
3377       0.653022
3377       0.769764
3377        5.74082
3377          4.627
3377        3.46492
3377        1.74179
3377        1.45771
3377        3.92395
3377        3.12464
3377        0.74549
3377        3.22633
3377        1.64483
3377        1.99007
3377       0.969564
3377        5.59926
3377        2.32282
3377        4.80139
3377        1.74805
3377       0.919962
3377        2.03375
3377        2.08593
3377        3.53286
3377        5.42496
3377        3.93198
3377         5.9595
3377        1.32849
3377        3.75071
3377       0.537518
3377        4.67763
3377        6.25794
3377        6.18986
3377       0.705096
3377        0.51226
3377        4.82954
3377        1.31088
3377        2.86108
3377        3.33311
3377        3.52616
3377      0.0200113
3377        2.45362
3377        1.65576
3377        5.26948
3377        5.52471
3377        1.05254
3377       0.548464
3377        5.64256
3377        2.72691
3377        5.81375
3377       0.779504
3377        5.84615
3377        5.15155
3377        4.45667
3377        4.88198
3377        5.44022
3377        5.95564
3377         1.7472
3377       0.439068
3377        6.18516
3377        5.89995
3377        2.56723
3377        5.02611
3377        4.59507
3377        4.63016
3377        5.99207
3377        2.69092
3377       0.470614
3377        5.58969
3377        1.01237
3377        6.19355
3377        3.33986
3377       0.329965
3377        2.48844
3377       0.113203
3377        5.81588
3377        2.37247
3377        1.20221
3377        5.42497
3377        3.08935
3377        3.37382
3377        5.95642
3377      0.0025346
3377        2.95676
3377        1.81036
3377        2.75191
3377        5.59463
3377        2.93284
3377        1.99136
3377        1.96645
3377        5.95026
3377         1.7358
3377        3.87252
3377       0.294813
3377        3.72046
3377        6.11145
3377        5.49038
3377        1.98899
3377        5.26302
3377        1.28405
3377        2.99642
3377        3.51528
3377        5.85632
3377        5.82394
3377       0.721849
3377        1.96728
3377       0.711303
3377        4.09229
3377        2.80099
3377        4.15498
3377        1.89591
3377       0.862711
3377        1.17089
3377       0.644929
3377       0.423674
3377        1.05582
3377         3.0876
3377        5.44167
3377        4.92371
3377        4.01176
3377        6.22428
3377        4.48663
3377        3.09183
3377        1.79713
3377        2.86701
3377        6.26225
3377        2.05133
3377        3.38579
3377        1.97072
3377        3.06269
3377        2.54758
3377       0.704633
3377        5.48774
3377        3.26456
3377        5.82359
3377        2.62035
3377        4.68146
3377       0.189579
3377        5.22336
3377       0.161838
3377        5.65218
3377       0.536084
3377        3.78133
3377        5.12399
3377        5.16092
3377        5.05979
3377        3.60059
3377        3.57437
3377       0.332582
3377        5.01714
3377       0.547648
3377       0.794041
3377         4.4843
3377        3.60265
3377        1.34218
3377       0.033444
3377        1.78346
3377        5.03553
3377        1.56118
3377         4.1184
3377        5.53769
3377       0.567009
3377        1.98595
3377        5.19831
3377        5.18636
3377        4.17462
3377        3.57491
3377         4.8914
3377        1.44588
3377        6.12142
3377        5.49724
3377        1.00345
3377         3.2219
3377         1.8682
3377       0.810538
3377        5.00203
3377      0.0422641
3377        4.09303
3377       0.324308
3377       0.430446
3377       0.948576
3377        5.80624
3377        2.26373
3377        2.76385
3377         1.3887
3377        1.86226
3377        1.11425
3377        1.80993
3377        5.30814
3377       0.037924
3377        2.90338
3377        3.43396
3377        5.94746
3377        2.91125
3377        2.63379
3377        4.15428
3377        2.11704
3377        5.04369
3377        1.85461
3377        2.96955
3377        5.37624
3377        4.19395
3377        5.32893
3377        1.43363
3377        5.67587
3377        3.12277
3377        3.15491
3377        4.59802
3377        0.61948
3377        6.13585
3377        3.34145
3377        2.94464
3377        1.71343
3377         1.6025
3377        1.84355
3377        4.87648
3377        1.36301
3377        1.88077
3377        3.41219
3377        1.53788
3377        2.98879
3377         5.8385
3377        6.05078
3377        5.93726
3377        5.42302
3377        2.70135
3377        5.10659
3377        5.93534
3377        4.59283
3377        0.18915
3377        3.02551
3377        5.48391
3377        1.87179
3377        4.41266
3377        1.55169
3377        4.83434
3377        2.98651
3377        5.47565
3377         2.6096
3377        2.32082
3377        5.95946
3377         3.3767
3377        5.94564
3377        4.83567
3377        2.92575
3377        2.90837
3377        1.24822
3377       0.384516
3377        2.27335
3377       0.548236
3377        1.03206
3377        3.40313
3377        3.48086
3377      0.0758847
3377        4.52438
3377        4.73337
3377         2.8487
3377        1.40821
3377        3.57613
3377        2.43378
3377        5.47898
3377        5.10124
3377        2.09184
3377        2.54299
3377        3.27191
3377        4.94092
3377        4.86515
3377        1.55921
3377        3.33722
3377        5.35937
3377        2.57052
3377       0.862123
3377        1.93167
3377        1.37298
3377        4.25738
3377        3.95337
3377        5.43962
3377        6.05975
3377        4.87336
3377        4.17502
3377        3.12326
3377         4.1434
3377        1.76756
3377        1.15394
3377        5.31121
3377        3.88597
3377       0.054034
3377        6.16366
3377        5.60674
3377        1.40379
3377        5.34653
3377        5.68817
3377        1.81476
3377        3.17827
3377        5.57685
3377        1.17533
3377        2.12491
3377        3.19298
3377        2.78731
3377        2.89024
3377        4.56431
3377        1.62756
3377        2.47155
3377        5.21522
3377        3.36339
3377        1.82915
3377        1.70375
3377        4.17813
3377        5.65857
3377        4.77986
3377        2.62584
3377        1.10253
3377        3.29755
3377        5.15236
3377        2.90074
3377        0.18914
3377        4.75161
3377        1.70433
3377        6.26097
3377        3.17402
3377        0.55655
3377        0.75904
3377        5.65893
3377         1.2253
3377        0.25763
3377        4.52835
3377        2.68712
3377        5.53641
3377        2.59349
3377         5.9533
3377        5.47175
3377        5.78858
3377        6.13669
3377        2.30018
3377         5.3453
3377        5.77669
3377        3.58678
3377        3.44678
3377         3.0294
3377        5.98816
3377       0.333466
3377        5.72213
3377        5.75401
3377       0.164104
3377         5.5438
3377        1.59452
3377         2.9631
3377        3.45503
3377        2.70762
3377        1.18203
3377        1.12254
3377         0.2691
3377        2.20476
3377       0.303984
3377        4.76865
3377        5.67485
3377        3.10272
3377        2.61987
3377        6.18792
3377        5.81339
3377        1.60564
3377        2.12926
3377        4.38733
3377        1.62544
3377        1.32397
3377        1.77405
3377        2.60968
3377       0.420351
3377         5.9834
3377        3.79055
3377        2.50292
3377        2.72268
3377        5.80946
3377       0.951463
3377        4.61752
3377        2.20204
3377        5.79618
3377       0.224242
3377        3.55578
3377        2.19036
3377        1.12721
3377        4.27939
3377       0.670237
3377        5.88576
3377        2.48778
3377        1.84758
3377        4.73896
3377         5.6241
3377        1.77021
3377       0.704841
3377        6.02428
3377        3.03732
3377        5.75228
3377       0.662391
3377        5.40319
3377        4.90451
3377        6.13424
3377         3.4893
3377         2.1004
3377        4.82285
3377         3.1961
3377      0.0121943
3377        3.40564
3377         5.9197
3377        4.55421
3377        1.45324
3377        6.03801
3377       0.470953
3377        5.82318
3377        3.05778
3377        5.74201
3377        5.13953
3377        2.54476
3377        5.42764
3377       0.170204
3377        5.76264
3377        3.53911
3377        5.59878
3377        3.19861
3377        3.06023
3377        2.77012
3377        3.89781
3377       0.880462
3377        2.30113
3377        1.27928
3377        2.15081
3377       0.180888
3377        3.21589
3377        2.05561
3377        1.93831
3377        4.95369
3377        2.91085
3377        3.06589
3377       0.305039
3377        6.27862
3377        3.37966
3377        5.12677
3377        3.92255
3377        5.40525
3377        4.75293
3377        5.61772
3377        5.17621
3377       0.953128
3377       0.748804
3377        4.42523
3377        2.93967
3377        5.54919
3377        2.99882
3377        3.77783
3377        3.70375
3377       0.643516
3377        3.44853
3377        2.49595
3377        1.68311
3377        5.72415
3377       0.834089
3377      0.0952241
3377        5.69893
3377        2.71508
3377        4.96812
3377       0.511604
3377      0.0987099
3377       0.700737
3377        4.91929
3377         3.9771
3377         1.9863
3377        1.29081
3377        2.49913
3377      0.0263196
3377        6.10154
3377        4.99978
3377        5.68417
3377        2.36005
3377        2.51003
3377        3.49441
3377        2.45759
3377        4.23271
3377        2.51785
3377       0.198913
3377       0.765652
3377        1.76272
3377        5.36285
3377        5.38782
3377        3.51977
3377        5.79388
3377       0.162319
3377       0.911534
3377        4.94551
3377        5.91416
3377          3.968
3377       0.158956
3377        5.08633
3377        4.13539
3377        1.60648
3377        2.61311
3377        1.39072
3377        2.48124
3377        2.94794
3377        5.57247
3377        5.82611
3377        1.76551
3377         6.1558
3377        5.76071
3377       0.777093
3377         1.1028
3377       0.439103
3377       0.100196
3377        1.92908
3377        2.19842
3377        5.30293
3377        3.63458
3377        3.63062
3377        4.71396
3377        5.84875
3377        1.85135
3377        3.82682
3377        1.29011
3377       0.155963
3377        3.56038
3377        3.11717
3377       0.105155
3377        1.10902
3377        5.80316
3377        2.93026
3377        2.99143
3377        5.14033
3377        3.03037
3377       0.236189
3377        6.14701
3377        0.71914
3377        3.60843
3377        2.18769
3377        3.29756
3377        2.11995
3377        3.59634
3377        5.51658
3377        2.74165
3377        1.47243
3377        1.46555
3377        5.01223
3377       0.191605
3377        0.15275
3377        5.35148
3377        2.10043
3377        3.44555
3377        5.00416
3377        1.89599
3377        2.42836
3377        3.57804
3377        1.89431
3377       0.339719
3377        4.18057
3377          3.917
3377        1.96213
3377        3.28612
3377        3.22308
3377         5.8159
3377        4.76594
3377        2.26573
3377        5.43269
3377        2.70365
3377        1.40547
3377        5.99391
3377        5.12826
3377         3.0609
3377        2.61626
3377        2.19172
3377      0.0860298
3377        5.05816
3377        2.46032
3377        1.51507
3377        1.62413
3377        5.77414
3377        2.58484
3377        5.94317
3377         1.2911
3377       0.306923
3377        4.70675
3377         1.9213
3377        4.95894
3377        4.97872
3377        1.36746
3377        3.02737
3377        2.07918
3377        2.63592
3377        4.80211
3377        4.62835
3377        3.41971
3377        4.56011
3377        5.09883
3377        3.09225
3377        3.37362
3377        2.36768
3377        1.49614
3377        4.12392
3377        1.14322
3377        2.10659
3377        5.80986
3377       0.948829
3377        5.24026
3377        1.97645
3377        3.43878
3377        2.19679
3377        2.61471
3377       0.502966
3377        5.73452
3377         2.2586
3377       0.741595
3377       0.160793
3377        2.87499
3377        5.26587
3377        1.99945
3377       0.413592
3377        1.17199
3377        5.44919
3377        4.66397
3377        3.87228
3377       0.221604
3377        5.05774
3377       0.280562
3377        6.13187
3377        1.61832
3377        5.95445
3377        5.96464
3377        2.74751
3377       0.272056
3377       0.716714
3377        6.16768
3377        3.49934
3377      0.0855199
3377       0.463983
3377        0.32341
3377        1.43592
3377        2.11006
3377        2.31262
3377        3.01177
3377         2.2222
3377       0.239477
3377        5.40024
3377         3.2989
3377        6.21481
3377        3.71824
3377       0.424767
3377        3.51828
3377        3.46313
3377        3.43367
3377        5.96997
3377        4.65915
3377        5.29389
3377        2.54837
3377        6.18547
3377         3.0315
3377         1.4278
3377        2.54131
3377        5.73414
3377        6.09984
3377        5.97353
3377         5.9087
3377        2.39982
3377        6.24056
3377        3.75331
3377        6.27918
3377        3.56632
3377        3.40186
3377        1.96493
3377       0.237948
3377        2.30366
3377        4.97137
3377        1.85179
3377        6.24825
3377        5.10476
3377        4.79937
3377        2.25637
3377        2.92472
3377        6.21998
3377        5.29165
3377        6.22881
3377       0.672314
3377        3.22489
3377         5.6265
3377         2.4179
3377        4.48591
3377        2.32166
3377        5.04002
3377         1.3211
3377        2.81152
3377        1.24256
3377       0.229993
3377       0.067413
3377        3.10089
3377        2.17875
3377        5.62755
3377        1.87059
3377        4.05436
3377        2.13604
3377        3.61274
3377        1.08122
3377        5.63214
3377       0.114956
3377        3.42939
3377       0.306334
3377        1.18165
3377         3.5072
3377        2.59545
3377          3.326
3377        5.18303
3377        5.28186
3377        5.83083
3377        5.46901
3377        5.09758
3377        2.04929
3377        3.43188
3377         4.9661
3377          5.993
3377         5.0717
3377        5.04975
3377        5.37755
3377        5.25434
3377        3.25209
3377        1.67952
3377        2.75868
3377        4.23527
3377       0.155568
3377        4.61895
3377        1.78987
3377        2.74426
3377        5.82491
3377        4.03555
3377        6.13611
3377        6.14177
3377        2.57506
3377        1.70408
3377        2.39825
3377        5.36082
3377        0.60343
3377        5.72735
3377     0.00575035
3377       0.621623
3377        1.75113
3377        3.00367
3377        5.17422
3377        1.21058
3377        5.27915
3377        1.14877
3377        5.29952
3377        6.17573
3377        1.50445
3377        1.32574
3377        2.54991
3377        5.18719
3377       0.796476
3377        5.46266
3377      0.0731274
3377        6.13551
3377        5.68312
3377        4.96988
3377        1.17599
3377        6.24284
3377        4.89313
3377        1.18262
3377        3.70357
3377        5.04366
3377        3.11495
3377        5.44423
3377        5.75615
3377        6.02174
3377      0.0210795
3377        5.36881
3377        5.70048
3377        2.96813
3377        1.46471
3377        5.89023
3377        5.79511
3377        6.04656
3377       0.590583
3377       0.325915
3377        5.41197
3377        3.75005
3377       0.232151
3377       0.268894
3377        2.29406
3377        2.72136
3377        2.92511
3377        4.33361
3377       0.395078
3377       0.552651
3377       0.540065
3377        1.08904
3377        2.53428
3377       0.761443
3377        6.08192
3377        6.07002
3377       0.366436
3377        4.80042
3377       0.324446
3377        3.93982
3377        5.70136
3377        4.40511
3377       0.199143
3377       0.496917
3377         2.2649
3377        5.20371
3377        3.24904
3377        5.06605
3377        5.39152
3377        4.22606
3377         2.6853
3377        5.02451
3377       0.767165
3377         3.0594
3377         4.0144
3377        1.87503
3377       0.152237
3377        4.91883
3377        3.25944
3377        2.87424
3377        4.34226
3377         5.3311
3377        4.33039
3377        4.87703
3377        1.37294
3377        1.92626
3377       0.192766
3377        1.53656
3377       0.875123
3377        4.13306
3377        3.24459
3377        4.44355
3377        5.33966
3377        4.82085
3377        6.20071
3377        3.10524
3377        2.22961
3377        3.29412
3377        5.42576
3377        5.64864
3377        4.33428
3377        3.10633
3377        5.68696
3377        2.51634
3377        1.27397
3377        3.78845
3377        5.67781
3377        3.21546
3377         0.4095
3377        2.35231
3377        2.46741
3377        1.23867
3377        1.77633
3377        3.84212
3377         4.2249
3377        1.11144
3377        1.66169
3377         2.6991
3377        3.33646
3377        1.70192
3377       0.220138
3377        3.20033
3377        3.50454
3377        5.71945
3377        5.85109
3377      0.0408986
3377        1.77013
3377        2.42888
3377        5.89419
3377         5.6405
3377        1.89248
3377        3.72734
3377        3.39421
3377        4.86958
3377        1.66452
3377        1.77327
3377        4.60038
3377       0.937783
3377        3.23085
3377        4.88128
3377        4.67442
3377        6.24343
3377        5.89831
3377        1.17091
3377        2.27283
3377        5.66933
3377       0.261664
3377        5.86431
3377        3.11969
3377        6.06023
3377        1.94048
3377        6.25529
3377        2.87338
3377        6.20627
3377        1.17662
3377       0.942887
3377        5.66352
3377       0.793698
3377        2.89546
3377        2.75453
3377        6.27013
3377        4.75567
3377        1.99245
3377        1.51139
3377        4.39029
3377        1.44606
3377        3.30719
3377        5.10366
3377        1.97282
3377         5.7289
3377        2.77496
3377        3.22074
3377        2.05766
3377        2.09693
3377       0.538877
3377        4.64889
3377         4.4377
3377        5.09711
3377        2.90349
3377        2.83749
3377      0.0189689
3377        1.81258
3377        2.79142
3377        2.28064
3377        1.25407
3377        1.77267
3377        1.79886
3377        6.07459
3377        5.09244
3377        2.75441
3377        5.35836
3377       0.483056
3377        4.52864
3377        1.99302
3377        2.00915
3377        4.56088
3377        1.56469
3377         1.6654
3377        2.37344
3377        2.33448
3377        3.56788
3377        5.82389
3377        2.54287
3377        1.09504
3377        1.30501
3377        4.50404
3377       0.644667
3377        3.02886
3377        3.16123
3377        1.21681
3377        3.07868
3377        2.34421
3377        5.94062
3377        1.84021
3377       0.626891
3377        3.26568
3377        5.10027
3377        4.94199
3377        2.57567
3377        2.78863
3377        3.36819
3377        5.68573
3377        3.62391
3377        2.19444
3377        3.10462
3377       0.715322
3377        6.15913
3377        1.50617
3377        5.47822
3377      0.0962044
3377        4.15438
3377       0.927938
3377        1.09149
3377        1.99327
3377        5.25654
3377        1.27662
3377       0.628538
3377        3.49369
3377        1.47778
3377        3.08417
3377        6.17375
3377        5.56101
3377       0.520842
3377        1.96338
3377        3.56426
3377        5.09432
3377        5.59022
3377        4.74783
3377       0.815941
3377       0.358126
3377        1.27013
3377        3.41856
3377        5.82763
3377       0.057374
3377        6.05747
3377        3.99853
3377         2.2697
3377         5.5231
3377       0.783645
3377        2.54277
3377        6.13842
3377        2.67532
3377        5.08008
3377        4.27979
3377        5.74254
3377        5.51519
3377        2.33667
3377        1.94567
3377         2.6532
3377        5.86532
3377      0.0460276
3377        2.86307
3377        5.23808
3377        0.14812
3377        2.58556
3377        5.97308
3377        2.56553
3377        1.90292
3377       0.956254
3377        5.19391
3377        2.49046
3377       0.226096
3377        5.55366
3377       0.166478
3377        2.33071
3377        2.76572
3377        2.78444
3377        3.35137
3377        2.28305
3377        1.61135
3377        3.12422
3377          4.903
3377        5.52742
3377       0.308258
3377         5.3392
3377        4.32184
3377         2.8693
3377        2.83385
3377        6.03132
3377        5.92165
3377        2.98787
3377        6.24623
3377        5.22264
3377        2.53474
3377        5.00758
3377        3.81176
3377        3.84418
3377        5.72262
3377        2.32964
3377        5.96372
3377        5.76948
3377        1.73921
3377       0.223023
3377        5.22422
3377        2.14215
3377        2.61663
3377        2.19652
3377        6.25623
3377       0.217423
3377      0.0227555
3377        3.55353
3377       0.614473
3377        2.92037
3377        5.58792
3377        1.78474
3377       0.607576
3377        5.58622
3377        5.15714
3377        4.37662
3377        2.36361
3377         2.5526
3377        3.87079
3377        3.05136
3377       0.608167
3377        2.86684
3377        1.67567
3377        1.85127
3377        4.83031
3377        4.12466
3377        2.49274
3377         2.4212
3377        3.10109
3377        1.81027
3377        2.98076
3377        1.10726
3377        6.16758
3377        5.71083
3377      0.0711995
3377       0.491412
3377        3.06295
3377        5.60474
3377        5.62378
3377       0.802746
3377        3.09684
3377        5.79316
3377        2.91112
3377        2.64314
3377        5.81109
3377        1.84286
3377         2.8284
3377        4.09391
3377       0.451232
3377        5.73221
3377        3.95128
3377         5.2829
3377         3.2328
3377        5.55371
3377        2.01527
3377       0.359929
3377       0.065196
3377        3.19786
3377        6.07702
3377         2.8694
3377        3.22256
3377        3.36414
3377        3.59286
3377        2.03447
3377        5.53519
3377        2.55241
3377        5.18614
3377        6.13026
3377       0.437622
3377         3.7464
3377        5.26169
3377        4.85818
3377       0.457406
3377        4.64001
3377        3.56282
3377        3.13346
3377        2.77161
3377       0.418058
3377        5.79663
3377         4.6929
3377        4.41577
3377        2.09237
3377        1.82399
3377        3.46904
3377        4.85831
3377        3.44744
3377        6.20632
3377        6.10311
3377        3.38855
3377        4.35938
3377        6.07863
3377        5.69303
3377        2.72913
3377        2.54883
3377        2.79752
3377       0.601353
3377        3.20346
3377        5.95901
3377        2.05784
3377        2.64836
3377         3.8938
3377       0.398349
3377       0.133952
3377        4.75409
3377        2.42553
3377      0.0791598
3377       0.281708
3377        4.35376
3377        1.95385
3377        3.88502
3377        2.10827
3377         5.3717
3377        3.75941
3377       0.911708
3377        3.80721
3377        3.76016
3377         3.2888
3377        1.02534
3377        4.88066
3377        2.82225
3377        2.43677
3377        3.11733
3377        3.84813
3377        0.15328
3377        4.90388
3377         2.5384
3377        1.19416
3377        3.04586
3377        3.10699
3377        6.07341
3377        1.43972
3377        2.28781
3377        2.61865
3377        2.82339
3377        4.68951
3377        3.70545
3377        4.09664
3377        2.68137
3377        4.89925
3377         1.3962
3377       0.930492
3377         2.0647
3377        2.32874
3377        2.00009
3377        4.65073
3377        1.54002
3377        2.14648
3377        6.27584
3377       0.462945
3377        3.22709
3377       0.891134
3377        5.12215
3377        2.39994
3377        5.51932
3377        1.13718
3377        2.38258
3377          6.157
3377        5.53008
3377        5.32547
3377       0.736459
3377       0.635483
3377        3.07855
3377        2.75277
3377        4.14982
3377        1.71663
3377        2.42816
3377        5.59221
3377        5.32791
3377        6.18077
3377        5.94687
3377        2.41768
3377        3.12458
3377        4.86622
3377        5.45512
3377       0.511186
3377        2.59688
3377         4.9279
3377        5.64541
3377       0.982188
3377        2.19005
3377        5.96533
3377        2.27444
3377        3.74843
3377        2.05783
3377        6.11074
3377        3.19344
3377        1.52168
3377        3.50062
3377      0.0870428
3377        2.96909
3377        5.50348
3377        2.21668
3377        2.23825
3377        4.86614
3377         5.9427
3377        5.43765
3377       0.278845
3377        2.81213
3377        5.23078
3377        2.61445
3377        3.04557
3377        2.72178
3377          3.758
3377        6.11558
3377        2.13008
3377       0.157446
3377        5.53044
3377       0.739944
3377        1.95135
3377        5.64603
3377        3.02662
3377        5.07779
3377      0.0422856
3377        2.50567
3377        6.17752
3377       0.643899
3377        1.36091
3377       0.328626
3377        6.25154
3377        2.86111
3377        2.88853
3377        3.67454
3377        4.51248
3377        6.10368
3377        2.38835
3377        4.71422
3377        1.77083
3377       0.879306
3377        5.11594
3377        1.66271
3377         1.8911
3377        6.24507
3377        2.02333
3377        5.47361
3377        4.98471
3377        4.60626
3377        6.27545
3377        6.09984
3377        6.23069
3377        2.47944
3377        5.18234
3377        3.11968
3377        6.17309
3377        2.50195
3377        5.17561
3377         6.2449
3377        5.77178
3377        4.66791
3377         5.3863
3377        1.84849
3377        4.27066
3377        4.79034
3377        2.46091
3377        4.63518
3377        4.22598
3377        1.69547
3377        5.77452
3377        5.35054
3377        1.21428
3377        3.60046
3377        1.21729
3377        3.83042
3377         5.2173
3377         5.9747
3377        4.20886
3377         2.5115
3377        4.25249
3377        1.23425
3377        4.76056
3377        5.52288
3377        1.57857
3377        1.50045
3377        3.17284
3377        3.35297
3377       0.116331
3377        2.73862
3377        1.14985
3377        2.08555
3377       0.898749
3377        4.96373
3377        4.98865
3377        5.03114
3377        1.76612
3377         3.8723
3377       0.300564
3377        3.32965
3377         6.0987
3377        2.19911
3377        1.65021
3377        2.75677
3377        3.95622
3377       0.537992
3377        2.47821
3377       0.334774
3377        2.82244
3377        6.08736
3377       0.303927
3377        4.05706
3377        2.84496
3377         6.1438
3377        5.75613
3377        4.32134
3377        3.83983
3377        2.78143
3377        2.56617
3377        5.83273
3377        5.94208
3377        1.47767
3377        3.14308
3377        6.04074
3377        2.31245
3377        5.24969
3377        3.36972
3377        4.31407
3377         2.8491
3377        2.67515
3377         2.5827
3377        3.97041
3377       0.304705
3377        3.49004
3377        3.00522
3377        4.76736
3377        6.04542
3377        1.44841
3377        1.10233
3377        2.68601
3377        5.45887
3377        3.50326
3377        1.06132
3377        1.21492
3377         4.5386
3377        4.69923
3377        2.68725
3377        3.57889
3377        3.31228
3377        5.48992
3377        2.87564
3377        1.53662
3377        3.18831
3377        5.24032
