3795        5.01573
3795        0.21255
3795        5.75052
3795        5.08008
3795        3.24355
3795        6.17017
3795        4.06567
3795       0.785279
3795        5.91753
3795         5.8413
3795        5.42958
3795        2.51753
3795       0.259943
3795        4.86486
3795        3.42985
3795        4.21012
3795        2.06633
3795        5.71718
3795         4.0046
3795         5.6415
3795       0.511757
3795        2.37745
3795        5.38789
3795        5.38347
3795        2.97492
3795        3.65997
3795       0.754074
3795        1.76775
3795        4.42573
3795        4.04159
3795      0.0876763
3795        3.20603
3795       0.337995
3795        1.80947
3795         2.8044
3795        5.43009
3795       0.447405
3795       0.604038
3795       0.741023
3795        1.27965
3795        2.36842
3795       0.631659
3795        3.90552
3795       0.483688
3795       0.586836
3795        4.95598
3795        1.80607
3795        5.38458
3795        4.51059
3795        3.08671
3795        1.31957
3795       0.649723
3795        6.01568
3795        2.01337
3795        4.97239
3795        3.41164
3795        5.15515
3795        0.68969
3795        5.63402
3795        2.83438
3795         2.8064
3795        3.93368
3795        2.87228
3795        3.15776
3795         2.1214
3795        6.21482
3795        3.55106
3795        4.88077
3795        3.94046
3795      0.0450457
3795        5.78872
3795       0.771195
3795        3.69707
3795         1.4836
3795        5.76247
3795         2.3685
3795         2.2082
3795        3.97478
3795       0.028274
3795        4.51249
3795        6.02705
3795       0.479893
3795        5.18645
3795        4.19477
3795        4.62756
3795        3.61362
3795       0.910107
3795        3.45333
3795        1.14379
3795       0.642627
3795       0.813945
3795        5.81158
3795        1.24003
3795         3.9812
3795        6.15754
3795        3.15294
3795         1.7408
3795        1.01714
3795       0.945762
3795        3.24508
3795        4.05206
3795       0.354181
3795       0.469292
3795        5.14666
3795        2.90186
3795       0.220158
3795        1.29297
3795        6.19866
3795        3.03106
3795        2.74247
3795        3.54397
3795        2.05926
3795        3.68763
3795        3.20628
3795       0.908859
3795        3.90564
3795        2.17338
3795        1.88397
3795       0.156933
3795       0.472797
3795        5.64756
3795        5.37392
3795       0.942838
3795        2.15565
3795        5.72008
3795        1.50297
3795        2.71574
3795        3.93335
3795        2.54704
3795       0.308942
3795        2.62165
3795        3.74784
3795       0.479867
3795        3.34977
3795        3.63222
3795        6.15629
3795        6.01239
3795        1.07041
3795         5.7982
3795        1.14658
3795        3.42469
3795        0.98475
3795        3.30094
3795        5.94939
3795       0.368672
3795        2.63366
3795        2.41046
3795        6.18355
3795         5.0108
3795        3.86116
3795        1.02262
3795       0.780455
3795       0.348025
3795        5.94942
3795         1.3372
3795         2.1723
3795        2.43216
3795        1.53484
3795         4.5663
3795       0.815959
3795        3.59053
3795       0.105791
3795        4.61115
3795        3.15239
3795        2.45774
3795        5.56388
3795        4.75577
3795        1.28782
3795       0.231737
3795        5.71115
3795        1.62218
3795        3.71182
3795        2.71229
3795        5.81105
3795         5.4756
3795        3.27861
3795        3.87936
3795       0.267103
3795        6.22719
3795        3.46089
3795        1.00121
3795        6.05145
3795        3.05711
3795       0.355245
3795      0.0874689
3795       0.711253
3795       0.896328
3795         2.5131
3795       0.936477
3795        3.66077
3795       0.863796
3795        0.15823
3795        4.30525
3795        1.26768
3795        2.31521
3795        5.53795
3795       0.240736
3795        2.93012
3795       0.405414
3795        3.90895
3795        1.74426
3795        1.55578
3795        3.25614
3795        4.59114
3795        3.80753
3795       0.934669
3795        3.97025
3795        3.10341
3795        1.93496
3795        3.60316
3795        2.34242
3795        3.48276
3795        2.47203
3795        4.00088
3795        4.33586
3795         1.3785
3795        1.95711
3795         3.0392
3795         4.5413
3795        3.24562
3795       0.444834
3795        3.10726
3795        4.10779
3795         2.2824
3795        1.28984
3795       0.877745
3795       0.992987
3795        5.73171
3795       0.931167
3795        2.84792
3795       0.371625
3795        5.73641
3795       0.890961
3795       0.524821
3795        3.47674
3795        4.53059
3795        2.49777
3795        2.98894
3795        5.92348
3795        3.30041
3795        3.90333
3795        4.55088
3795        5.97455
3795        3.89228
3795          3.899
3795        1.11673
3795        5.05744
3795       0.350283
3795        4.53905
3795        2.89901
3795         1.4521
3795       0.746542
3795        4.23664
3795        1.17061
3795        3.90442
3795      0.0204814
3795        3.63874
3795        3.29889
3795         1.3604
3795        4.66613
3795        3.45198
3795        6.03807
3795        4.10762
3795        5.80101
3795         2.3449
3795        5.09848
3795       0.275252
3795         4.9536
3795        2.36106
3795        4.02049
3795         6.0438
3795        0.57322
3795        5.81129
3795        3.60117
3795        3.66206
3795        2.93968
3795       0.739285
3795        0.47443
3795        5.57116
3795        3.57927
3795       0.412711
3795        2.76134
3795         3.5703
3795         5.3808
3795       0.733355
3795        1.42709
3795        5.45789
3795          3.609
3795        2.03017
3795        5.44742
3795        3.04334
3795        4.39842
3795        3.54644
3795        1.18946
3795        1.91278
3795       0.489055
3795        4.07561
3795       0.345215
3795        2.82871
3795       0.010377
3795        2.76421
3795        5.42629
3795         5.8107
3795        1.59218
3795       0.254811
3795       0.213517
3795        2.58542
3795          3.421
3795        4.11166
3795        2.39673
3795       0.522346
3795        5.72819
3795       0.168079
3795         4.4766
3795        3.04995
3795       0.269987
3795        5.53718
3795        5.08984
3795       0.031555
3795        1.32505
3795        1.02428
3795        1.43779
3795        4.94863
3795       0.302504
3795        0.71365
3795      0.0506039
3795        3.88872
3795        3.84994
3795        4.09751
3795        4.21368
3795        5.35613
3795        3.81521
3795        5.91516
3795         5.8752
3795        2.05075
3795        1.75471
3795        2.21097
3795        5.64671
3795        4.80166
3795        4.09713
3795        1.84497
3795        1.02749
3795        2.27318
3795       0.120912
3795        4.48984
3795        2.94561
3795       0.758295
3795        4.95109
3795        1.06306
3795        5.53335
3795        3.72931
3795       0.845636
3795       0.380491
3795         3.9109
3795       0.140782
3795         4.2393
3795        4.72186
3795        2.89533
3795        2.66296
3795       0.563772
3795        5.86238
3795        3.72311
3795        3.43903
3795        2.48506
3795        5.86949
3795        5.88787
3795        5.77545
3795        5.60919
3795        3.74445
3795        4.59888
3795       0.516239
3795        5.50677
3795        5.83421
3795        3.38601
3795    0.000143871
3795       0.702748
3795         1.1534
3795        1.47385
3795        3.46943
3795        4.64252
3795        1.66539
3795        1.99901
3795         1.1074
3795        3.70673
3795        3.55405
3795        5.49789
3795        2.33103
3795         2.8245
3795        3.48475
3795        1.99551
3795        6.16262
3795        1.39648
3795        4.34691
3795        4.44172
3795        2.15787
3795        1.04487
3795        2.76778
3795        1.32167
3795        4.04212
3795        3.86755
3795        3.41611
3795        3.16567
3795        3.06608
3795       0.125771
3795        3.78529
3795         6.1289
3795        4.66416
3795        2.68607
3795        2.14186
3795        3.33212
3795        4.95237
3795        5.54467
3795        2.64397
3795        2.47423
3795        0.97975
3795       0.192951
3795        1.47932
3795        5.33318
3795        1.24162
3795       0.829122
3795        1.05372
3795        4.58162
3795        5.53845
3795        3.71748
3795        4.68282
3795        3.23281
3795       0.127973
3795        1.31038
3795        6.07456
3795       0.536811
3795        4.61127
3795       0.292565
3795        4.77371
3795        2.19518
3795        1.77628
3795        4.76414
3795        4.05901
3795        6.17475
3795        4.51795
3795        6.25824
3795        6.18836
3795        4.88352
3795        3.29194
3795        2.59174
3795        2.92664
3795        1.88573
3795        2.52527
3795        1.12064
3795        3.22413
3795        1.16295
3795        2.77331
3795        0.87347
3795         1.8485
3795         4.1709
3795      0.0567316
3795        3.24546
3795        2.08334
3795        5.86963
3795         2.8385
3795        2.78886
3795        2.69152
3795       0.973279
3795        3.01766
3795         3.4438
3795         4.5474
3795        2.51205
3795        4.24344
3795        3.52345
3795        1.20967
3795        4.74208
3795        3.93087
3795       0.966631
3795        1.00374
3795        3.54763
3795     0.00207347
3795        4.39427
3795        0.12355
3795       0.353712
3795        1.99162
3795        6.08253
3795        5.89328
3795        3.17953
3795        3.32675
3795       0.829436
3795        3.98326
3795        5.51842
3795        5.88578
3795       0.124161
3795      0.0133385
3795        4.03143
3795       0.210819
3795         3.5297
3795        3.40178
3795        6.15934
3795        3.11639
3795       0.429459
3795        3.43093
3795        3.14238
3795        4.34939
3795        1.01137
3795         1.0986
3795        4.68201
3795        3.43868
3795       0.625372
3795       0.354245
3795        2.99371
3795        4.16703
3795       0.427053
3795        5.42145
3795        4.14498
3795        1.50718
3795        4.55098
3795        2.45236
3795        1.40647
