3269        3.82941
3269        2.37721
3269        2.20014
3269        1.95055
3269       0.305407
3269        4.85297
3269        2.59698
3269        1.57639
3269        4.45072
3269        5.17002
3269        4.49737
3269        5.37519
3269         2.0329
3269        3.61027
3269        3.16582
3269        4.82925
3269        4.73718
3269        1.90598
3269        3.17384
3269       0.213439
3269         3.9555
3269        2.24373
3269        4.52237
3269        4.12989
3269        2.75706
3269         1.4293
3269        4.05844
3269        4.57095
3269          5.964
3269       0.202553
3269        4.75592
3269        4.87398
3269        4.67534
3269        5.26752
3269       0.143945
3269      0.0528656
3269        4.79716
3269        1.24035
3269       0.780951
3269        3.35917
3269        2.75759
3269        1.06655
3269        3.16274
3269        4.79376
3269        5.33919
3269        1.14804
3269        2.47626
3269        5.22589
3269        1.95188
3269        2.90491
3269        2.91413
3269        1.38565
3269        1.95923
3269        5.14812
3269        1.54897
3269        3.80999
3269     0.00196399
3269         4.9212
3269        5.51311
3269       0.329841
3269        2.77343
3269          3.378
3269        4.95747
3269        4.58892
3269       0.149822
3269      0.0448214
3269        1.70599
3269        4.49789
3269        5.20936
3269        1.50801
3269        3.89904
3269        0.60839
3269        4.97802
3269        4.93147
3269        5.88578
3269        1.53327
3269       0.754725
3269        3.11159
3269        2.40527
3269        6.03996
3269        2.17367
3269        5.05605
3269        4.11769
3269        1.44344
3269        4.74419
3269        4.80465
3269        4.54287
3269        3.22694
3269        1.12269
3269        5.93763
3269        5.59409
3269        4.91187
3269        2.00747
3269        3.89671
3269         5.1792
3269         4.1905
3269        2.93255
3269        1.68195
3269         3.8571
3269        2.95761
3269        4.46329
3269        5.83202
3269        5.35863
3269         5.7436
3269        5.03754
3269        2.64493
3269         5.2111
3269       0.370618
3269        4.88775
3269        5.00041
3269        2.06638
3269        1.99574
3269        3.22519
3269        2.38804
3269        4.41642
3269        3.16096
3269        5.64899
3269        5.08377
3269        3.33469
3269        5.49646
3269       0.695682
3269        4.51946
3269        5.21728
3269        3.43433
3269        4.40878
3269        1.92315
3269        2.39185
3269       0.423626
3269        4.66869
3269        4.30496
3269       0.426611
3269        5.69664
3269           3.65
3269        2.64508
3269        3.31398
3269        1.21974
3269         3.0559
3269        1.39299
3269        6.05974
3269        2.08573
3269        5.08551
3269        2.41793
3269        2.93724
3269        3.15997
3269        1.59211
3269       0.479413
3269        2.07257
3269        4.52904
3269        4.52085
3269       0.422571
3269        4.58478
3269        1.87253
3269        3.64951
3269        3.89478
3269        2.61152
3269         2.6537
3269        4.88884
3269       0.181006
3269        2.35312
3269        6.07545
3269        5.41144
3269       0.410702
3269        4.47516
3269        5.65498
3269        4.38858
3269        4.86916
3269        2.25842
3269        5.45289
3269        3.27774
3269        1.32556
3269         4.8216
3269        5.58634
3269        1.42009
3269        5.17585
3269        1.94384
3269        2.17547
3269        4.32734
3269        3.93986
3269       0.775358
3269        4.73765
3269        4.82255
3269        3.55025
3269        4.94805
3269        5.05123
3269        2.50242
3269        2.96403
3269        5.26607
3269        4.53035
3269        3.75908
3269        1.77453
3269       0.841744
3269        1.67428
3269        2.57916
3269        1.55188
3269        5.58156
3269        4.34846
3269       0.848898
3269        2.86028
3269       0.025171
3269       0.837088
3269        2.45867
3269        4.46001
3269        4.54311
3269       0.567006
3269        4.08305
3269        2.91644
3269        4.65321
3269        2.10299
3269        2.52909
3269        4.46342
3269        2.89171
3269        3.55544
3269        1.83039
3269        4.94703
3269        1.87687
3269       0.327059
3269        2.65059
3269        5.46711
3269        1.78456
3269       0.907813
3269        3.92495
3269        3.59983
3269        1.95477
3269        1.10981
3269        3.96919
3269       0.464569
3269        5.03814
3269        3.03191
3269        5.47717
3269       0.878582
3269        3.44838
3269        5.16254
3269        5.81587
3269        4.51937
3269        1.76343
3269        4.91589
3269        5.40274
3269        4.22166
3269        4.19695
3269        4.57732
3269        5.81809
3269        6.07292
3269        3.84334
3269         4.5533
3269       0.380256
3269        5.33368
3269        5.69447
3269       0.426758
3269        2.17228
3269        5.76467
3269        2.07339
3269        1.26853
3269       0.311355
3269        3.85604
3269        2.83556
3269        3.82123
3269       0.829761
3269        2.87186
3269        4.26684
3269        1.21847
3269        3.96228
3269        4.23949
3269        5.02575
3269        1.22781
3269        2.31451
3269        4.64635
3269        3.52367
3269        3.93569
3269        3.51751
3269       0.978661
3269        2.76702
3269        5.64239
3269        5.78763
3269        1.15623
3269        4.59988
3269       0.693967
3269        4.79266
3269        3.61487
3269         2.7753
3269       0.846485
3269        5.70909
3269        3.80324
3269        5.35745
3269        5.19682
3269        1.85126
3269        5.02604
3269        3.07048
3269        6.16748
3269        3.59831
3269       0.972644
3269        1.46886
3269        2.34424
3269        4.47763
3269         4.6455
3269        3.30058
3269        6.13202
3269         3.2514
3269        1.02414
3269        1.00282
3269        1.83338
3269         5.4449
3269         2.6158
3269        1.50731
3269        4.55046
3269        1.45995
3269        1.92026
3269         3.6886
3269         4.6771
3269        3.32526
3269        2.57805
3269        1.60482
3269        3.44969
3269       0.114112
3269        5.88007
3269        1.13708
3269        5.03631
3269        2.70079
3269        5.33306
3269         2.7263
3269         0.1671
3269        3.60277
3269        2.82539
3269        3.31572
3269        3.53368
3269        3.40147
3269        5.22359
3269        3.91762
3269        1.45499
3269        5.35366
3269      0.0360564
3269        4.95716
3269        3.72787
3269        1.67244
3269        5.95761
3269        6.00277
3269        4.67925
3269        4.03558
3269        4.69466
3269        4.07485
3269         3.3737
3269        5.32451
3269        1.29398
3269        2.47045
3269        5.02432
3269        4.19274
3269        1.86992
3269         2.4593
3269        2.78754
3269        2.09104
3269        4.34324
3269       0.235396
3269        1.93332
3269        1.10348
3269        3.06241
3269        3.25853
3269        2.23505
3269        1.87817
3269        4.45376
3269        2.89222
3269        3.89433
3269      0.0655425
3269       0.226764
3269        5.91894
3269       0.622939
3269        2.45017
3269        2.03487
3269          2.462
3269        2.01165
3269        1.91357
3269        4.07156
3269       0.893213
3269        1.97042
3269       0.460905
3269        4.21841
3269         4.3744
3269        5.37404
3269        2.82149
3269        4.53178
3269         2.7804
3269        6.04337
3269      0.0254355
3269        5.27681
3269        3.63307
3269         3.4341
3269        5.47988
3269        3.10645
3269         4.9928
3269        5.96032
3269         3.8249
3269        3.34145
3269        4.77191
3269        1.25959
3269       0.542871
3269        6.25243
3269       0.948265
3269        2.53067
3269        2.52087
3269        2.47164
3269        4.34866
3269        1.82921
3269      0.0870699
3269        2.96809
3269        5.00688
3269        5.07121
3269       0.486175
3269        2.85958
3269        5.28075
3269        4.58866
3269        5.22694
3269        5.00739
3269        1.74779
3269       0.220581
3269        5.88308
3269        3.92779
3269        1.64437
3269        1.91935
3269        5.39676
3269         3.5055
3269        5.70176
3269        6.05557
3269        4.12642
3269        6.15924
3269        1.97696
3269        1.21041
3269        2.84911
3269        4.96528
3269        4.75196
3269         1.3935
3269         2.5961
3269        2.97505
3269        1.44857
3269         5.1658
3269        3.34122
3269        2.27848
3269       0.659778
3269       0.579951
3269        2.18561
3269        6.04044
3269        6.12155
3269        5.00415
3269        5.94816
3269        4.80441
3269        3.90892
3269        4.18378
3269        5.64726
3269        4.16762
3269        4.73123
3269       0.870518
3269      0.0494581
3269        3.91161
3269        2.83031
3269        2.17955
3269        2.55351
3269        1.50685
3269        2.07704
3269        2.88442
3269        3.29017
3269        3.07202
3269        2.17115
3269       0.280224
3269        1.95871
3269        4.52831
3269        5.32765
3269       0.728869
3269       0.553071
3269        4.32563
3269        2.77308
3269        5.32396
3269        3.30342
3269        1.95665
3269        3.34362
3269        2.92721
3269         2.7626
3269        1.86949
3269       0.213618
3269         2.8632
3269        4.09663
3269        5.53223
3269        0.81658
3269        2.95734
3269        6.23658
3269       0.336477
3269         2.7617
3269        1.44397
3269        5.51505
3269        4.70781
3269        4.61505
3269        1.54932
3269        5.00698
3269        4.56805
3269        5.51907
3269        5.74505
3269        1.89567
3269        4.50628
3269       0.151529
3269        2.76126
3269       0.158185
3269        2.22483
3269        4.05666
3269       0.161577
3269        1.75976
3269        2.13815
3269          4.176
3269        3.16473
3269        3.86756
3269        5.70713
3269        0.47419
3269       0.405043
3269        4.99945
3269        6.07105
3269        5.35577
3269        5.38048
3269        2.67019
3269        1.64591
3269        3.44425
3269        6.26402
3269        3.60947
3269        2.28481
3269        1.72717
3269       0.143397
3269         5.9341
3269        2.03049
3269        6.15438
3269       0.929445
3269        1.37443
3269        5.82595
3269        5.35795
3269        4.03346
3269        2.48582
3269       0.914319
3269        1.58447
3269        4.92005
3269       0.462825
3269        5.05992
3269        6.14602
3269        5.93358
3269        4.54825
3269        3.72805
3269        4.52222
3269        5.27766
3269        5.22376
3269        4.48867
3269        5.10882
3269        5.29645
3269        1.81461
3269        2.51136
3269         4.3895
3269        2.21581
3269        4.72219
3269       0.155505
3269         5.4117
3269        1.48179
3269        5.66297
3269        4.97633
3269        2.56221
3269        1.64391
3269       0.699806
3269        4.78062
3269        4.10414
3269        1.08009
3269        3.27496
3269        4.65988
3269         5.7933
3269        3.25851
3269        1.77282
3269         3.8689
3269        2.22034
3269        1.88824
3269        2.85302
3269        2.02114
3269        2.58448
3269        3.61896
3269         3.5845
3269        2.57921
3269        4.85234
3269       0.401686
3269        5.84677
3269        4.23837
3269        1.09629
3269        4.77234
3269         5.0913
3269        6.23337
3269        4.62977
3269        1.78837
3269        2.06655
3269        3.15283
3269       0.709018
3269        5.20631
3269        5.17327
3269        1.84873
3269        2.14188
3269        2.50515
3269        4.07487
3269        2.12614
3269        3.79683
3269        5.22836
3269       0.538971
3269        5.30304
3269        1.88227
3269        4.52629
3269        2.04793
3269        1.69976
3269        4.81853
3269        3.78843
3269        0.51497
3269        2.45541
3269        2.51567
3269        1.87296
3269        5.45444
3269        1.73246
3269        2.49796
3269        5.71507
3269        5.49735
3269        3.14482
3269        1.81864
3269        3.23597
3269        2.50561
3269        1.79471
3269       0.723797
3269        4.42072
3269        3.92271
3269        2.57617
3269        3.37609
3269        4.24055
3269        2.64774
3269        1.38365
3269        3.88206
3269        5.39154
3269       0.171714
3269        3.65918
3269        4.56363
3269        6.17158
3269        5.45298
3269        2.21372
3269       0.502373
3269       0.342398
3269        6.18852
3269        3.07246
3269        5.75346
3269        6.21902
3269        4.84638
3269         5.1276
3269        2.00174
3269        5.54428
3269        4.14961
3269        2.72629
3269        1.74079
3269        4.47036
3269        3.43956
3269        4.41481
3269        4.94823
3269        3.89653
3269       0.222534
3269        1.37329
3269        4.80862
3269        2.68641
3269        5.30216
3269        5.42716
3269        4.78967
3269        2.40218
3269        5.67775
3269        2.73951
3269        5.60379
3269        5.28755
3269        5.55211
3269        5.96699
3269        4.42051
3269        4.66238
3269        2.85582
3269        5.83509
3269        2.09913
3269        5.73846
3269        4.76304
3269         4.9443
3269        5.52735
3269        2.43814
3269        5.61233
3269        1.06502
3269        6.12614
3269        1.63996
3269        2.23368
3269        2.22876
3269        2.22556
3269        4.32668
3269        2.07328
3269        2.81381
3269        4.92511
3269       0.277093
3269        5.26222
3269        2.46117
3269        4.36615
3269        5.95393
3269        4.39116
3269        1.26667
3269      0.0397942
3269        3.64726
3269         4.6798
3269     0.00276384
3269        5.14547
3269        4.46794
3269        2.38121
3269        1.92762
3269        4.80493
3269        4.23129
3269        3.17853
3269         5.2892
3269        4.71618
3269      0.0398265
3269        5.28345
3269        1.94958
3269        3.50925
3269       0.156109
3269         3.1509
3269        2.58969
3269        5.58173
3269        5.28216
3269        4.08367
3269         5.1061
3269         4.0693
3269        5.48273
3269        6.13775
3269        2.10333
3269        6.04806
3269        3.02837
3269        4.12621
3269        3.33471
3269        4.39044
3269        2.06564
3269        2.50352
3269       0.433571
3269        0.44876
3269        6.04686
3269        2.39051
3269        2.92764
3269       0.106237
3269       0.923627
3269        4.32488
3269        4.81424
3269        1.28517
3269        4.54794
3269        5.42388
3269        4.81782
3269        3.32658
3269        2.55804
3269        4.93692
3269        2.60195
3269        4.71066
3269        5.94993
3269        3.97935
3269        6.19238
3269        0.65984
3269        3.84847
3269         4.8938
3269        2.63212
3269        3.56431
3269        5.37238
3269        1.56735
3269        2.47396
3269         5.2283
3269         2.4337
3269        3.77472
3269        2.19464
3269        6.02014
3269        5.24012
3269        5.86015
3269        3.19882
3269         5.8029
3269        1.46081
3269        2.14337
3269        3.22788
3269        4.94193
3269        3.29052
3269        5.63286
3269        3.00751
3269        3.60868
3269        2.00663
3269        2.28067
3269        5.74307
3269        3.48467
3269       0.218117
3269        5.82423
3269        4.33602
3269         5.9673
3269         2.0237
3269        5.33436
3269        4.69494
3269        2.95408
3269          3.763
3269       0.889573
3269        5.18173
3269        2.51013
3269        2.32789
3269        1.40766
3269        2.20416
3269        5.38736
3269        4.50096
3269        3.28711
3269        3.02856
3269        2.06106
3269        2.19949
3269       0.672476
3269        5.15879
3269        4.63713
3269        3.13469
3269        4.84506
3269       0.685105
3269        4.00571
3269        0.95913
3269        1.07365
3269        1.37937
3269        1.10147
3269        4.02774
3269        1.12698
3269       0.291567
3269        2.87687
3269        1.54705
3269        1.93675
3269       0.247944
3269        2.49609
3269         2.5451
3269         4.9851
3269        2.95547
3269        3.07453
3269        4.35041
3269        4.04525
3269        3.60577
3269        5.20855
3269        3.86922
3269        1.53671
3269        6.23459
3269        3.90561
3269         4.1762
3269        3.01199
3269        5.21976
3269        1.71643
3269        1.47176
3269        5.98548
3269        2.29229
3269         5.0048
3269        0.85369
3269         4.3352
3269        2.26186
3269        3.63734
3269        1.69623
3269        4.12524
3269        6.03489
3269        6.13997
3269        1.20153
3269        5.30818
3269        2.59795
3269        4.37613
3269        4.75717
3269        4.17165
3269        4.25187
3269        2.63936
3269        3.99721
3269        4.56934
3269        2.55029
3269        4.24627
3269         2.5862
3269        1.27906
3269        2.17652
3269        3.18976
3269        6.08864
3269        5.55281
3269        1.61618
3269        5.22402
3269       0.233049
3269        4.68078
3269        4.14084
3269        1.74772
3269        1.32533
3269        1.74392
3269        5.36775
3269        3.53304
3269         1.4124
3269        3.33228
3269        5.18977
3269        5.42815
3269         2.3272
3269        1.73375
3269      0.0964521
3269        4.52473
3269        3.94385
3269        2.80267
3269       0.990318
3269        3.68966
3269         3.9388
3269         6.0965
3269       0.540812
3269        3.16955
3269        2.34963
3269        5.26099
3269        5.77556
3269        1.39442
3269        6.10405
3269        5.77598
3269        5.09221
3269        3.86219
3269        2.42179
3269        4.66661
3269       0.676953
3269        2.25856
3269        0.24696
3269        6.07373
3269        1.97663
3269        5.00097
3269        3.47553
3269        1.64037
3269        4.90799
3269        0.66838
3269        5.27165
3269        5.35501
3269        3.62219
3269        4.46118
3269        4.64744
3269        5.50198
3269       0.173293
3269         4.2371
3269        1.82964
3269        4.43238
3269        1.72664
3269        3.15347
3269       0.483625
3269        3.34484
3269        2.21915
3269         4.1781
3269        5.96833
3269        4.32619
3269        1.15008
3269        2.22817
3269        2.14207
3269        3.52803
3269        4.13465
3269        3.34537
3269        1.18509
3269        5.50888
3269        2.21233
3269        2.07309
3269        1.20091
3269        4.79756
3269       0.121982
3269        2.06783
3269        5.99495
3269        3.17299
3269        2.55068
3269        3.67369
3269        4.08763
3269        4.83191
3269        4.47775
3269        5.36822
3269        5.43865
3269        3.97463
3269        3.18249
3269        1.45328
3269        5.11767
3269       0.259383
3269        5.92113
3269        2.74978
3269       0.804718
3269        5.22045
3269         3.1786
3269        2.62538
3269        2.93476
3269        5.04161
3269        2.22839
3269        3.45506
3269        1.47002
3269        1.96447
3269        2.92425
3269        3.31354
3269        4.52155
3269       0.901076
3269        1.77344
3269        1.11811
3269        5.66631
3269        2.73983
3269        1.85143
3269         5.1485
3269        3.93035
3269        1.25003
3269        3.53257
3269        1.92658
3269        2.84982
3269        4.61887
3269        1.78752
3269        5.69373
3269        5.38849
3269        5.13777
3269        6.20222
3269         3.4418
3269        4.72702
3269        5.73664
3269        5.34432
3269        4.11159
3269        5.68175
3269        5.01409
3269        1.72508
3269        4.67506
3269       0.278928
3269        1.05457
3269        4.72578
3269        3.11475
3269        5.86113
3269        1.39076
3269        4.61151
3269       0.871083
3269        3.07802
3269        5.85823
3269         5.1802
3269        6.18862
3269        1.70865
3269        5.00272
3269        6.11993
3269        5.91716
3269        5.27415
3269         2.1711
3269         4.0054
3269       0.565098
3269       0.158418
3269       0.284359
3269        6.00425
3269       0.964042
3269       0.379417
3269        5.55989
3269        6.13661
3269        2.47012
3269       0.738307
3269       0.825083
3269        1.89905
3269        4.09118
3269        2.05203
3269        2.04083
3269        1.26829
3269        5.27938
3269        5.84218
3269        5.09362
3269        5.60279
3269        5.10017
3269        5.33654
3269        1.28953
3269        1.14139
3269        1.63295
3269        2.35486
3269         2.4196
3269        3.10029
3269        4.14323
3269        4.74469
3269        4.49575
3269        2.54649
3269        1.62848
3269        3.68489
3269        4.59551
3269        1.89552
3269        2.18796
3269         5.5728
3269        4.88151
3269         1.8281
3269        1.94712
3269        0.41295
3269        2.39933
3269        2.18658
3269       0.254958
3269        1.39765
3269       0.622567
3269        1.84558
3269        5.43417
3269         3.6262
3269        2.91318
3269        5.36331
3269        3.83674
3269        6.14396
3269        2.74819
3269        1.16051
3269        1.44497
3269        1.40768
3269        1.51312
3269        2.38503
3269        2.49382
3269        0.73292
3269       0.618067
3269        3.55668
3269        5.39118
3269          1.563
3269        1.42983
3269        6.08028
3269        3.95268
3269        1.44611
3269        5.00738
3269        2.49103
3269        4.53034
3269        1.05367
3269        5.34466
3269        0.77541
3269        4.84648
3269        5.51243
3269        3.59496
3269        5.44112
3269        4.43968
3269         3.3402
3269       0.711532
3269        3.93578
3269        4.58398
3269         3.0299
3269        4.42317
3269        2.68385
3269        4.57142
3269        5.58464
3269        4.94247
3269        4.82811
3269        4.26565
3269        3.06573
3269       0.713918
3269        5.96627
3269       0.213896
3269        1.19648
3269        2.07662
3269       0.946192
3269        4.33389
3269      0.0192528
3269        2.02427
3269        2.28058
3269        1.42857
3269        1.76988
3269        4.71153
3269        0.13638
3269        1.26945
3269        5.07728
3269        1.90701
3269       0.465903
3269        2.98092
3269        4.61688
3269        3.04018
3269        6.10606
3269         5.9541
3269        4.61308
3269        5.73142
3269        1.37466
3269        5.56414
3269        4.81965
3269        4.01096
3269        2.58301
3269        5.78694
3269        1.00307
3269        4.64013
3269       0.926905
3269         3.3088
3269        4.87385
3269         4.8173
3269        3.39397
3269        4.45006
3269        4.66434
3269        4.69464
3269        4.97676
3269        2.62275
3269        2.62517
3269       0.646508
3269        3.67548
3269       0.580745
3269        5.16198
3269        1.15682
3269        2.27977
3269        5.41152
3269         2.5845
3269        1.75777
3269        1.84351
3269        1.59741
3269        4.91546
3269        2.84865
3269        1.60496
3269        4.60269
3269        5.59808
3269        5.69844
3269         1.7587
3269        3.01854
3269        1.87949
3269        5.73891
3269        4.70913
3269        2.47811
3269        3.77286
3269       0.316358
3269        2.40504
3269        2.25067
3269        4.41854
3269        5.70096
3269         1.4535
3269         3.9155
3269        2.43224
3269        1.94931
3269        3.35567
3269         1.4049
3269        4.43945
3269        2.85062
3269       0.690508
3269        4.32704
3269        2.78409
3269        1.53106
3269        3.36584
3269        4.71196
3269        4.65626
3269        1.22151
3269        2.85796
3269       0.052656
3269        4.69667
3269          5.953
3269        5.43151
3269       0.712633
3269        4.64187
3269        5.31247
3269        2.60105
3269       0.330929
3269        6.27152
3269        1.67108
3269        2.48725
3269        5.49611
3269        4.25429
3269       0.583372
3269        2.00284
3269        2.93967
3269       0.290079
3269        2.41715
3269        4.78293
3269        3.15368
3269        5.06761
3269      0.0858138
3269        4.64435
3269        5.99609
3269        5.60238
3269        1.03287
3269        1.70847
3269        1.39167
3269        5.32309
3269        2.51945
3269        2.38877
3269        2.02918
3269        5.27545
3269        1.68297
3269        6.18979
3269         4.6637
3269      0.0154904
3269        4.38703
3269       0.727189
3269        3.37724
3269        3.83529
3269        3.93161
3269       0.414595
3269        5.91773
3269        3.93113
3269       0.110045
3269        1.98697
3269        4.77303
3269        1.60554
3269        5.34251
3269        2.65001
3269        5.96488
3269       0.523563
3269       0.728052
3269        5.64636
3269        5.01181
3269        4.47744
3269        4.00034
3269        3.95463
3269        4.71075
3269        1.92013
3269        4.52306
3269        5.70607
3269        2.90635
3269        1.97573
3269        5.68065
3269        3.23752
3269        1.54122
3269        4.69177
3269        5.53686
3269       0.803448
3269        4.94318
3269         2.7381
3269        5.10904
3269        4.68203
3269        6.16199
3269        5.51519
3269        4.10164
3269        5.43016
3269        4.16405
3269        1.99399
3269         5.1653
3269        5.23825
3269        2.07295
3269        5.10795
3269        3.60643
3269        1.55775
3269        3.18322
3269        2.05349
3269        4.64691
3269        2.35423
3269      0.0380211
3269        2.17621
3269        1.50619
3269        4.80128
3269        5.06298
3269        1.42114
3269        4.61697
3269        3.04374
3269        5.97693
3269        2.98054
3269       0.801107
3269          4.845
3269        1.51683
3269       0.593477
3269        0.79776
3269        4.67296
3269        3.11899
3269        4.97934
3269        1.62803
3269        2.44758
3269        4.09074
3269        4.90418
3269         4.0366
3269         5.8342
3269        4.75133
3269        3.71318
3269        4.73224
3269        4.17941
3269       0.932812
3269        2.72948
3269        5.83477
3269        6.02374
3269       0.720774
3269        4.67533
3269        5.21681
3269        1.00847
3269        2.96529
3269        3.07652
3269        5.21906
3269        1.65306
3269        3.61632
3269        3.09879
3269        5.19552
3269        3.16777
3269        5.33269
3269         2.6047
3269        5.41484
3269        4.87427
3269        4.43172
3269        3.75485
3269        3.39667
3269        2.33812
3269        2.65176
3269        6.02457
3269       0.906199
3269        1.05212
3269        4.27681
3269        5.97585
3269        3.35727
3269        6.00427
3269        2.92167
3269        4.84164
3269        1.82019
3269        5.33866
3269        5.90036
3269        2.33045
3269        4.47864
3269        4.71503
3269       0.587928
3269        3.35228
3269        4.08505
3269        4.90518
3269        4.62012
3269       0.836426
3269        1.26522
3269       0.304936
3269        4.69357
3269        0.92489
3269        1.84077
3269        5.08487
3269         1.9547
3269        5.91985
3269        4.04307
3269        5.95404
3269        1.24754
3269        1.67597
3269        1.63954
3269         4.8875
3269        4.46392
3269        2.63469
3269       0.860041
3269           2.66
3269        2.51624
3269        3.82808
3269        4.17211
3269        3.80695
3269        3.85638
3269        1.90653
3269        1.72803
3269        5.66822
3269        5.23736
3269        4.45975
3269        4.27394
3269        3.59721
3269        5.46243
3269        3.95664
3269        6.07315
3269        4.00051
3269        1.20559
3269        3.62132
3269        2.28153
3269        1.21129
3269        4.42093
3269        5.24567
3269        1.39225
3269        4.08906
3269        6.10156
3269        2.45405
3269        3.05546
3269        4.75947
3269        4.86163
3269         2.0258
3269        3.73498
3269        5.93633
3269        4.34932
3269        5.43306
3269        5.26048
3269        5.61621
3269       0.226095
3269       0.878447
3269        2.65885
3269        2.10861
3269        4.57443
3269       0.162066
3269         5.7435
3269        2.75379
3269        2.68372
3269        5.08074
3269         3.9699
3269        5.46287
3269        6.05733
3269        2.35773
3269        4.31337
3269        3.06347
3269         1.5201
3269        4.63964
3269        2.57641
3269        2.53717
3269       0.214529
3269        2.85175
3269        1.71643
3269         5.5213
3269         1.5799
3269        4.54829
3269        4.78875
3269       0.670548
3269        4.26195
3269        3.71899
3269        1.70587
3269        4.58167
3269        3.14048
3269        0.47215
3269        2.48856
3269        5.59841
3269        1.71996
3269        5.03456
3269        4.02065
3269        5.23995
3269         3.5178
3269        1.96627
3269        1.74845
3269        5.19858
3269        2.39117
3269        1.30216
3269         1.2196
3269        3.03474
3269         5.0454
3269        2.31937
3269        4.26097
3269        2.11743
3269        5.15843
3269       0.943742
3269        1.83123
3269        4.87074
3269         3.9216
3269       0.951318
3269      0.0233007
3269        5.36472
3269        1.75716
3269         5.2233
3269        5.17448
3269        2.83527
3269         4.9052
3269        4.13157
3269        4.54634
3269        5.37386
3269        2.02021
3269        2.88758
3269        2.08912
3269        1.83937
3269        1.25852
3269        5.45054
3269        1.94709
3269        4.56654
3269         2.7987
3269        5.95366
3269        5.72157
3269        1.04616
3269        1.89884
3269        2.25342
3269       0.326414
3269        2.40274
3269        5.29495
3269        2.11195
3269        2.40352
3269        2.56501
3269        3.68655
3269        1.60348
3269        3.16551
3269        5.75304
3269        2.07784
3269        2.68437
3269        2.31316
3269        5.83767
3269        5.72865
3269        4.93378
3269        1.87322
3269        2.56651
3269        5.41622
3269        4.98205
3269        5.07081
3269        2.39464
3269        4.26765
3269        4.29788
3269        3.26123
3269        1.60567
3269        4.35834
3269       0.971862
3269         2.7827
3269        3.93593
3269        2.11671
3269        3.29966
3269        1.60112
3269        3.05502
3269        4.42712
3269       0.209733
3269        2.04096
3269        4.45627
3269        1.96946
3269       0.110667
3269        1.94079
3269        4.82347
3269        1.20934
3269        1.20864
3269        4.87151
3269        4.76729
3269        2.29927
3269        4.86533
3269        1.97275
3269        1.92999
3269        2.70039
3269        1.84381
3269        3.10285
3269         2.7241
3269        1.54667
3269        4.93365
3269        3.84363
3269        3.53081
3269        2.67961
3269        5.97182
3269        6.25184
3269        1.45189
3269         4.4933
3269        2.34218
3269        5.01557
3269        4.55987
3269        1.70008
3269         4.0556
3269        5.42319
3269        4.45785
3269        5.86568
3269         5.1824
3269        2.78196
3269        4.81613
3269        1.84117
3269        4.48387
3269        4.25257
3269        5.02482
3269         3.5997
3269        5.65459
3269        0.72983
3269        5.63255
3269       0.997492
3269        2.32389
3269        2.92911
3269       0.906914
3269        3.43624
3269        1.73947
3269        4.40811
3269        2.90008
3269       0.594353
3269        1.89437
3269        2.48358
3269        4.73395
3269       0.895265
3269        4.45108
3269        2.48448
3269        2.84222
3269        1.75636
3269       0.225738
3269        5.38223
3269        2.10603
3269        1.28981
3269        3.50787
3269       0.422336
3269         1.8508
3269         2.3597
3269        4.75706
3269        5.67954
3269        4.42356
3269        3.11542
3269        1.48203
3269        5.94035
3269        5.46074
3269        1.22971
3269        5.38465
3269       0.479658
3269        4.34405
3269        1.64287
3269         0.5897
3269        5.21225
3269        4.65356
3269        4.68148
3269        4.72852
3269        0.82711
3269        5.48654
3269        5.73555
3269        0.52098
3269       0.117929
3269        2.72103
3269        4.23051
3269        2.92803
3269        2.80651
3269        4.07539
3269        3.36982
3269        1.81459
3269        3.68516
3269        5.57528
3269        5.78251
3269        4.22962
3269        1.64756
3269        1.87081
3269        4.08488
3269        5.25093
3269        1.70198
3269        5.44578
3269        1.91052
3269        2.94476
3269        5.90101
3269        4.95951
3269        2.38924
3269        1.26384
3269       0.449965
3269        4.61084
3269        3.44328
3269        1.92468
3269        5.72107
3269        4.45536
3269        5.08048
3269        1.23498
3269        5.43329
3269        6.09813
3269      0.0638643
3269        2.55305
3269        6.12587
3269        5.34652
3269          5.232
3269        2.06301
3269       0.595006
3269        5.64177
3269        1.39058
3269        2.15759
3269        5.61968
3269        6.27975
3269        5.25107
3269        1.01533
3269       0.815671
3269        5.25846
3269        1.10191
3269        1.98164
3269        2.67868
3269        3.18413
3269        1.96553
3269        6.09869
3269        3.72738
3269          3.306
3269        5.19009
3269        1.65913
3269        1.40296
3269        2.18644
3269        4.75504
3269        5.47409
3269        1.32484
3269         2.3574
3269         2.6042
3269        5.70693
3269        5.69908
3269        0.87026
3269        4.12164
3269       0.713138
3269        2.99729
3269        6.07013
3269        3.26556
3269        6.23445
3269        2.50519
3269        4.27017
3269       0.675967
3269        1.89599
3269        2.25757
3269        2.62194
3269        5.59079
3269        5.40694
3269        2.03924
3269         1.8302
3269         1.0602
3269          1.403
3269        2.07954
3269       0.445455
3269       0.350272
3269       0.560651
3269        4.17746
3269        3.42636
3269        5.38466
3269        4.40413
3269        2.38752
3269        6.23031
3269        4.65399
3269        3.31066
3269        3.00846
3269        0.94242
3269        6.21186
3269       0.415207
3269        2.22367
3269       0.644415
3269         4.9782
3269      0.0119451
3269        3.62819
3269        4.13026
3269         4.6711
3269        5.38335
3269         1.0383
3269        4.87005
3269        5.45267
3269        2.55003
3269        5.55692
3269        5.21318
3269        4.80152
3269        2.29927
3269         4.5008
3269        2.41366
3269        3.50794
3269       0.876594
3269        6.25675
3269        1.57059
3269        5.45471
3269        3.87882
3269         5.2794
3269        1.49034
3269        5.79981
3269        5.26147
3269        2.48922
3269        6.15067
3269        4.25314
3269        2.10339
3269        5.86395
3269         3.5652
3269        3.84043
3269        2.24976
3269        5.93746
3269         3.8814
3269       0.581088
3269        1.87646
3269        4.14236
3269        4.82904
3269        2.72906
3269        2.72746
3269        4.84341
3269         2.0252
3269        4.10431
3269        3.46123
3269        3.63865
3269         2.5732
3269        2.32417
3269         4.3724
3269        2.73136
3269        4.96336
3269        4.48773
3269        2.47165
3269        4.56644
3269        1.02633
3269        1.14415
3269        4.67982
3269        1.43414
3269        4.38571
3269        2.71614
3269        3.71362
3269        4.47931
3269        2.43555
3269        2.85823
3269        3.85633
3269        5.86628
3269        3.49466
3269        1.94448
3269        5.14464
3269        4.20833
3269        1.48804
3269        3.54211
3269        1.83487
3269       0.674764
3269       0.392834
3269       0.497964
3269        5.09206
3269        2.70829
3269        4.20038
3269        1.45294
3269        0.29663
3269        2.79311
3269        5.76062
3269        3.61763
3269        4.36251
3269        4.46806
3269        3.19509
3269          0.107
3269        5.23249
3269        1.97615
3269        2.37335
3269       0.715745
3269        3.66326
3269        3.80093
3269        2.81804
3269        4.46619
3269        5.12717
3269        3.07674
3269        4.10942
3269        3.23812
3269         4.8649
3269        1.09773
3269        1.84269
3269       0.324936
3269        3.89991
3269        3.74677
3269        2.60603
3269        5.93717
3269        2.97834
3269        3.23439
3269        5.82298
3269        4.60289
3269        4.69645
3269        5.45772
3269        4.39641
3269        1.06372
3269        2.40077
3269        4.11443
3269        2.93128
3269         2.1663
3269       0.519241
3269         5.8275
3269        3.56542
3269        1.84554
3269        4.84326
3269       0.749665
3269        1.88196
3269        2.13699
3269        3.34625
3269        3.94662
3269        1.99669
3269        1.18262
3269        4.97633
3269        2.88617
3269        1.30191
3269        4.46135
3269        5.04978
3269        4.13851
3269       0.554473
3269        1.58192
3269        5.92712
3269         4.5825
3269         5.0795
3269         1.9927
3269        1.10881
3269       0.610525
3269        4.32687
3269        5.21057
3269        0.93367
3269        1.18834
3269      0.0074254
3269        4.88866
3269       0.411251
3269        1.24674
3269        4.86062
3269        5.65236
3269        5.96223
3269       0.257694
3269        4.53966
3269        3.70476
3269        3.96859
3269       0.225667
3269        2.23278
3269        3.06745
3269        4.99295
3269        0.44732
3269         4.2644
3269       0.866188
3269        1.48436
3269        1.48706
3269        2.98094
3269        4.97513
3269        5.12531
3269        4.47796
3269         3.6916
3269        2.14311
3269         3.7775
3269        3.06427
3269        5.58358
3269        5.02507
3269        5.05839
3269        1.88808
3269        1.59156
3269       0.308333
3269        1.73494
3269       0.431061
3269        2.23608
3269        5.52142
3269        5.70702
3269       0.953809
3269       0.913969
3269        4.76602
3269       0.971793
3269        3.10821
3269        5.04227
3269        1.99308
3269         5.0704
3269        1.06066
3269        5.67545
3269        4.18365
3269       0.219137
3269        6.23973
3269         3.9499
3269        5.11783
3269        3.07039
3269        1.70403
3269          5.075
3269        1.31317
3269        4.93651
3269        2.64374
3269        1.44615
3269        4.39966
3269        2.39253
3269        4.15002
3269       0.416912
3269        3.35582
3269         3.5516
3269         5.3014
3269        5.57887
3269        4.57864
3269        5.17515
3269        5.25252
3269        2.14989
3269        1.72973
3269        1.16179
3269        1.87757
3269        4.16324
3269        2.20613
3269        6.02529
3269        4.84268
3269        1.24399
3269        1.00644
3269        3.77711
3269        4.90127
3269        5.58219
3269         1.8011
3269         3.1161
3269       0.968097
3269        2.11315
3269        6.01986
3269       0.346207
3269        5.48068
3269        2.63191
3269        3.60319
3269        5.48099
3269        5.28192
3269        2.91184
3269       0.588541
3269        3.59513
3269         5.6028
3269        4.96543
3269        3.25025
3269        2.45453
3269         3.6644
3269        3.35128
3269        6.28249
3269       0.538716
3269        1.01586
3269        4.73467
3269        1.34819
3269        4.86393
3269        3.05135
3269        1.65901
3269        2.02197
3269       0.865697
3269        2.02369
3269        4.15632
3269        2.47282
3269        4.42904
3269        5.66949
3269        4.26454
3269        5.98859
3269        1.43137
3269        5.68084
3269        4.81352
3269        4.35126
3269        1.82567
3269        3.24008
3269        4.03777
3269        4.14358
3269        6.12925
3269        4.53269
3269        5.95912
3269         2.1036
3269         2.7061
3269        3.98256
3269        5.36008
3269        1.61291
3269        2.69799
3269       0.866614
3269        2.77055
3269       0.232777
3269        4.12862
3269        4.51519
3269       0.691993
3269         3.8394
3269        2.84056
3269        4.72726
3269        5.20204
3269        4.81694
3269        2.30816
3269        4.45181
3269        4.41772
3269        4.05129
3269        1.15189
3269      0.0224844
3269        5.79002
3269        5.87715
3269        1.23095
3269        4.20955
3269       0.271118
3269        1.59822
3269        2.19635
3269        5.14589
3269        2.41744
3269        4.22572
3269          4.901
3269        5.21102
3269        1.50623
3269        4.03606
3269       0.676187
3269        3.59756
3269        3.62499
3269         1.9477
3269        4.15303
3269      0.0211544
3269        4.33249
3269        3.11576
3269        4.48423
3269        5.18741
3269        2.79445
3269         6.1453
3269        3.47538
3269       0.025137
3269        4.29198
3269        3.94448
3269        5.64199
3269        1.24604
3269         2.4903
3269       0.800448
3269       0.215724
3269        4.71496
3269        4.41669
3269        2.37235
3269        2.18959
3269        3.01819
3269        5.14309
3269        4.80518
3269        4.17595
3269       0.785529
3269        1.70803
3269        3.24718
3269        4.78673
3269         5.6886
3269       0.965741
3269        6.11291
3269        6.11825
3269        5.89502
3269        1.46447
3269        1.80428
3269        5.93535
3269        5.51506
3269        1.05764
3269         3.4688
3269        5.91469
3269        4.23348
3269        5.06843
3269        5.03994
3269        1.91658
3269         1.4315
3269        1.00221
3269        3.32928
3269         3.8274
3269        5.47135
3269        4.55478
3269       0.897943
3269        4.57613
3269        4.99567
3269        5.76483
3269        2.14364
3269         4.0167
3269         3.2866
3269        1.79779
3269        5.39891
3269        1.38398
3269       0.771409
3269       0.884262
3269        5.46985
3269       0.358937
3269        2.85911
3269       0.282927
3269        6.23132
3269        5.86579
3269        4.70138
3269        3.01059
3269        2.18928
3269        2.60717
3269        5.20993
3269        4.94404
3269        5.20035
3269       0.027396
3269        3.84083
3269        4.49647
3269        5.87009
3269        4.29071
3269        4.29687
3269        1.88686
3269        1.70651
3269        3.91252
3269        4.07308
3269        1.69433
3269        5.75002
3269        3.85323
3269        4.63664
3269        4.33321
3269      0.0479141
3269        3.73538
3269        1.25119
3269        3.18523
3269         5.6716
3269        4.58511
3269        1.11046
3269        5.04076
3269        3.98757
3269        2.97679
3269        3.54216
3269        4.95704
3269        1.99099
3269        4.67718
3269        1.68075
3269        1.89298
3269        1.83011
3269         4.2845
3269        6.21065
3269       0.894461
3269      0.0125304
3269        6.21049
3269        2.30518
3269        2.01559
3269      0.0151959
3269        2.15561
3269        4.30537
3269        3.36525
3269        3.86939
3269       0.157832
3269        2.78936
3269        5.50875
3269        2.76454
3269         3.5982
3269        2.28023
3269        5.42165
3269        2.84591
3269        4.15792
3269        4.93746
3269         5.9142
3269         1.4297
3269        2.37803
3269        1.31197
3269        1.34853
3269        2.10081
3269       0.845841
3269        5.18208
3269        1.22281
3269        5.16475
3269         3.5885
3269        5.22799
3269        4.91071
3269        3.86323
3269        4.68978
3269        3.41057
3269        2.54813
3269        2.25753
3269        2.07232
3269        4.50651
3269       0.343191
3269        5.21624
3269        3.12376
3269       0.156631
3269        3.54344
3269        4.98887
3269        2.39615
3269        4.43302
3269        3.46177
3269        3.63242
3269        1.52781
3269        2.16374
3269         5.9747
3269        4.40946
3269        6.28312
3269        5.32123
3269        4.66184
3269       0.405022
3269        5.21897
3269        2.97777
3269       0.110623
3269      0.0779527
3269        5.10615
3269        5.87804
3269        4.06314
3269        5.02727
3269        3.29779
3269        5.22263
3269        3.75353
3269        4.21638
3269        2.81723
3269        2.76685
3269        1.90008
3269        4.31213
3269       0.104152
3269        5.56561
3269        2.77119
3269        1.33898
3269        1.64105
3269        4.57639
3269     0.00935821
3269        1.04471
3269        3.49327
3269         5.3266
3269        5.42705
3269        4.51543
3269        1.70575
3269         5.0976
3269        4.81646
3269        2.22157
3269        5.41059
3269        1.63443
3269        5.17003
3269        4.67505
3269         1.9486
3269        0.24598
3269        5.40582
3269        1.14791
3269        4.07863
3269       0.156235
3269        5.69778
3269       0.100844
3269        6.25337
3269        1.16666
3269        4.95485
3269         5.0386
3269       0.263007
3269        2.60858
3269        1.82035
3269        4.73844
3269        6.21948
3269        5.34142
3269      0.0577258
3269        5.35208
3269        6.00013
3269        5.24192
3269        3.83785
3269        3.55663
3269        3.49957
3269        4.35336
3269        3.84073
3269        2.76917
3269        5.54888
3269        2.81072
3269        1.17131
3269        2.86421
3269        5.10095
3269       0.577343
3269        5.44441
3269      0.0840192
3269        1.42493
3269        3.02309
3269        5.88102
3269        1.28307
3269        1.77723
3269        3.88352
3269        2.27858
3269        3.69407
3269        4.02914
3269        5.86074
3269       0.485848
3269       0.072536
3269        4.03989
3269         5.9352
3269        4.79076
3269        4.19222
3269        5.33608
3269        4.88042
3269        5.89603
3269       0.928429
3269         5.7496
3269        2.09929
3269        3.67822
3269         5.2453
3269        3.96746
3269        2.36326
3269        2.44187
3269        1.27187
3269        5.58756
3269        4.23155
3269        1.02464
3269        2.87269
3269        4.51362
3269        5.15387
3269        1.53858
3269        1.79223
3269        2.26831
3269        3.75934
3269        4.64049
3269        1.96203
3269         4.2168
3269        5.31499
3269       0.965424
3269         4.6615
3269        3.58824
3269        2.62771
3269       0.714688
3269        4.86133
3269        4.92659
3269        4.53348
3269        1.42116
3269         4.6433
3269        1.95571
3269        3.36467
3269        2.11131
3269        1.30167
3269        3.19474
3269        1.80803
3269        5.68641
3269        2.68082
3269        1.75931
3269        1.39614
3269        1.02724
3269        4.62311
3269        4.95878
3269         6.1014
3269        4.30876
3269         5.1739
3269        5.71967
3269        1.77756
3269        6.20899
3269        2.95666
3269        1.93451
3269        3.20117
3269       0.187332
3269        4.21719
3269        5.99374
3269        4.24099
3269        3.32615
3269        1.96635
3269        1.56288
3269        5.32374
3269        4.42261
3269        5.91344
3269        4.83356
3269         2.9652
3269        1.42253
3269        3.89232
3269        5.17196
3269         2.8929
3269        1.48719
3269        1.28215
3269        3.20107
3269        2.98915
3269        2.35831
3269         4.4013
3269        4.60225
3269        4.60161
3269       0.620049
3269        2.95322
3269        3.44731
3269        2.37446
3269        3.73261
3269        1.07986
3269        5.47966
3269        4.39346
3269        1.46479
3269        3.54422
3269        3.01568
3269        1.64946
3269         1.3837
3269        2.24085
3269       0.536143
3269        2.04377
3269        5.52926
3269        5.18437
3269         4.3222
3269        1.25842
3269       0.554253
3269        1.72978
3269         2.1514
3269        2.54343
3269        3.35737
3269        5.88729
3269        3.32032
3269      0.0989389
3269       0.812717
3269         4.9603
3269        1.60521
3269        3.49137
3269         4.5327
3269        3.47006
3269        5.77585
3269        4.77467
3269       0.188029
3269        5.83686
3269       0.667567
3269        5.88992
3269         3.5285
3269        2.96653
3269        6.10034
3269         4.2314
3269        1.11518
3269        2.37615
3269       0.372029
3269        1.42752
3269        6.20995
3269        3.42549
3269        4.60715
3269        6.03959
3269         1.0851
3269        1.46595
3269        3.42711
3269        1.07151
3269        1.57938
3269        4.42877
3269        5.03964
3269        4.80291
3269        1.25982
3269        5.39079
3269        3.74359
3269        2.26687
3269        4.47989
3269        5.64464
3269        2.32261
3269        5.77324
3269        4.03136
3269        1.21352
3269        1.85905
3269        1.71517
