3505        1.02099
3505         4.9463
3505        1.97221
3505        4.67271
3505        3.99397
3505        1.88329
3505       0.919544
3505        1.55521
3505         3.4832
3505       0.320753
3505        5.06415
3505        3.55616
3505        2.86833
3505        4.36645
3505        3.76181
3505        5.56151
3505        3.94631
3505         4.8234
3505         3.8015
3505        5.33582
3505        6.09521
3505        1.69256
3505        5.01644
3505      0.0948957
3505        4.27814
3505        2.75794
3505        1.63354
3505        3.50695
3505        2.89175
3505        6.03019
3505        2.59774
3505       0.330249
3505        2.78188
3505        1.44793
3505        5.54739
3505       0.929026
3505        2.96998
3505        4.46056
3505        2.06031
3505        4.21526
3505        4.49374
3505        2.37501
3505        4.66261
3505        2.03808
3505        1.71174
3505       0.134831
3505         3.0396
3505        4.09049
3505        4.35671
3505        4.55712
3505        4.88818
3505        6.26702
3505         4.6214
3505        1.31157
3505        2.39674
3505        1.47233
3505        2.61983
3505       0.857393
3505        3.30532
3505         4.2478
3505         4.1645
3505        3.91927
3505        1.67772
3505        5.59656
3505       0.886933
3505        1.31311
3505        3.61132
3505        2.96861
3505       0.304689
3505        1.97563
3505       0.247216
3505        2.86432
3505        5.20373
3505        3.92376
3505        3.86556
3505        4.23196
3505        4.91126
3505        0.50804
3505        1.04686
3505        5.13834
3505        3.11573
3505        6.15122
3505        5.18542
3505         3.8252
3505        4.47722
3505       0.930442
3505        0.64252
3505        4.60488
3505        1.38154
3505        5.15118
3505        4.14069
3505        1.18277
3505        1.44088
3505        1.16484
3505        5.24117
3505        5.49717
3505       0.558453
3505        3.93601
3505        4.56171
3505        5.41448
3505        5.62758
3505        5.19416
3505        4.91168
3505        2.98707
3505        5.74462
3505       0.410965
3505         4.2549
3505        1.60735
3505       0.068138
3505        4.52841
3505        5.10371
3505        4.27807
3505        1.57621
3505       0.752075
3505        4.04112
3505        1.45758
3505       0.843238
3505        2.72806
3505        6.16862
3505       0.337664
3505         1.5907
3505        4.09558
3505        3.90079
3505        1.47599
3505        5.22279
3505        1.37106
3505         4.0188
3505        2.12038
3505       0.543912
3505        4.21812
3505       0.187571
3505        6.12193
3505        4.23187
3505         2.3755
3505        4.99997
3505       0.883892
3505         4.2299
3505        5.25992
3505        4.35067
3505        1.66789
3505        3.02163
3505         2.0229
3505        3.95332
3505        3.77977
3505        1.03021
3505        0.51644
3505        1.30681
3505        3.65998
3505        1.12368
3505        4.72354
3505        4.93618
3505        3.75931
3505        3.92003
3505        1.41782
3505        3.93708
3505        1.14938
3505        4.30991
3505       0.768897
3505       0.362347
3505        1.26983
3505        5.92193
3505        5.37824
3505        2.00646
3505        6.23354
3505        3.15973
3505        2.22013
3505        1.27081
3505        2.53969
3505        4.56895
3505        2.88854
3505        5.33425
3505        1.26205
3505        2.60861
3505        2.69793
3505       0.495216
3505        3.64743
3505         4.9404
3505        2.74161
3505      0.0663393
3505        4.32609
3505        2.67083
3505         2.8435
3505       0.440331
3505        4.89555
3505        1.13498
3505        1.91307
3505        2.03398
3505        4.23688
3505        2.79463
3505        1.55808
3505        5.28923
3505        5.67364
3505        4.09438
3505          1.736
3505        1.51847
3505        1.42866
3505        1.41541
3505        5.08746
3505        5.01793
3505        4.75666
3505        5.38457
3505        5.22559
3505       0.847344
3505        4.68256
3505        3.54014
3505        4.26917
3505        4.49856
3505        5.20678
3505          3.588
3505        3.44019
3505        5.87552
3505       0.612011
3505        5.28034
3505        3.35966
3505       0.154632
3505        3.91066
3505        3.58375
3505        5.44361
3505        5.65219
3505        1.04189
3505         4.6828
3505        5.09305
3505        3.66392
3505       0.208788
3505        3.93437
3505       0.426251
3505        1.49349
3505        3.64051
3505         3.6808
3505        3.96038
3505        1.60408
3505         0.4306
3505        3.86648
3505        1.05825
3505        5.36379
3505        5.10843
3505        2.05311
3505        0.85415
3505        3.00351
3505       0.846542
3505        0.67648
3505        5.37407
3505        5.18993
3505      0.0217118
3505        4.50568
3505         1.7421
3505        3.88032
3505        3.76307
3505        1.51367
3505        1.36509
3505        1.35623
3505        2.01617
3505        5.27753
3505        4.65202
3505        0.76912
3505        3.76749
3505        4.66778
3505       0.080284
3505        1.68717
3505          1.632
3505        6.11445
3505       0.878409
3505        4.27396
3505        5.51513
3505        2.40603
3505        3.90535
3505        2.06799
3505        4.00691
3505        3.56392
3505        4.02434
3505        4.25946
3505       0.121971
3505       0.424902
3505        4.70258
3505        1.68095
3505        1.56348
3505         4.9206
3505        3.33006
3505        5.69749
3505        4.36993
3505        3.86649
3505        6.13333
3505        1.11002
3505        2.38231
3505       0.751333
3505       0.628269
3505         2.3259
3505        5.87392
3505        1.75277
3505        4.74369
3505        4.05092
3505        1.90929
3505        4.33677
3505         4.2649
3505        4.50631
3505        2.77127
3505        4.00345
3505        4.30659
3505       0.835516
3505       0.114281
3505        4.45524
3505        5.15848
3505        3.44571
3505        5.77917
3505        5.98429
3505        3.18603
3505        5.16514
3505        2.06685
3505       0.863441
3505         3.5894
3505        3.13888
3505        3.01458
3505        1.04878
3505        3.53631
3505        4.21254
3505        3.96265
3505        4.35834
3505        0.82391
3505      0.0233662
3505        1.67494
3505        4.84924
3505         4.1727
3505        3.60688
3505        4.49463
3505        5.67024
3505        3.88343
3505        4.17812
3505        4.95272
3505        4.86563
3505        4.84525
3505         4.6721
3505        2.57612
3505       0.317334
3505          4.772
3505        3.95591
3505        1.35613
3505        2.41885
3505        2.62652
3505        4.70369
3505        5.28157
3505        4.26082
3505         5.8085
3505        6.15005
3505        5.83627
3505        4.20644
3505         6.0506
3505       0.408498
3505        4.13319
3505        3.31947
3505        1.06905
3505        4.71468
3505         3.0355
3505        5.26339
3505        3.84606
3505        1.71065
3505        4.40918
3505       0.838784
3505       0.519794
3505        1.85297
3505        3.54789
3505        4.83006
3505        3.74077
3505        5.30123
3505        1.91647
3505        4.90491
3505        5.33169
3505        4.84057
3505        3.13034
3505        5.13747
3505        4.05095
3505        1.94732
3505       0.192915
3505        2.01087
3505        2.06782
3505        4.16123
3505        5.28512
3505        3.18702
3505        4.13158
3505        4.00078
3505        5.02303
3505         3.7622
3505        4.65047
3505        3.94385
3505        4.33529
3505        2.13194
3505        1.69023
3505        3.35243
3505        4.57287
3505       0.868227
3505        1.62784
3505         5.1443
3505        3.39868
3505        5.18754
3505        1.61763
3505        3.62976
3505        4.40009
3505       0.642456
3505          3.319
3505        4.81748
3505        1.97129
3505        4.36415
3505         4.4747
3505        5.59524
3505        4.63134
3505        5.09115
3505        4.93241
3505        3.88206
3505       0.475526
3505       0.890481
3505       0.813951
3505        1.77358
3505       0.373092
3505        4.33651
3505        1.96686
3505        5.43511
3505      0.0788098
3505       0.126344
3505        4.02705
3505        5.91067
3505         1.3689
3505        3.16488
3505        3.20193
3505        4.42096
3505        5.50163
3505        6.01185
3505        4.06496
3505        1.60107
3505          0.732
3505        5.24119
3505        3.39192
3505        2.40055
3505        0.59945
3505        5.12985
3505       0.702221
3505         4.1652
3505         1.3514
3505        4.68351
3505        2.01981
3505       0.571514
3505        3.40999
3505        1.46721
3505        6.26359
3505        1.81791
3505        4.94729
3505        1.95628
3505        4.06019
3505         1.4133
3505        5.41576
3505         1.3438
3505        1.49826
3505        4.68084
3505        4.77029
3505        4.19965
3505        5.44959
3505        3.39598
3505       0.688004
3505        4.23286
3505        3.68173
3505        2.65786
3505       0.533575
3505        5.56642
3505        4.20193
3505       0.171243
3505       0.475533
3505        1.94273
3505        4.77485
3505        4.16689
3505         3.0774
3505        1.07351
3505       0.944339
3505        1.64972
3505        1.14567
3505        5.30661
3505       0.269078
3505        2.91218
3505       0.964978
3505        4.98706
3505       0.203731
3505         1.5963
3505         3.6291
3505        2.71136
3505        4.49484
3505        4.66086
3505        4.60399
3505       0.159563
3505        5.40573
3505        4.41249
3505        3.42229
3505        2.92719
3505        2.03711
3505        2.06548
3505      0.0490533
3505        6.13046
3505        1.40365
3505       0.850436
3505       0.655552
3505        3.90295
3505        1.59936
3505        3.43238
3505        5.28281
3505        1.55706
3505        4.56421
3505        4.91446
3505        4.36145
3505         1.5916
3505        4.85697
3505        4.60315
3505        1.67807
3505        1.19049
3505        3.00183
3505        3.76622
3505        1.16245
3505        4.87942
3505         1.8687
3505       0.752305
3505        1.33124
3505       0.473381
3505        5.41412
3505        1.46348
3505        1.50599
3505       0.592869
3505        2.31544
3505         5.2266
3505        2.28294
3505        3.02716
3505        1.57324
3505        1.54183
3505        4.51244
3505        3.95538
3505        4.04019
3505        4.20003
3505        1.24977
3505       0.278987
3505      0.0462295
3505        1.11523
3505         2.3325
3505        3.63428
3505        4.92449
3505        3.66922
3505        1.93734
3505        1.16541
3505        4.19057
3505       0.881372
3505        5.09305
3505       0.795944
3505        3.89604
3505          3.784
3505        4.24679
3505        1.10762
3505       0.901754
3505        2.96349
3505        0.71509
3505         5.6537
3505        6.09396
3505        5.21961
3505        1.63241
3505       0.512892
3505        5.87082
3505       0.628705
3505       0.529166
3505       0.154576
3505        1.61244
3505        1.77063
3505        1.08507
3505        1.29782
3505        1.18063
3505        2.50195
3505        1.22413
3505         3.2872
3505        1.69374
3505        3.34351
3505        5.00421
3505        5.94826
3505        3.12299
3505        4.43284
3505        4.06502
3505        4.37855
3505        1.60144
3505        5.04795
3505        0.64322
3505        1.50168
3505         2.1747
3505        5.43715
3505        2.57558
3505        4.98639
3505       0.594738
3505       0.791712
3505        5.28989
3505        5.59618
3505        4.80937
3505         1.8411
3505       0.390114
3505        5.82475
3505        4.73696
3505        1.15825
3505        2.88314
3505        6.26058
3505        5.26572
3505        3.23756
3505        6.12637
3505       0.307957
3505      0.0106446
3505        1.05228
3505       0.710582
3505        1.34334
3505       0.944856
3505        4.64717
3505        5.72786
3505        5.06182
3505         2.0157
3505        1.50817
3505        1.73819
3505        4.53508
3505        1.14869
3505        1.89534
3505        4.23714
3505        5.81754
3505        3.86757
3505        1.74176
3505        4.78453
3505         1.7826
3505       0.528165
3505        4.03114
3505       0.382153
3505        1.19804
3505        3.00082
3505         4.0913
3505        3.49695
3505        4.07606
3505        0.97612
3505       0.396247
3505         4.5028
3505         3.4595
3505       0.173551
3505        5.13865
3505        4.06568
3505       0.805317
3505        3.50369
3505       0.545246
3505        4.03306
3505       0.998875
3505        4.02919
3505        4.14084
3505        4.23374
3505       0.838746
3505        3.11061
3505       0.252963
3505        1.32761
3505         2.4531
3505         2.2452
3505         2.7742
3505        1.11901
3505        4.52666
3505        4.43168
3505        4.26357
3505        0.77837
3505       0.601619
3505       0.454634
3505        4.37516
3505         5.1109
3505        3.67252
3505        6.20553
3505        5.19547
3505        4.08478
3505        2.42251
3505        3.55622
3505        5.02862
3505       0.496731
3505        1.06618
3505        5.30887
3505        3.18075
3505        5.91305
3505        2.43449
3505        2.90355
3505        3.95475
3505        4.72331
3505        4.85271
3505        1.06581
3505        6.16106
3505       0.757129
3505       0.337151
3505        3.92003
3505        2.82542
3505        1.59191
3505        5.21895
3505        4.67143
3505        3.54599
3505          1.674
3505       0.526213
3505        3.74111
3505        5.90655
3505        5.03311
3505        4.66295
3505        1.78333
3505         4.9936
3505        1.67821
3505        4.07279
3505        4.64734
3505        3.77112
3505        1.88234
3505       0.134901
3505        2.62307
3505         3.8116
3505       0.435051
3505       0.681709
3505        1.58612
3505        2.53559
3505        2.92818
3505        3.29868
3505       0.842444
3505        4.22313
3505        4.59086
3505       0.623912
3505        1.67561
3505        4.20627
3505        1.00111
3505       0.727765
3505        2.49664
3505        4.04626
3505       0.202211
3505        4.48542
3505       0.248442
3505        3.28195
3505        2.54101
3505       0.396952
3505        5.41628
3505        4.98938
3505        3.96339
3505        4.08003
3505        3.73389
3505        4.72459
3505         5.0787
3505        4.50529
3505        4.06584
3505        4.30619
3505        3.90121
3505        5.80441
3505        2.22606
3505        3.38318
3505        4.87749
3505        1.60995
3505        5.42371
3505        2.43456
3505        3.24406
3505         5.2347
3505        1.80034
3505        2.37415
3505        3.90203
3505        0.71685
3505        5.61085
3505        5.82133
3505        4.00062
3505        1.92481
3505        1.54777
3505       0.175457
3505        4.07288
3505         4.0829
3505        1.57591
3505        5.88453
3505        1.70007
3505        1.71839
3505        5.79835
3505        3.84465
3505        1.44423
3505        3.55829
3505        1.74105
3505        2.53457
3505         5.4724
3505        2.00802
3505       0.234188
3505        4.74635
3505        4.81799
3505         1.9185
3505         1.6957
3505        3.43881
3505        3.66723
3505        3.49006
3505        5.04787
3505        3.87906
3505        4.49831
3505        2.73148
3505        2.25419
3505        5.04057
3505        5.04715
3505        2.38507
3505        5.86448
3505        5.18637
3505        1.67664
3505        4.40431
3505        5.09428
3505        5.05618
3505       0.506565
3505        1.83464
3505        1.10062
3505       0.384392
3505        1.41725
3505        3.92017
3505        2.43278
3505        5.04576
3505        1.01078
3505        2.06646
3505        4.90851
3505        0.53746
3505        2.11453
3505        0.51149
3505        4.02172
3505        3.86036
3505        6.06707
3505       0.674069
3505        4.76165
3505        4.65068
3505        1.44516
3505       0.890662
3505        1.96034
3505        5.27772
3505        2.04009
3505        1.69619
3505        2.60539
3505         1.3679
3505        4.11723
3505        1.04591
3505        3.73625
3505       0.201097
3505        4.70383
3505        1.28922
3505        2.10855
3505        3.85801
3505        3.68489
3505        4.20237
3505          2.431
3505        3.55756
3505        5.38039
3505        2.95784
3505        0.11167
3505       0.366171
3505         2.4088
3505         5.6546
3505           1.27
3505       0.445556
3505        4.93517
3505       0.190628
3505        1.13367
3505        5.60639
3505       0.732991
3505        2.84406
3505       0.618922
3505        2.97769
3505        2.18972
3505       0.881342
3505        4.75184
3505        1.86847
3505        3.79083
3505        1.31859
3505        2.09065
3505        5.65575
3505        6.08617
3505       0.764179
3505        4.44139
3505         4.0718
3505        4.56986
3505        1.65214
3505        1.24405
3505        1.04751
3505        1.55115
3505        4.35824
3505        1.72075
3505        3.32106
3505       0.258525
3505        1.07881
3505        4.68186
3505        2.85735
3505          1.122
3505         3.7279
3505        4.76491
3505        5.40508
3505       0.978707
3505        3.73951
3505        4.10462
3505        1.27009
3505        2.09845
3505        1.69314
3505        3.11033
3505        3.08034
3505       0.353923
3505        5.09558
3505        5.63596
3505        3.21561
3505        1.87454
3505        4.45383
3505        1.66164
3505        1.73271
3505        5.53725
3505        4.72181
3505        2.01136
3505        1.06204
3505         4.5642
3505        1.53741
3505        1.00796
3505        4.11024
3505        1.04099
3505       0.871163
3505      0.0930695
3505       0.739777
3505        4.18079
3505        3.15822
3505        4.74192
3505        2.87012
3505        1.44621
3505        5.34403
3505         4.7702
3505        4.73761
3505        1.10799
3505        5.22261
3505       0.431136
3505        2.95686
3505        4.69241
3505        3.22817
3505        3.44539
3505        5.80984
3505        4.39085
3505        1.31557
3505        5.47839
3505        4.39715
3505        1.11833
3505        1.45774
3505       0.871616
3505        4.44823
3505         2.7878
3505       0.126919
3505        1.64143
3505        1.56835
3505       0.520165
3505        3.29111
3505        1.17648
3505        0.85894
3505        3.79116
3505        3.04974
3505        1.60725
3505        4.16712
3505        4.91716
3505        3.64911
3505        2.46636
3505        1.22275
3505        4.17413
3505        4.73695
3505        4.64838
3505        1.11603
3505        4.73957
3505        3.21038
3505        5.21605
3505        4.66088
3505        4.86494
3505        5.74962
3505        3.19805
3505        3.93563
3505         3.3223
3505        3.76876
3505        2.46866
3505        3.40068
3505        1.37181
3505         3.1862
3505        2.00204
3505        5.94932
3505        3.49096
3505        4.69065
3505        3.29777
3505         3.1895
3505         2.3226
3505        4.24927
3505       0.453211
3505        3.93689
3505         3.7272
3505        2.29286
3505       0.299753
3505        3.34377
3505         3.6223
3505        5.28902
3505        5.69194
3505        5.15126
3505        1.41767
3505        4.39287
3505        4.28321
3505        3.99418
3505       0.971816
3505        1.58324
3505        5.02563
3505        2.68403
3505        4.47631
3505        1.62142
3505        4.31336
3505        5.60956
3505        1.51788
3505        4.05087
3505        3.42267
3505        1.72783
3505         2.1317
3505        4.22361
3505        1.60194
3505        1.71619
3505        3.46722
3505        5.89289
3505         3.9352
3505        2.05824
3505        1.81284
3505        3.20894
3505        5.65894
3505        4.27247
3505       0.543844
3505        3.61751
3505        6.09778
3505       0.682472
3505        4.99591
3505        1.86409
3505        2.27078
3505        4.62577
3505        2.22682
3505        3.76278
3505       0.574126
3505        4.16439
3505        3.69156
3505        4.87663
3505        4.28516
3505        0.91544
3505       0.608057
3505        3.74471
3505        5.46205
3505         2.4875
3505        4.11293
3505        1.44808
3505         4.5776
3505        2.49852
3505        2.41186
3505        5.69336
3505        1.31613
3505        1.17164
3505        4.39875
3505        2.05986
3505        4.80441
3505       0.012997
3505        3.75828
3505        1.21109
3505        4.17346
3505        5.40182
3505        4.40222
3505         1.9136
3505        1.31155
3505        1.75915
3505        3.43925
3505        6.12325
3505        3.47249
3505        1.62167
3505        2.82102
3505        6.04949
3505        4.63709
3505       0.166445
3505        4.77721
3505        1.07713
3505        3.56053
3505        1.87481
3505        1.12659
3505        1.17421
3505        6.27882
3505        2.85445
3505        4.21219
3505        1.95595
3505       0.934048
3505        1.74362
3505       0.957128
3505        4.23085
3505        1.77418
3505        4.94784
3505        3.35514
3505        2.21297
3505       0.112442
3505        5.99698
3505        1.33243
3505        1.83575
3505        1.82294
3505        1.62115
3505        1.51811
3505        2.78113
3505        1.62262
3505        3.65416
3505        3.34687
3505        1.61807
3505        4.55809
3505        4.64725
3505       0.513513
3505       0.582458
3505        3.47011
3505        3.41327
3505        3.45437
3505        2.46657
3505        1.91528
3505        4.13758
3505        5.28189
3505        5.35383
3505        4.92905
3505        5.08644
3505        5.11931
3505        3.76925
3505        1.67261
3505        3.64119
3505        2.01643
3505        3.21232
3505        1.04607
3505       0.763148
3505        2.11305
3505        1.25915
3505        1.01498
3505        1.64341
3505        5.33567
3505       0.467468
3505        4.39609
3505        4.28535
3505        5.48607
3505        1.35957
3505        3.71922
3505        4.66025
3505        4.95338
3505        1.49598
3505        4.61894
3505        4.83289
3505       0.287496
3505       0.475409
3505        4.81309
3505       0.871448
3505         1.5917
3505       0.114725
3505        2.12752
3505        1.47215
3505       0.955731
3505        2.49498
3505        5.35568
3505        1.31466
3505        2.77891
3505        4.34785
3505        5.43095
3505        2.44327
3505        4.36817
3505        5.35785
3505        3.19025
3505         1.0603
3505        4.37132
3505        1.74847
3505        2.48001
3505        3.47179
3505        4.69018
3505        1.20601
3505        4.34915
3505      0.0781137
3505        4.83842
3505        1.00987
3505        3.53018
3505        1.23902
3505         2.0377
3505        4.54593
3505        2.74004
3505        4.10908
3505        5.62305
3505        3.91571
3505        4.32343
3505       0.393394
3505         5.4138
3505       0.220799
3505        5.90608
3505       0.952954
3505       0.900072
3505        3.98797
3505        1.70454
3505        6.24061
3505       0.269724
3505        4.17632
3505        5.17542
3505        4.34319
3505       0.648838
3505          5.854
3505        1.29234
3505        2.24811
3505        5.01486
3505        2.81783
3505        1.65708
3505        4.38737
3505        4.99403
3505       0.653473
3505        3.33708
3505        4.31319
3505         4.9112
3505       0.397134
3505        3.83663
3505        5.09902
3505        2.77228
3505         3.5429
3505        1.09119
3505        4.50997
3505        2.67538
3505        4.39028
3505        2.94294
3505        2.13699
3505        4.88016
3505        6.06006
3505       0.666936
3505       0.672088
3505       0.360083
3505        2.72849
3505        1.07485
3505       0.968327
3505        4.48359
3505        4.79786
3505        2.39918
3505         6.1523
3505        1.72176
3505        4.13217
3505        1.65797
3505        4.44892
3505        3.84358
3505       0.713182
3505        2.03943
3505        3.01451
3505        6.23565
3505         2.2886
3505        1.59207
3505        1.72708
3505        4.06488
3505        4.74533
3505        4.93898
3505        4.23138
3505        1.40632
3505        4.95201
3505       0.735232
3505        1.90016
3505        2.52397
3505         2.9932
3505        4.42668
3505        4.66426
3505        3.14011
3505       0.861088
3505        5.02134
3505        1.51518
3505        2.09836
3505        1.31698
3505        1.44971
3505       0.323872
3505        3.78507
3505        2.12681
3505        5.28498
3505        1.85105
3505        4.52661
3505        2.24255
3505        1.10219
3505        0.11424
3505        4.15179
3505        3.92196
3505        3.64067
3505        1.61301
3505        4.51032
3505        1.36938
3505        3.95771
3505        4.95165
3505        4.46896
3505        3.59462
3505         1.5395
3505        1.20823
3505        4.43229
3505         4.0387
3505        3.50615
3505       0.732589
3505        1.32339
3505        2.09559
3505       0.883153
3505        3.64475
3505        5.42928
3505        1.07144
3505       0.683036
3505        2.89594
3505        6.05838
3505        6.04662
3505        5.37462
3505         3.7242
3505        5.07465
3505      0.0745148
3505        5.77351
3505        3.35726
3505        6.21088
3505        5.39675
3505        3.34951
3505        6.17447
3505        3.81833
3505        2.12881
3505        2.43336
3505          2.326
3505        4.97227
3505        3.99726
3505       0.566535
3505        4.55301
3505         6.2245
3505        1.18493
3505        5.43022
3505       0.757183
3505        3.18379
3505        1.00034
3505        5.82643
3505        1.77506
3505         5.0662
3505        3.82141
3505        4.75021
3505        1.96947
3505        3.65677
3505        1.74157
3505       0.837431
3505        5.38454
3505        1.78939
3505        4.04396
3505       0.897167
3505        4.03793
3505        4.12026
3505        2.67625
3505        4.24289
3505        4.97085
3505        2.02949
3505       0.445794
3505       0.792049
3505        5.32878
3505        1.86526
3505       0.636392
3505          5.167
3505        4.41696
3505       0.520209
3505        1.41417
3505        3.21031
3505        3.70349
3505        1.96672
3505        4.80002
3505        5.45942
3505       0.212955
3505        3.78481
3505        1.04171
3505         3.9618
3505        4.98235
3505        4.93402
3505        1.28709
3505        5.22357
3505         4.1409
3505        4.60699
3505        2.20107
3505        5.58317
3505        5.39159
3505        4.96255
3505        4.05288
3505       0.455345
3505       0.946331
3505        1.60853
3505        2.47561
3505       0.124337
3505       0.604453
3505        5.66681
3505        4.00056
3505        2.16645
3505        1.92266
3505        5.43627
3505       0.299495
3505        5.88816
3505        4.18269
3505        1.01201
3505        1.33405
3505        4.20655
3505       0.649163
3505        2.34098
3505        5.03832
3505         1.7921
3505       0.746773
3505        4.06543
3505       0.677752
3505        5.38338
3505       0.946789
3505        4.24186
3505        4.91589
3505        3.89407
3505        2.14493
3505        5.76179
3505        4.41316
3505        2.02421
3505       0.919906
3505        6.16335
3505        2.11568
3505        1.78996
3505        6.23498
3505        2.47545
3505        1.78346
3505        3.96886
3505         4.7745
3505        1.65728
3505        4.70091
3505        4.35649
3505       0.757034
3505        1.32911
3505        1.30425
3505        2.06225
3505        4.97044
3505       0.437843
3505        3.46245
3505        4.73227
3505        2.21916
3505       0.749495
3505       0.711447
3505       0.647686
3505        3.59491
3505      0.0469549
3505         1.7291
3505        5.35676
3505        5.67445
3505        1.70798
3505        4.74492
3505        1.35229
3505        2.57818
3505        1.82827
3505        1.57633
3505        3.86631
3505        1.35412
3505        5.30386
3505        1.86311
3505        2.89466
3505        1.88905
3505        4.16816
3505        4.36528
3505       0.153208
3505        3.96288
3505        4.53801
3505        5.05635
3505       0.268529
3505        1.33054
3505        1.14953
3505        4.03885
3505        2.84326
3505       0.222938
3505       0.958851
3505        5.27303
3505        2.91029
3505        6.07865
3505        5.29823
3505        4.32083
3505         4.3648
3505        0.32386
3505        2.75074
3505       0.539979
3505       0.805841
3505        4.99807
3505        1.00171
3505       0.336043
3505        4.72891
3505        1.95916
3505        3.69901
3505       0.623479
3505        5.79492
3505        1.89643
3505        1.42951
3505        4.37719
3505        3.73805
3505        2.18979
