3483        4.39074
3483         5.9208
3483        5.47472
3483        1.44387
3483        1.85337
3483        1.85668
3483        4.81644
3483         4.6527
3483        6.14831
3483        4.94757
3483        4.97169
3483        4.88294
3483         2.8668
3483        5.72022
3483        2.17936
3483        2.47799
3483        5.48001
3483        1.02839
3483        2.07115
3483        2.49314
3483        5.01467
3483        5.17688
3483        2.71759
3483        4.66707
3483        5.80017
3483        6.05386
3483        6.25949
3483        4.42623
3483        4.47295
3483        2.20677
3483        4.52823
3483        1.31319
3483        2.10566
3483        2.29635
3483        5.42074
3483        2.08483
3483        2.10741
3483        4.05144
3483        1.43548
3483        6.01069
3483        2.33919
3483        3.40022
3483        2.95924
3483        2.00967
3483        1.48503
3483        2.65123
3483        2.40705
3483        1.87019
3483        3.08416
3483        2.10257
3483         1.8619
3483        2.33303
3483        2.68735
3483        5.33107
3483        4.42182
3483        5.08346
3483        2.61935
3483        1.86194
3483        3.10551
3483        3.83136
3483        5.41668
3483        5.89681
3483        3.03081
3483        1.75762
3483        1.62047
3483        3.26633
3483        3.20957
3483        2.33536
3483        5.16534
3483        2.26061
3483        2.47455
3483        2.60856
3483       0.869344
3483        1.46304
3483       0.657104
3483        5.28927
3483        2.45799
3483         1.0239
3483        4.46618
3483         3.0836
3483        2.69776
3483        1.73607
3483        1.16855
3483         5.2867
3483        4.98859
3483        3.76242
3483        2.03566
3483        2.91759
3483        5.87051
3483        5.15423
3483        5.73598
3483        2.76229
3483        4.98948
3483       0.484067
3483         2.7664
3483        1.67259
3483        2.38734
3483        2.10673
3483        3.17125
3483        3.20918
3483        2.62093
3483        5.42341
3483        5.45247
3483        5.04289
3483        5.46191
3483        1.26653
3483       0.154547
3483         4.7266
3483        2.10775
3483        5.95393
3483       0.744032
3483        5.37301
3483        4.26031
3483         2.7889
3483        5.42343
3483        5.31385
3483        2.13061
3483        4.56735
3483       0.759869
3483        6.03117
3483        1.87846
3483       0.361854
3483        2.93949
3483        4.14054
3483        2.65727
3483        6.10777
3483        5.95901
3483        3.64794
3483        5.47762
3483        1.53648
3483        1.25865
3483        5.89623
3483        1.37949
3483        6.27986
3483        5.42162
3483        1.87192
3483        1.68578
3483        5.10042
3483        1.48511
3483        2.37736
3483         2.7685
3483        4.21731
3483        2.40617
3483        5.00003
3483        2.01471
3483        6.18953
3483        5.14659
3483        5.01365
3483       0.557496
3483        3.11315
3483        6.24834
3483        1.81212
3483        5.37523
3483        2.54342
3483        2.54937
3483        1.88871
3483         1.9456
3483        4.80164
3483        2.16255
3483       0.764615
3483         5.7194
3483         1.7678
3483        5.53152
3483        5.02254
3483        5.93537
3483        3.71931
3483        6.27406
3483         4.9832
3483        2.33487
3483        5.48445
3483        5.69054
3483        1.97854
3483        2.70248
3483        3.15231
3483        4.23372
3483         3.8011
3483        3.51599
3483        6.19682
3483        3.56167
3483        6.04809
3483        5.70489
3483        3.61852
3483        3.79382
3483        5.40019
3483        1.90426
3483         4.9833
3483        4.82266
3483        3.47788
3483        4.19082
3483        3.18541
3483       0.683656
3483        5.22146
3483        1.31608
3483       0.438816
3483        2.70929
3483       0.275252
3483        3.48153
3483        4.35057
3483         2.8671
3483       0.498915
3483        2.36963
3483         4.2089
3483        5.43537
3483        1.87037
3483        3.00552
3483        1.46956
3483        6.13607
3483        5.28825
3483        2.34961
3483     0.00858674
3483        5.76138
3483        3.67787
3483        2.69595
3483        5.59699
3483       0.598705
3483        5.32204
3483        4.15099
3483        1.07326
3483        4.90063
3483         4.2994
3483       0.221742
3483        5.71296
3483        5.51147
3483        3.09011
3483        2.03781
3483        6.14183
3483         6.0972
3483        2.15223
3483         1.4248
3483        3.09581
3483        5.54404
3483        1.03155
3483        1.65039
3483        4.46421
3483        1.05129
3483        5.51165
3483        2.30194
3483        5.29731
3483        3.31054
3483        2.90085
3483        4.57118
3483       0.665749
3483        1.29834
3483        6.07923
3483        1.53699
3483        3.32616
3483        6.18186
3483       0.960766
3483         1.0002
3483        5.83501
3483        5.21825
3483        2.13572
3483        4.07674
3483        4.48068
3483         3.6774
3483        2.18379
3483        5.41883
3483        4.25715
3483        2.16975
3483         1.5538
3483        4.86733
3483       0.523351
3483        5.27427
3483        5.80278
3483        2.72917
3483        3.33093
3483        5.04058
3483        3.36099
3483        5.75157
3483        2.98958
3483        5.34476
3483        5.69194
3483       0.429803
3483        1.83647
3483        5.31036
3483        3.33123
3483        3.42045
3483        5.50923
3483        5.13408
3483        2.12937
3483        1.35876
3483        3.86695
3483        2.58237
3483       0.157239
3483        5.70935
3483        3.76435
3483       0.744214
3483        0.84715
3483       0.300055
3483        4.93917
3483        4.88503
3483        3.41625
3483        3.07649
3483      0.0128697
3483        2.55848
3483        2.11356
3483        2.51479
3483        1.97528
3483        3.04995
3483         5.3683
3483        3.83515
3483        2.93174
3483        1.38333
3483        2.65821
3483        2.79032
3483        4.86281
3483        5.45852
3483        2.62929
3483        2.09399
3483        4.81238
3483         4.1787
3483        3.62623
3483        4.52817
3483        6.28191
3483        5.28171
3483         3.6226
3483        4.28785
3483        3.57394
3483        3.57184
3483        0.57345
3483        3.23085
3483        5.32261
3483        4.56166
3483        1.41424
3483        4.99023
3483         3.5236
3483        5.86189
3483       0.463834
3483       0.238431
3483         5.8634
3483        1.99533
3483        2.11757
3483       0.471026
3483        4.60386
3483        3.80075
3483        3.87772
3483       0.680637
3483       0.712985
3483        4.74978
3483        5.55434
3483       0.497008
3483        3.47139
3483        5.20192
3483        4.46884
3483        4.99425
3483        4.59058
3483        2.75069
3483        5.57247
3483        2.95777
3483         1.4998
3483         2.0321
3483        6.05939
3483        1.33568
3483         1.0095
3483        4.73901
3483        1.27992
3483        5.92246
3483        2.05566
3483        6.03253
3483        1.77725
3483        5.95338
3483        1.14767
3483       0.851346
3483        4.65535
3483        1.18162
3483        1.03658
3483        2.04831
3483         5.8302
3483        1.50808
3483         2.5987
3483        2.76884
3483        1.46893
3483        4.43366
3483         6.0105
3483        3.37454
3483         4.6143
3483        4.84525
3483        3.18069
3483      0.0500541
3483        4.40282
3483        1.11285
3483        5.59814
3483         0.9592
3483       0.429305
3483        3.02776
3483        6.07305
3483        4.30568
3483         4.9018
3483        1.44394
3483         2.0581
3483        6.10266
3483        6.20944
3483        3.55533
3483        3.32283
3483        5.94355
3483        5.67784
3483        2.21243
3483        2.82469
3483        2.80892
3483        5.93944
3483        2.55924
3483        3.89584
3483        4.78727
3483        6.00023
3483        6.03491
3483        5.00925
3483      0.0426164
3483        4.59256
3483        2.70605
3483        3.43566
3483        1.17027
3483       0.390825
3483        2.56262
3483        4.89498
3483        2.25571
3483        6.26073
3483       0.182629
3483        4.91231
3483        1.18896
3483        3.85758
3483        2.91893
3483        2.94594
3483        2.39214
3483        5.86278
3483        3.03174
3483        4.22423
3483        3.16078
3483       0.608222
3483        5.71438
3483       0.406431
3483        5.95742
3483        3.11313
3483        2.69154
3483        1.53373
3483       0.149699
3483        5.79144
3483        5.87116
3483         1.4539
3483         3.0254
3483        4.69579
3483         2.3289
3483        5.39377
3483        6.13556
3483        2.79531
3483        3.61042
3483        6.10294
3483        5.68963
3483      0.0929071
3483        4.39669
3483        4.89416
3483        4.05992
3483        4.69231
3483        3.79862
3483        1.94528
3483        4.10824
3483        5.42261
3483        5.01664
3483        3.05646
3483       0.352211
3483        2.86442
3483        1.45854
3483        4.60666
3483      0.0683441
3483        5.23855
3483         0.6457
3483        1.59219
3483        3.94619
3483        4.01325
3483       0.213067
3483        1.97645
3483        5.61204
3483       0.412994
3483        5.09748
3483       0.336739
3483        4.80084
3483        6.28283
3483        4.79166
3483        2.75308
3483        2.92706
3483        4.09191
3483        4.90647
3483         1.8938
3483        0.16192
3483        2.96951
3483        5.64272
3483        5.50972
3483        1.48472
3483        3.41654
3483        5.61956
3483        4.38259
3483        6.11149
3483        1.27952
3483        5.40049
3483        3.93188
3483        1.58948
3483        2.45721
3483         4.0025
3483        3.55318
3483        3.26456
3483       0.425575
3483        1.97252
3483        5.11382
3483        2.98115
3483      0.0570577
3483         1.8533
3483        5.12533
3483        1.70444
3483         4.8174
3483        2.19744
3483        5.32315
3483        3.76073
3483        4.67275
3483        2.43337
3483        4.57702
3483        5.48341
3483        6.24746
3483        5.54742
3483       0.075187
3483        5.93945
3483         4.4831
3483        5.01472
3483        1.95994
3483        4.41741
3483        4.59806
3483        2.67029
3483        4.06217
3483       0.913353
3483        4.80488
3483        6.15622
3483       0.184883
3483        5.00733
3483        3.55194
3483        2.52677
3483         2.3423
3483         1.0675
3483        5.95639
3483        5.09033
3483        3.54466
3483        6.13897
3483        5.66528
3483       0.617722
3483        5.74338
3483        1.93095
3483        5.99893
3483        1.57948
3483        5.06745
3483        5.89964
3483         5.0236
3483        5.75929
3483        0.10555
3483        4.73487
3483         5.6362
3483        2.25717
3483        2.91939
3483        5.44346
3483        4.84846
3483        2.88734
3483        6.27333
3483        4.71266
