3652        4.78004
3652        4.77306
3652        5.09555
3652        3.42855
3652        2.22796
3652       0.388793
3652        3.59474
3652        2.51198
3652         4.1177
3652        5.19459
3652        4.50382
3652        5.89447
3652        1.63323
3652        1.47563
3652        2.58342
3652        1.79499
3652        5.84004
3652        1.06336
3652       0.124739
3652        4.58614
3652        4.26554
3652        5.32075
3652        1.59126
3652        3.80634
3652        4.62651
3652        1.49966
3652        5.40896
3652       0.531325
3652        4.49766
3652        4.66579
3652        1.21543
3652        1.68384
3652        4.41091
3652      0.0692735
3652        4.08875
3652        2.52345
3652        2.50375
3652        2.83483
3652        2.71008
3652        2.04861
3652         2.1321
3652         1.9477
3652       0.730514
3652        5.92744
3652        3.75545
3652        4.26841
3652       0.981357
3652       0.423042
3652        5.37475
3652        2.30832
3652        2.10844
3652        1.70745
3652        2.42252
3652        4.97174
3652        3.82484
3652        4.51685
3652        4.54969
3652        2.42159
3652        6.04222
3652        1.76896
3652        6.21086
3652        4.85585
3652        6.26795
3652        5.55423
3652       0.991959
3652         1.2275
3652        4.46919
3652        6.21557
3652       0.901681
3652        3.91921
3652        3.21532
3652        4.44181
3652        5.71136
3652       0.886169
3652        2.90178
3652        1.32613
3652        4.74805
3652         3.0075
3652        1.52287
3652         5.0726
3652        1.25653
3652        1.66445
3652       0.290168
3652        5.31926
3652        1.13085
3652        3.08628
3652        5.82908
3652       0.639529
3652        2.21285
3652         2.1892
3652        3.87689
3652        4.99254
3652        6.07892
3652        4.53714
3652        4.19058
3652        6.11459
3652        4.94395
3652        2.67955
3652        4.30039
3652        5.52859
3652        1.38603
3652        5.45065
3652        5.20236
3652        5.68254
3652        4.50942
3652        4.06769
3652        5.71984
3652        5.00407
3652        1.75113
3652        5.71427
3652       0.683436
3652        4.71107
3652        0.91696
3652        4.09339
3652        1.12032
3652        5.01943
3652         4.9533
3652        1.56475
3652        1.71465
3652        4.09056
3652        1.37381
3652        4.12649
3652        5.12868
3652        2.11817
3652        4.06547
3652        0.23698
3652        1.02429
3652        5.51155
3652         5.8432
3652        1.65226
3652        5.58354
3652        6.27932
3652        3.38782
3652        5.67748
3652        3.36854
3652        2.35168
3652       0.324938
3652        1.72646
3652        5.03422
3652        3.52491
3652        2.83409
3652        2.45077
3652        1.24485
3652        3.28214
3652        5.52571
3652        3.65752
3652        3.98498
3652        6.24445
3652        1.63859
3652        1.96334
3652        1.84227
3652       0.185553
3652        2.54546
3652        2.58773
3652        5.64779
3652       0.913813
3652        3.95557
3652        1.49086
3652        4.75731
3652        1.23265
3652        3.69937
3652        3.56058
3652        1.53336
3652        1.45479
3652       0.290226
3652       0.859979
3652        5.49827
3652        5.39715
3652        5.74501
3652        2.16496
3652        5.97384
3652        2.57269
3652       0.123158
3652        4.96775
3652        1.99859
3652        4.69493
3652        5.31721
3652        3.37781
3652        4.01142
3652        1.95138
3652        2.59984
3652        5.03675
3652         1.5631
3652        0.13443
3652        2.91992
3652        3.51015
3652        3.18006
3652        2.96431
3652        5.32264
3652        6.19914
3652        2.56378
3652       0.543751
3652        5.47948
3652        4.77565
3652        1.94603
3652        2.85502
3652        5.82424
3652        3.83554
3652        5.20207
3652        1.03924
3652        3.71077
3652        2.96321
3652        5.30988
3652       0.657652
3652        5.75918
3652        4.86939
3652        3.28762
3652        2.73592
3652        3.62593
3652        2.61515
3652         6.2452
3652         4.4133
3652        6.15055
3652        2.38489
3652        4.64059
3652        4.83354
3652       0.595536
3652        1.47824
3652        3.31868
3652        2.20047
3652      0.0635677
3652        4.26959
3652        4.95305
3652        2.76225
3652       0.110015
3652       0.626865
3652        4.54619
3652         5.4813
3652         4.0092
3652        2.84101
3652        6.03384
3652        1.69404
3652        4.09732
3652        5.70941
3652        2.75817
3652        3.09329
3652        1.31695
3652        3.36176
3652        1.31923
3652        4.90137
3652        2.06789
3652        2.78942
3652      0.0309472
3652        2.38632
3652       0.398463
3652       0.265312
3652       0.911202
3652        2.15938
3652        4.42934
3652        1.12125
3652        2.86727
3652        3.27565
3652        2.83226
3652       0.684979
3652        2.65012
3652        5.55165
3652        2.21089
3652        4.00679
3652        1.63719
3652        2.68218
3652        4.19147
3652        1.64182
3652        1.90863
3652        4.79837
3652        5.11285
3652        3.64863
3652       0.908768
3652       0.795025
3652        2.06823
3652       0.113777
3652        2.04699
3652        4.95849
3652        3.82121
3652        4.66308
3652        1.69186
3652        3.11257
3652        4.95252
3652        6.10389
3652        3.28022
3652        1.35719
3652        2.32439
3652        2.55275
3652        2.50455
3652        2.79512
3652        2.58197
3652        4.47666
3652        3.52805
3652        2.88516
3652        1.76252
3652        5.99608
3652        1.73038
3652        4.14098
3652        3.75302
3652        3.19667
3652        2.04807
3652        3.81013
3652        1.54307
3652        1.12831
3652         1.6389
3652        4.26652
3652           4.66
3652        1.59874
3652         1.6004
3652       0.184329
3652        1.64953
3652       0.901882
3652        1.36694
3652        4.00638
3652       0.184039
3652        4.18894
3652        5.86249
3652        6.17703
3652        4.70749
3652        5.77029
3652       0.332398
3652        5.54011
3652        5.10541
3652        2.06772
3652        1.84879
3652        3.95329
3652        1.34802
3652         5.4123
3652         2.2648
3652        4.90896
3652         2.2968
3652        2.15381
3652        3.71599
3652         1.2563
3652        4.99213
3652        2.66715
3652        1.88117
3652        4.31282
3652        0.98818
3652        0.84489
3652        5.88255
3652        4.55677
3652        3.85456
3652        2.85415
3652        5.72392
3652        1.78523
3652        2.14951
3652       0.225842
3652        3.23735
3652        2.59616
3652       0.673086
3652       0.777523
3652        3.82973
3652        1.23113
3652          3.021
3652       0.287412
3652        5.01369
3652        2.32469
3652        3.30411
3652        4.62894
3652        2.30876
3652         4.6418
3652        1.14283
3652        3.27088
3652       0.528537
3652        2.01593
3652        1.54594
3652        2.28329
3652         3.3646
3652         2.9336
3652      0.0437549
3652        3.73714
3652        2.88812
3652        6.22805
3652        4.51853
3652        3.86038
3652        4.32889
3652        1.46085
3652        3.13679
3652        5.11314
3652       0.465715
3652        5.67102
3652        5.46206
3652         5.1604
3652        3.35022
3652        4.16393
3652        3.96974
3652         5.9044
3652        5.94284
3652        1.73414
3652       0.460092
3652        4.38681
3652        2.02732
3652         1.7607
3652        2.62817
3652        4.87013
3652        4.21322
3652        5.28089
3652        2.50209
3652       0.526781
3652       0.395864
3652        3.70472
3652         4.7621
3652        1.54289
3652        1.91985
3652        6.23159
3652       0.913765
3652        4.66734
3652        2.89864
3652        6.26705
3652        3.30081
3652        3.10206
3652        6.18693
3652         5.0576
3652       0.510777
3652          1.141
3652        1.45925
3652        2.11944
3652        2.47011
3652        3.47101
3652        4.34572
3652        1.48992
3652        1.94095
3652        1.76887
3652        4.59044
3652        3.86391
3652        1.07164
3652        3.84852
3652        5.81136
3652        1.96636
3652        1.72485
3652        5.79085
3652        6.09653
3652        4.61664
3652        5.21238
3652       0.460381
3652        3.05847
3652        6.08838
3652        2.91992
3652        3.98529
3652        5.48533
3652        1.57569
3652        5.48562
3652        3.35831
3652        3.37932
3652         2.7344
3652        4.00391
3652        3.91073
3652        4.27939
3652        5.16617
3652        6.08356
3652       0.608508
3652         3.9943
3652        2.66529
3652        2.70334
3652       0.265832
3652        3.14614
3652        5.66544
3652        1.78403
3652        1.56228
3652        4.99747
3652        3.75525
3652        2.61628
3652        2.88607
3652        5.82716
3652        2.08234
3652       0.600184
3652       0.428085
3652       0.304086
3652        4.82255
3652         5.6255
3652        3.61789
3652       0.351975
3652        2.09484
3652        1.33117
3652        2.24496
3652        4.95272
3652        4.89055
3652        5.83885
3652        4.65983
3652        5.45613
3652        1.04353
3652       0.912123
3652         4.4432
3652        1.86144
3652        3.89252
3652        4.11459
3652        1.03931
3652       0.269779
3652        2.21484
3652        1.72368
3652        4.85373
3652        4.86609
3652        1.19688
3652        2.68278
3652        2.09181
3652          1.873
3652        5.95364
3652        3.73846
3652        2.20894
3652       0.326319
3652         2.6377
3652        1.63352
3652        5.04709
3652        2.07123
3652        3.44722
3652        1.73198
3652        1.73771
3652        6.25216
3652        1.83166
3652       0.732125
3652        1.26046
3652        2.88975
3652        3.90539
3652        1.26629
3652        5.47497
3652          2.912
3652        5.37605
3652         4.5786
3652        1.63766
3652        4.03684
3652        1.90519
3652       0.672176
3652       0.408853
3652        4.61536
3652        4.36961
3652        5.78693
3652       0.850012
3652        2.49891
3652       0.509858
3652        5.84993
3652        1.59642
3652         4.8765
3652         1.1378
3652        3.09445
3652        1.05336
3652       0.150692
3652        3.58571
3652        4.58332
3652        4.76345
3652        1.72277
3652        3.82002
3652        1.31535
3652        3.48222
3652        3.76422
3652        3.27893
3652        1.15759
3652        1.91293
3652        5.51196
3652        2.09836
3652        2.30328
3652        2.77284
3652        1.29066
3652        4.59382
3652        1.45053
3652        1.46531
3652       0.170482
3652        5.03847
3652         5.2978
3652       0.156403
3652        6.20605
3652         5.1889
3652        5.46684
3652       0.554316
3652       0.997576
3652        0.83517
3652        3.94613
3652        4.20256
3652        2.07918
3652        0.96694
3652        1.40828
3652        2.72886
3652        5.63285
3652        4.59161
3652        3.70598
3652        4.17736
3652        1.11325
3652        1.85402
3652        3.75299
3652        6.13782
3652        4.93442
3652       0.450196
3652       0.897755
3652        3.23612
3652         1.3626
3652        2.87062
3652        3.12849
3652        5.63187
3652       0.572755
3652        3.93647
3652        1.66792
3652        4.94308
3652        3.67144
3652         4.0741
3652        4.34131
3652        2.32597
3652       0.873831
3652        1.61351
3652       0.231391
3652        1.54657
3652        3.94275
3652       0.865859
3652        3.23504
3652        2.81406
3652        3.58466
3652        5.47296
3652        5.19186
3652        5.23815
3652        2.63813
3652       0.986451
3652        2.08633
3652        1.12358
3652        1.89893
3652        4.58916
3652        2.08087
3652        5.32204
3652        4.61173
3652        4.76701
3652        3.89251
3652        5.40893
3652        2.18301
3652        1.08338
3652       0.421424
3652        4.04007
3652        5.42508
3652        4.24159
3652        2.69836
3652        5.69714
3652        2.77405
3652        5.41375
3652         1.0383
3652        4.94344
3652        1.49113
3652         2.1926
3652        1.75309
3652        6.01615
3652       0.635996
3652        4.11378
3652        3.42128
3652        1.59046
3652       0.566684
3652        3.53866
3652        2.91805
3652        4.86002
3652        2.21814
3652        6.17468
3652        4.09111
3652        4.14342
3652        4.56227
3652        5.58159
3652        3.39372
3652        0.78057
3652        2.11062
3652        2.31484
3652        3.68767
3652     0.00704469
3652        2.52305
3652       0.567605
3652        4.27803
3652        1.35285
3652        2.02666
3652        4.74428
3652       0.106575
3652       0.321976
3652        1.90706
3652        3.65255
3652         5.6516
3652        2.44956
3652       0.992661
3652         4.0053
3652        2.12206
3652        0.77509
3652        3.85247
3652        3.91729
3652       0.476954
3652        5.06254
3652        1.90865
3652        4.45365
3652        2.05035
3652        4.34628
3652        4.92384
3652        2.07403
3652      0.0339445
3652         4.3785
3652        2.48563
3652        4.98999
3652        5.38141
3652        6.11111
3652       0.316825
3652        4.17964
3652         2.6207
3652     0.00853007
3652        5.90855
3652        2.16881
3652        2.24079
3652        2.96523
3652        3.08586
3652        2.62854
3652        4.77881
3652        4.53129
3652        6.11741
3652        1.93603
3652       0.477306
3652        2.36975
3652        3.44298
3652        2.82145
3652       0.669939
3652        5.28148
3652        4.68517
3652        2.44858
3652        5.19716
3652       0.571722
3652       0.149638
3652        1.62755
3652        2.45855
3652        5.02861
3652        1.39287
3652        4.93467
3652       0.619648
3652        4.22719
3652        3.04174
3652        4.26323
3652         5.7477
3652        5.07258
3652        2.15902
3652       0.515861
3652        1.95147
3652        1.17694
3652        0.80264
3652        1.81095
3652        3.84852
3652        5.62285
3652         2.3517
3652        4.32574
3652        5.54847
3652        2.97231
3652        2.90345
3652        4.65745
3652        5.19708
3652        2.05714
3652        3.15273
3652        5.47512
3652       0.221174
3652        3.83376
3652        2.02388
3652        5.37311
3652        3.94375
3652        1.76229
3652        3.63864
3652        1.03721
3652        2.34336
3652        5.79693
3652        4.33604
3652        5.91874
3652        1.34197
3652        3.00504
3652        2.20553
3652        5.98963
3652       0.314229
3652       0.127952
3652        1.55259
3652        1.19805
3652        1.64141
3652       0.471395
3652        2.70595
3652         3.2877
3652        2.85551
3652        4.07883
3652        3.96747
3652        5.34776
3652        3.14051
3652        5.34812
3652        1.68659
3652        4.77548
3652     0.00765305
3652         1.8789
3652        2.10402
3652        1.62896
3652        2.20462
3652        4.51749
3652        2.35725
3652        4.64935
3652        4.06546
3652        2.73131
3652        4.06751
3652         5.4208
3652        2.00388
3652        2.66937
3652        1.74953
3652          1.388
3652       0.350159
3652        3.43111
3652        1.31365
3652        2.97882
3652        1.94849
3652        4.33338
3652        4.23301
3652        1.84181
3652        3.22377
3652        3.62322
3652        6.26689
3652        1.06023
3652        3.49853
3652        4.02188
3652        5.58893
3652        4.63225
3652         5.1886
3652        4.34524
3652        1.31389
3652        2.05661
3652        4.61031
3652        4.62049
3652        5.21307
3652        2.27521
3652        4.18825
3652        2.27469
3652       0.250078
3652        5.56253
3652        4.05138
3652        1.45249
3652        1.54408
3652        1.45632
3652       0.966905
3652        6.00115
3652        1.82441
3652        1.68141
3652        4.80157
3652         4.1535
3652       0.406821
3652       0.117568
3652         5.7395
3652         4.3075
3652         4.3111
3652        2.40312
3652       0.823669
3652        3.80754
3652        2.26694
3652        4.78428
3652       0.887095
3652        1.73181
3652        3.95847
3652        2.42875
3652        1.53166
3652        6.27188
3652       0.800279
3652        1.10253
3652        1.64977
3652        1.34579
3652        4.46726
3652       0.570947
3652        4.02802
3652       0.221556
3652          1.213
3652        4.74269
3652        0.43436
3652        1.06631
3652       0.657033
3652        2.40023
3652        4.04634
3652        1.49996
3652        4.28102
3652        1.39804
3652        0.61812
3652        2.23781
3652        3.76036
3652        5.93265
3652        1.14351
3652        5.68379
3652        1.65497
3652        3.58522
3652       0.222259
3652        2.14097
3652        2.26939
3652        1.76475
3652        2.77597
3652        6.18181
3652         4.8424
3652        3.39649
3652        1.78931
3652        1.09661
3652        5.90768
3652        2.27201
3652        2.35537
3652        4.66454
3652        1.12799
3652       0.155448
3652        5.93347
3652        5.74814
3652       0.971251
3652        1.92188
3652        3.44984
3652        1.24433
3652        4.67855
3652        4.92524
3652        5.44006
3652        3.27227
3652        1.21814
3652        2.22641
3652        1.66883
3652       0.744396
3652        3.49545
3652        3.45715
3652        1.27452
3652        5.50662
3652        1.34829
3652        2.77686
3652        2.43234
3652        1.63171
3652        2.46353
3652        4.79069
3652         4.7153
3652        1.00153
3652       0.582755
3652        4.80087
3652        5.44143
3652        1.01602
3652        6.09359
3652        5.49274
3652        2.96618
3652        3.17173
3652       0.520419
3652         2.4197
3652       0.585309
3652        1.98749
3652        5.50456
3652        4.80214
3652        1.55227
3652        3.56354
3652        1.73154
3652        1.49913
3652        0.77836
3652        2.80534
3652         1.9358
3652       0.322232
3652        4.38564
3652        2.60472
3652       0.324913
3652        3.88525
3652        4.44887
3652        2.36675
3652       0.209146
3652       0.198939
3652        1.18801
3652        6.11505
3652        5.79129
3652         5.1727
3652        5.33903
3652        4.16141
3652        2.58639
3652        4.36029
3652        1.67151
3652       0.523606
3652         3.4156
3652        1.74865
3652        2.49785
3652        2.34241
3652        5.75416
3652        4.09584
3652        3.74709
3652        6.23366
3652        5.16074
3652       0.407229
3652       0.710985
3652        1.70719
3652        1.58582
3652        1.26285
3652        2.55635
3652        6.06692
3652         4.6087
3652        2.46886
3652        1.27166
3652        5.12576
3652        5.17723
3652        2.96989
3652        3.45462
3652        2.87068
3652        4.53577
3652        1.99646
3652       0.497504
3652        2.51842
3652        4.31464
3652        1.74263
3652        2.06639
3652        2.41564
3652       0.736386
3652        4.37518
3652        1.43407
3652       0.469077
3652       0.657323
3652        1.81684
3652        2.28622
3652        6.23137
3652        5.39717
3652        5.35118
3652        4.15429
3652        3.03598
3652        2.73968
3652        4.85506
3652        5.10885
3652        5.16488
3652       0.910386
3652        5.52861
3652         3.5462
3652        3.29209
3652        2.39943
3652        4.85497
3652       0.844047
3652        1.73674
3652        2.89301
3652        1.04523
3652        2.33586
3652        4.11146
3652       0.898152
3652        2.09899
3652        4.34677
3652        3.39106
3652        5.41366
3652        1.71342
3652        4.53667
3652        1.06169
3652       0.772006
3652        6.05979
3652        6.19576
3652        5.76145
3652        1.67484
3652        1.57697
3652          5.552
3652         2.3415
3652       0.148651
3652         1.5429
3652        2.62286
3652        2.06625
3652        1.18181
3652        1.54112
3652        1.05462
3652        1.57241
3652        2.77267
3652        2.06807
3652        3.44432
3652        3.99332
3652        4.18828
3652        1.27674
3652        2.03814
3652       0.823637
3652        1.07772
3652        4.93924
3652        3.25798
3652     0.00792817
3652        4.68386
3652         3.4173
3652        0.47607
3652        1.69643
3652        4.68941
3652        5.72517
3652       0.970809
3652       0.879942
3652        5.41024
3652         5.7083
3652        4.11267
3652        6.01816
3652       0.829901
3652        1.88045
3652        3.93414
3652        2.14077
3652        1.55204
3652        4.98099
3652        0.66555
3652        3.63554
3652        4.47712
3652        4.23524
3652        3.38919
3652        2.00858
3652        6.26721
3652        5.28819
3652        4.35677
3652        1.86275
3652        5.24539
3652         4.8401
3652        3.81194
3652        2.63476
3652        4.13338
3652        2.15263
3652        3.78712
3652         2.5098
3652        5.20166
3652        0.94196
3652        3.60013
3652       0.243523
3652        4.41671
3652        2.39754
3652        3.33978
3652        6.02771
3652        4.76778
3652       0.889432
3652        1.83371
3652      0.0591898
3652        1.10533
3652        1.42762
3652        4.73719
3652        2.44405
3652        2.99133
3652        4.65432
3652        4.89626
3652        6.06072
3652        3.19747
3652        1.62037
3652        1.19019
3652         5.6955
3652       0.766853
3652        2.70654
3652        2.10415
3652        2.84115
3652          3.348
3652        3.89007
3652        4.78226
3652       0.624178
3652        2.99489
3652        4.64293
3652        5.54913
3652        4.89365
3652        1.79212
3652        3.46343
3652        6.23378
3652        2.34507
3652        3.49982
3652        2.86812
3652         4.4389
3652        1.77004
3652        4.10851
3652        1.91271
3652        3.51756
3652        1.49169
3652        4.69238
3652         1.6675
3652        5.97775
3652        6.01762
3652        3.66809
3652        1.82374
3652        1.03865
3652        4.24294
3652        4.20654
3652        1.95137
3652        5.46282
3652       0.565499
3652        2.86059
3652        2.22399
3652        3.52195
3652      0.0939382
3652        5.05726
3652        1.08322
3652        2.99201
3652       0.714777
3652        1.82863
3652        4.22898
3652        4.97513
3652        3.79944
3652        4.75824
3652         5.7422
3652        2.07941
3652        1.22428
3652        1.53464
3652        2.15582
3652        3.41723
3652        1.52039
3652        4.00276
3652        0.83754
3652         4.8339
3652       0.653611
3652        2.96635
3652        5.55149
3652        5.62944
3652        4.24364
3652         5.5146
3652        2.92291
3652       0.870039
3652        2.06776
3652        2.06614
3652        2.44547
3652        3.84623
3652        3.08404
3652        5.33805
3652        2.98306
3652        4.06641
3652       0.888756
3652        4.35695
3652        5.38536
3652        4.12581
3652        2.28639
3652        2.12363
3652        5.13349
3652        3.19472
3652         3.0832
3652       0.907791
3652        1.69425
3652       0.470967
3652        6.07348
3652        2.40902
3652        1.10455
3652        1.51192
3652        1.62316
3652        2.04628
3652        1.09582
3652        2.17014
3652        1.39778
3652        1.21731
3652        4.27783
3652        3.86121
3652        4.33409
3652        5.33663
3652        5.22518
3652       0.596652
3652        4.26978
3652         2.0822
3652        4.57755
3652        1.12846
3652           5.88
3652        3.33386
3652        2.42805
3652       0.725535
3652        3.87524
3652       0.601918
3652        4.36415
3652        1.35597
3652        3.36501
3652        4.66528
3652        2.30721
3652       0.740734
3652       0.300611
3652       0.365007
3652        2.49078
3652        4.62159
3652        1.35187
3652         4.6146
3652        2.70839
3652        1.16414
3652         1.3925
3652        3.41944
3652         5.1378
3652       0.208056
3652        4.84241
3652        5.32354
3652        5.79476
3652       0.867024
3652        2.39326
3652        0.70752
3652         4.6945
3652        4.92649
3652        4.84866
3652        1.06406
3652        4.43537
3652        5.24327
3652        1.41886
3652        4.68669
3652        2.43941
3652        1.82812
3652        4.58122
3652         4.8408
3652        1.29227
3652        2.74544
3652        2.18389
3652        1.68732
3652        5.34427
3652        4.43159
3652        2.25579
3652        4.84548
3652        2.11775
3652        3.71859
3652        2.16495
3652        5.08002
3652        4.11619
3652         1.1695
3652        2.33538
3652        1.25851
3652        2.55169
3652       0.733963
3652        5.56294
3652        2.77036
3652       0.544419
3652       0.992183
3652        2.14532
3652        2.46205
3652        2.11983
3652        1.17823
3652        1.40307
3652        5.07262
3652        2.29027
3652        5.38823
3652        5.98598
3652        2.58095
3652          5.681
3652        2.67387
3652        3.71183
3652        4.55736
3652       0.936219
3652         1.8315
3652        5.61531
3652       0.291121
3652        6.13051
3652        4.81826
3652        6.14031
3652        1.23014
3652        3.26122
3652        3.89535
3652         4.5008
3652        3.81732
3652        1.55669
3652        3.46604
3652        1.28107
3652        5.16848
3652       0.287421
3652        2.68859
3652        1.39696
3652        4.63787
3652        5.03359
3652        4.20251
3652       0.805283
3652        4.65226
3652        3.99509
3652        1.32098
3652        4.84745
3652        4.69556
3652        1.59754
3652        5.35496
3652        2.84117
3652        4.34683
3652        5.73522
3652        4.80437
3652        1.34877
3652        0.65519
3652        3.69426
3652         4.1286
3652        4.94117
3652        5.52615
3652      0.0392472
3652        3.46293
3652       0.715079
3652        3.88033
3652         1.3247
3652        1.67174
3652        1.58621
3652       0.962506
3652        4.03292
3652        5.62749
3652         1.3833
3652        1.91078
3652        6.07359
3652        5.84703
3652        5.55721
3652        1.79889
3652        4.05301
3652         4.6148
3652       0.553719
3652        5.97116
3652         2.2017
3652        5.42259
3652        1.09337
3652       0.389137
3652        5.33008
3652        4.54811
3652        1.63753
3652        5.41546
3652        4.13858
3652        2.01967
3652        5.51048
3652        1.26814
3652        4.12827
3652         5.1361
3652        2.13125
3652        2.55998
3652        4.05702
3652        5.47201
3652        2.04673
3652       0.571578
3652        5.71465
3652        2.87655
3652        4.97536
3652        1.74261
3652        1.82977
3652         5.6593
3652       0.562861
3652        6.26782
3652        0.46553
3652       0.266292
3652        1.74619
3652        4.70955
3652        4.91898
3652        3.72251
3652        1.50801
3652       0.166213
3652        4.24681
3652        2.42248
3652        5.82287
3652        2.24584
3652        5.59697
3652        4.74643
3652        2.47624
3652        3.56814
3652        5.13284
3652        5.95115
3652        5.23856
3652       0.168973
3652        2.31515
3652       0.993257
3652        3.61579
3652        1.66996
3652        6.13547
3652        4.51028
3652        2.22144
3652        2.91321
3652       0.585161
3652        4.37146
3652        1.71284
3652        4.21013
3652        4.94373
3652        5.02054
3652          2.919
3652        4.65132
3652        5.84085
3652        3.94541
3652        4.68963
3652        3.55705
3652        0.98624
3652        1.00987
3652        4.76931
3652        4.27047
3652         2.8911
3652       0.934598
3652        5.08892
3652        4.70553
3652        1.13025
3652        2.12752
3652        2.00922
3652        4.39562
3652       0.539648
3652        3.99746
3652        2.21679
3652         1.4039
3652        4.34482
3652        4.17129
3652        2.17493
3652        2.26224
3652        5.22958
3652        2.52974
3652        4.86132
3652        3.03904
3652        4.56946
3652        3.20942
3652        2.30114
3652        5.62946
3652        5.86499
3652        3.14963
3652        1.77801
3652        1.97674
3652        5.83598
3652        2.97956
3652        1.71333
3652        1.28969
3652        2.57812
3652       0.936718
3652     0.00493367
3652        5.25866
3652        4.96117
3652        2.46756
3652        6.04817
3652        4.28457
3652        4.11383
3652        1.98862
3652        3.14877
3652        4.20227
3652       0.619387
3652       0.573182
3652        1.27362
3652        1.58217
3652        4.95461
3652        1.69537
3652        1.18929
3652       0.971228
3652        1.04398
3652       0.505527
3652        4.37658
3652        4.93048
3652        5.81929
3652        5.05918
3652        5.53679
3652       0.290068
3652         5.2278
3652        1.39692
3652        5.09029
3652        5.65289
3652        1.19175
3652        1.21808
3652        5.51039
3652        1.17949
3652        1.35999
3652       0.604713
3652        2.33967
3652        2.33049
3652          2.225
3652        3.42687
3652       0.465086
3652        0.26269
3652        6.17345
3652        2.64306
3652         1.6913
3652        2.76528
3652       0.990913
3652        4.70559
3652        1.97279
3652        2.87301
3652        5.68234
3652      0.0301983
3652        5.10286
3652        5.58852
3652        6.22947
3652       0.935617
3652        1.74662
3652        3.41382
3652        3.64807
3652        4.83879
3652        4.49327
3652        4.11636
3652       0.925212
3652       0.446609
3652         5.6077
3652        1.53011
3652        5.56859
3652       0.358293
3652        5.48987
3652       0.667245
3652        4.36974
3652        1.37221
3652        2.60987
3652        3.49695
3652        5.81423
3652       0.743897
3652        3.92144
3652         6.2828
3652        3.00074
3652        3.91206
3652        1.60321
3652        2.76463
3652        4.69499
3652        2.13518
3652        0.92984
3652         5.6262
3652        3.27261
3652        4.59613
3652       0.717103
3652        4.74311
3652        2.10224
3652       0.808309
3652        5.18064
3652        2.50443
3652        4.64031
3652         1.9836
3652        5.12836
3652        4.38623
3652        2.73872
3652        1.86987
3652        2.04161
3652        1.61094
3652        4.14756
3652        1.86945
3652        5.16835
3652        1.01184
3652        1.42453
3652        2.64803
3652         3.5036
3652         0.7433
3652       0.992354
3652         4.3035
3652      0.0950266
3652        1.12762
3652       0.965414
3652        2.31377
3652        4.95553
3652        5.31344
3652       0.218671
3652        1.12833
3652        6.23031
3652        3.84179
3652       0.912651
3652        3.95292
3652        1.45102
3652       0.381114
3652        5.48498
3652        4.74882
3652       0.164318
3652        4.54481
3652       0.622061
3652         1.8289
3652        5.64522
3652        1.54632
3652           1.94
3652        5.32634
3652        4.51165
3652       0.359536
3652        6.26186
3652        4.22509
3652        6.00209
3652        3.94735
3652        4.07353
3652        4.26371
3652        1.11581
3652        1.27164
3652       0.617268
3652        2.03257
3652        1.11991
3652        1.46567
3652       0.768202
3652        2.88095
3652        1.65273
3652       0.405157
3652       0.378799
3652       0.973018
3652        5.17821
3652        1.43607
3652        3.91345
3652        6.24665
3652        6.05805
3652        2.06633
3652        1.66382
3652       0.789434
3652        5.09163
3652        1.04322
3652        1.74578
3652        1.00944
3652        4.53412
3652        5.39862
3652         3.7808
3652        0.26034
3652        5.19722
3652        4.78211
3652         4.8918
3652        3.47353
3652         6.0085
3652       0.644665
3652        2.77886
3652         1.8109
3652       0.656981
3652        5.88524
3652        2.95414
3652        1.56413
3652       0.900875
3652        5.29323
3652         1.7992
3652        1.17579
3652         5.5115
3652        5.11644
3652        0.81896
3652         5.2924
3652        2.94705
3652        1.01205
3652       0.301148
3652         1.7973
3652        2.14342
3652       0.314603
3652        4.65247
3652       0.120382
3652        3.15617
3652        3.22975
3652        1.08335
3652        5.96555
3652        4.76898
3652       0.448769
3652        2.74437
3652        6.18639
3652        2.63608
3652       0.496613
3652        2.33273
3652        6.20286
3652          1.803
3652         1.3134
3652        5.09533
3652        4.94123
3652       0.948938
3652        4.98014
3652        4.79662
3652         5.5599
3652        1.76731
3652         2.1662
3652        1.50347
3652        1.97184
3652        5.54811
3652        1.15986
3652        5.05359
3652        4.42803
3652        5.79043
3652        1.48333
3652         4.9539
3652        5.15052
3652        1.28973
3652        4.45811
3652        2.70494
3652        5.17261
3652       0.373531
3652        3.73468
3652        1.54302
3652        5.60104
3652        6.13334
3652       0.470145
3652       0.200246
3652        6.24968
3652        4.59337
3652        5.01891
3652       0.659861
3652        4.01008
3652       0.517775
3652        5.34638
3652        4.39273
3652       0.775025
3652        5.46075
3652         3.4699
3652        4.12179
3652        4.39164
3652        4.75439
3652        6.12213
3652        1.92181
3652        1.11858
3652       0.989613
3652        5.16934
3652        2.65265
3652        5.51502
3652        2.24097
3652       0.411984
3652        3.18315
3652        4.94449
3652        2.65178
3652         1.7777
3652        6.08328
3652        3.94658
3652        1.62893
3652        0.15964
3652       0.914415
3652        1.17992
3652        1.48181
3652       0.719548
3652         3.9834
3652        4.26929
3652        2.69502
3652        4.81007
3652        5.10082
3652        4.81658
3652        1.50951
3652        1.18633
3652        1.28897
3652       0.874904
3652        2.70605
3652        1.39246
3652        5.11126
3652        6.20669
3652        2.97061
3652        5.36451
3652        2.74873
3652        2.22426
3652        3.51023
3652        1.54891
3652        2.60365
3652        2.49298
3652        5.35135
3652        5.73318
3652        5.82094
3652        5.28243
3652        5.30769
3652         4.8576
3652        4.60351
3652        0.16377
3652        5.25459
3652        1.46674
3652        1.55802
3652        2.83436
3652        4.98708
3652        3.88602
3652        4.87143
3652        2.00338
3652        3.76206
3652        3.70656
3652        2.18394
3652        5.37744
3652        5.47965
3652       0.793935
3652         4.2704
3652        1.98521
3652        2.77739
3652        1.36555
3652        2.39053
3652        2.41476
3652        5.69253
3652        5.01169
3652         2.8385
3652        1.75219
3652        4.72475
3652        1.47434
3652        1.31767
3652        3.01245
3652        2.28842
3652       0.413899
3652        3.42847
3652        5.88862
3652        1.00616
3652         1.9304
3652       0.473855
3652        5.00341
3652         2.9054
3652         1.7884
3652        3.24062
3652        4.75354
3652        5.00128
3652       0.854307
3652       0.989448
3652        3.90651
3652        3.33072
3652        2.40451
3652        4.98352
3652        3.86115
3652        5.91182
3652        5.05921
3652         1.1395
3652       0.853671
3652        5.76573
3652        4.94783
3652        5.14102
3652        4.91602
3652        3.18585
3652        4.58601
3652       0.456674
3652        4.23133
3652        6.10263
3652        4.67378
3652        3.22267
3652        5.50755
3652        1.87657
3652       0.525331
3652         2.5759
3652       0.278388
3652        1.10157
3652        3.89096
3652         4.3048
3652        3.55538
3652        1.54193
3652        4.22583
3652        6.25139
3652        4.26726
3652        4.96107
3652       0.987364
3652         1.0626
3652        0.73082
3652        5.02969
3652        1.62924
3652        5.82329
3652        4.13424
3652         5.3889
3652        1.50069
3652       0.241623
3652        1.52246
3652        2.49897
3652        4.51924
3652        2.63492
3652        4.76872
3652        2.01263
3652        5.42261
3652        4.92564
3652        2.20633
3652       0.777024
3652       0.882029
3652        4.22839
3652        2.37176
3652        2.26753
3652        5.47613
3652        3.64564
3652       0.294129
3652         3.3422
3652        5.13293
3652        5.65628
3652        2.74458
3652        1.33986
3652        1.82298
3652       0.516663
3652        3.52083
3652        2.30088
3652        3.80724
3652        5.13683
3652        5.07701
3652        4.33652
3652        4.93889
3652        5.81876
3652        5.35226
3652        3.98821
3652       0.221508
3652        5.66522
3652        3.22948
3652        5.40059
3652        1.96403
3652       0.762274
3652        1.11719
3652        5.70882
3652       0.454372
3652        6.04008
3652        1.05705
3652         1.8508
3652        5.21007
3652        6.19276
3652        5.06487
3652        2.57313
3652        0.44317
3652        5.50328
3652        3.30715
3652        1.60584
3652        5.46507
3652        1.92063
3652        2.89081
3652          4.308
3652        3.50412
3652        5.10952
3652        6.26031
3652         2.1511
3652        5.18772
3652        1.62039
3652        1.62938
3652       0.501824
3652         1.1615
3652        1.19844
3652         4.8182
3652        2.79367
3652        1.65232
3652        3.66312
3652        5.08591
3652       0.130818
3652        1.43359
3652        4.77817
3652         1.2087
3652         2.7752
3652        2.20564
3652        4.59482
3652         1.1653
3652        4.24068
3652        5.04737
3652        1.98955
3652        0.50886
3652         2.7361
3652       0.591599
3652        1.92001
3652        2.17226
3652        1.68655
3652       0.544941
3652        2.68026
3652        5.90443
3652         2.2348
3652       0.108023
3652        5.50193
3652        5.14916
3652        1.74167
3652        4.17464
3652        5.51213
3652         5.2631
3652        2.92121
3652        5.81828
3652        4.78371
3652        3.51973
3652         4.0924
3652        4.05604
3652        2.51341
3652        4.65302
3652        4.44563
3652        2.03385
3652        4.47416
3652        4.46183
3652         1.2532
3652        1.37945
3652        4.01763
3652        1.24776
3652       0.879158
3652        4.83835
3652        1.04359
3652        0.62037
3652       0.749144
3652         2.6511
3652        1.97776
3652        4.31406
3652        4.58322
3652       0.392969
3652         5.9544
3652        1.38713
3652       0.362948
3652        3.76747
3652        2.11935
3652        1.98436
3652        1.90059
3652        5.09649
3652        4.75459
3652        4.45986
3652        1.95223
3652       0.978393
3652        4.59103
3652       0.193905
3652        4.09014
3652        5.19559
3652        2.70634
3652       0.842919
3652        5.31323
3652        3.74002
3652        1.45498
3652        1.64097
3652        1.23642
3652        6.01569
3652        1.66282
3652       0.360268
3652       0.700106
3652        1.06075
3652        4.47858
3652        5.37453
3652        3.91265
3652        6.23236
3652        4.18826
3652        1.59125
3652       0.759425
3652       0.478952
3652        2.57677
3652        1.74167
3652        2.48154
3652        3.41657
3652        4.40061
3652       0.428218
3652        5.57552
3652        2.61976
3652        3.09471
3652       0.421578
3652        1.00537
3652        1.13393
3652        4.76514
3652        3.29663
3652        3.43374
3652        3.66537
3652        4.92147
3652        3.35884
3652        2.86435
3652        4.36625
3652        5.45654
3652        5.01507
3652       0.543032
3652       0.436069
3652        4.95669
3652        3.83869
3652        2.27122
3652       0.456818
3652         3.7356
3652        4.55862
3652        5.06263
3652        3.72789
3652        3.80965
3652        5.67248
3652        3.48338
3652        1.02175
3652        5.75626
3652         1.4783
3652        5.46289
3652        2.99881
3652        3.16444
3652        3.81096
3652       0.105268
3652        3.51871
3652        1.57834
3652        4.41142
3652        5.10538
3652        4.65382
3652        2.26404
3652        2.18926
3652        5.25814
3652          1.571
3652       0.120111
3652        2.05404
3652        4.34849
3652       0.377144
3652        1.12168
3652        4.31923
3652       0.737387
3652        4.33777
3652        4.23584
3652        6.11719
3652        2.58519
3652        4.70425
3652        1.66403
3652       0.378639
3652         3.3857
3652       0.168271
3652        4.89556
3652        1.65565
3652        2.09505
3652        4.42876
3652        5.00862
3652        3.54098
3652         3.3103
3652        1.03026
3652        2.25368
3652        1.16645
3652        1.67943
3652        2.71478
3652        5.03163
3652        1.54089
3652        3.68649
3652        2.81079
3652        4.22107
3652        2.38992
3652        2.87127
3652        2.30505
3652        4.83637
3652        3.17455
3652        5.11202
3652        1.31874
3652        5.56374
3652        4.81962
3652        1.10257
3652       0.134782
3652        2.58588
3652        1.37182
3652        2.29493
3652         1.1739
3652       0.534747
3652        4.17318
3652        3.14206
3652        2.09768
3652        4.75807
3652        1.29777
3652        6.04289
3652       0.698492
3652        1.49379
3652        2.72499
3652        3.23098
3652         1.1695
3652        3.60836
3652        1.25992
3652        5.28849
3652        4.99394
3652        5.31109
3652        1.23014
3652        2.12093
3652        5.45252
3652        2.12544
3652       0.703638
3652        5.10331
3652        4.40276
3652        1.77257
3652        5.73706
3652        5.54145
3652        3.68452
3652         2.1809
3652         4.7326
3652        5.60225
3652      0.0908746
3652        1.78675
3652          1.551
3652        4.27578
3652         3.0582
3652       0.146097
3652        5.16683
3652        2.68685
3652        4.57947
3652        4.01874
3652        5.06035
3652        4.23689
3652        3.65533
3652        2.43697
3652        5.33569
3652        2.83326
3652        4.47048
3652       0.750833
3652        4.36995
3652       0.626697
3652        2.61927
3652        2.70607
3652         1.9786
3652        5.49858
3652        1.03563
3652        2.93738
3652        2.10404
3652        2.05176
3652        2.02379
3652        2.29934
3652        4.85261
3652        3.49872
3652        2.48278
3652        1.48367
3652        5.42273
3652        1.42786
3652         4.4191
3652        1.34236
3652        5.24526
3652         1.3172
3652        5.92303
3652        2.00131
3652        1.96012
3652        3.19918
3652         4.5427
3652        4.76021
3652        4.36844
3652        5.19152
3652        1.19251
3652        3.65386
3652        1.19006
3652        1.93558
3652        1.16957
3652        4.72092
3652       0.848293
3652        2.24517
3652        4.59054
3652        4.52794
3652        2.98266
3652        4.43988
3652        6.17078
3652        4.72673
3652        2.65158
3652        5.37748
3652        1.69453
3652        5.33814
3652        1.81784
3652        2.61162
3652        2.04726
3652        1.65666
3652        1.00718
3652        3.33825
3652        1.54286
3652       0.129017
3652        1.65255
3652        1.89347
3652        1.26342
3652        2.27313
3652        2.40272
3652       0.470369
3652        4.56918
3652        4.98441
3652        6.15096
3652       0.980259
3652       0.313722
3652        2.36539
3652        2.54261
3652       0.597941
3652        4.29532
3652        1.33334
3652        1.26277
3652         1.5635
3652       0.684548
3652        1.49035
3652        4.29086
3652        5.55568
3652        4.26194
3652        1.39487
3652         2.3363
3652        1.24981
3652          5.752
3652       0.492011
3652        4.77871
3652        5.16117
3652       0.783495
3652        3.10038
3652        2.28152
3652        1.84501
3652        1.15356
3652         1.0727
3652        1.18646
3652        5.24248
3652        1.46056
3652       0.591893
3652        4.98675
3652         4.2985
3652        5.17736
3652        4.42741
3652        3.20861
3652        4.57132
3652        4.67195
3652        3.45868
3652      0.0781764
3652        2.67164
3652        2.43134
3652        4.32246
3652        3.18445
3652        1.42231
3652        4.14677
3652        1.94691
3652        5.01741
3652        6.09504
3652        4.95762
3652        3.80402
3652        2.89224
3652        5.79517
3652        4.71904
3652        2.60236
3652        1.76067
3652        1.77076
3652        5.81771
3652        5.37842
3652       0.925375
3652        1.24066
3652        3.65231
3652        2.99301
3652        2.09309
3652        1.93742
3652       0.979893
3652        1.63174
3652        5.40188
3652       0.585229
3652        4.48418
3652        5.00257
3652        3.36186
3652        0.50855
3652        6.26756
3652        2.38673
3652        1.51943
3652        2.01362
3652        4.57776
3652        4.29272
3652        4.73698
3652        5.24625
3652         4.7422
3652        4.40283
3652        3.65215
3652        5.81043
3652        2.29193
3652       0.933122
3652        2.00977
3652        3.37015
3652        1.29935
3652         5.7316
3652        5.00131
3652        2.11562
3652        1.71384
3652      0.0325667
3652        1.84228
3652        5.16702
3652        1.75721
3652        2.88069
3652        6.07151
3652        2.45702
3652        1.78185
3652        1.62854
3652        2.25443
3652        5.62551
3652        2.44579
3652        3.34578
3652        1.81369
3652         1.7168
3652        4.53841
3652        2.05153
3652        6.20921
3652        2.42203
3652        5.58345
3652        5.43608
3652        1.30482
3652         1.0241
3652      0.0620027
3652        2.78152
3652        2.43386
3652        4.07349
3652        2.58075
3652       0.465902
3652        1.74581
3652        3.43246
3652        5.36184
3652        5.43732
3652        4.30649
3652        2.02444
3652        3.95175
3652        2.30843
3652        4.98943
3652        2.29592
3652       0.324293
3652        5.11903
3652        2.91978
3652         1.4672
3652        2.44026
3652        1.45153
3652        4.57135
3652      0.0636816
3652        2.04912
3652         2.1534
3652        1.23091
3652         4.3348
3652        2.87047
3652         3.6219
3652        2.73882
3652        1.73809
3652        3.70946
3652        1.10815
3652        1.82342
3652       0.603569
3652        2.19522
3652         2.1436
3652        4.54625
3652        3.41081
3652        5.05731
3652        2.81873
3652        1.63142
3652        3.26661
3652        4.51362
3652        6.23802
3652        4.01351
3652        1.18025
3652        4.72038
3652        2.52464
3652        3.66079
3652        5.24777
3652        2.83916
3652        5.06741
3652        4.09885
3652        3.97854
3652        4.60318
3652       0.900569
3652        1.70764
3652        2.54203
3652        2.44245
3652         2.6374
3652        2.05171
3652        4.43007
3652        1.65248
3652        1.25215
3652         1.0403
3652        4.99776
3652        3.57027
3652        4.24406
3652        2.97185
3652        4.56938
3652        2.25485
3652        1.18521
3652        4.40666
3652        4.38821
3652       0.268936
3652        4.39198
3652         2.7368
3652        4.22633
3652        2.30311
3652        5.43903
3652        2.08938
3652        2.03922
3652        5.54378
3652        5.54909
3652        4.76723
3652        1.19433
3652        4.85227
3652        1.90067
3652        1.78211
3652        5.03422
3652        1.97483
3652        3.95184
3652        6.05129
3652        6.03417
3652        3.98497
3652        0.62832
3652        3.74535
3652        2.35253
3652        3.18826
3652        6.11483
3652        5.11484
3652       0.129872
3652        1.86153
3652        4.80201
3652       0.729436
3652        2.54858
3652        5.05283
3652        5.72286
3652        5.97156
3652        3.90692
3652        1.79567
3652        0.35717
3652        3.09582
3652        4.52232
3652        5.69118
3652        3.02599
3652        2.30301
3652        3.60689
3652       0.143052
3652        1.92634
3652        1.21562
3652        1.80743
3652        1.69748
3652        4.09193
3652      0.0028464
3652        2.76516
3652        2.18225
3652        3.60378
3652        2.91406
3652        5.45192
3652        4.74718
3652        3.60218
3652        4.10726
3652        3.05371
3652        4.72117
3652        4.56584
3652        1.71397
3652        5.50874
3652        1.36951
3652        4.20552
3652        5.80001
3652        4.69283
3652       0.435853
3652        4.18592
3652        1.42647
3652        3.31334
3652        2.50924
3652        5.07016
3652        2.48223
3652       0.373834
3652        5.85603
3652        3.05583
3652        4.67606
3652        4.02982
3652        3.69095
3652          5.618
3652        5.28756
3652        1.42861
3652        1.21955
3652        2.41931
3652        2.44343
3652        5.17541
3652        6.14494
3652        4.69927
3652        1.74604
3652        4.40932
3652         5.9481
3652         3.0213
3652        4.61991
3652        6.16349
3652        4.35673
3652        2.07761
3652        6.04922
3652        3.90504
3652        1.29733
3652        4.22999
3652        4.41108
3652        3.42289
3652        5.32715
3652        5.97342
3652       0.705362
3652        5.98147
3652        1.87462
3652        3.43038
3652        1.96959
3652         0.4377
3652        5.73447
3652        3.96938
3652        2.21779
3652        4.89309
3652        4.14802
3652        2.81881
3652        1.64267
3652       0.464202
3652       0.775222
3652         4.8099
3652        1.43138
3652        4.86194
3652         4.9496
3652        1.02586
3652        6.20735
3652        6.03151
3652        2.55641
3652        1.44521
3652        5.87424
3652       0.802704
3652        4.03023
3652        2.39159
3652        4.28607
3652        4.82354
3652        1.85383
3652         3.2102
3652        5.52931
3652        4.85208
3652        5.27857
3652        6.03716
3652        4.22386
3652       0.370905
3652        1.70917
3652        5.33331
3652        3.80682
3652        5.57928
3652        3.02312
3652         1.7459
3652        2.20192
3652        5.71636
3652        5.22804
3652       0.602145
3652        5.20582
3652        1.57248
3652       0.792089
3652        0.92977
3652        5.07631
3652        2.90579
3652        5.43818
3652        3.70647
3652        4.98479
3652        5.07098
3652        1.87879
3652        0.05095
3652        2.31777
3652        1.13262
3652         1.5371
3652       0.339609
3652         5.2798
3652        5.49393
3652        4.48462
3652        5.20527
3652        1.62068
3652       0.571632
3652        2.37628
3652        2.78714
3652        2.24708
3652        5.04996
3652        4.81632
3652        5.17365
3652        1.96123
3652        5.63781
3652        4.90241
3652        4.64254
3652        5.50202
3652        4.03589
3652        5.59203
3652        4.15465
3652       0.999664
3652        1.81078
3652        4.20694
3652        1.16062
3652        2.41775
3652        5.29568
3652        4.32012
3652        2.81129
3652        1.06511
3652        4.96554
3652        3.69275
3652        2.01726
3652         5.0933
3652        4.42628
3652        4.43618
3652       0.350757
3652        1.97556
3652        4.73029
3652        4.44663
3652        4.53391
3652        3.52608
3652        3.44882
3652        3.08003
3652        4.93218
3652        4.69396
3652       0.178829
3652        1.05534
3652       0.494987
3652         1.1008
3652        5.12973
3652         4.1206
3652        5.65166
3652       0.559908
3652        1.88806
3652        4.96766
3652        5.84813
3652        1.44601
3652        5.44677
3652        5.29795
3652        4.16054
3652        0.90017
3652        3.40367
3652           2.32
3652       0.958479
3652        2.03665
3652         3.7783
3652        5.87702
3652        2.32614
3652        3.26287
3652        3.59745
3652        5.87185
3652      0.0755082
3652        1.76895
3652        1.30532
3652         5.1155
3652         4.4534
3652        1.49541
3652        1.13852
3652        5.15533
3652        1.59344
3652        1.98899
3652        1.51921
3652        6.21933
3652        4.09739
3652        2.95746
3652       0.558463
3652       0.834063
3652        4.91149
3652        2.44785
3652        3.38483
3652         6.1338
3652           5.91
3652        2.61805
3652         3.0039
3652       0.659856
3652        3.74222
3652        5.13789
3652       0.786058
3652        1.40692
3652        1.19207
3652        5.92781
3652        4.07712
3652        4.35295
3652        2.46081
3652         5.9339
3652       0.674715
3652        2.96923
3652        1.43243
3652        4.75143
3652        1.83056
3652        4.22686
