3594        2.40982
3594        5.80274
3594        4.51893
3594      0.0242238
3594        1.87178
3594       0.804594
3594        3.61854
3594        5.96867
3594        1.01021
3594        5.32688
3594         1.4259
3594        4.68548
3594        3.77515
3594        6.23935
3594       0.114005
3594        6.01092
3594        3.94492
3594        1.45141
3594        5.95185
3594       0.313619
3594        3.24434
3594        6.03735
3594        3.50056
3594        5.89879
3594       0.729007
3594        3.07977
3594      0.0465612
3594        3.68652
3594       0.837089
3594        1.88128
3594       0.179896
3594        4.01229
3594        0.72975
3594        2.37273
3594       0.665401
3594       0.184915
3594        4.08498
3594        2.96165
3594        1.15448
3594        4.77367
3594        2.84799
3594        1.54496
3594        2.93998
3594        2.17171
3594        3.09927
3594        3.56451
3594       0.846546
3594        4.95281
3594        3.02634
3594        4.04538
3594          2.033
3594        4.47291
3594       0.966862
3594        1.03454
3594        5.20621
3594        2.02422
3594       0.926459
3594        6.08789
3594        1.92781
3594        4.81313
3594        4.57826
3594        5.41641
3594        3.26184
3594        5.01973
3594        5.56887
3594        4.35877
3594        5.88716
3594          4.403
3594        4.94615
3594        2.38191
3594        5.61522
3594        5.06759
3594       0.101583
3594       0.456519
3594      0.0690054
3594       0.712995
3594       0.363647
3594        5.08793
3594        4.00668
3594         4.6229
3594        1.56933
3594        3.87814
3594        4.25891
3594        1.69131
3594        5.07747
3594        2.23074
3594       0.685327
3594        1.70347
3594        4.22479
3594        3.90019
3594        5.39212
3594      0.0230046
3594        2.38227
3594        6.24606
3594        4.60835
3594        2.40868
3594        5.00988
3594       0.390205
3594        1.81257
3594       0.493184
3594        5.44849
3594        5.68055
3594        4.35216
3594        4.11368
3594        5.53185
3594        5.12063
3594        5.25005
3594        1.30227
3594        2.53558
3594        1.57802
3594        1.93797
3594        6.25211
3594         2.0785
3594        5.82036
3594        1.98644
3594       0.433172
3594         1.9966
3594        5.43371
3594        2.66269
3594        6.00388
3594        4.00847
3594        3.15402
3594        4.84352
3594       0.766111
3594        2.68026
3594        6.02786
3594         6.1988
3594        1.72625
3594        1.48156
3594        4.01742
3594        1.64797
3594        3.74853
3594        2.00185
3594        1.13381
3594        1.34783
3594         1.1453
3594       0.992239
3594       0.554159
3594        4.14133
3594       0.267063
3594        3.88701
3594       0.782508
3594        6.24862
3594       0.870551
3594        2.53202
3594        5.75281
3594        5.97246
3594        2.63113
3594        3.38619
3594        2.65785
3594        1.21239
3594        5.23963
3594        4.71155
3594        3.32487
3594         3.1429
3594        5.51502
3594        2.36556
3594        1.72247
3594        5.99718
3594        2.66513
3594        4.62332
3594        3.45043
3594       0.537858
3594        4.89318
3594        1.60505
3594        1.39066
3594        0.80185
3594        5.27183
3594        1.08618
3594        3.31887
3594        2.98711
3594       0.461137
3594        2.31178
3594        2.66662
3594        4.42473
3594       0.852442
3594        2.85493
3594         4.0083
3594       0.998878
3594        5.87816
3594        3.77857
3594       0.881658
3594        3.99935
3594        4.08113
3594        4.42132
3594        2.90873
3594      0.0471727
3594        5.81441
3594        2.70462
3594         3.0016
3594        5.58708
3594         4.4583
3594       0.163939
3594        6.02534
3594       0.133389
3594        5.84443
3594       0.643237
3594        3.56807
3594        1.26344
3594        3.18226
3594        5.64022
3594         1.4411
3594       0.196301
3594        5.16134
3594       0.393061
3594        1.79187
3594         1.2464
3594        3.84898
3594        4.33158
3594        6.00178
3594        3.02983
3594        5.78634
3594        1.16576
3594        3.13944
3594        1.45578
3594        2.99966
3594        4.80023
3594        2.45195
3594        4.65542
3594        3.50187
3594        1.47389
3594        3.92799
3594        2.93294
3594        2.54149
3594       0.944787
3594        3.21101
3594        2.03262
3594        1.09762
3594        4.37772
3594        4.20929
3594        2.18885
3594        1.27978
3594        4.37802
3594          1.756
3594        1.50707
3594        3.87374
3594       0.620333
3594         2.7418
3594        1.35434
3594       0.908332
3594        4.57628
3594         3.8929
3594        6.17171
3594        1.10955
3594       0.410157
3594        5.77065
3594        3.59461
3594        6.15706
3594        2.73855
3594         1.1237
3594         1.3191
3594        6.06497
3594        2.97089
3594        3.83342
3594        2.86566
3594        6.14333
3594        5.10225
3594        3.75651
3594        1.38976
3594        3.17741
3594        2.82741
3594        2.09981
3594        3.00019
3594        0.41421
3594     0.00379361
3594        1.13411
3594       0.559921
3594        2.33289
3594        3.45397
3594        3.56072
3594        3.53775
3594        5.34339
3594        2.22627
3594      0.0966613
3594        3.29715
3594        0.56935
3594        5.13859
3594        5.12261
3594        1.53639
3594        1.83012
3594       0.575208
3594        4.62316
3594          2.779
3594       0.447172
3594        5.02814
3594        4.37003
3594         2.2072
3594        3.63082
3594        2.73646
3594        3.18729
3594        4.48922
3594         1.4858
3594        4.96148
3594        5.75414
3594        4.01762
3594        1.35452
3594         4.3545
3594        5.10719
3594       0.736257
3594       0.881008
3594         2.4305
3594        3.68453
3594         2.9871
3594         2.6555
3594        1.96551
3594        1.92306
3594        5.38492
3594        1.49041
3594        3.48431
3594       0.560099
3594         2.3113
3594        5.78735
3594        5.80345
3594        1.02574
3594        1.02263
3594       0.572556
3594        3.64488
3594         6.1489
3594      0.0208883
3594        2.25075
3594        3.39792
3594        3.70971
3594        1.71471
3594        5.77712
3594        2.05349
3594        3.64319
3594         2.6229
3594       0.689465
3594         1.5019
3594        5.43774
3594        4.08562
3594        4.01265
3594        3.21859
3594        4.69921
3594        5.02054
3594        3.22436
3594       0.882777
3594         0.7985
3594        4.41059
3594        5.22685
3594        5.76678
3594        5.17996
3594        2.74159
3594      0.0321232
3594        4.66323
3594        4.75268
3594       0.827944
3594        2.67866
3594        3.57274
3594       0.453467
3594         5.4086
3594        5.20227
3594        4.96319
3594        1.17162
3594        1.11319
3594        2.56871
3594        4.63856
3594        4.58635
3594        1.76665
3594        1.17044
3594       0.808787
3594        2.21849
3594        1.82377
3594        3.66522
3594        1.06635
3594        0.47473
3594        1.70055
3594        4.59969
3594        4.13899
3594       0.299251
3594        5.16758
3594        2.60708
3594         3.6442
3594       0.118039
3594        5.75054
3594        3.35458
3594        5.25899
3594        2.13931
3594        3.02733
3594        2.34078
3594        1.40494
3594       0.281279
3594         6.1263
3594        1.99956
3594        2.22894
3594        5.68966
3594       0.616586
3594        3.41798
3594         5.0217
3594         2.3462
3594         1.4505
3594        4.24343
3594        1.42212
3594        1.82866
3594        3.98635
3594        5.93037
3594       0.352345
3594         3.6338
3594        5.31239
3594        4.19024
3594        5.40967
3594        3.45138
3594        6.04775
3594        4.71035
3594        4.65597
3594        1.52363
3594        1.30044
3594        3.98296
3594        5.59097
3594        4.99446
3594        6.05494
3594         6.1648
3594        5.04749
3594        1.80447
3594        4.15682
3594        3.13171
3594       0.366768
3594        4.30145
3594        5.91114
3594        3.15472
3594        2.82787
3594       0.577672
3594        4.58217
3594         2.8576
3594        1.09136
3594        4.14259
3594        1.69767
3594        2.84174
3594         4.3362
3594        4.75944
3594       0.846821
3594         3.1227
3594        6.00444
3594        1.36253
3594        3.28621
3594        4.15966
3594        3.08607
3594        5.03619
3594         4.8201
3594        4.19958
3594        3.09914
3594        1.97829
3594       0.519114
3594        5.79151
3594        1.45779
3594      0.0932329
3594        5.72524
3594        3.30843
3594        6.20829
3594        2.95768
3594        2.08733
3594        1.91031
3594        2.84096
3594        4.15758
3594        4.37009
3594       0.983045
3594        2.58629
3594        5.24481
3594        5.58392
3594        4.10524
3594        4.88433
3594         3.6325
3594        4.09171
3594        5.95207
3594        1.81059
3594        3.63951
3594        1.11733
3594        5.57006
3594         3.9459
3594        4.01016
3594        3.96853
3594       0.683362
3594       0.942077
3594        1.71887
3594        3.84664
3594        5.21959
3594         5.8216
3594       0.555979
3594        5.15796
3594        5.88611
3594        4.21991
3594        5.15395
3594        2.95852
3594        3.10005
3594        5.90829
3594        4.20697
3594        2.01047
3594        4.88493
3594        3.15622
3594        2.09916
3594        3.71271
3594        3.96172
3594         3.2274
3594        1.20487
3594        1.70139
3594         1.0391
3594        3.20401
3594        5.25064
3594        3.62285
3594        6.27713
3594         1.0015
3594        3.24797
3594       0.471072
3594        4.00661
3594        1.44212
3594        4.44915
3594        3.26418
3594        3.14216
3594        1.33877
3594        5.15057
3594        3.23149
3594        3.83594
3594        4.46747
3594        4.40719
3594        5.10184
3594        5.91865
3594        4.82804
3594         5.9413
3594        1.23295
3594        3.31993
3594        3.20581
3594        0.60374
3594        4.00271
3594       0.245371
3594        2.35988
3594        3.84904
3594        1.19941
3594        5.96646
3594        1.95094
3594        5.47755
3594        3.72048
3594        5.00831
3594        4.08666
3594        0.78412
3594        4.70755
3594       0.747429
3594        1.45123
3594        1.51427
3594        4.26307
3594        5.12041
3594        2.53817
3594       0.192226
3594       0.367771
3594        3.16116
3594        3.57796
3594        5.56708
3594         2.3659
3594        5.13444
3594        4.55287
3594        1.64791
3594        0.85558
3594        5.02099
3594         5.2943
3594         4.2434
3594        2.83904
3594        5.27588
3594        4.27386
3594      0.0346032
3594      0.0257633
3594        1.30522
3594       0.519588
3594        1.54856
3594        3.84008
3594         4.4644
3594         2.9492
3594        6.03182
3594        0.14743
3594        4.75278
3594       0.131131
3594         5.0738
3594        4.76223
3594        1.49816
3594        1.85251
3594        3.71164
3594        3.40053
3594        1.04657
3594        1.22086
3594        3.85231
3594       0.395891
3594      0.0478821
3594        2.93408
3594        1.33807
3594        5.97359
3594        5.39248
3594       0.567592
3594        2.87516
3594        4.60569
3594        4.20639
3594        3.24739
3594        5.30062
3594        3.62457
3594        1.18653
3594        3.95463
3594        5.31402
3594        1.04665
3594        3.21456
3594        2.63293
3594        1.43347
3594        1.67229
3594        4.38763
3594        1.89588
3594        3.13026
3594        2.72723
3594        1.84512
3594        4.51353
3594       0.836126
3594       0.716959
3594         3.8198
3594        5.83958
3594        2.85413
3594        4.42753
3594        3.55752
3594       0.685398
3594       0.612545
3594        2.82659
3594        6.09614
3594        1.51319
3594       0.405618
3594        4.02565
3594         4.4649
3594        5.80347
3594        4.08971
3594        4.23812
3594        4.25038
3594        6.00602
3594        4.64909
3594         4.6733
3594       0.812664
3594        5.42495
3594        4.87118
3594        4.32314
3594         5.9282
3594         4.6286
3594        4.24436
3594         6.0662
3594       0.667888
3594        5.85236
3594        3.32238
3594        5.22224
3594        4.53261
3594        1.94661
3594       0.545846
3594        1.70135
3594       0.813378
3594       0.942361
3594        2.58675
3594        2.57849
3594        1.30696
3594        4.32851
3594        3.41315
3594        3.93261
3594        2.14365
3594        5.41541
3594        3.43697
3594        4.27345
3594        3.23027
3594         5.3309
3594        1.14541
3594       0.944274
3594        4.21219
3594        2.77113
3594        3.54508
3594        3.74836
3594        5.56272
3594         2.2734
3594         5.1464
3594        4.48662
3594        2.33619
3594        4.22942
3594        1.85149
3594        6.24737
3594        3.81205
3594        1.75833
3594        5.60816
3594        4.41657
3594        4.71858
3594        6.24375
3594        2.19806
3594     0.00874489
3594        2.42567
3594        2.54284
3594        5.05763
3594        3.36419
3594         4.9404
3594        5.95875
3594       0.631765
3594     0.00886836
3594        4.00174
3594        5.46918
3594        3.25549
3594        4.76472
3594        2.67877
3594        4.57365
3594        3.65395
3594        3.43759
3594        4.15324
3594        3.99785
3594        2.34442
3594        1.01292
3594       0.565452
3594       0.296039
3594        4.48989
3594       0.930552
3594        4.32975
3594        1.09748
3594        2.55505
3594        1.93062
3594        5.67895
3594        5.19525
3594        3.54155
3594        2.41519
3594        4.15151
3594        5.82688
3594        5.78944
3594        5.88425
3594        1.55339
3594        4.73479
3594      0.0391039
3594        2.15143
3594        3.31728
3594        4.50746
3594        5.28549
3594        4.66058
3594       0.879886
3594        4.58875
3594        1.65524
3594        5.01737
3594       0.898135
3594        0.76605
3594        3.49495
3594        4.30825
3594        1.38227
3594        4.51307
3594        3.05887
3594        4.12637
3594        4.84189
3594        4.94792
3594         2.4866
3594        3.51998
3594        1.09195
3594        0.97983
3594       0.486044
3594        2.79817
3594         1.4987
3594       0.716602
3594       0.814752
3594        1.10019
3594       0.680418
3594        5.77055
3594        5.53912
3594        4.00271
3594       0.602652
3594        4.23008
3594        3.36724
3594        2.86616
3594        4.60127
3594        3.28626
3594        3.44103
3594        0.97121
3594        2.77483
3594        3.15523
3594        4.55669
3594        3.25379
3594        4.54965
3594        1.44154
3594        1.05788
3594        3.82728
3594        3.98063
3594        4.06813
3594        6.10749
3594        4.22201
3594        4.89535
3594        3.91599
3594      0.0864344
3594        6.18404
3594       0.820044
3594        3.26895
3594        5.04767
3594        1.31918
3594        2.00782
3594        3.71859
3594        5.12105
3594         3.5235
3594        5.04232
3594        0.30994
3594        5.13016
3594       0.770494
3594        3.06064
3594        1.12454
3594       0.331653
3594       0.380236
3594        6.22768
3594        2.05164
3594       0.710938
3594        4.75154
3594        2.39497
3594       0.516127
3594        4.78987
3594        1.75766
3594       0.487759
3594        5.32884
3594        5.69625
3594        3.97796
3594        5.08084
3594        3.15669
3594       0.606247
3594        1.94168
3594         1.5024
3594        4.19548
3594        3.45983
3594        4.62965
3594        5.84188
3594       0.229984
3594       0.863666
3594         5.5843
3594        1.06806
3594        3.21863
3594        3.10948
3594        1.71423
3594       0.256986
3594        4.22615
3594        6.10677
3594        1.71512
3594         5.3834
3594        3.70183
3594        2.20271
3594         1.2957
3594        4.80242
3594        1.58335
3594        1.19174
3594        4.80846
3594        1.14649
3594        4.53216
3594        6.14636
3594        4.45469
3594        4.99238
3594        4.60047
3594        3.77666
3594        3.63273
3594        2.36357
3594        0.27387
3594        1.79006
3594       0.738992
3594        1.87643
3594        5.61793
3594        3.89138
3594        2.71332
3594        1.54397
3594        4.08186
3594       0.778576
3594        2.08329
3594        4.29347
3594        1.20473
3594        1.18407
3594       0.816979
3594        4.19395
3594         4.6775
3594        4.33457
3594        6.23183
3594       0.130302
3594        5.38807
3594        1.74925
3594        5.84076
3594        4.77838
3594        5.97549
3594        5.08658
3594        3.42304
3594        4.65513
3594        5.06572
3594        6.01814
3594        5.60258
3594        1.95913
3594       0.375691
3594       0.941599
3594        1.06746
3594        5.42126
3594       0.993966
3594       0.347806
3594        4.58991
3594        5.03924
3594        6.17636
3594       0.857667
3594       0.428317
3594        3.55882
3594         2.1257
3594        3.01055
3594         5.1146
3594        1.65089
3594        1.50789
3594        4.26329
3594        3.96449
3594        1.13211
3594          3.533
3594         4.6797
3594        5.99301
3594        5.90351
3594        5.18804
3594        5.76229
3594        2.56163
3594        4.45537
3594        0.18783
3594        1.68752
3594        2.01829
3594        4.17202
3594        3.89428
3594       0.189368
3594        5.85431
3594        2.49252
3594        2.82423
3594        3.55986
3594        1.39689
3594        2.97314
3594        4.57598
3594        2.31341
3594       0.283234
3594     0.00681442
3594        3.70792
3594       0.321255
3594        4.07864
3594        4.67728
3594        3.88103
3594        2.49728
3594        2.39649
3594        4.13458
3594       0.391437
3594        6.20288
3594       0.619883
3594         1.6851
3594        1.66589
3594        2.18336
3594        2.07981
3594        3.47964
3594        6.27885
3594        3.49969
3594        3.76173
3594        4.81366
3594        4.95922
3594        5.10199
3594        4.82147
3594       0.187828
3594        4.90458
3594         5.3245
3594        1.92404
3594        2.21652
3594        5.30916
3594        4.77342
3594        2.32809
3594        3.04961
3594       0.490797
3594        1.86771
3594        5.13128
3594        4.12622
3594         3.4412
3594        5.00336
3594        2.04098
3594        1.69713
3594        6.13961
3594        4.07505
3594        1.77573
3594        1.59895
3594        4.09698
3594       0.204056
3594        1.48616
3594       0.912191
3594        1.51828
3594        3.97606
3594        4.79138
3594        5.09051
3594        1.73776
3594        3.62915
3594        5.31745
3594        2.99415
3594        5.67688
3594        3.73445
3594       0.636295
3594        1.96186
3594        5.18653
3594        5.13974
3594       0.683547
3594        3.63055
3594        5.53951
3594        1.56662
3594        4.30275
3594       0.872546
3594        6.21505
3594        2.96987
3594        4.20725
3594        3.98608
3594       0.451403
3594        3.95705
3594        4.32132
3594        4.58845
3594        2.93071
3594        4.22083
3594        5.34582
3594        3.28119
3594         4.2814
3594         1.0904
3594        4.18569
3594        3.59253
3594        2.86456
3594        3.08474
3594       0.322397
3594        4.59969
3594        5.35136
3594         5.5722
3594        3.15664
3594       0.131161
3594        2.91833
3594        1.29405
3594        2.93139
3594        1.02896
3594        0.84846
3594        1.73571
3594         2.9041
3594        5.33763
3594        0.95529
3594        3.87003
3594        1.18065
3594        5.84924
3594        5.44947
3594        1.83401
3594        2.13484
3594        2.30294
3594        3.47073
3594        1.69309
3594        2.01769
3594        5.90963
3594         5.4199
3594         3.2627
3594         4.8597
3594        4.07544
3594        2.89682
3594        5.77247
3594        3.23095
3594        3.56184
3594        3.18311
3594        3.06103
3594        1.99235
3594        3.82457
3594        5.68274
3594        2.34958
3594       0.605031
3594        5.13961
3594        6.02064
3594        1.32065
3594        1.30858
3594        2.03066
3594        0.75228
3594         5.2078
3594       0.534044
3594        1.72685
3594        2.68272
3594        4.70221
3594        5.67569
3594        2.35283
3594        5.75231
3594        2.52536
3594        1.78878
3594        6.28183
3594        3.67644
3594        3.84992
3594        1.13532
3594        3.05445
3594        3.53482
3594        4.62569
3594        1.21242
3594        4.46677
3594       0.403547
3594         1.5699
3594        3.54354
3594        1.06255
3594        5.50436
3594        2.15191
3594        4.07733
3594        1.72758
3594        4.10758
3594        4.29608
3594        5.38398
3594       0.893382
3594        4.29548
3594        1.14997
3594         1.7157
3594        2.05477
3594        3.47907
3594        5.94182
3594        5.67684
3594       0.624915
3594        6.00967
3594        1.81962
3594        1.97019
3594      0.0892964
3594        3.67996
3594       0.299471
3594        3.05629
3594       0.388889
3594        3.47741
3594        2.32334
3594        3.67817
3594         5.7665
3594       0.786123
3594        3.52692
3594        2.40339
3594        3.35504
3594        3.46679
3594        3.34634
3594        3.79005
3594        3.77203
3594       0.337318
3594        0.40446
3594        2.02609
3594       0.985968
3594       0.228541
3594        6.18424
3594        4.80616
3594        4.94699
3594        4.53845
3594        3.14338
3594        4.92682
3594        3.05392
3594        4.04727
3594        5.96234
3594        3.56736
3594         2.1117
3594        4.06418
3594        4.09282
3594        3.99337
3594        1.59888
3594        1.70215
3594       0.230442
3594         5.8644
3594        4.15023
3594        2.46378
3594        1.24968
3594         3.5862
3594        2.05861
3594        5.66473
3594        2.67061
3594        6.20021
3594        4.48193
3594       0.531587
3594        2.53872
3594        3.75865
3594        3.93739
3594        3.70555
3594        1.87398
3594        4.19079
3594        4.77397
3594        4.25896
3594          1.267
3594        1.03469
3594        3.47672
3594        2.82258
3594        2.17046
3594        4.68078
3594        2.89511
3594         2.6412
3594        2.78491
3594        2.14042
3594        5.75277
3594        6.06148
3594        3.13727
3594        2.50429
3594        4.27094
3594        5.54265
3594        5.38975
3594        2.53142
3594        2.63029
3594        2.63118
3594        5.46809
3594        1.45899
3594        5.45392
3594        2.92229
3594        1.15811
3594        6.21984
3594        3.40806
3594        3.49241
3594        3.98433
3594        3.42064
3594         3.6875
3594        2.69259
3594        4.96258
3594         2.7128
3594        5.80568
3594        3.16114
3594        4.03577
3594        5.85582
3594        2.49481
3594        4.08969
3594        2.28674
3594        1.86989
3594         4.8754
3594        5.74051
3594          5.354
3594        4.71168
3594        2.03671
3594        5.03398
3594       0.954653
3594        0.74194
3594        2.39282
3594        3.58825
3594       0.727101
3594        3.47034
3594         1.7876
3594        4.08733
3594        2.88731
3594        1.40498
3594        5.43787
3594        1.34385
3594        4.28799
3594        3.93452
3594        1.32825
3594        5.11739
3594         2.2982
3594        3.78199
3594         4.3454
3594        3.90844
3594        2.10412
3594        1.51471
3594        2.12143
3594        5.36019
3594        3.99422
3594         1.5064
3594        3.29854
3594       0.194171
3594       0.298891
3594        2.06799
3594        5.42898
3594        2.91067
3594       0.843212
3594        1.84732
3594        2.92575
3594        1.88628
3594        1.98264
3594        5.93296
3594        3.90052
3594        4.78137
3594        4.01529
3594        5.53128
3594        4.83704
3594       0.889149
3594       0.780466
3594        2.81077
3594        1.87218
3594         2.0603
3594         5.3815
3594        5.62202
3594         3.2867
3594        3.72181
3594        2.19936
3594        3.17596
3594        2.34444
3594        4.70139
3594        4.58902
3594         2.9125
3594        3.69817
3594       0.128082
3594        3.01504
3594         4.7155
3594        2.09053
3594        6.19149
3594        6.03764
3594       0.396258
3594         4.3513
3594        5.70304
3594        4.44579
3594        0.59991
3594        5.68286
3594        1.75286
3594        1.49923
3594        5.40061
3594        1.30183
3594         5.4535
3594         2.8054
3594        1.47894
3594        1.68848
3594        2.97696
3594        5.96608
3594        2.04999
3594        4.93187
3594        3.13039
3594        3.15548
3594        1.81189
3594       0.113499
3594        3.92493
3594        1.57298
3594        2.56946
3594          2.479
3594        5.26062
3594        3.13136
3594        3.21851
3594        5.09357
3594        1.75715
3594        4.54815
3594        3.55685
3594        4.66931
3594        0.59557
3594       0.999977
3594        5.25861
3594        5.14897
3594        6.05976
3594        6.05668
3594       0.767462
3594        2.73535
3594        4.00793
3594        1.78979
3594        3.72616
3594          3.726
3594        3.04143
3594        3.21616
3594       0.440065
3594       0.209385
3594        4.04433
3594        2.08852
3594        3.84362
3594       0.566853
3594        5.27799
3594        3.34393
3594        1.04764
3594        6.16896
3594        4.29337
3594        5.93094
3594        2.23889
3594       0.826248
3594       0.393568
3594        4.96342
3594       0.616377
3594         5.5714
3594        1.39512
3594        3.22098
3594        4.72301
3594        6.07328
3594        6.15932
3594         2.8295
3594        1.93148
3594        3.24441
3594        6.08203
3594        4.56183
3594        2.97882
3594        1.28585
3594        5.18601
3594        4.75725
3594        3.32409
3594       0.710066
3594        2.56729
3594        4.42759
3594        3.34347
3594        0.71627
3594        4.29911
3594        6.19233
3594         1.3364
3594        1.14814
3594        4.13252
3594        5.71574
3594        3.43671
3594        4.21418
3594        4.44479
3594          5.695
3594        5.39512
3594        3.62631
3594        3.74454
3594       0.412895
3594        3.12187
3594        1.59633
3594        3.82104
3594        4.53915
3594        5.34529
3594        2.34677
3594        4.71705
3594        4.98248
3594        4.71135
3594        5.78971
3594        6.04548
3594       0.326685
3594       0.562378
3594        3.34105
3594        1.00718
3594        2.26461
3594        1.23213
3594       0.107109
3594       0.334634
3594        4.34199
3594        3.44114
3594        4.34218
3594        4.70331
3594         5.3736
3594        1.26326
3594        5.75814
3594        3.29031
3594        4.48726
3594        4.66365
3594        4.25924
3594        2.88514
3594        1.66069
3594        5.34467
3594        3.81635
3594        5.78258
3594        4.12584
3594       0.967394
3594        1.50776
3594         1.1229
3594        3.59904
3594        5.40683
3594        3.89595
3594        6.01372
3594         1.7609
3594         4.2924
3594        4.47272
3594        1.47883
3594        2.42711
3594        6.07244
3594      0.0573658
3594        5.37027
3594        3.82236
3594        2.85937
3594        5.90445
3594        3.71559
3594         1.4625
3594        3.59142
3594        3.11286
3594        3.32908
3594        4.06703
3594       0.505151
3594        3.53169
3594        0.19519
3594        1.88916
3594        5.72746
3594        3.37102
3594         4.0131
3594        4.89672
3594        4.80341
3594        6.20458
3594        3.70018
3594        4.80349
3594        2.47675
3594        1.25947
3594       0.434535
3594         5.0228
3594        6.17268
3594        1.98591
3594        4.32943
3594        3.40366
3594         3.5197
3594        4.90062
3594        3.27289
3594        3.89292
3594        6.10188
3594        4.49223
3594        1.65656
3594         2.5976
3594        1.82086
3594        4.73546
3594        5.95418
3594       0.873583
3594        5.63971
3594        6.26137
3594        2.53496
3594         4.7747
3594        3.54636
3594        1.99233
3594        1.51861
3594        4.54767
3594        4.30852
3594       0.657224
3594        1.96089
3594        2.87728
3594        3.97664
3594       0.248411
3594        4.84786
3594       0.234998
3594        3.88897
3594        3.77618
3594        4.47714
3594        5.63654
3594       0.641776
3594       0.660449
3594        3.32421
3594        3.15039
3594        4.39026
3594        2.51258
3594        3.70736
3594        3.90585
3594        5.38388
3594         5.1979
3594        1.22116
3594        2.20568
3594        1.29634
3594        5.04167
3594        1.40794
3594        3.52522
3594        2.68429
3594      0.0937799
3594        3.55605
3594        2.53696
3594       0.632638
3594        6.03537
3594        4.51584
3594         4.6073
3594        4.07249
3594        3.87628
3594        3.02796
3594       0.317639
3594        1.48492
3594       0.409125
3594        4.76888
3594        2.13341
3594        2.26708
3594         1.9687
3594        3.87492
3594        5.28583
3594        3.26198
3594         1.6406
3594        1.09221
3594          6.271
3594        2.31351
3594        4.14253
3594        2.66582
3594        1.32649
3594        3.58853
3594        2.62201
3594        3.96045
3594        3.59834
3594        3.64774
3594        5.24488
3594        3.23218
3594        3.28517
3594        1.04374
3594        6.11623
3594         4.0154
3594        3.65787
3594       0.623001
3594        3.93011
3594       0.588629
3594        5.48236
3594        1.07031
3594        3.55109
3594       0.228901
3594        1.39627
3594       0.358103
3594       0.534917
3594         1.4353
3594        1.89888
3594        1.77905
3594        6.24561
3594        5.86542
3594        2.48924
3594        1.62848
3594        4.49472
3594        2.59023
3594        3.25771
3594        3.87122
3594        1.10714
3594        3.72021
3594        4.57966
3594         4.6549
3594         4.8627
3594        1.40446
3594        0.13126
3594        5.92057
3594        1.80333
3594        5.25963
3594        4.80441
3594        5.82269
3594        5.79631
3594        2.33243
3594        4.38128
3594         1.9995
3594        2.87228
3594        3.64326
3594         1.1119
3594        1.05033
3594        2.55229
3594        6.12344
3594        1.33406
3594        2.18001
3594        1.18262
3594        1.39645
3594        4.51751
3594        5.14574
3594        3.26492
3594        4.25897
3594        3.83185
3594        1.64004
3594        4.04324
3594       0.309335
3594        5.81103
3594         2.0553
3594        3.32338
3594        2.22676
3594        5.21874
3594       0.191458
3594         5.5608
3594        4.18405
3594       0.945008
3594         0.8611
3594        5.98202
3594        3.21469
3594         2.7248
3594        4.59655
3594        3.70947
3594        0.54362
3594        3.78241
3594        3.94607
3594        5.48553
3594        1.36574
3594        5.34227
3594        4.26397
3594        3.76003
3594        1.01154
3594        3.40184
3594       0.286296
3594        1.69205
3594         1.1489
3594        4.12722
3594        3.11906
3594        3.33436
3594        4.72366
3594        2.61872
3594       0.490186
3594        4.18493
3594        2.75415
3594        3.64537
3594         2.1037
3594        3.69943
3594        4.50019
3594        4.60215
3594        3.34933
3594        4.61575
3594       0.111683
3594       0.515535
3594        3.34861
3594       0.505113
3594        3.84651
3594        3.53473
3594        5.72638
3594       0.891509
3594        1.87632
3594        5.28247
3594       0.463956
3594        1.30352
3594       0.498177
3594        3.98253
3594       0.370176
3594        1.91663
3594        4.24984
3594        3.44459
3594        5.50356
3594        3.55794
3594         1.2981
3594       0.489951
3594        2.86114
3594        2.98984
3594        4.48867
3594      0.0376486
3594         5.5611
3594        2.08431
3594        2.41396
3594        3.89077
3594        4.12688
3594        2.33358
3594        3.66776
3594        3.64518
3594        3.39438
3594       0.411394
3594        3.40548
3594        1.00823
3594        3.71434
3594        3.29284
3594         5.1013
3594       0.921438
3594        3.59559
3594       0.866472
3594        4.84356
3594        3.24344
3594      0.0450259
3594       0.946298
3594        5.04912
3594        4.07025
3594        1.78985
3594        5.94802
3594        2.75258
3594        2.44344
3594        2.30357
3594        2.65766
3594        3.53861
3594      0.0588068
3594        4.90644
3594      0.0461427
3594        2.33589
3594        4.03995
3594        2.89962
3594         6.2143
3594       0.419423
3594        3.37101
3594         3.2432
3594        5.92501
3594        1.57304
3594         3.9887
3594        5.96378
3594        2.34895
3594        4.93352
3594        2.27478
3594         2.9859
3594        2.56385
3594          3.242
3594        4.19521
3594        2.85708
3594          5.848
3594       0.539129
3594        5.86323
3594        3.44785
3594        4.80137
3594        1.32436
3594        4.66934
3594        1.23682
3594        5.09861
3594        4.40886
3594        1.33177
3594        1.86366
3594       0.789877
3594         2.1323
3594       0.512395
3594        2.10622
3594        2.22498
3594        1.15039
3594        5.80181
3594        5.19078
3594        2.32075
3594       0.851046
3594        3.37506
3594        3.55565
3594        1.00211
3594        4.52528
3594         3.4555
3594        4.07362
3594        1.89346
3594        2.82996
3594        4.51004
3594        2.98292
3594        4.82977
3594        2.83412
3594        4.36617
3594        1.39356
3594         3.1812
3594       0.223862
3594        3.52686
3594        4.41074
3594        2.15846
3594        5.94516
3594        3.85117
3594        3.11416
3594        6.19967
3594       0.384163
3594        1.48822
3594        1.90663
3594         4.3812
3594        2.37366
3594        3.03476
3594        4.90947
3594        6.01763
3594        1.41879
3594        3.84207
3594       0.358723
3594        2.77282
3594        4.71113
3594       0.853297
3594        1.08746
3594        1.29748
3594       0.346715
3594        5.94279
3594        1.84706
3594        1.43813
3594        3.15204
3594         1.4024
3594        2.11072
3594        6.20479
3594        2.74231
3594        5.13428
3594       0.274479
3594        5.55017
3594        2.84696
3594        5.14697
3594        5.31219
3594        3.49421
3594       0.124083
3594        4.90214
3594         2.3064
3594        4.14848
3594        4.03469
3594        3.08139
3594        5.31071
3594        1.49107
3594        1.23471
3594        1.11827
3594       0.293042
3594        4.32051
3594       0.458507
3594        1.88345
3594        3.37779
3594        4.21099
3594        4.84248
3594         4.9844
3594       0.556542
3594        3.91362
3594        2.66667
3594        3.18072
3594        1.16044
3594        1.83327
3594        5.06272
3594        1.96147
3594        1.69263
3594        3.58623
3594        1.33367
3594       0.894109
3594       0.241158
3594        4.85983
3594        5.22328
3594        2.36211
3594        3.68523
3594       0.829119
3594        4.79272
3594        2.63544
3594        5.04638
3594        2.74608
3594       0.410603
3594        3.15829
3594        2.01568
3594        5.33477
3594        4.83056
3594        5.11807
3594        1.62131
3594        4.56518
3594        3.06077
3594       0.187062
3594       0.667144
3594        5.72555
3594        6.05691
3594        1.15651
3594        5.83427
3594        5.50644
3594        3.71293
3594        2.70731
3594        1.19241
3594        1.70291
3594        2.66751
3594        0.36885
3594        5.10334
3594         2.2689
3594        5.42969
3594        2.19674
3594        2.75512
3594        4.92252
3594        2.20888
3594        1.19173
3594        5.22514
3594        4.05649
3594        4.98278
3594       0.245169
3594        4.78205
3594         3.0256
3594        2.10884
3594        4.68634
3594        1.16363
3594        5.85632
3594        2.35501
3594        3.11166
3594        4.58968
3594       0.132447
3594        1.34233
3594        6.13415
3594       0.290934
3594        1.82217
3594        4.05135
3594        5.64531
3594        1.54533
3594        3.76052
3594        2.31006
3594       0.113343
3594        4.53738
3594        4.49623
3594        2.84591
3594        4.95112
3594        4.14214
3594       0.909392
3594        3.68369
3594       0.323064
3594        6.26788
3594        5.63414
3594        5.84199
3594        4.13597
3594         1.4542
3594        2.22532
3594        2.38402
3594        1.87233
3594        5.92666
3594        2.35093
3594        3.90131
3594        5.67192
3594        2.96176
3594        3.27522
3594        2.55029
3594       0.642031
3594        1.20885
3594        6.21979
3594         3.7135
3594        4.90062
3594        5.40564
3594        4.05935
3594        4.09563
3594        2.80749
3594        6.01248
3594        6.23679
3594         5.5712
3594        2.70839
3594        4.79625
3594        6.14931
3594        5.47481
3594        4.56908
3594      0.0731822
3594        4.79736
3594        5.72775
3594         2.6554
3594       0.602873
3594       0.382281
3594        2.25448
3594        1.01247
3594       0.616705
3594        1.52655
3594        5.68314
3594        3.78191
3594       0.144838
3594       0.410902
3594        3.26966
3594         3.6137
3594        4.26357
3594        3.66852
3594        1.55447
3594       0.399409
3594       0.932434
3594        1.72309
3594        3.59479
3594        4.54985
3594        1.46874
3594        0.83687
3594        1.67284
3594        3.97423
3594        2.18533
3594          5.322
3594        4.86733
3594       0.234419
3594        0.12541
3594        1.19152
3594        1.28493
3594        4.22647
3594       0.462126
3594        0.56308
3594        4.73137
3594        5.99533
3594        1.95041
3594        2.71014
3594       0.162136
3594        1.45945
3594        4.38367
3594        1.42018
3594        2.18498
3594        5.28737
3594        1.45253
3594        5.69428
3594        4.05498
3594        4.62733
3594        4.80369
3594        5.36456
3594        5.58575
3594        5.54946
3594        5.86073
3594        5.01377
3594       0.162007
3594       0.467036
3594        2.47455
3594        4.21039
3594        1.47979
3594        0.86214
3594       0.312888
3594        1.91913
3594        1.55821
3594         6.0975
3594        0.39707
3594        1.19777
3594         4.4169
3594       0.367708
3594       0.933583
3594        1.53602
3594       0.540172
3594        1.52717
3594        1.86039
3594        1.61348
3594        0.72256
3594        1.00091
3594        3.36904
3594         2.8137
3594        2.76129
3594        2.37627
3594        5.06794
3594       0.914632
3594        4.67364
3594        4.58069
3594       0.387173
3594        2.86162
3594       0.672083
3594        3.61122
3594         4.2704
3594         3.1371
3594        4.02948
3594        3.28261
3594        1.42634
3594        1.60293
3594        4.36044
3594        3.25392
3594       0.637325
3594        4.02364
3594        5.35946
3594        3.85537
3594        5.37322
3594        3.25469
3594        4.79755
3594        5.68613
3594       0.836767
3594        2.08307
3594       0.153012
3594        3.93378
3594        6.06898
3594        4.34505
3594        5.81117
3594        6.19327
3594        1.53701
3594        1.89938
3594       0.138901
3594        2.22622
3594       0.278512
3594        6.05369
3594        4.19816
3594        2.74243
3594        3.31982
3594       0.652108
3594        4.85955
3594        4.67717
3594        1.73579
3594        3.24936
3594       0.610956
3594        3.62671
3594        4.50799
3594       0.290326
3594        4.67149
3594        3.41253
3594         3.6314
3594        2.45209
3594        3.46345
3594       0.956637
3594        4.73333
3594        3.39892
3594       0.139259
3594        4.98162
3594        3.95809
3594        5.61571
3594        4.66409
3594       0.172011
3594        4.37777
3594        1.29288
3594       0.842816
3594        1.29464
3594        3.44938
3594        2.28928
3594        3.83644
3594        4.78367
3594        3.70953
3594       0.283147
3594        2.14919
3594        5.08327
3594        1.55403
3594        4.39721
3594        1.14288
3594        1.00919
3594        3.23942
3594        2.66648
3594        5.88267
3594        3.46424
3594        5.85764
3594        4.07598
3594        1.54464
3594        4.97764
3594        4.81782
3594        5.39721
3594        5.15902
3594        4.40357
3594       0.200193
3594        1.06753
3594      0.0800525
3594        3.99003
3594        5.19856
3594        4.42762
3594        2.45772
3594         6.2767
3594        0.35976
3594         3.4862
3594        2.39086
3594        3.78289
3594        4.21863
3594        2.44919
3594        4.22155
3594       0.487108
3594        1.78911
3594        1.28858
3594       0.504753
3594        3.33562
3594        5.11647
3594       0.301532
3594        5.28478
3594       0.442701
3594       0.740904
3594        4.97813
3594        1.66847
3594        4.91645
3594        6.26795
3594       0.846072
3594       0.908593
3594       0.535321
3594       0.999157
3594        4.21015
3594       0.655835
3594       0.560279
3594        1.26399
3594       0.536847
3594        4.20983
3594        5.76349
3594        3.81233
3594        5.21664
3594        1.37463
3594        2.68116
3594        5.94355
3594       0.999622
3594      0.0647523
3594        4.23068
3594        4.14158
3594       0.129863
3594        4.35168
3594        4.15232
3594       0.447907
3594         4.9048
3594        3.81904
3594        4.01742
3594        4.21314
3594      0.0922908
3594        3.48666
3594        4.97317
3594        4.42673
3594       0.281266
3594       0.594546
3594        5.88971
3594        3.86432
3594       0.379554
3594        2.52307
3594        2.06979
3594         2.3147
3594       0.426127
3594        1.05366
3594        2.19284
3594        1.63934
3594        5.38058
3594       0.311424
3594        2.39416
3594        5.34377
3594       0.124497
3594        1.42358
3594        1.87527
3594        3.50786
3594        1.10268
3594        1.19916
3594        2.70826
3594       0.268831
3594        5.01292
3594        5.16095
3594        3.08035
3594       0.937148
3594        3.34214
3594        4.73679
3594        1.82419
3594        1.32929
3594        6.08804
3594        1.64723
3594        3.40217
3594        3.93509
3594        0.82241
3594       0.493867
3594        5.64035
3594        5.38102
3594        4.60272
3594        5.44631
3594       0.200877
3594        6.20332
3594        3.34349
3594        1.63036
3594        4.46001
3594       0.690145
3594        1.25335
3594        5.31059
3594        3.86051
3594        3.60468
3594        3.62635
3594        2.00845
3594        4.81062
3594        5.15828
3594      0.0951038
3594        5.62002
3594        0.42666
3594        3.25942
3594        4.24976
3594      0.0583904
3594        3.64932
3594        1.54069
3594        2.56078
3594       0.460047
3594       0.975033
3594        2.28021
3594        5.58792
3594        5.35287
3594        2.58067
3594        5.17139
3594        2.54604
3594        5.05414
3594        1.81287
3594        1.13694
3594        1.01044
3594        6.21323
3594        3.25575
3594       0.645995
3594        2.78242
3594        4.93905
3594        3.38668
3594        1.97914
3594        2.14382
3594        1.26403
3594        1.77043
3594        4.47018
3594         5.1044
3594       0.420949
3594        3.65425
3594        3.50499
3594        4.84156
3594       0.518812
3594        2.29443
3594        5.36364
3594        5.92808
3594        4.21076
3594        4.22953
3594        5.40605
3594        1.60736
3594       0.412107
3594       0.852534
3594        3.57871
3594        1.03292
3594        1.30279
3594         3.1844
3594        4.02417
3594       0.241537
3594        3.28155
3594       0.454064
3594         3.0306
3594         1.3499
3594        3.16012
3594         2.5742
3594       0.107619
3594        1.16404
3594       0.783184
3594        3.32721
3594        3.56801
3594        3.30926
3594         3.1226
3594        4.82907
3594        6.14869
3594        1.41003
3594        1.84577
3594        4.61644
3594        1.99644
3594        1.61572
3594       0.756867
3594        5.64932
3594        4.12975
3594        5.53085
3594        2.92409
3594        5.17076
3594        4.33432
3594        5.61904
3594        5.00148
3594        1.98105
3594        3.24949
3594        3.73271
3594        4.64721
3594        2.78269
3594        3.13183
3594        1.86488
3594        2.95045
3594        1.48408
3594        3.23996
3594        1.83953
3594        1.08709
3594        6.12178
3594        5.43865
3594        3.21686
3594        3.26294
3594        6.16669
3594        2.03155
3594        2.26079
3594        5.82365
3594         4.1554
3594        4.32784
3594        4.96052
3594       0.953029
3594        2.18474
3594        2.39835
3594        4.83415
3594        5.66692
3594        6.00298
3594      0.0796378
3594       0.390069
3594        2.23592
3594        6.06792
3594        2.53786
3594        5.65285
3594          5.733
3594         1.9706
3594        5.22797
3594        3.64407
3594        1.16281
3594        0.92894
3594        4.84032
3594        4.06528
3594        2.82888
3594        3.11007
3594        1.15399
3594        2.42691
3594        3.68726
3594        1.73362
3594        5.69549
3594        6.22219
3594        2.05203
3594         4.5798
3594        5.95145
3594         3.4887
3594        2.70796
3594        4.77187
3594      0.0110736
3594        1.70977
3594        5.26832
3594        2.33743
3594        5.79162
3594        5.81611
3594        1.03481
3594        5.52977
3594       0.696226
3594        4.03687
3594       0.837006
3594        4.45171
3594        5.29549
3594        1.77391
3594        3.17172
3594        1.92537
3594        3.38966
3594       0.662349
3594        4.43989
3594       0.765295
3594         1.3322
3594        5.83838
3594        3.56676
3594       0.417687
3594        5.10385
3594         4.4464
3594         2.2127
3594         6.0135
3594        5.26989
3594        5.32617
3594          4.525
3594        4.80206
3594        2.54941
3594        5.37982
3594        1.29116
3594        3.76768
3594        5.56497
3594        1.06813
3594        2.05209
3594        3.82994
3594       0.727964
3594        5.05182
3594        3.37295
3594        5.06026
3594        1.03541
3594        5.66068
3594        5.93766
3594        4.92421
3594       0.192385
3594        2.92295
3594       0.402089
3594        3.26621
3594       0.807438
3594        5.09324
3594        2.41863
3594        3.80852
3594        4.78704
3594        2.55844
3594        3.89756
3594        4.62215
3594        0.92659
3594        6.06182
3594        4.37109
3594        3.96178
3594        1.87367
3594        5.39001
3594        3.73724
3594        5.71602
3594        2.82643
3594        3.55288
3594        2.09783
3594        4.88784
3594        2.29111
3594        1.89522
3594       0.258439
3594        3.13295
3594        3.65774
3594        5.61779
3594        1.26573
3594       0.111905
3594        2.56809
3594        4.98316
3594       0.410293
3594        5.62503
3594        2.93971
3594        1.29777
3594        3.35467
3594        4.08313
3594        4.94369
3594         1.2495
3594        2.22365
3594        2.82274
3594        3.01746
3594        3.89709
3594        1.53213
3594        2.40277
3594        3.47361
3594        4.12356
3594        3.71555
3594       0.596898
3594        3.11761
3594        4.94009
3594        2.17965
3594        5.46941
3594        1.27805
3594        2.53824
3594        0.17604
3594        2.09423
3594       0.523685
3594        3.34208
3594        5.38693
3594        5.59195
3594        4.54012
3594        5.03676
3594        1.76132
3594       0.772542
3594       0.205844
3594       0.527461
3594        5.85849
3594        3.38953
3594        5.31774
3594        5.17305
3594        1.44541
3594       0.274225
3594        4.06199
3594        2.75453
3594      0.0227439
3594        2.51343
3594         4.3721
3594        5.79679
3594        3.46563
3594        4.32578
3594        4.93988
3594        5.97524
3594        5.63762
3594        1.67765
3594        6.25166
3594         5.2034
3594        6.07356
3594         3.8508
3594        4.44648
3594        2.58965
3594        4.38636
3594      0.0020885
3594        4.87331
3594       0.487565
3594        2.69535
3594        6.09737
3594        4.69478
3594       0.926399
3594       0.900468
3594        4.89631
3594        3.05566
3594        1.62928
3594        4.47623
3594        4.33464
3594        5.74099
3594        1.70593
3594        3.23788
3594        1.56291
3594     0.00165303
3594        5.83602
3594        1.36148
3594        5.54288
3594       0.914812
3594        6.03312
3594        3.60995
3594        3.20208
3594        4.53685
3594        3.40163
3594         3.4097
3594        2.01327
3594        4.01584
3594        4.87856
3594        5.78731
3594         4.6756
3594        5.03819
3594       0.340187
3594        1.94494
3594        5.87388
3594       0.394304
3594        3.65982
3594        6.25517
3594        1.65877
3594        4.85705
3594        3.11544
3594        5.14692
3594        2.94344
3594        4.87029
3594        2.44843
3594        1.17563
3594        3.44861
3594        6.09718
3594       0.197488
3594        4.64375
3594       0.246162
3594        2.62938
3594        0.61847
3594        6.26379
3594        0.51841
3594        6.00268
3594       0.971819
3594         2.7636
3594        3.48235
3594         5.7381
3594        1.67875
3594         1.0885
3594        2.76429
3594        3.54235
3594        6.20684
3594        2.44495
3594        3.47244
3594        4.49036
3594        5.99367
3594        5.01536
3594        2.40575
3594        2.60703
3594        0.18648
3594        4.58541
3594        3.27516
3594        1.74063
3594       0.745179
3594        4.39885
3594        5.31752
3594        5.62453
3594        1.87685
3594        4.82099
3594        5.29224
3594        1.90111
3594        5.79571
3594        3.36294
3594        2.06598
3594        1.93428
3594        5.92797
3594        2.17379
3594        3.92408
3594        4.67592
3594        3.03376
3594        3.55873
3594        5.99744
3594        4.21179
3594        5.96398
3594       0.878058
3594         5.4025
3594         4.6063
3594        2.08203
3594        4.00913
3594        4.66154
3594        3.74591
3594        5.80923
3594        1.43993
3594        6.04568
3594        5.45401
3594         4.5604
3594        3.31622
3594       0.618798
3594        3.05489
3594        1.18895
3594        3.39754
3594        4.21576
3594        3.91583
3594        1.17673
3594        1.58482
3594        3.76954
3594       0.605965
3594       0.209848
3594        5.10066
3594        3.15974
3594        5.12003
3594      0.0153929
3594       0.704412
3594         5.3425
3594        1.92658
3594         1.0071
3594        3.62428
3594        4.20518
3594        3.28932
3594       0.877466
3594       0.723163
3594        6.19912
3594        4.54735
3594        1.57935
3594        3.38339
3594       0.901668
3594        2.17967
3594        5.56945
3594        4.38446
3594        5.29438
3594        2.50124
3594        4.97862
3594       0.902249
3594        2.16299
3594        1.68744
3594        1.43139
3594        4.74952
3594        4.40942
3594        6.10798
3594        5.95535
3594         4.5656
3594        5.91778
3594        1.20726
3594       0.466682
3594        3.54733
3594        3.24637
3594        1.14903
3594        2.35967
3594       0.139168
3594        0.38909
3594        6.20189
3594        3.87942
3594        4.02341
3594       0.947259
3594       0.522944
3594        5.21024
3594        5.67829
3594        1.42693
3594        5.97991
3594         1.2556
3594       0.419594
3594        3.91367
3594        4.82533
3594        0.92531
3594        3.30306
3594        6.26901
3594        1.31088
3594        2.01187
3594        1.05086
3594        1.62977
3594        6.25875
3594        1.45931
3594        2.83781
3594         5.0981
3594        4.68415
3594         3.9451
3594       0.482716
3594        3.52631
3594        5.07044
3594        5.29645
3594        3.59462
3594        4.76794
3594        3.55589
3594        5.52492
3594        4.57939
3594        1.27075
3594        4.19849
3594       0.413586
3594        3.30316
3594        2.73011
3594        2.54258
3594       0.254387
3594         5.8648
3594          3.264
3594        4.01275
3594       0.273895
3594        3.05684
3594        2.22733
3594        4.36661
3594        4.53094
3594       0.433764
3594        4.09344
3594        5.75177
3594         4.9729
3594        4.92932
3594        0.88894
3594        6.19845
3594         2.1509
3594        2.80719
3594       0.844525
3594        4.37269
3594        5.23827
3594       0.733741
3594        4.84645
3594       0.913013
3594         2.3428
3594       0.728433
3594        6.02492
3594        3.52164
3594        3.74991
3594        1.73311
3594        2.81457
3594        3.73089
3594       0.939122
3594        2.41961
3594       0.512027
3594        4.75312
3594        2.01664
