3011        4.33205
3011       0.128275
3011       0.630105
3011        3.09176
3011        5.53383
3011         1.3452
3011       0.441177
3011        5.60699
3011          3.255
3011         1.5458
3011        2.88195
3011        3.58851
3011        5.38912
3011        0.45781
3011        4.98299
3011       0.130384
3011        4.11642
3011        1.20387
3011        5.33832
3011        6.26994
3011        1.88683
3011       0.484398
3011        4.49739
3011       0.438293
3011        1.32156
3011        4.34637
3011      0.0226002
3011        1.48308
3011        1.20311
3011        4.65389
3011        6.10017
3011        3.91335
3011        2.79719
3011        4.48306
3011        2.24949
3011         2.0694
3011       0.586155
3011        1.24218
3011        3.54031
3011        1.48884
3011       0.816003
3011        4.03608
3011        4.96058
3011        3.53149
3011        1.04966
3011        4.49704
3011        4.66943
3011          4.282
3011         1.0617
3011        6.20749
3011        4.75412
3011        2.33082
3011        1.19319
3011        0.18522
3011        1.69042
3011       0.486799
3011        1.42597
3011       0.886637
3011        1.47938
3011        5.17505
3011         2.4929
3011        3.89046
3011        3.68653
3011        2.02648
3011        1.84046
3011        3.22673
3011        3.36698
3011        4.07819
3011        3.86129
3011        3.97134
3011      0.0300912
3011        1.10346
3011        5.81513
3011         3.1685
3011        3.40659
3011        3.97681
3011        1.23839
3011        1.40833
3011         3.8914
3011       0.470258
3011        2.02276
3011        5.06479
3011        6.20519
3011        1.60658
3011        4.19723
3011         2.1069
3011        5.75926
3011        1.03445
3011        6.27936
3011        1.16657
3011         3.5086
3011       0.721735
3011        3.51365
3011        5.42141
3011         3.5445
3011        5.29705
3011        1.03738
3011        5.64235
3011       0.801342
3011        2.33322
3011        5.88526
3011        4.42127
3011        3.05721
3011        1.05428
3011        4.12616
3011       0.984016
3011        5.57756
3011        4.67652
3011        2.52494
3011        2.83042
3011       0.943515
3011         3.1285
3011         2.9252
3011        3.28266
3011        4.45053
3011        1.03882
3011        3.16132
3011         1.2681
3011        5.64241
3011        6.10878
3011        2.60149
3011        4.44827
3011        1.42675
3011        5.67035
3011        3.55926
3011        3.60815
3011        4.81148
3011       0.449522
3011       0.913955
3011       0.829859
3011        1.12603
3011        2.39086
3011        5.18512
3011        3.59548
3011        1.82658
3011        4.30266
3011        4.43076
3011        1.93745
3011        3.94396
3011        5.08661
3011         6.1284
3011       0.917172
3011        3.40447
3011       0.449515
3011        4.80813
3011        5.12661
3011        1.34188
3011        4.09501
3011        3.93408
3011        4.16468
3011        3.51861
3011       0.280325
3011       0.677064
3011        4.56498
3011       0.792046
3011        1.44419
3011        2.03624
3011        2.09603
3011        4.12547
3011        1.44843
3011         2.6833
3011        5.29412
3011        5.10022
3011         3.6638
3011       0.845211
3011        5.90743
3011        4.65509
3011        5.58334
3011        4.87006
3011        2.03442
3011         1.2861
3011       0.903744
3011        2.54075
3011        5.46253
3011       0.450546
3011        2.15715
3011        1.41743
3011        3.27215
3011        6.07036
3011        5.88524
3011        5.17232
3011        2.57136
3011        1.17625
3011       0.473203
3011        5.72013
3011        3.84177
3011       0.645438
3011        6.21589
3011        3.82123
3011        1.22611
3011        4.15206
3011        4.68399
3011        0.30002
3011        3.82791
3011        6.21923
3011       0.404923
3011        5.11302
3011        4.32789
3011        4.27287
3011        1.12524
3011        2.21122
3011        1.91702
3011        3.81466
3011        4.46045
3011       0.814122
3011        4.99828
3011        1.94226
3011        5.72057
3011        4.77549
3011        2.19769
3011        3.52446
3011        4.21424
3011        3.78816
3011        3.98108
3011        3.96485
3011        4.40785
3011         4.0979
3011        1.04185
3011        3.72023
3011       0.792136
3011        5.24385
3011        0.51884
3011       0.106349
3011         1.4393
3011        3.94827
3011        1.90897
3011        4.48456
3011       0.111046
3011        5.64097
3011        3.84849
3011       0.218874
3011       0.845999
3011        1.20103
3011         3.4981
3011         1.0876
3011        2.42327
3011        3.67461
3011       0.933638
3011        2.43026
3011        3.86147
3011       0.352446
3011        3.52267
3011        1.37057
3011        4.09184
3011        2.58933
3011       0.289474
3011        4.08172
3011        6.28012
3011        5.92151
3011       0.573126
3011        3.79267
3011        1.28115
3011         3.6074
3011        2.75017
3011        5.35479
3011        4.75792
3011       0.775518
3011       0.490321
3011        6.15136
3011       0.168756
3011        2.00411
3011        1.18126
3011        2.65106
3011        4.72617
3011       0.393222
3011        3.76618
3011        1.02571
3011        4.01087
3011        4.74479
3011        4.25621
3011        1.39578
3011        2.08217
3011        3.47298
3011        3.69443
3011        4.80147
3011        2.54179
3011        1.34371
3011        4.64193
3011       0.516761
3011       0.672871
3011        1.35275
3011        5.36007
3011        3.89507
3011        4.45834
3011        3.87509
3011        4.25819
3011        3.05033
3011        6.24427
3011        4.18911
3011        3.99139
3011        1.42954
3011        1.46994
3011       0.495222
3011        4.48539
3011        6.19275
3011        3.98117
3011        4.47038
3011       0.940496
3011        3.94515
3011        4.99983
3011         3.8826
3011        1.06028
3011        1.39009
3011        1.06054
3011       0.934974
3011       0.867744
3011        4.23696
3011        5.58297
3011        1.68568
3011        1.02732
3011        2.75542
3011        1.55551
3011       0.462298
3011       0.478041
3011        3.05062
3011        3.48605
3011        3.64466
3011         4.7399
3011       0.663411
3011        1.65437
3011         1.1313
3011        5.08102
3011        1.25759
3011       0.172081
3011        3.88021
3011        5.48233
3011        1.93445
3011        2.01252
3011        1.36048
3011       0.874913
3011        2.20528
3011       0.491046
3011          3.568
3011        1.03862
3011      0.0223638
3011        5.96068
3011        1.78692
3011        3.27478
3011        2.83641
3011        5.91762
3011        5.10032
3011        3.16626
3011        4.76822
3011       0.986279
3011        4.75198
3011        1.38236
3011       0.675894
3011       0.592353
3011        1.69539
3011        4.90204
3011        3.63997
3011        6.25976
3011        3.52065
3011        1.80333
3011        3.93508
3011        3.48286
3011        1.00815
3011          2.045
3011        5.29197
3011        1.99494
3011        2.39875
3011        4.34931
3011        3.64462
3011         1.3464
3011        6.28193
3011        3.77744
3011         5.8912
3011        6.20056
3011       0.990868
3011        3.89518
3011       0.508734
3011        6.20554
3011        1.18213
3011       0.232149
3011       0.119023
3011        4.29577
3011         4.2609
3011        4.10353
3011        3.58437
3011       0.633544
3011         2.0549
3011        4.23914
3011         5.3071
3011        5.23864
3011        4.68854
3011        4.64623
3011        4.84092
3011        1.26043
3011       0.500973
3011        6.12577
3011       0.597417
3011       0.317287
3011        3.11273
3011        0.83354
3011       0.966246
3011         6.0948
3011       0.534892
3011        5.17921
3011      0.0946469
3011        6.24131
3011        3.63869
3011        1.60696
3011        4.58988
3011        4.52587
3011        1.01742
3011        4.15857
3011        3.88246
3011        3.70708
3011        1.63725
3011        4.13209
3011        1.03856
3011        3.49625
3011       0.124439
3011        2.95033
3011        1.87435
3011        4.63675
3011        3.87955
3011        1.55433
3011       0.649965
3011        5.29046
3011         5.8304
3011        3.92942
3011        5.94445
3011        1.46387
3011        4.10798
3011        1.38768
3011        1.53304
3011        5.55963
3011        4.82084
3011       0.490552
3011        3.72775
3011        3.84314
3011        2.01958
3011        3.74304
3011         3.9497
3011        5.74276
3011        4.63458
3011        4.41984
3011        2.94737
3011       0.890147
3011        3.94619
3011       0.372129
3011        5.82627
3011       0.931889
3011        4.76442
3011       0.666735
3011        5.05317
3011        5.52476
3011       0.768548
3011        3.97301
3011        5.24878
3011        6.16391
3011        2.76067
3011       0.960353
3011      0.0352304
3011        4.25137
3011       0.285211
3011       0.208528
3011          4.474
3011        4.63579
3011        2.58301
3011        4.10289
3011        1.05656
3011       0.848553
3011        6.10246
3011         4.0609
3011        4.46098
3011        1.94028
3011        5.62719
3011         5.7069
3011        3.88849
3011         5.8745
3011        4.78034
3011        3.80657
3011        3.58527
3011        4.77847
3011       0.178689
3011        1.00847
3011       0.412631
3011        2.72789
3011       0.345734
3011        1.41821
3011        2.79816
3011        4.28754
3011        4.35312
3011        4.46508
3011         3.0997
3011        2.68343
3011       0.341993
3011        1.56569
3011        4.07302
3011        3.39141
3011        1.55223
3011        2.50122
3011       0.901372
3011        3.14996
3011        4.94308
3011        1.46799
3011        3.61196
3011        3.49488
3011        1.98058
3011        1.65656
3011        5.02697
3011        4.41236
3011       0.314936
3011        1.06244
3011        1.23859
3011        1.46325
3011       0.165597
3011        0.57378
3011        1.37036
3011         3.3939
3011        4.51317
3011        4.83816
3011        4.63751
3011        4.58636
3011        4.11706
3011       0.571968
3011        4.82081
3011        4.31711
3011        1.70495
3011        0.60595
3011        3.77796
3011      0.0578822
3011        2.02154
3011        5.62397
3011        1.76902
3011        1.90627
3011        3.75587
3011       0.559313
3011        5.87486
3011        2.46981
3011        1.64413
3011       0.703692
3011        4.70254
3011        4.38688
3011        3.67065
3011        3.96207
3011        3.57939
3011        4.79707
3011        5.25863
3011        5.15783
3011         1.5722
3011        5.83086
3011       0.159024
3011        6.21752
3011        3.77612
3011        4.50414
3011        3.78492
3011        2.85384
3011        6.14202
3011        5.95902
3011        4.26596
3011        1.30689
3011     0.00338677
3011        3.76663
3011        2.39499
3011        4.78902
3011        3.48699
3011        6.17529
3011         4.0582
3011         1.4158
3011        2.64113
3011        5.15269
3011        6.07756
3011        2.35108
3011        4.09582
3011       0.563267
3011        4.33781
3011       0.446721
3011       0.842099
3011        3.63718
3011         3.5054
3011        4.98329
3011       0.978752
3011        5.24495
3011        5.18462
3011        1.27355
3011        4.68497
3011         2.7665
3011        4.33151
3011        6.04857
3011        6.12885
3011        3.71421
3011        3.50927
3011        4.45652
3011       0.850689
3011        3.73873
3011        3.68244
3011        4.88082
3011        4.01807
3011        4.15853
3011       0.671923
3011        4.94431
3011        4.02535
3011       0.448649
3011         4.5992
3011         1.0453
3011        3.96967
3011        3.86399
3011        6.18854
3011        2.24446
3011       0.443468
3011        3.78896
3011        4.99581
3011       0.421139
3011        2.88721
3011        2.54341
3011        4.59835
3011        3.06619
3011        3.73432
3011       0.945116
3011        4.27304
3011        4.49983
3011        3.57023
3011        4.04158
3011        3.68658
3011        1.20493
3011        1.18179
3011        4.29522
3011        2.20833
3011        2.33148
3011       0.905448
3011       0.279344
3011        4.06512
3011        6.27914
3011       0.784937
3011        3.60496
3011        0.23148
3011       0.731973
3011        3.36603
3011        3.53367
3011        5.45164
3011        4.21097
3011        3.69543
3011        5.88546
3011        1.32317
3011       0.785317
3011        4.92252
3011        3.76389
3011        3.34444
3011         4.4924
3011        4.36363
3011        2.54826
3011        4.49165
3011        4.73179
3011        3.91544
3011        3.32296
3011       0.615961
3011        4.80586
3011       0.413624
3011       0.831783
3011        3.73494
3011       0.618583
3011        4.12229
3011       0.518658
3011        3.42866
3011        1.00366
3011        3.13613
3011        3.89242
3011       0.544742
3011        5.32224
3011       0.798827
3011        6.17374
3011          4.803
3011        4.03205
3011        1.45217
3011        2.22817
3011         1.7991
3011       0.471459
3011        5.87231
3011        1.25155
3011        6.27168
3011         6.0115
3011        4.64907
3011        2.49651
3011         4.8588
3011        1.34151
3011        4.57879
3011        4.38127
3011        1.51616
3011        3.78817
3011        1.60152
3011        3.95102
3011        4.52129
3011        5.97898
3011       0.717135
3011        4.20876
3011       0.264883
3011        1.91862
3011        4.38844
3011        4.28837
3011        2.51121
3011        1.45581
3011       0.633853
3011        3.26502
3011         3.8812
3011        1.08807
3011        2.90593
3011        1.63321
3011        4.46602
3011        4.02863
3011        6.27254
3011        1.06409
3011        5.81517
3011        3.69884
3011        1.54929
3011        4.09021
3011        2.98612
3011        0.97005
3011        5.19295
3011       0.269015
3011        0.76979
3011        4.66341
3011        1.12414
3011        6.14579
3011        1.78256
3011        6.13019
3011        3.74121
3011        4.60906
3011       0.532997
3011       0.871608
3011        1.25215
3011         1.1796
3011        1.91104
3011        3.65073
3011        2.84729
3011        3.66818
3011        4.30869
3011        4.60306
3011        5.48948
3011        5.68648
3011        3.50277
3011        3.49696
3011        1.33419
3011       0.902419
3011       0.604744
3011        1.98413
3011        2.79711
3011        1.82394
3011        0.21207
3011        3.68918
3011        1.21845
3011        4.10149
3011        2.34198
3011        1.08771
3011        3.71737
3011        3.79297
3011        4.10289
3011        4.95513
3011       0.374879
3011        1.56634
3011        1.76088
3011         6.2184
3011         4.7429
3011        4.35656
3011        4.98629
3011         6.1038
3011        3.79405
3011        3.99437
3011        4.73934
3011        1.82586
3011         3.8288
3011        4.53099
3011        5.09293
3011        3.16383
3011         2.6548
3011        2.20153
3011         1.6805
3011        4.62152
3011        3.67713
3011        3.95921
3011        1.22048
3011        2.27874
3011        5.52672
3011         0.6939
3011        4.35757
3011        3.92298
3011        1.42498
3011        4.93851
3011         4.8872
3011       0.926431
3011       0.966595
3011        3.55419
3011        3.07098
3011        5.18919
3011       0.398993
3011        1.03594
3011       0.124263
3011       0.902494
3011        1.84158
3011        5.35222
3011        3.26219
3011        1.54766
3011        5.50856
3011        6.26224
3011         3.1223
3011        3.13045
3011        0.73134
3011        6.05265
3011        4.40356
3011      0.0728295
3011        2.28451
3011        3.84546
3011        3.88592
3011        1.27342
3011       0.861184
3011        1.33361
3011        4.35132
3011        4.03802
3011       0.167906
3011        5.70608
3011        2.22551
3011        1.61672
3011        5.83503
3011        5.68637
3011       0.253181
3011        3.70915
3011        4.08084
3011        4.08029
3011        4.79098
3011        1.32227
3011        3.71551
3011        2.76837
3011       0.851441
3011        1.10783
3011        1.59366
3011        4.14665
3011        4.03398
3011        4.10738
3011         1.5017
3011       0.376865
3011         1.7354
3011        1.86583
3011        3.84209
3011        1.78657
3011        3.66216
3011        2.00498
3011        3.77212
3011        5.87219
3011        1.90168
3011        3.99948
3011        5.28356
3011         1.5936
3011        5.95336
3011        5.75291
3011        1.40909
3011        5.53367
3011       0.210474
3011        1.83138
3011        5.25854
3011        1.49617
3011        3.88401
3011       0.261663
3011        5.18876
3011        3.79671
3011        2.28941
3011        1.98301
3011       0.618265
3011        1.45067
3011        0.92437
3011        2.81836
3011        4.68152
3011       0.680172
3011        4.04748
3011        1.55332
3011        3.52832
3011        3.14423
3011       0.670075
3011       0.985458
3011        3.25403
3011        2.74819
3011        1.05388
3011        2.08417
3011       0.561546
3011       0.771181
3011        5.02703
3011        4.89418
3011        2.06663
3011        1.42682
3011        1.17448
3011        2.19687
3011        1.65251
3011        4.69133
3011      0.0155166
3011        3.23341
3011        4.63929
3011        5.97135
3011        3.84612
3011          5.597
3011       0.484818
3011        1.34067
3011        2.36748
3011        1.52927
3011        5.69701
3011        4.56534
3011        4.73124
3011        5.59132
3011        3.03844
3011        3.24561
3011         2.0838
3011       0.684744
3011       0.921595
3011       0.894901
3011        0.91045
3011       0.635162
3011         4.0708
3011        3.16696
3011        4.75632
3011         3.0674
3011       0.851179
3011         5.4219
3011        3.96797
3011        4.09033
3011        1.19122
3011        1.46118
3011        2.87354
3011        4.27947
3011        5.08154
3011        2.14697
3011        3.96971
3011       0.473906
3011        4.04199
3011        1.72231
3011        3.94649
3011         1.7061
3011        3.53605
3011        2.01154
3011        5.29302
3011        5.58383
3011        1.11854
3011         3.5323
3011        4.29936
3011       0.298789
3011        1.09028
3011        6.24034
3011        3.86375
3011        4.45031
3011       0.154861
3011         5.2729
3011         2.5481
3011        4.67357
3011        4.77448
3011        1.42494
3011        1.77845
3011         3.3755
3011       0.852788
3011        1.31403
3011        5.05593
3011        5.16368
3011        3.70747
3011        3.68202
3011        1.94569
3011         4.7833
3011        4.57486
3011        4.70103
3011        5.14596
3011       0.134464
3011        5.20729
3011       0.225976
3011        2.03613
3011        4.66166
3011        4.16692
3011        3.40491
3011        4.70647
3011        4.97467
3011        2.00058
3011        4.09727
3011        2.87854
3011        5.71751
3011        5.30585
3011        1.82076
3011        5.35022
3011        4.68292
3011        3.77877
3011      0.0109098
3011       0.900823
3011       0.945015
3011        3.18303
3011       0.636818
3011        6.03327
3011       0.922037
3011        3.04024
3011         4.5032
3011       0.619842
3011        1.27816
3011        4.80866
3011       0.735968
3011        1.33387
3011        5.32754
3011         3.0446
3011        1.77998
3011        1.27464
3011       0.640012
3011       0.682645
3011        3.68289
3011        2.92462
3011       0.977145
3011        1.83612
3011        1.42391
3011       0.469423
3011       0.517315
3011        2.67001
3011        5.40994
3011        4.55724
3011        1.33554
3011       0.296562
3011        2.04756
3011        1.01948
3011       0.814966
3011        3.80238
3011        1.29952
3011        4.65418
3011        6.12621
3011       0.509594
3011        0.52775
3011        3.67336
3011        3.49998
3011        3.67858
3011       0.805883
3011        1.35836
3011        5.18723
3011        3.66568
3011        4.06234
3011        1.63769
3011        4.05252
3011        2.32081
3011        2.98932
3011       0.237713
3011        5.44904
3011        1.64804
3011       0.114866
3011        4.55862
3011        0.11469
3011      0.0282045
3011        3.30329
3011        3.10899
3011        1.98077
3011        5.28977
3011        2.89672
3011        4.89924
3011        1.32096
3011        2.46467
3011        4.96833
3011        4.96934
3011        4.78307
3011        4.28263
3011       0.700466
3011        0.57849
3011        1.49958
3011        2.26377
3011        3.82069
3011       0.910971
3011        1.69927
3011       0.369475
3011         4.1002
3011         3.5871
3011        2.36289
3011        6.09372
3011        3.45071
3011        5.67469
3011       0.502873
3011        2.69024
3011       0.729048
3011        6.01905
3011        1.91257
3011       0.410648
3011        1.43207
3011        3.88722
3011        5.53352
3011        4.21713
3011        4.16163
3011        1.41379
3011        1.50266
3011        4.90983
3011        4.09037
3011        2.63989
3011        2.75279
3011        4.81447
3011       0.738663
3011        1.30435
3011        5.18197
3011        4.34734
3011       0.917531
3011        3.33236
3011        3.52483
3011        5.57667
3011        4.29408
3011       0.580973
3011        3.61228
3011        1.69546
3011        3.03384
3011        2.12587
3011        4.14741
3011        1.69616
3011       0.170586
3011         1.1382
3011        4.58135
3011        1.65468
3011         1.0026
3011        2.75621
3011        2.45273
3011        1.80265
3011        1.71588
3011        4.36356
3011         5.2243
3011       0.520875
3011        5.15227
3011        2.50182
3011        3.64563
3011        4.73688
3011       0.563315
3011        3.66897
3011        4.98968
3011        5.79403
3011        6.26137
3011        4.40642
3011        5.08494
3011        2.22034
3011        1.74903
3011       0.845401
3011         1.5521
3011      0.0418886
3011        2.89704
3011        5.01102
3011        4.00848
3011        4.07205
3011        3.02336
3011         4.9447
3011        4.02478
3011        6.12525
3011        5.21058
3011        1.01611
3011        2.19228
3011        4.19159
3011        5.41865
3011      0.0987324
3011        1.75575
3011        1.61468
3011        1.90006
3011        4.85657
3011        6.19575
3011        3.75668
3011        4.34118
3011        4.83249
3011        1.75892
3011       0.234471
3011        4.02368
3011       0.045295
3011        3.29172
3011        1.02087
3011        3.58747
3011       0.951947
3011         1.9407
3011        4.88397
3011       0.402832
3011        4.55787
3011        4.85157
3011        3.68512
3011        1.02292
3011        1.78958
3011        4.34191
3011        5.51187
3011       0.853708
3011        2.19223
3011        1.39604
3011       0.449041
3011       0.535003
3011        4.47692
3011        1.91066
3011       0.725916
3011        6.09847
3011        4.19749
3011        3.75513
3011        4.29778
3011        3.30165
3011        1.67979
3011       0.680021
3011        4.21014
3011          4.671
3011        4.88347
3011        4.00283
3011        2.79419
3011        3.36012
3011        3.87495
3011         3.8402
3011        4.29572
3011        3.10883
3011        3.47342
3011       0.205325
3011        4.43393
3011        2.79764
3011       0.876121
3011        3.68407
3011        3.12543
3011         1.1657
3011       0.911302
3011         1.0617
3011        1.36992
3011        3.24018
3011       0.985039
3011         5.6201
3011        2.67108
3011        4.74415
3011        3.64852
3011        5.65244
3011        3.89151
3011       0.901951
3011       0.206444
3011        1.19636
3011         4.5109
3011         5.2253
3011        1.04306
3011        5.50261
3011         1.2209
3011        4.14699
3011       0.125613
3011        3.15004
3011         1.1478
3011       0.227513
3011        1.87142
3011        5.64494
3011        4.59502
3011         2.3562
3011        1.58157
3011         4.6835
3011         1.7084
3011        4.05155
3011       0.792136
3011        3.76589
3011       0.439632
3011        5.85861
3011        4.42753
3011        1.08659
3011        5.15713
3011       0.239402
3011        4.62614
3011       0.688951
3011       0.796046
3011        4.67674
3011        2.03919
3011        5.63523
3011        6.07232
3011        4.15551
3011        4.18473
3011        4.47764
3011        5.18466
3011        1.03871
3011        5.48631
3011       0.442701
3011        4.64035
3011        2.40238
3011        1.14163
3011        1.90863
3011        1.54995
3011        2.37733
3011       0.706353
3011        3.90468
3011       0.123852
3011       0.507358
3011        2.84717
3011       0.585443
3011        1.89636
3011        3.51786
3011        6.06111
3011        1.35105
3011       0.794055
3011        4.80191
3011        3.66754
3011         1.4514
3011        4.91304
3011        4.00329
3011        2.88858
3011        4.82893
3011        2.99907
3011        4.21248
3011        4.91502
3011         1.4723
3011        3.91678
3011        1.61778
3011       0.319633
3011        3.48125
3011         4.2374
3011        2.24413
3011        2.66528
3011        5.74126
3011        4.54275
3011        4.51944
3011       0.710129
3011        1.84697
3011        4.33247
3011        3.33552
3011      0.0929499
3011         5.7391
3011        1.70036
3011        3.35821
3011        3.37637
3011       0.587235
3011        4.19393
3011       0.184474
3011        4.39679
3011        2.80562
3011        5.32767
3011         3.5681
3011       0.602074
3011        4.49385
3011       0.948336
3011         5.5946
3011        3.74872
3011        3.27686
3011        4.11195
3011        4.28166
3011        1.20839
3011        4.86781
3011        3.37689
3011        4.64807
3011        2.94551
3011       0.349427
3011        2.26297
3011        2.71469
3011       0.887954
3011        5.84037
3011        4.03502
3011        1.29766
3011       0.112469
3011       0.813068
3011         4.4242
3011         2.8751
3011       0.141956
3011        2.35398
3011        1.18835
3011        1.76897
3011        1.24229
3011       0.276317
3011        1.43294
3011        3.53934
3011        2.27715
3011        3.45744
3011        3.74623
3011        6.16256
3011        6.20935
3011        5.04928
3011        3.08207
3011        1.37263
3011        3.02124
3011        1.82586
3011       0.373843
3011        5.58559
3011       0.842909
3011        1.23495
3011         3.4778
3011        2.16302
3011        4.96615
3011        3.86502
3011       0.603694
3011        3.83746
3011        4.95973
3011        1.84727
3011        1.73222
3011        6.19929
3011        3.57033
3011       0.792001
3011       0.785992
3011       0.851476
3011         1.1333
3011        1.26177
3011       0.201621
3011        5.87198
3011        4.63294
3011        4.22909
3011        1.81227
3011        5.31982
3011       0.787983
3011        3.46854
3011        3.63951
3011        1.04748
3011        4.67589
3011        1.78116
3011        1.55703
3011        3.29578
3011       0.944973
3011        4.12206
3011        4.59982
3011        3.60483
3011        4.48294
3011        4.86157
3011        1.46155
3011        1.38664
3011        1.03047
3011        4.26811
3011        1.59317
3011        3.76072
3011        1.64874
3011        1.49323
3011        4.85679
3011        4.14029
3011        2.99756
3011        5.80931
3011       0.711275
3011        3.52768
3011       0.618233
3011        4.99486
3011        4.69142
3011        5.69479
3011        0.79153
3011        5.02066
3011        4.96855
3011        1.23847
3011        1.37624
3011        5.93734
3011        3.58159
3011        3.86901
3011       0.337627
3011       0.902078
3011        1.84792
3011        3.57818
3011        3.13397
3011        2.47199
3011        3.34901
3011       0.823292
3011        4.74446
3011        3.27469
3011         2.3975
3011        1.22999
3011        3.92267
3011        3.59663
3011        1.79265
3011        1.46032
3011        3.40717
3011       0.621869
3011        3.08242
3011        4.99108
3011       0.878721
3011        4.62584
3011        1.39357
3011        4.23408
3011        3.38024
3011        4.27464
3011       0.675725
3011       0.874387
3011          4.732
3011        4.85092
3011        5.76554
3011         4.5283
3011       0.795215
3011        1.75025
3011        2.73077
3011        4.09781
3011        1.23769
3011       0.585713
3011        2.44738
3011        1.16236
3011         5.8848
3011        3.31194
3011       0.918534
3011        5.65541
3011        4.89336
3011        2.74811
3011        5.17418
3011        1.69624
3011        2.33294
3011        3.62777
3011        3.54993
3011        3.94275
3011        1.11979
3011        2.77504
3011        3.88052
3011        1.13121
3011        4.03306
3011        1.78437
3011        3.41446
3011        3.64008
3011        2.96183
3011        6.22501
3011         3.6267
3011       0.513912
3011        4.19252
3011        4.76723
3011        4.87842
3011        6.22742
3011        1.77569
3011        1.99762
3011       0.632329
3011        5.26048
3011       0.573886
3011        5.70535
3011        4.01752
3011        5.51301
3011        1.88242
3011        1.99644
3011        5.69112
3011        0.18588
3011        1.71259
3011        3.37163
3011      0.0428987
3011       0.345272
3011        2.58295
3011        2.44155
3011        3.32929
3011        2.14039
3011        3.47756
3011        5.03439
3011        3.97443
3011        4.45987
3011        6.06188
3011        4.16307
3011           5.86
3011        1.12931
3011        1.01898
3011         5.9372
3011       0.573582
3011        4.97354
3011        2.70881
3011        1.40912
3011        3.78373
3011        1.34964
3011        4.87825
3011        1.35866
3011        5.20577
3011        3.80852
3011       0.982567
3011        3.16147
3011        4.15062
3011        5.13843
3011        5.79346
3011        4.97483
3011        3.71856
3011        1.52831
3011        1.10144
3011        5.63596
3011        2.02039
3011        0.12555
3011        5.39323
3011        1.88737
3011        5.25902
3011       0.857045
3011        6.08503
3011       0.662412
3011        1.22899
3011        4.76837
3011        4.98396
3011       0.448955
3011        4.11267
3011        2.32425
3011         5.2205
3011        4.67739
3011        3.48252
3011        4.69911
3011        2.15821
3011       0.738906
3011       0.514883
3011        4.45875
3011        5.74791
3011      0.0512157
3011        3.99538
3011        4.25051
3011       0.380959
3011         4.9185
3011       0.538459
3011        4.84752
3011        3.82164
3011        1.13317
3011        1.46662
3011       0.668242
3011       0.636961
3011       0.307657
3011        5.79539
3011        1.11184
3011        4.10454
3011        2.31754
3011        2.19282
3011        1.33542
3011        4.06594
3011        1.21221
3011       0.916853
3011            1.4
3011        4.11346
3011        4.76842
3011        4.64756
3011       0.583215
3011        4.08081
3011       0.809944
3011        1.48201
3011        2.25572
3011        2.68382
3011        3.83395
3011        4.14419
3011        6.04554
3011        1.09253
3011        5.06183
3011       0.790479
3011        1.60642
3011        0.64413
3011        4.65663
3011        1.38185
3011        1.23667
3011        4.72004
3011        0.44931
3011        2.73347
3011        0.74572
3011        4.55924
3011        3.81069
3011         5.1123
3011       0.549587
3011        1.24508
3011        2.38278
3011        4.80888
3011        1.36061
3011       0.196228
3011        2.12883
3011       0.745787
3011        5.30973
3011        3.75099
3011        5.25079
3011        3.56185
3011        1.14363
3011       0.998715
3011        5.88712
3011        5.69822
3011        5.39262
3011        4.55414
3011        6.03371
3011       0.985746
3011        1.67202
3011      0.0913724
3011        5.77805
3011       0.114125
3011         5.7309
3011        4.40591
3011         3.5429
3011        4.59454
3011        1.74948
3011        2.73184
3011        1.20135
3011        3.87286
3011        6.17811
3011        3.01354
3011       0.533223
3011       0.588901
3011        1.37119
3011        5.34237
3011        3.78713
3011        1.27204
3011        2.41496
3011       0.100171
3011        1.05887
3011        4.54081
3011        4.11843
3011        6.08179
3011        4.57229
3011        4.36547
3011        5.12729
3011         3.9514
3011        1.65348
3011         3.9479
3011      0.0896826
3011        3.09383
3011        1.33389
3011        1.52254
3011       0.452809
3011        4.09547
3011        3.23578
3011        5.71077
3011        5.18633
3011        3.13217
3011        4.66425
3011        3.16378
3011        5.80855
3011        4.30746
3011        1.01226
3011        1.33856
3011        5.74154
3011        4.40609
3011        4.56516
3011        5.09933
3011        0.65179
3011        4.95337
3011        3.62397
3011       0.684681
3011         2.6556
3011        4.26203
3011        1.32202
3011        2.02396
3011        1.72118
3011        4.29926
3011        3.42741
3011        1.99986
3011        1.37528
3011        1.29073
3011        4.95678
3011         3.5204
3011        5.89155
3011       0.225676
3011       0.944437
3011        4.88167
3011        2.29866
3011        4.05925
3011        4.10928
3011        3.83265
3011        6.16296
3011       0.830727
3011        3.06706
3011        1.27972
3011       0.657538
3011        2.63476
3011        3.62032
3011        2.43352
3011        2.39411
3011        5.05377
3011        1.50399
3011        5.35008
3011       0.183147
3011        3.31797
3011        1.52362
3011        4.55074
3011        2.96716
3011        4.88842
3011        2.01741
3011        1.63719
3011        0.72829
3011        5.21191
3011        4.37913
3011        5.98587
3011        3.69759
3011        1.03817
3011        2.00702
3011        1.92505
3011        4.53182
3011        5.93034
3011        2.60468
3011       0.781417
3011        4.06161
3011       0.791839
3011        1.33533
3011        2.11402
3011        1.00893
3011       0.189076
3011        2.93657
3011       0.931569
3011        1.64665
3011       0.587922
3011        3.86089
3011        2.80724
3011        2.66528
3011        3.63809
3011        2.29624
3011        2.93899
3011       0.499419
3011        1.39787
3011        0.91009
3011        3.21589
3011        3.89405
3011        1.16392
3011         4.8587
3011        4.81549
3011      0.0191864
3011        2.77237
3011        2.06431
3011        3.24195
3011        3.23123
3011        2.85733
3011       0.378058
3011        5.81081
3011        5.22145
3011          3.056
3011        4.52803
3011         3.7885
3011        4.38631
3011        1.24574
3011        1.36345
3011        2.23798
3011        4.47965
3011        2.05077
3011       0.386948
3011        1.26939
3011         1.3931
3011        1.33727
3011        4.74956
3011        4.04254
3011        3.93737
3011       0.750064
3011      0.0643333
3011       0.422264
3011        5.83194
3011       0.634507
3011        4.07868
3011        5.38566
3011        1.26437
3011       0.400531
3011        1.35932
3011        4.98379
3011        3.58058
3011        6.24352
3011        3.33373
3011        4.47354
3011         2.0902
3011        5.84287
3011       0.990509
3011       0.703581
3011        0.96724
3011       0.794461
3011       0.176502
3011        3.67388
3011         2.5656
3011        3.59052
3011         2.3901
3011        2.20351
3011        3.68958
3011        3.97546
3011        0.60879
3011        2.02613
3011       0.519859
3011       0.962626
3011       0.228084
3011        2.94718
3011       0.905926
3011       0.105272
3011        1.19147
3011        3.55581
3011        3.82712
3011        1.21796
3011        3.62304
3011       0.982641
3011        3.76505
3011        1.32981
3011        4.77587
3011       0.570337
3011        1.59568
3011        5.20616
3011        2.76898
3011       0.792863
3011        5.25437
3011         1.6743
3011        4.73421
3011        1.90315
3011        1.57457
3011        3.25356
3011       0.982248
3011       0.880727
3011        1.05668
3011        5.78527
3011        0.53413
3011        4.66447
3011       0.967926
3011       0.408105
3011      0.0205997
3011        4.54026
3011         1.2071
3011        1.98058
3011        4.40002
3011       0.315152
3011        3.74612
3011        5.26968
3011        1.00729
3011        3.09935
3011        4.81187
3011       0.924614
3011        5.28723
3011        2.50891
3011         2.6606
3011        4.87757
3011        5.23928
3011        4.41799
3011        4.41874
3011           3.72
3011         5.6474
3011        3.37124
3011        4.76507
3011        1.05158
3011        0.60051
3011        2.40909
3011        3.86436
3011        2.93898
3011        5.10728
3011        3.24798
3011        4.48846
3011        4.62914
3011        3.43368
3011        3.47453
3011        3.86118
3011         4.5402
3011         1.0181
3011        4.33731
3011        1.43074
3011        3.43856
3011        4.91501
3011        3.34692
3011        1.49158
3011        4.39907
3011         4.8157
3011        5.37196
3011        6.25301
3011        2.06172
3011        5.21823
3011       0.528168
3011        5.82766
3011        2.75631
3011        5.61532
3011         3.4443
3011        5.11089
3011        6.07151
3011        3.70286
3011        1.80327
3011        4.27061
3011        3.95718
3011        4.88754
3011        5.76829
3011        4.66747
3011        2.99192
3011        3.79844
3011        1.82903
3011       0.674477
3011        3.46037
3011        6.12667
3011        4.49096
3011        1.38861
3011        4.67342
3011        5.24467
3011        5.99409
3011        5.19315
3011        3.74526
3011        2.36466
3011        3.86827
3011        4.04713
3011         4.0218
3011        1.24964
3011       0.767397
3011         5.9959
3011        1.24423
3011        1.02666
3011        1.20187
3011       0.937349
3011        4.59054
3011       0.905189
3011        1.15536
3011       0.406963
3011        4.54027
3011        6.03495
3011        4.44807
3011        1.69615
3011        1.59253
3011        3.31642
3011        6.01993
3011       0.612572
3011        6.11244
3011        1.52825
3011        3.81896
3011        4.44668
3011        2.77797
3011         5.0169
3011        1.76675
3011        3.83828
3011       0.954306
3011        1.15177
3011         5.0256
3011        5.33457
3011        2.28001
3011        4.36932
3011        4.94479
3011        1.15486
3011        4.35716
3011        5.02326
3011        5.61363
3011        5.22707
3011       0.211195
3011        4.76403
3011        3.20178
3011        1.31643
3011        3.80466
3011       0.342758
3011        1.01196
3011        2.56414
3011       0.579509
3011        5.41276
3011        4.14173
3011        5.16426
3011        4.08914
3011        2.92155
3011        4.98508
3011        4.17691
3011        3.59836
3011        6.06145
3011        6.16133
3011        1.14134
3011       0.977265
3011        1.75824
3011        1.24563
3011        4.13477
3011        4.11437
3011        6.00204
3011        1.89941
3011       0.694372
3011        2.73161
3011        3.93846
3011        4.52004
3011         2.5698
3011        3.66862
3011       0.490555
3011        4.96731
3011        3.30091
3011        1.65583
3011       0.388532
3011        3.31251
3011        3.52871
3011        2.67899
3011        4.19825
3011        0.71158
3011        2.47484
3011        4.08152
3011        1.16876
3011        4.33904
3011        3.21208
3011        1.84467
3011        3.64307
3011       0.575403
3011        1.11311
3011        3.84671
3011      0.0617575
3011       0.757764
3011        5.50868
3011        4.59702
3011        1.34231
3011       0.551481
3011        4.42205
3011        1.14364
3011        1.88435
3011        2.66803
3011        4.28791
3011        3.05395
3011        3.21949
3011        4.53923
3011       0.720781
3011        5.14552
3011        2.62196
3011       0.174141
3011         4.7521
3011       0.129652
3011          3.051
3011        5.69899
3011        6.22411
3011         4.9375
3011        5.32794
3011         3.0335
3011        5.08364
3011         3.3467
3011        3.69001
3011         3.2957
3011        4.20319
3011        5.34701
3011        2.88254
3011        5.58116
3011        4.19628
3011        4.70308
3011        4.73165
3011        3.86021
3011        1.90221
3011       0.645168
3011        1.05223
3011        6.09065
3011        4.55011
3011        3.57723
3011        4.45803
3011        1.01624
3011        3.72709
3011        2.53788
3011        1.09385
3011        1.21714
3011        4.48621
3011        3.99592
3011         3.7253
3011        3.90942
3011         6.1797
3011        3.71603
3011        3.40754
3011        5.66949
3011        1.47084
3011       0.901786
3011        0.67247
3011        3.86258
3011         5.6454
3011        4.44681
3011        2.64507
3011        3.74274
3011        4.25344
3011        1.15087
3011        4.22715
3011         2.8606
3011        3.35057
3011         4.3886
3011        1.27639
3011       0.746768
3011        3.58004
3011        6.19814
3011        4.68946
3011        3.13533
3011        4.79726
3011        5.89606
3011        3.81903
3011        1.30795
3011        2.59912
3011       0.492521
3011        6.00289
3011        3.33643
3011        4.35245
3011        6.13951
3011        4.43988
3011       0.714981
3011       0.186095
3011        3.37225
3011        5.76351
3011        5.14433
3011        2.49919
3011        1.39527
3011       0.694989
3011        5.73936
3011        3.20225
3011        4.73836
3011        1.61671
3011        3.23271
3011        2.51023
3011        2.67627
3011        3.00691
3011        1.88179
3011        3.47177
3011        4.99351
3011        5.76004
3011         1.0753
3011        1.05235
3011        5.71495
3011        3.57677
3011        6.01233
3011        1.26922
3011        2.99394
3011        1.08326
3011        5.41997
3011        5.00178
3011        4.34048
3011       0.609349
3011        5.76151
3011        4.21469
3011        2.81336
3011        0.49684
3011        4.39109
3011        4.30666
3011        3.31869
3011        3.51684
3011        1.79669
3011        6.25359
3011          1.761
3011        1.64573
3011        5.31929
3011        1.75896
3011      0.0584317
3011        1.26109
3011        1.61929
3011        4.56922
3011        1.23983
3011        1.55033
3011         3.6292
3011        1.91435
3011        5.68284
3011        5.43644
3011        4.96431
3011        1.30437
3011       0.956986
3011        5.08365
3011        4.25459
3011       0.917052
3011       0.557203
3011       0.996542
3011        4.87999
3011        4.38653
3011        1.29232
3011        5.17894
3011        3.83583
3011       0.657232
3011       0.266781
3011       0.906365
3011        4.48906
3011        5.39139
3011       0.847838
3011        1.32587
3011        4.47656
3011        2.73059
3011       0.890482
3011         4.6988
3011        3.27115
3011         3.4214
3011        4.28102
3011        4.05403
3011        2.14958
3011        4.50219
3011        3.66673
3011       0.830464
3011        2.59679
3011        6.19389
3011        1.58275
3011        1.41116
3011         5.0106
3011        1.40773
3011        3.79479
