3575        4.26005
3575        5.61677
3575        4.12558
3575        3.99322
3575        4.38762
3575        3.84063
3575        4.39258
3575        4.19353
3575        3.89011
3575       0.895053
3575        1.69325
3575        5.05851
3575        5.07148
3575        3.92744
3575        4.75422
3575        4.53855
3575        1.08061
3575        2.00734
3575        4.29051
3575        4.11908
3575        3.45949
3575        6.10564
3575        1.14432
3575        2.51194
3575        3.13556
3575         4.4743
3575        5.52377
3575        6.02491
3575        1.39593
3575        5.41172
3575        3.49123
3575        2.22018
3575        0.70431
3575        4.33742
3575        4.11841
3575        4.07694
3575        4.15094
3575       0.780712
3575        3.70033
3575        5.25102
3575       0.800627
3575        4.55236
3575        1.16466
3575         2.6267
3575        6.18337
3575        2.40118
3575        2.15916
3575        2.86247
3575        1.32123
3575        4.22947
3575        1.82771
3575        3.55725
3575        4.90407
3575        4.72828
3575        5.35193
3575        2.25548
3575        5.63242
3575        6.19678
3575       0.430945
3575        3.09064
3575        4.70514
3575        3.60349
3575        2.64188
3575        2.54134
3575        4.36128
3575        4.55291
3575         1.3196
3575        4.85965
3575        2.77355
3575        4.33402
3575       0.192457
3575        3.50608
3575        6.02032
3575        1.21252
3575        1.08153
3575          4.159
3575        4.67222
3575        4.03655
3575        3.48976
3575       0.762499
3575         3.6617
3575       0.573961
3575        2.27611
3575        4.04997
3575        1.67489
3575        1.13098
3575        4.66926
3575        2.39258
3575        5.05447
3575        2.70403
3575        4.53824
3575         4.3913
3575        4.62865
3575        5.26882
3575        1.47218
3575        1.74536
3575        4.67663
3575        3.65152
3575        4.20506
3575        4.87227
3575        1.11044
3575          2.744
3575        5.83262
3575        1.43513
3575        2.94463
3575        5.42766
3575        2.58607
3575        2.15763
3575        4.69376
3575        2.12817
3575        3.44001
3575        4.26034
3575       0.178034
3575        0.81533
3575        4.51731
3575       0.465965
3575        5.03253
3575        3.09015
3575       0.928771
3575       0.178551
3575        4.68173
3575        5.18185
3575        4.22405
3575         5.1329
3575         4.1364
3575       0.638509
3575        2.17293
3575       0.775998
3575       0.212103
3575       0.511235
3575        4.78372
3575        2.33673
3575        4.26069
3575        5.28012
3575        3.19764
3575        1.84102
3575        3.65806
3575        3.67886
3575        5.86915
3575        1.98354
3575        2.59426
3575        5.28258
3575         1.2636
3575        5.31284
3575       0.720417
3575       0.381519
3575        3.88874
3575         4.1987
3575       0.799923
3575        4.67917
3575        5.65686
3575        1.97952
3575        3.29712
3575        3.86979
3575        4.31869
3575        5.29789
3575        4.42024
3575        1.68019
3575        4.55817
3575        5.50645
3575        4.87652
3575         2.1621
3575        3.95344
3575        1.11729
3575        2.11848
3575        2.90225
3575       0.907675
3575        4.36527
3575       0.989857
3575       0.752042
3575        2.28605
3575         1.9584
3575       0.718835
3575        2.72767
3575        2.43978
3575        5.15534
3575        3.58818
3575        4.40995
3575        1.05131
3575       0.414671
3575        4.52984
3575        5.71096
3575        4.09919
3575        1.62045
3575        5.07671
3575        3.08054
3575        1.21775
3575        1.73737
3575        6.08225
3575        5.95698
3575        1.85168
3575       0.901549
3575        4.42143
3575       0.554799
3575        5.21497
3575        3.44756
3575        3.78047
3575        3.79361
3575        4.52974
3575        1.36729
3575        1.65694
3575        5.47262
3575        4.34959
3575        1.89314
3575       0.796444
3575        2.91016
3575       0.201603
3575        4.41041
3575        4.22846
3575        5.00333
3575        4.00983
3575        4.06081
3575       0.933467
3575        3.47854
3575        4.07241
3575        4.39573
3575        1.32358
3575        4.12773
3575          2.233
3575        1.90023
3575       0.399334
3575        1.15618
3575        2.67946
3575          1.642
3575        1.64271
3575        5.18028
3575        2.67135
3575        3.96634
3575        2.61691
3575        6.25984
3575        2.26044
3575       0.830312
3575        3.11816
3575       0.132284
3575        1.35238
3575        1.00978
3575        4.19416
3575        5.49441
3575        2.04433
3575        4.41832
3575        4.82093
3575        3.66648
3575         4.6588
3575        3.88699
3575       0.697148
3575        1.95412
3575         3.3516
3575        5.78921
3575       0.142208
3575        4.88866
3575        2.06701
3575       0.804147
3575        2.04279
3575        3.02981
3575        4.42459
3575        4.55485
3575        1.90316
3575        0.84479
3575        3.82204
3575        1.55267
3575        4.35323
3575        6.09339
3575        4.35868
3575       0.561905
3575        3.03642
3575        2.51402
3575        2.87138
3575        4.89003
3575        2.13077
3575        2.93643
3575        2.16431
3575        1.29819
3575       0.965515
3575        4.18344
3575        1.27637
3575       0.550712
3575        2.57849
3575       0.837721
3575        1.47169
3575        1.22824
3575        1.54237
3575        4.02009
3575        3.94099
3575        0.76604
3575        1.60347
3575        3.87526
3575       0.310487
3575         1.1245
3575        2.52394
3575        3.34895
3575        5.67672
3575        1.23565
3575       0.229792
3575        4.47076
3575        6.05692
3575        3.75473
3575       0.640983
3575        4.06098
3575       0.917768
3575        2.57088
3575        5.76977
3575        4.83061
3575        1.57593
3575        4.79125
3575        4.10149
3575        1.45051
3575        5.28169
3575        4.86883
3575        4.51287
3575        3.52678
3575         1.7667
3575       0.433945
3575        6.22918
3575         5.8151
3575        0.49213
3575        4.94288
3575        4.05614
3575        2.45109
3575        4.01821
3575        3.42645
3575        2.53882
3575        3.44269
3575        3.07526
3575        5.59908
3575       0.432272
3575        1.19128
3575        4.25405
3575       0.422468
3575        4.68159
3575        4.41324
3575         4.7447
3575        3.83685
3575       0.152323
3575        3.37635
3575        6.21392
3575       0.484021
3575       0.782985
3575       0.908141
3575       0.755374
3575         4.4312
3575        3.43055
3575        4.87921
3575       0.759267
3575        4.46553
3575        1.84401
3575     0.00653451
3575        3.54902
3575       0.134227
3575        2.26037
3575        1.54048
3575        3.91151
3575        2.73925
3575       0.377955
3575        2.10898
3575        1.57439
3575        2.09457
3575        1.52061
3575        3.37278
3575        5.84745
3575        3.87321
3575        1.28997
3575        4.03922
3575         4.4655
3575        2.57522
3575        5.05431
3575        0.92287
3575        1.80964
3575         4.6185
3575       0.808572
3575        2.59469
3575        0.96647
3575        5.83857
3575        4.03911
3575       0.748355
3575        1.36696
3575        4.68625
3575        2.07179
3575        3.95092
3575        4.54051
3575        5.83364
3575        4.07766
3575        3.57521
3575        4.10017
3575        1.52925
3575        5.76383
3575       0.961256
3575        2.70686
3575        3.98431
3575        3.84137
3575       0.482787
3575        4.30776
3575        4.42929
3575       0.203259
3575        4.70881
3575       0.188372
3575        3.91161
3575       0.568072
3575         4.2106
3575       0.680508
3575        4.39763
3575        3.07969
3575        4.79517
3575        4.33104
3575        4.53548
3575         5.7789
3575       0.376922
3575        5.01718
3575        5.74051
3575        3.45592
3575        3.31252
3575        2.13795
3575        6.10934
3575        1.09854
3575        3.90776
3575        3.90553
3575        5.61645
3575        2.23691
3575        4.91668
3575        1.46658
3575       0.446523
3575        4.33509
3575        1.56897
3575       0.645195
3575        1.23369
3575       0.946513
3575        4.18763
3575       0.645632
3575         1.3033
3575        5.70479
3575        5.49874
3575        4.44017
3575         1.9365
3575        2.99312
3575         5.7118
3575        4.52655
3575        4.86498
3575       0.812139
3575       0.717623
3575        3.69982
3575       0.601816
3575        6.09852
3575        5.22364
3575        5.77632
3575        4.37145
3575        4.80504
3575        1.70773
3575        2.59182
3575        2.90862
3575        4.01026
3575        1.21629
3575        3.28071
3575        1.86388
3575        1.47956
3575        4.09325
3575        5.43278
3575        4.95901
3575       0.737696
3575        6.14751
3575       0.891595
3575        3.02795
3575        4.99251
3575        5.40511
3575        1.42128
3575       0.396926
3575        1.34835
3575        4.05616
3575         4.9389
3575        3.79648
3575        5.37253
3575        1.02414
3575        4.19723
3575        5.28498
3575       0.975702
3575        1.96724
3575        5.18512
3575        5.52509
3575        2.06755
3575         2.4724
3575        4.82928
3575        1.15601
3575        1.72581
3575        1.30256
3575        2.45495
3575        3.72624
3575        5.55466
3575        4.73733
3575        5.52434
3575        6.19375
3575        3.84556
3575        1.26377
3575        2.39215
3575       0.444268
3575        4.49117
3575        5.03537
3575       0.811494
3575        1.40885
3575        2.17218
3575        5.00775
3575        2.73736
3575        5.07759
3575        5.95915
3575        4.75274
3575        5.08512
3575        4.76391
3575       0.668941
3575       0.552212
3575        4.76499
3575        2.10618
3575        3.42493
3575        4.16038
3575        3.81099
3575       0.994818
3575       0.651194
3575        4.50415
3575       0.240745
3575       0.603178
3575        1.96466
3575        1.15248
3575        4.39133
3575        1.78808
3575        0.63509
3575        4.80752
3575        3.81794
3575        4.78841
3575        3.28918
3575         4.6886
3575        2.46426
3575        5.07205
3575        3.37601
3575       0.641429
3575        5.41432
3575       0.846857
3575        6.01486
3575        2.41191
3575        1.23004
3575        2.81725
3575        3.51289
3575        4.04329
3575        3.44102
3575        3.58499
3575        1.72497
3575         5.2031
3575        4.07376
3575        2.50263
3575        1.31466
3575         4.9814
3575        2.51251
3575        1.47694
3575       0.964003
3575        1.58209
3575        3.75958
3575        4.05245
3575        3.73504
3575        5.58248
3575        5.12684
3575        2.40538
3575        5.11215
3575       0.759136
3575       0.133597
3575       0.921235
3575        4.43744
3575        1.37562
3575        4.77411
3575        1.43273
3575        2.38136
3575        1.81743
3575        4.27316
3575        1.93038
3575        1.21082
3575        3.08921
3575        2.65018
3575        1.33133
3575        2.07732
3575        4.77376
3575        1.42475
3575       0.539061
3575       0.866993
3575       0.962933
3575        5.07712
3575       0.950141
3575        4.71048
3575        4.58198
3575        3.66008
3575         3.9924
3575        4.72872
3575        2.45422
3575        4.17069
3575        3.99749
3575        5.26556
3575        5.86131
3575        4.80147
3575        4.86904
3575        1.48738
3575        1.92862
3575        1.61466
3575       0.739951
3575        1.51689
3575        4.65533
3575        1.61742
3575        6.00752
3575        1.81767
3575         4.0157
3575       0.341214
3575        5.43266
3575        5.04895
3575        5.81724
3575        1.45874
3575        4.31493
3575        1.21296
3575        5.25936
3575       0.999644
3575       0.695022
3575        3.11904
3575        5.11169
3575        1.72993
3575        3.39938
3575        4.87869
3575        2.07987
3575       0.470621
3575        6.25596
3575        4.14352
3575        5.05227
3575        4.42095
3575        2.45346
3575        3.98019
3575        1.71892
3575          4.699
3575        5.38196
3575        4.13669
3575        2.59162
3575        2.94417
3575        5.75798
3575       0.630425
3575         1.7716
3575        1.22744
3575        2.94584
3575       0.927075
3575       0.445276
3575        4.10984
3575        3.22344
3575        1.76871
3575        1.17437
3575       0.870466
3575        3.40407
3575        2.64126
3575        1.70087
3575        2.17756
3575         4.5459
3575        2.23663
3575        4.20491
3575         3.7832
3575        1.82932
3575        1.53915
3575         5.6286
3575        5.82848
3575        4.26316
3575        4.07387
3575        1.31544
3575        0.16504
3575        3.03216
3575         1.8911
3575        1.45652
3575        4.06805
3575        5.06546
3575        4.75357
3575        1.55637
3575       0.732999
3575        2.16471
3575       0.879432
3575        1.23949
3575       0.521606
3575        2.38893
3575        4.29956
3575        1.60581
3575        1.59897
3575       0.515332
3575        3.29672
3575         5.0215
3575        5.28414
3575          5.159
3575       0.263127
3575        1.34512
3575        5.00105
3575         4.6949
3575        3.45181
3575        4.34449
3575         3.6749
3575        5.31819
3575        5.89711
3575          3.648
3575        4.22659
3575        1.21602
3575        3.53745
3575        5.29224
3575        2.60658
3575         2.6933
3575       0.585614
3575        4.67531
3575       0.388028
3575         1.2332
3575        5.25957
3575       0.636917
3575        4.29479
3575        2.08485
3575        1.55322
3575        4.19266
3575        5.01407
3575        4.43729
3575       0.105785
3575        3.96733
3575        4.21512
3575        4.02048
3575        1.73637
3575        4.34303
3575        1.88027
3575        1.07921
3575        5.65848
3575       0.702579
3575        4.61893
3575         5.8535
3575        3.85486
3575       0.269844
3575        2.44253
3575       0.571695
3575        2.16568
3575        3.76291
3575        3.81936
3575        2.93246
3575      0.0123219
3575        1.81931
3575         3.4248
3575        2.06204
3575        3.40241
3575        1.33884
3575        1.14423
3575        2.52871
3575       0.134112
3575        3.89895
3575        4.92257
3575        1.24272
3575         5.4498
3575        5.08762
3575        2.54248
3575        4.16739
3575        2.29562
3575       0.124847
3575        2.06588
3575         5.4053
3575        2.69942
3575        4.35681
3575        1.21735
3575          6.181
3575        1.42559
3575        5.53396
3575        1.84966
3575        0.59845
3575        1.51745
3575        6.07448
3575        6.02399
3575        6.24628
3575       0.590342
3575        3.96888
3575         5.5351
3575        5.76876
3575        2.26272
3575        4.79443
3575        6.14122
3575        1.23208
3575        3.04867
3575        4.18267
3575         1.7468
3575        1.40158
3575        1.29106
3575        3.92374
3575       0.430874
3575        4.16656
3575        5.10057
3575       0.244591
3575        1.63088
3575       0.714555
3575        2.56659
3575        2.27277
3575         6.2252
3575         1.8159
3575        4.40614
3575        5.47219
3575       0.587544
3575        4.16086
3575     0.00705895
3575        5.11837
3575       0.841812
3575        4.93545
3575        4.67109
3575        4.23586
3575        4.18148
3575        4.29809
3575        2.04607
3575        5.01748
3575        2.64402
3575        1.85151
3575       0.463452
3575         1.2867
3575        1.61287
3575        6.12254
3575        5.72129
3575       0.441637
3575        1.19371
3575         5.1288
3575        2.58594
3575        1.37258
3575        5.40532
3575        2.76296
3575       0.594959
3575        5.60807
3575        4.74871
3575        4.82169
3575        2.50107
3575        3.72614
3575         2.0342
3575        2.15571
3575        2.09145
3575         5.2364
3575         5.3505
3575        1.57448
3575        3.38683
3575       0.495298
3575        1.97177
3575        1.51996
3575        2.28468
3575        5.62287
3575        3.94645
3575        0.25199
3575      0.0308212
3575        3.27709
3575        3.37653
3575        1.26856
3575         4.1755
3575        3.35541
3575        6.26641
3575        1.81962
3575        5.67518
3575        2.45266
3575        4.61331
3575        2.50577
3575       0.465882
3575       0.528584
3575        4.12022
3575        0.66185
3575       0.871636
3575         5.4348
3575        1.43747
3575        2.85382
3575        4.14202
3575         4.1947
3575        2.70361
3575        1.01253
3575        5.94599
3575        4.83617
3575        4.40992
3575         1.2957
3575        4.24598
3575        3.22556
3575        3.56249
3575        1.23294
3575       0.633322
3575        2.98768
3575        5.02575
3575        1.31019
3575        2.71911
3575        4.55617
3575        4.20616
3575         1.7654
3575        1.38156
3575        4.32233
3575        3.83524
3575        4.04447
3575        4.02376
3575         1.8583
3575        3.74168
3575         4.0315
3575        5.28154
3575        4.46196
3575      0.0328645
3575        1.21884
3575        3.22941
3575        2.34376
3575        4.64691
3575        1.84318
3575       0.824323
3575        1.70731
3575        1.57591
3575        3.99194
3575        5.09637
3575        4.57338
3575       0.178493
3575        4.04757
3575        1.37126
3575        6.24198
3575        4.15482
3575        2.58105
3575       0.765154
3575        3.94124
3575        1.15067
3575       0.565323
3575        3.96511
3575        4.59449
3575        5.91949
3575        3.52324
3575      0.0474159
3575       0.100385
3575        1.25547
3575        5.98426
3575        4.76789
3575        2.69708
3575        4.56927
3575        2.94958
3575       0.846179
3575        1.02997
3575        1.40665
3575        2.61554
3575         4.5109
3575        6.07308
3575       0.953366
3575        1.35316
3575        1.08156
3575       0.362143
3575        3.97582
3575         3.3035
3575        2.29837
3575        5.20581
3575        1.21197
3575        4.83672
3575        4.08276
3575        5.98434
3575        5.14788
3575        3.30522
3575        1.36947
3575        1.88617
3575         0.5075
3575       0.613664
3575        1.42539
3575        2.79371
3575        1.96098
3575      0.0364804
3575        2.52873
3575         5.5512
3575       0.137224
3575        1.32866
3575        5.33017
3575        3.55293
3575        2.55507
3575         5.9376
3575        3.83225
3575        4.54257
3575        1.91235
3575        4.29455
3575        3.63022
3575        5.10723
3575        0.72662
3575        5.26174
3575        5.12001
3575       0.393486
3575        4.96548
3575        4.15942
3575        4.92539
3575        2.94079
3575        1.14564
3575        1.90207
3575         4.9555
3575        2.83189
3575       0.642298
3575        1.29009
3575        4.39726
3575        4.02182
3575        1.03867
3575        3.81651
3575        1.34049
3575        1.18015
3575        5.33521
3575        4.60132
3575       0.626142
3575        1.17317
3575        6.04441
3575        3.00834
3575       0.265377
3575        1.14946
3575        1.84004
3575         2.0799
3575        4.51024
3575     0.00570724
3575        2.98737
3575        0.89567
3575        4.59448
3575        4.27715
3575        4.00947
3575        2.98322
3575        2.11116
3575        4.39107
3575        3.66811
3575        5.35001
3575        1.22566
3575        4.97537
3575        3.07218
3575        5.17413
3575        1.23945
3575         1.1785
3575      0.0698788
3575       0.569745
3575      0.0956051
3575        4.09276
3575         2.1586
3575        3.62342
3575        2.36316
3575        4.31379
3575       0.534628
3575        2.58677
3575       0.955287
3575        2.47948
3575       0.618369
3575        4.44435
3575        1.47767
3575        6.19733
3575        3.52203
3575        1.33867
3575        5.67755
3575        5.93613
3575        1.07984
3575        3.54443
3575        4.11758
3575        6.00878
3575        4.72968
3575        1.40635
3575        1.37105
3575        4.54721
3575       0.537099
3575        6.16134
3575         2.4857
3575        4.16193
3575        1.64116
3575        3.96512
3575        4.97849
3575        1.20389
3575        5.89716
3575        2.25036
3575        4.77249
3575        4.71057
3575        1.63007
3575        1.93981
3575       0.101416
3575        4.37063
3575        4.17322
3575        2.24086
3575        3.87812
3575        5.55179
3575        3.33253
3575         3.0323
3575       0.464313
3575         1.2555
3575        3.64965
3575        2.84947
3575          5.319
3575        3.03121
3575        5.20706
3575       0.806136
3575        2.01028
3575        5.56793
3575        4.83431
3575       0.439742
3575        4.14719
3575       0.405432
3575        4.56832
3575        3.33234
3575       0.671506
3575        3.66693
3575        2.39627
3575        2.13822
3575        4.84483
3575       0.701524
3575       0.796885
3575        6.08267
3575        1.68874
3575        4.21759
3575        4.90456
3575        1.76702
3575        1.52825
3575        5.16185
3575       0.411897
3575       0.129881
3575        5.74994
3575        4.50999
3575         4.3643
3575        0.87422
3575        5.24128
3575        4.24675
3575        3.62475
3575        0.25169
3575        3.19282
3575       0.831353
3575        1.79511
3575        4.39081
3575        1.53729
3575        3.57793
3575        2.84242
3575        4.64462
3575        4.18329
3575        1.42502
3575        3.88512
3575        3.32077
3575        4.54945
3575        2.11183
3575       0.943393
3575        4.03893
3575        2.10755
3575         5.6334
3575        1.58674
3575        1.50966
3575         1.8756
3575        1.23301
3575       0.764932
3575        2.82561
3575        4.24413
3575      0.0630686
3575        3.48952
3575        3.30287
3575        4.83413
3575        5.18862
3575        5.94078
3575        2.15628
3575        3.85752
3575        2.78386
3575        3.38001
3575       0.458107
3575        1.70144
3575          4.356
3575        2.81558
3575        1.45849
3575        5.49007
3575       0.925412
3575        6.02428
3575        4.74562
3575        4.46712
3575        1.18042
3575        0.80595
3575        1.91752
3575        4.38634
3575        4.13187
3575        1.94926
3575        4.95778
3575       0.310016
3575        4.34068
3575        4.45056
3575      0.0859281
3575        3.60824
3575        3.03045
3575        1.93622
3575        3.44161
3575        6.16864
3575         0.4599
3575        2.36016
3575         4.5968
3575        4.18366
3575        5.02545
3575        4.49008
3575       0.624497
3575        1.36059
3575         4.8895
3575        1.33361
3575        1.38114
3575        3.79317
3575        5.75863
3575        2.01739
3575        3.06625
3575        3.42525
3575         4.9075
3575        5.12045
3575        2.08255
3575        1.32828
3575        1.45674
3575        4.97258
3575        1.51885
3575        4.98236
3575    0.000708355
3575        4.36779
3575        3.99432
3575        5.24199
3575       0.929055
3575        4.36883
3575       0.527507
3575        5.52159
3575        4.25451
3575        4.09428
3575         2.1088
3575        4.72063
3575         1.8969
3575        5.94627
3575        1.82932
3575        3.93956
3575        1.47925
3575       0.625531
3575       0.135429
3575        6.13882
3575        1.68544
3575        3.95432
3575        5.39251
3575        3.55847
3575       0.691239
3575        3.36731
3575         5.6729
3575        1.44732
3575        4.31121
3575       0.685908
3575        1.98823
3575         1.2019
3575        4.44171
3575      0.0776339
3575        1.31384
3575       0.398615
3575        6.12578
3575        1.29267
3575        4.55711
3575        4.03279
3575         4.3395
3575        5.75185
3575         3.2372
3575        4.39265
3575        3.61089
3575       0.811769
3575        1.35083
3575        4.70701
3575        5.54569
3575        1.76204
3575        2.84395
3575        5.77975
3575        0.67219
3575        2.06907
3575        4.91913
3575       0.676064
3575        2.45634
3575       0.997261
3575         1.1258
3575       0.292256
3575        4.61601
3575        2.35634
3575       0.784836
3575       0.477496
3575       0.518825
3575       0.994203
3575        1.85932
3575        4.73188
3575        2.40756
3575        1.43076
3575        2.45594
3575        3.06438
3575        3.51847
3575        4.47664
3575        1.11839
3575        1.09526
3575        4.17574
3575        3.65001
3575        5.77444
3575        5.47865
3575        4.39093
3575       0.198551
3575        4.70645
3575        1.88862
3575        5.10156
3575        1.66456
3575        3.37713
3575        2.35153
3575        3.56704
3575        4.45356
3575        1.41517
3575        5.39765
3575        1.51865
3575        3.70172
3575        1.17765
3575         1.5529
3575        3.91893
3575        3.92384
3575        4.70687
3575        2.03866
3575          1.004
3575         5.5727
3575          1.672
3575        2.30871
3575        1.46131
3575        2.84307
3575        1.45414
3575        4.87512
3575        1.89609
3575        3.66323
3575        5.15817
3575        3.06157
3575       0.964994
3575        4.55702
3575        1.80903
3575        3.61401
3575       0.596999
3575        4.63118
3575        4.44636
3575        3.71344
3575       0.666646
3575        3.06239
3575        2.57567
3575        5.50762
3575        2.19703
3575        3.16933
3575        1.73953
3575       0.192184
3575       0.703833
3575       0.973428
3575        4.96414
3575        2.26402
3575        4.06894
3575        2.14063
3575        1.68442
3575        1.09879
3575        1.95415
3575        1.61716
3575       0.104043
3575        3.65643
3575        1.74886
3575       0.497093
3575         3.5243
3575        5.35134
3575        1.76993
3575        1.16487
3575        2.43144
3575        3.84254
3575        1.95379
3575          6.213
3575        4.30161
3575        4.23003
3575       0.359704
3575        5.63372
3575        1.21556
3575       0.269281
3575        5.13868
3575         1.7245
3575        1.86173
3575         1.0462
3575        1.92958
3575       0.730511
3575        4.39139
3575        6.22668
3575        3.17597
3575        4.77474
3575       0.885231
3575        4.56129
3575        2.35604
3575        4.29005
3575        1.26839
3575        6.01549
3575        3.70328
3575        3.29954
3575        4.33944
3575       0.990969
3575        5.61154
3575        5.71772
3575        4.93543
3575      0.0730477
3575        2.91966
3575        3.48014
3575        3.54871
3575        2.12322
3575        4.40315
3575        2.38636
3575       0.941308
3575        1.00868
3575        3.94677
3575        4.24425
3575        2.41154
3575       0.636136
3575        5.02442
3575        1.43672
3575        3.43732
