3963        3.72007
3963         3.4761
3963        5.97208
3963        3.94757
3963        4.83629
3963        2.94918
3963       0.672858
3963        1.78857
3963      0.0427127
3963        4.00974
3963        3.08731
3963        3.65545
3963        2.78391
3963        2.90527
3963        6.27239
3963        2.93925
3963        4.57131
3963       0.443551
3963        5.99173
3963         4.1488
3963        4.10274
3963        6.23267
3963        1.69423
3963        3.68213
3963        1.97915
3963        5.91543
3963        6.00234
3963        4.39824
3963        3.07373
3963       0.292933
3963        1.39561
3963        0.28444
3963        2.96601
3963        2.58801
3963        0.28019
3963        5.16707
3963        2.95243
3963       0.741116
3963        3.00091
3963        3.14552
3963        2.12963
3963        4.90365
3963       0.374847
3963        2.31201
3963         4.1263
3963        1.26954
3963       0.473678
3963        3.44239
3963        6.11507
3963        0.44603
3963       0.624657
3963       0.375266
3963        3.49325
3963        2.26185
3963        6.01234
3963       0.438072
3963       0.220728
3963        3.40066
3963        4.41279
3963        1.19166
3963        2.69659
3963          2.934
3963      0.0329417
3963         4.5604
3963       0.534971
3963       0.600576
3963       0.702905
3963        1.03451
3963        6.14203
3963        3.31878
3963         2.2967
3963        2.68457
3963        3.12085
3963        6.02878
3963        1.08228
3963        1.30128
3963        3.94542
3963        2.33264
3963       0.542713
3963        2.34439
3963         1.1548
3963        6.21506
3963        2.91824
3963        6.13694
3963       0.917331
3963      0.0462199
3963        1.36739
3963        2.79097
3963        6.08366
3963       0.453972
3963        3.44371
3963        5.69323
3963        4.90143
3963       0.687477
3963        2.79395
3963        2.92833
3963       0.182537
3963        2.39113
3963       0.753723
3963        5.34784
3963        4.68319
3963        5.35187
3963        1.98769
3963        3.95129
3963         1.0214
3963        3.96143
3963        6.18854
3963        2.08982
3963        6.04597
3963        5.82895
3963       0.468181
3963        1.42338
3963        5.12817
3963       0.579209
3963        2.46343
3963        3.77541
3963        5.06259
3963        3.59379
3963       0.632601
3963       0.802444
3963         5.4172
3963       0.707992
3963         4.5231
3963        1.52474
3963        6.17846
3963         1.3658
3963       0.982495
3963        2.83563
3963       0.849633
3963        3.32557
3963      0.0189282
3963        2.98012
3963        4.48207
3963        2.46611
3963       0.225253
3963        6.21229
3963        1.26444
3963        3.38636
3963        5.79962
3963        6.01247
3963        5.65685
3963        2.97421
3963        3.86928
3963        5.75385
3963        1.13325
3963        5.97227
3963       0.107325
3963         3.1026
3963       0.652822
3963       0.964641
3963       0.398144
3963        3.99113
3963        3.60075
3963        3.94309
3963        3.03182
3963        4.17451
3963         1.2336
3963       0.197763
3963        4.83047
3963         6.1415
3963       0.233643
3963       0.811582
3963        2.63648
3963        0.40233
3963        3.27152
3963        2.51124
3963        5.50535
3963        1.51924
3963        3.83562
3963        3.17089
3963        2.16197
3963         4.8407
3963         2.9663
3963       0.280501
3963        5.09006
3963        2.99363
3963       0.631025
3963        3.73344
3963        5.89036
3963        5.62174
3963        2.05943
3963       0.344148
3963        3.09624
3963        4.63813
3963        1.59305
3963       0.879451
3963       0.746746
3963        2.82486
3963        0.96322
3963        4.23639
3963          4.201
3963        2.23562
3963         5.7684
3963        5.44489
3963         3.0065
3963         1.3603
3963       0.114681
3963       0.441119
3963        1.92443
3963        2.65893
3963        5.74218
3963       0.397412
3963        2.39015
3963        2.56883
3963       0.247955
3963        3.01133
3963       0.562244
3963         3.3702
3963       0.433028
3963         3.1747
3963         6.0724
3963       0.446673
3963         1.1369
3963        2.37361
3963        5.77258
3963        2.39648
3963        2.80819
3963        5.92412
3963        3.15371
3963        5.52208
3963       0.757607
3963        1.20631
3963         4.2258
3963        3.17665
3963       0.065641
3963        0.62917
3963        2.98676
3963        4.57229
3963        2.91014
3963         1.4141
3963        2.46076
3963        2.49569
3963        3.13673
3963        6.09721
3963        6.22939
3963        5.71395
3963        2.32309
3963        3.97979
3963         2.5855
3963        2.78474
3963        2.71663
3963        4.32368
3963        2.57851
3963       0.209555
3963        6.09441
3963         4.9504
3963          2.472
3963        4.07839
3963        5.30074
3963        4.13957
3963       0.509457
3963       0.313745
3963        2.06923
3963        5.20718
3963        3.67433
3963         2.8248
3963         4.0235
3963        0.12641
3963        6.14074
3963       0.613546
3963        1.08488
3963        3.86358
3963        4.39232
3963        2.43056
3963       0.471473
3963        2.02248
3963        4.36029
3963        1.38615
3963       0.403677
3963        2.65349
3963        3.61697
3963        1.20137
3963        4.93056
3963        5.90312
3963        6.03605
3963        4.32575
3963        5.54259
3963        2.14588
3963         3.3317
3963       0.222059
3963       0.702955
3963        1.25662
3963        3.50915
3963        4.87114
3963        1.98267
3963        1.23577
3963        4.79505
3963        1.64956
3963        2.79741
3963        2.57448
3963       0.561369
3963       0.385833
3963        2.41587
3963        0.96008
3963        4.95195
3963       0.520756
3963       0.356361
3963        6.13642
3963         1.8837
3963        2.33236
3963        5.71288
3963        5.35692
3963        3.81247
3963       0.480683
3963        2.91866
3963        3.59025
3963        3.17688
3963         2.5639
3963        4.46238
3963        5.86137
3963        3.19837
3963       0.601453
3963       0.308301
3963         5.8561
3963         5.4648
3963        6.09496
3963        3.32914
3963        3.60978
3963        3.72131
3963        4.77382
3963        1.06968
3963        3.67692
3963       0.829872
3963         5.6264
3963         5.6238
3963        4.93947
3963        4.64153
3963        5.68014
3963        1.65542
3963       0.871527
3963        5.70975
3963        5.61573
3963        1.91809
3963        3.23579
3963        5.95436
3963        2.39498
3963         3.4387
3963        3.61902
3963        4.15294
3963        4.53582
3963        3.04064
3963        3.05018
3963       0.617583
3963        3.62643
3963        5.62218
3963        4.61787
3963        3.64176
3963       0.549353
3963       0.862361
3963        3.16287
3963        2.33643
3963        2.39022
3963        1.22218
3963        1.60855
3963        6.26094
3963       0.416975
3963      0.0563073
3963        5.28201
3963       0.491134
3963        5.71678
3963        1.08385
3963        6.19765
3963       0.405147
3963        1.94016
3963        4.23215
3963        4.84991
3963        1.00784
3963        1.38791
3963        1.77935
3963       0.827354
3963         2.4306
3963        3.71811
3963        2.25865
3963         5.2496
3963        5.33551
3963        3.26201
3963        4.47599
3963       0.886298
3963       0.977422
3963        3.66509
3963        1.59824
3963       0.420404
3963       0.600614
3963       0.166661
3963        3.94093
3963        3.28836
3963       0.841377
3963        1.77114
3963       0.301189
3963       0.253869
3963        1.01386
3963        1.36604
3963        5.30249
3963         3.3543
3963        5.39091
3963       0.978495
3963        2.97913
3963        3.02368
3963        2.28117
3963        2.60346
3963       0.179688
3963       0.177532
3963        1.24608
3963       0.849743
3963        2.09457
3963        3.73306
3963        4.08153
3963        5.65175
3963        5.32213
3963       0.892866
3963         4.2676
3963        4.63663
3963        3.18346
3963        1.51761
3963        6.22652
3963       0.577082
3963       0.836527
3963        2.68917
3963        6.12018
3963        1.22173
3963        1.28021
3963        5.93857
3963        3.11298
3963        6.12679
3963        6.13183
3963        3.83628
3963         3.0546
3963        2.07298
3963        5.95882
3963        2.27759
3963        3.84251
3963        5.73688
3963         3.5586
3963       0.670545
3963         3.6536
3963       0.359584
3963        3.46095
3963        3.53153
3963        4.22399
3963        1.89112
3963        2.62663
3963        5.56796
3963        1.00529
3963        5.99145
3963        4.86731
3963        2.18549
3963        3.49068
3963        3.63944
3963       0.192527
3963        3.74568
3963        1.70482
3963       0.596984
3963         3.0181
3963       0.286366
3963        3.00943
3963        2.04603
3963        6.01482
3963        1.43158
3963        3.26549
3963        2.63043
3963        1.04339
3963        5.95676
3963        2.51596
3963        2.30126
3963        2.51193
3963        6.07209
3963        3.91708
3963        1.11563
3963         3.8377
3963        5.56457
3963        3.88109
3963        4.90701
3963        1.72421
3963        4.23839
3963        3.11608
3963        6.26358
3963        4.92416
3963       0.829544
3963        2.08773
3963        3.56593
3963       0.490492
3963        0.86445
3963        6.23468
3963       0.444033
3963         3.6816
3963        2.82499
3963        2.51663
3963      0.0425588
3963         4.7393
3963        3.88509
3963        1.70783
3963        3.85816
3963        5.68001
3963        2.72063
3963       0.229483
3963        5.36749
3963       0.576881
3963        1.41849
3963       0.786074
3963       0.216773
3963       0.415961
3963       0.242994
3963         3.4282
3963       0.380312
3963        3.81007
3963        3.40706
3963        1.81966
3963        4.22414
3963        1.51956
3963      0.0171226
3963        6.09007
3963        5.65425
3963        4.45687
3963        6.08084
3963        6.22777
3963        5.71215
3963        3.42326
3963        6.10691
3963         4.6444
3963        1.44148
3963        3.56398
3963        3.96568
3963        1.41537
3963        3.98476
3963        5.74088
3963        6.00272
3963        5.81086
3963        0.38439
3963        2.45491
3963        2.22242
3963        3.11476
3963         3.7426
3963        4.72589
3963       0.376378
3963        6.22957
3963        6.24388
3963        3.71285
3963        6.08101
3963        4.17914
3963        4.61504
3963        1.77134
3963        3.75712
3963        4.78863
3963         2.5937
3963        4.83101
3963       0.551283
3963        1.05077
3963        4.58645
3963       0.127982
3963        2.76552
3963         3.0177
3963        2.25081
3963       0.518313
3963        3.08111
3963       0.509527
3963      0.0571107
3963        4.84567
3963        3.14849
3963        1.27345
3963        3.06241
3963        2.54831
3963        5.54778
3963        0.39348
3963        2.52806
3963      0.0229831
3963         1.8402
3963        4.61087
3963        5.05888
3963       0.888641
3963        5.38338
3963       0.300348
3963        2.64945
3963       0.478768
3963       0.557488
3963         4.1739
3963        2.96467
3963        3.81392
3963        3.56005
3963        5.52305
3963        3.09474
3963        3.49056
3963         3.7257
3963        6.03687
3963        3.27695
3963        3.30397
3963       0.706559
3963        0.77374
3963      0.0483805
3963       0.511376
3963        1.45522
3963        2.91673
3963        2.50521
3963       0.677962
3963        2.80073
3963        2.98804
3963         1.5961
3963        3.12849
3963         5.7865
3963        2.83927
3963        3.76767
3963        4.38587
3963       0.159446
3963        6.03335
3963        6.10144
3963        5.86071
3963        3.76392
3963        3.52074
3963        3.08391
3963        2.36909
3963        3.67364
3963      0.0707941
3963        4.05355
3963        3.55159
3963       0.412737
3963       0.340264
3963        6.07045
3963      0.0797904
3963        1.88469
3963       0.900261
3963        3.76763
3963        2.25072
3963        1.30398
3963        5.01725
3963        3.30879
3963        3.48334
3963       0.778773
3963        4.96402
3963        3.24682
3963        3.82458
3963       0.253684
3963        5.23398
3963        3.44011
3963       0.789706
3963        2.07454
3963       0.775641
3963        4.12161
3963       0.512852
3963         2.6453
3963        5.46348
3963        3.94299
3963        3.72756
3963         4.5908
3963       0.376765
3963        1.17886
3963       0.721686
3963        4.27638
3963        1.82836
3963        3.52151
3963        1.17748
3963        2.71019
3963        1.84797
3963        1.50681
3963        3.98542
3963        4.86921
3963        5.36801
3963       0.810663
3963        2.86486
3963        3.07964
3963        5.96053
3963         5.7214
3963         2.6592
3963        0.52724
3963        2.20702
3963       0.796185
3963        4.05593
3963        5.85152
3963      0.0805722
3963       0.123585
3963        3.53982
3963         2.9833
3963       0.645125
3963      0.0854026
3963        6.01008
3963        2.52087
3963        4.80533
3963      0.0412993
3963        1.09851
3963        5.04778
3963        3.14979
3963        2.46995
3963        2.28975
3963       0.611624
3963        3.74895
3963        4.34409
3963       0.378634
3963       0.973618
3963         5.8057
3963         1.8376
3963        4.96557
3963        2.74443
3963         1.3607
3963       0.728411
3963        4.27054
3963       0.309376
3963        2.10145
3963        6.01406
3963        1.95207
3963        5.27803
3963         3.1388
3963       0.392345
3963       0.752682
3963        3.84963
3963        5.83111
3963        1.25406
3963        1.68773
3963      0.0185411
3963        6.11192
3963        1.99719
3963        1.15676
3963       0.211163
3963        5.26016
3963        2.87526
3963         2.8788
3963     0.00892353
3963       0.690419
3963        3.56384
3963        6.23539
3963        2.48357
3963        0.96695
3963       0.425098
3963        6.11802
3963      0.0764558
3963         6.1101
3963        3.66629
3963        2.38314
3963      0.0885578
3963        3.71217
3963        6.21767
3963        4.23327
3963         1.8682
3963       0.324797
3963        3.03075
3963        2.56341
3963      0.0771295
3963       0.601339
3963        4.05543
3963        2.97524
3963        6.20546
3963        5.78643
3963        2.10138
3963         2.7462
3963         3.3346
3963         5.1583
3963        3.84408
3963        5.43297
3963        3.48764
3963         4.6947
3963        1.76907
3963         2.6135
3963        4.06177
3963        5.69989
3963        5.56758
3963        5.75658
3963        4.72545
3963        4.16732
3963        1.07249
3963        2.25206
3963       0.513103
3963        2.99713
3963       0.368773
3963       0.168804
3963        5.05145
3963       0.190485
3963        0.93282
3963           1.73
3963        4.87281
3963        6.17553
3963        2.95914
3963        1.10933
3963        3.15357
3963       0.457899
3963      0.0527173
3963        2.92766
3963        2.98729
3963        3.09783
3963        3.85401
3963         6.0021
3963        3.29424
3963        4.17708
3963        2.99517
3963        2.87094
3963        3.74509
3963        3.12815
3963       0.590466
3963        2.87829
3963       0.407662
3963       0.909541
3963        2.84939
3963        5.89666
3963        5.58498
3963        0.48069
3963        4.38313
3963        6.28088
3963        5.51269
3963       0.303165
3963        1.65643
3963        4.28833
3963        3.66711
3963        3.68328
3963        3.99497
3963        3.02079
3963      0.0155971
3963        1.29258
3963        3.36972
3963        5.70601
3963        1.97639
3963        1.14417
3963         2.1471
3963        2.28782
3963        0.27514
3963        3.59578
3963      0.0451358
3963        3.73342
3963        5.86562
3963        5.90405
3963       0.932399
3963        2.13432
3963        4.72925
3963        2.98168
3963        6.00369
3963        1.10631
3963        2.60067
3963        5.77734
3963        2.84944
3963        1.03753
3963        2.87506
3963        2.45996
3963        0.70783
3963        5.54701
3963        5.08925
3963       0.892943
3963         2.5308
3963        3.70345
3963        2.18227
3963        1.84752
3963        2.67977
3963        5.34066
3963       0.343045
3963        2.68171
3963        5.25137
3963        1.24114
3963        2.91401
3963        5.90642
3963        3.20596
3963        4.52371
3963         3.9994
3963        5.13267
3963        2.26267
3963        2.37659
3963        3.23526
3963       0.312178
3963        2.06222
3963        3.34318
3963        2.92101
3963        5.66231
3963        5.08089
3963        2.70134
3963        2.26025
3963        3.38941
3963         5.7351
3963        6.05613
3963         3.8099
3963        6.20859
3963        3.48877
3963        4.96921
3963        5.33376
3963        1.14057
3963       0.194143
3963        4.04947
3963        1.91828
3963        5.09631
3963        3.12058
3963        2.74616
3963        2.77723
3963         1.5448
3963        6.09343
3963        3.18004
3963        6.08444
3963        2.05089
3963        4.00761
3963         3.5376
3963        6.27758
3963        1.45955
3963         2.3299
3963        2.56418
3963        2.20587
3963        6.21403
3963       0.576341
3963       0.890808
3963        2.18116
3963        3.65735
3963       0.720602
3963        5.26012
3963       0.288306
3963       0.936838
3963        1.35998
3963        5.98126
3963       0.309781
3963        4.06529
3963       0.590963
3963        4.89914
3963        1.60505
3963        4.38992
3963        5.15027
3963        1.25042
3963        2.89718
3963        4.22014
3963       0.505205
3963       0.786941
3963         2.7768
3963        4.41552
3963        5.91736
3963        3.56776
3963        3.24479
3963        5.89683
3963        5.05796
3963        1.92724
3963        1.00849
3963        2.99038
3963        3.37977
3963        2.80126
3963        5.01231
3963        4.00218
3963        4.87349
3963        5.46085
3963        6.24923
3963        3.75554
3963        2.39958
3963      0.0456373
3963        6.17376
3963        5.95738
3963       0.401412
3963        6.02211
3963        5.44119
3963        3.03643
3963        1.25184
3963       0.159564
3963        1.14959
3963       0.212376
3963        2.78891
3963      0.0239045
3963        5.97608
3963        3.03107
3963        1.13005
3963        6.13488
3963       0.356724
3963        5.71617
3963       0.344272
3963        5.13516
3963        5.00325
3963         1.0837
3963         5.6634
3963       0.288501
3963        1.81036
3963        3.60403
3963         2.4187
3963         2.2979
3963        4.39435
3963        5.64267
3963        1.75911
3963        4.44334
3963        4.50279
3963       0.225011
3963         6.2342
3963        5.49966
3963        2.37616
3963        2.80007
3963        3.86055
3963       0.351689
3963        2.13387
3963        6.27497
3963        1.11289
3963        0.74141
3963      0.0752417
3963        1.01881
3963        3.87701
3963        1.08808
3963        2.13292
3963        2.29417
3963        5.70206
3963        2.64879
3963        6.03236
3963        5.25776
3963        3.56835
3963       0.599214
3963       0.492696
3963        3.22376
3963       0.252907
3963        1.80592
3963        2.37325
3963        6.08843
3963        0.90884
3963       0.244289
3963        2.32539
3963        0.25397
3963        3.57351
3963        4.18826
3963        3.24794
3963        3.48569
3963        5.77598
3963        4.26772
3963        2.02524
3963       0.243467
3963        3.19607
3963        6.22805
3963        2.52573
3963       0.529709
3963        2.18442
3963       0.132486
3963        5.79134
3963        5.12011
3963        4.13858
3963        2.55214
3963        5.98301
3963       0.357237
3963        4.70027
3963        5.90064
3963        6.21625
3963        3.92351
3963        1.25225
3963        4.31778
3963       0.710191
3963        2.35835
3963        3.65837
3963       0.976437
3963        3.38726
3963        1.67117
3963        5.35528
3963        5.67324
3963       0.841176
3963        1.18914
3963        5.36156
3963        1.15594
3963        3.13947
3963        5.83565
3963        4.98455
3963       0.285063
3963        2.55338
3963        2.88942
3963        3.84844
3963        5.20228
3963        3.42064
3963        3.63682
3963        2.63624
3963         5.4242
3963        5.49202
3963       0.323528
3963        1.59632
3963        2.95088
3963        2.85404
3963        5.79341
3963        3.22589
3963        1.76164
3963         2.8021
3963        3.57408
3963       0.514469
3963       0.867165
3963        5.86029
3963        4.43013
3963        6.05468
3963        6.04523
3963        1.21066
3963        3.02585
3963        2.74512
3963        5.22837
3963         3.3547
3963        4.71954
3963        3.98474
3963        3.70846
3963         3.2624
3963         4.1934
3963         1.1589
3963        1.52492
3963       0.497996
3963        4.41218
3963        5.01321
3963       0.225062
3963        0.72398
3963        5.83746
3963       0.127341
3963        5.60275
3963        4.51095
3963        4.11473
3963       0.984502
3963        3.35121
3963        4.16237
3963        4.12716
3963        3.89468
3963        5.77673
3963        5.78302
3963        1.16984
3963        4.10122
3963         4.7106
3963        5.16012
3963        3.29467
3963       0.164588
3963         2.9571
3963        6.18212
3963        3.58044
3963        4.94484
3963        4.03834
3963       0.370768
3963        0.63661
3963        2.58516
3963        4.90911
3963        0.12907
3963        3.83768
3963        3.28643
3963        3.47544
3963        3.76573
3963       0.460043
3963        6.14386
3963       0.355961
3963        3.17538
3963        1.40696
3963        3.35639
3963         4.8284
3963       0.855589
3963        3.46472
3963        3.33272
3963        4.78524
3963       0.794679
3963        2.56522
3963         6.2108
3963        4.93769
3963        1.67156
3963       0.848521
3963        2.96886
3963       0.138012
3963        2.85692
3963         5.0947
3963        2.06006
3963        4.67657
3963        5.05427
3963        2.15767
3963       0.494623
3963        2.25325
3963        6.13308
3963        3.69122
3963        3.40852
3963        5.54115
3963        3.29686
3963        2.94221
3963        3.27394
3963       0.491433
3963       0.433696
3963        6.00596
3963       0.757455
3963       0.164421
3963        5.65603
3963        1.35706
3963        2.83606
3963        0.90068
3963        3.10395
3963        2.18208
3963       0.626337
3963         2.8324
3963        2.37996
3963        3.72173
3963       0.875342
3963       0.285028
3963        0.67105
3963        3.59031
3963        4.14002
3963        6.14744
3963        5.70207
3963        1.26377
3963        3.90033
3963        2.14287
3963        3.52002
3963        4.30038
3963        3.85594
3963        1.24403
3963        0.50633
3963       0.701143
3963        4.81032
3963        2.41517
3963       0.332493
3963        3.76484
3963        2.26653
3963        3.66654
3963        1.95258
3963        4.21345
3963        5.35042
3963        2.35174
3963        3.49686
3963        2.49248
3963        2.86069
3963        2.85617
3963       0.194385
3963        3.39856
3963         5.0669
3963        3.34858
3963        2.86574
3963        3.84473
3963       0.490038
3963        2.70376
3963        1.64664
3963        3.53234
3963        4.29193
3963        5.83904
3963        2.96653
3963        4.08865
3963        3.08721
3963       0.290104
3963        3.42921
3963       0.654949
3963        1.99894
3963        2.50991
3963       0.672607
3963        0.60366
3963        2.97568
3963       0.971742
3963        4.65874
3963        5.28022
3963        2.23186
3963        3.24344
3963       0.304032
3963        5.12387
3963        2.14995
3963        5.81191
3963        6.03634
3963        3.66349
3963        1.74226
3963       0.338492
3963        5.59865
3963        1.14399
3963        5.40985
3963        3.26458
3963        3.23867
3963        4.10817
3963      0.0778818
3963        5.27344
3963        2.95046
3963       0.220999
3963        3.67441
3963        4.34325
3963       0.230537
3963        1.13245
3963        5.83989
3963        2.67856
3963        1.04458
3963       0.173433
3963        5.75824
3963        0.61482
3963        2.72725
3963       0.798753
3963        3.55362
3963        3.00746
3963        3.72242
3963       0.786438
3963        2.27719
3963        1.14163
3963        4.19194
3963        2.96069
3963        6.08252
3963        3.22833
3963        3.99806
3963        4.19401
3963       0.667916
3963        4.15305
3963       0.238104
3963       0.760627
3963        3.70267
3963       0.138151
3963       0.309955
3963       0.693428
3963        5.25375
3963        4.93589
3963        4.30768
3963        3.27115
3963        4.98384
3963         3.2394
3963       0.398468
3963       0.274667
3963       0.650686
3963        4.56701
3963        3.38669
3963        3.80245
3963        3.51038
3963         2.5947
3963        2.27328
3963        2.94926
3963        5.71822
3963        3.78478
3963        1.83478
3963        2.90637
3963        4.27249
3963        4.65258
3963        2.94083
3963        2.09669
3963        4.02305
3963        5.58339
3963       0.268024
3963       0.037972
3963        3.54949
3963        4.17511
3963        3.64989
3963        3.85526
3963        1.91806
3963       0.273132
3963        4.38076
3963         2.7359
3963       0.396205
3963        5.17076
3963        3.58468
3963        5.50272
3963       0.850472
3963        5.99271
3963        1.40287
3963       0.147457
3963        6.08386
3963         5.2446
3963        1.89272
3963        4.40539
3963        3.15723
3963        5.25432
3963        2.36044
3963        3.28284
3963        6.10015
3963        6.24833
3963        1.74481
3963          3.546
3963        3.62257
3963        5.94344
3963        1.68632
3963        5.63135
3963         2.8913
3963        5.43351
3963         2.2332
3963        2.98628
3963        5.48254
3963      0.0724973
3963        1.42236
3963        3.86747
3963        2.38489
3963       0.737644
3963        1.62878
3963        3.78529
3963        4.39433
3963        4.90629
3963        6.13529
3963        5.43772
3963        1.56585
3963       0.817365
3963        2.83925
3963        1.80261
3963        3.81959
3963        4.56377
3963       0.158408
3963        3.61784
3963        2.81526
3963        3.39335
3963        5.78554
3963         3.2268
3963       0.705055
3963        3.42949
3963        4.11024
3963        4.20586
3963        3.28857
3963        2.74511
3963        2.76535
3963        3.18159
3963         6.0338
3963        1.14788
3963        6.00335
3963        3.64974
