3529        5.01235
3529        1.20352
3529         2.1298
3529        4.67345
3529         2.2034
3529         3.8673
3529        4.31517
3529        3.48874
3529        1.67497
3529        1.24333
3529          6.207
3529        5.47855
3529        5.44719
3529        2.86362
3529        3.79487
3529        3.13389
3529        3.51549
3529        3.50567
3529        1.27217
3529         1.9145
3529        3.88023
3529       0.898036
3529        5.08361
3529        2.78127
3529        6.06996
3529       0.414675
3529        5.09285
3529        3.00461
3529       0.590666
3529        4.01426
3529        2.12058
3529       0.677567
3529       0.504316
3529        6.16516
3529       0.981369
3529       0.114847
3529        4.87198
3529       0.150695
3529        1.51514
3529        2.63423
3529        1.53633
3529         2.1689
3529        3.97534
3529        1.82914
3529        2.68355
3529        2.14173
3529        4.93473
3529        4.53714
3529        5.46575
3529        5.21686
3529         3.9671
3529        3.08942
3529        3.64365
3529        2.55514
3529        2.96994
3529        2.26537
3529       0.928879
3529        2.54381
3529        5.25095
3529        4.94116
3529         2.0792
3529       0.757305
3529        5.69913
3529       0.447255
3529        3.13455
3529        4.93901
3529        6.12396
3529        6.03627
3529        2.73481
3529        3.20787
3529         5.8995
3529        2.32751
3529        4.04907
3529        3.76116
3529        0.27463
3529        5.41804
3529         1.8602
3529        6.17127
3529        2.22464
3529        1.35154
3529        4.22796
3529        2.65154
3529        5.99387
3529        3.05325
3529        2.77704
3529        5.00697
3529        6.13586
3529       0.541102
3529        2.44954
3529        1.76348
3529        5.29581
3529        1.20874
3529        3.78565
3529       0.243018
3529       0.239902
3529        2.19529
3529       0.282942
3529        3.69989
3529        2.06059
3529        1.43696
3529       0.213687
3529       0.257358
3529        5.95537
3529        0.47185
3529        1.10446
3529        5.66979
3529        5.65241
3529        3.64923
3529       0.292072
3529        6.20863
3529        2.16722
3529        5.55061
3529         5.6527
3529        5.60936
3529         1.7774
3529         2.3724
3529        5.59488
3529        3.46444
3529         4.2506
3529        5.55873
3529        3.17154
3529        3.42461
3529       0.521431
3529        3.46968
3529        4.53733
3529        6.09943
3529        4.41043
3529        1.56495
3529        5.41812
3529        1.47037
3529        2.06159
3529       0.650246
3529        2.78352
3529         2.4047
3529        4.88294
3529        5.77817
3529      0.0143603
3529        3.13545
3529        1.68294
3529        6.11843
3529        3.59425
3529       0.905612
3529        0.78147
3529        1.21765
3529        2.02449
3529        2.69191
3529        5.99173
3529        3.66017
3529        1.33119
3529        3.03272
3529        5.41008
3529        4.45803
3529        3.27123
3529        2.41893
3529        5.92992
3529        5.84369
3529        2.90244
3529        3.47311
3529        4.96574
3529        3.15382
3529        3.72878
3529        3.18579
3529        2.68664
3529        2.93299
3529       0.711755
3529       0.862988
3529        3.41667
3529        5.12304
3529        1.66541
3529        4.78829
3529        5.92515
3529        3.48762
3529        4.48993
3529        2.09122
3529        3.06363
3529       0.136113
3529        5.87921
3529         3.9025
3529        5.74975
3529        4.82757
3529        4.44523
3529        3.71588
3529        2.31174
3529        2.92089
3529        2.00558
3529        2.83005
3529        4.89661
3529        4.39015
3529        3.77093
3529         4.8508
3529        1.65799
3529        3.28896
3529        4.93014
3529        5.16715
3529        3.71093
3529        3.33334
3529        2.71878
3529        5.06931
3529        5.04309
3529         2.1513
3529        3.55452
3529       0.209701
3529        5.99402
3529        5.47971
3529        1.57795
3529       0.495068
3529        3.34816
3529        5.76185
3529         1.7599
3529        4.60698
3529        5.88769
3529        4.81829
3529        2.03969
3529        1.12783
3529      0.0258549
3529         2.3163
3529       0.213694
3529          2.343
3529         3.3585
3529        2.02108
3529        2.44106
3529        4.99344
3529        1.34408
3529        5.15098
3529       0.454427
3529      0.0541595
3529          2.759
3529        2.22625
3529        2.40152
3529        2.79147
3529        2.49481
3529        2.81841
3529        1.84408
3529        3.33616
3529        2.85067
3529         3.8988
3529        4.53619
3529        3.29669
3529        1.22012
3529         3.5527
3529        6.01413
3529        1.45137
3529        1.44107
3529        1.78846
3529       0.817131
3529        3.95003
3529        6.14095
3529        2.63402
3529        4.37808
3529       0.638604
3529         2.1816
3529        5.33508
3529        6.15272
3529        3.92723
3529        3.63682
3529        4.02114
3529        1.61521
3529       0.612594
3529        3.90796
3529       0.715166
3529         1.7678
3529        3.89254
3529        3.22117
3529        0.21173
3529        5.22329
3529        1.94339
3529        3.52812
3529        6.17622
3529        5.17416
3529        1.80522
3529        5.19384
3529        3.71842
3529        6.03786
3529        3.38371
3529        1.33433
3529        3.59946
3529       0.783679
3529        2.77401
3529       0.811346
3529        5.55186
3529       0.456824
3529       0.168726
3529        5.72316
3529       0.652096
3529       0.442307
3529        1.52881
3529        5.93866
3529        2.10429
3529        1.47051
3529        1.28846
3529        1.90615
3529        5.40358
3529        2.55971
3529        4.15914
3529        6.27437
3529        2.49457
3529        1.94372
3529        3.11811
3529        6.22598
3529        5.64237
3529        5.80971
3529        3.18094
3529        6.00361
3529        1.41271
3529        5.96778
3529        4.53355
3529        1.67949
3529        3.67482
3529        6.07105
3529      0.0219421
3529        6.02963
3529        5.85616
3529        2.04829
3529        4.42554
3529      0.0672253
3529        4.85007
3529        3.71254
3529        4.76953
3529         1.2708
3529        2.78092
3529        1.26032
3529        1.90768
3529        4.27142
3529        1.41793
3529        1.02221
3529        3.55159
3529       0.116886
3529        0.34205
3529        3.64787
3529        2.41818
3529       0.873484
3529        4.97496
3529       0.952875
3529        4.69976
3529        2.28679
3529         1.1082
3529        1.05564
3529        4.98156
3529        2.10689
3529        3.42267
3529        5.44094
3529         5.4875
3529        3.19935
3529        4.04459
3529        4.31345
3529        1.44373
3529        5.18209
3529        2.78485
3529        5.36279
3529        5.80232
3529        1.53375
3529        5.04253
3529        3.24128
3529        2.48516
3529       0.382608
3529        1.41199
3529        5.65136
3529        6.07585
3529        2.44239
3529         5.3094
3529        1.50639
3529        3.45487
3529        1.89197
3529        4.14896
3529        4.61009
3529        2.33049
3529        3.19431
3529       0.118293
3529       0.436205
3529        4.40745
3529        3.56375
3529        3.50076
3529        5.99444
3529        2.79801
3529        3.79032
3529        1.35824
3529       0.116224
3529        3.21072
3529        5.54293
3529        3.19615
3529        4.41573
3529        6.16723
3529        2.89502
3529        4.19956
3529        2.88218
3529        5.70633
3529        2.97102
3529        3.22637
3529        5.98531
3529       0.580359
3529       0.609885
3529        4.68576
3529        5.92556
3529          6.109
3529       0.164584
3529        1.96756
3529        1.65643
3529         3.1189
3529        6.27611
3529         5.1763
3529        1.95005
3529        2.53465
3529        2.23551
3529        5.66742
3529        3.21581
3529        4.08642
3529      0.0945528
3529        4.05087
3529        2.01728
3529        3.58424
3529        3.55214
3529        5.24392
3529        6.03534
3529        1.78112
3529        5.84744
3529        4.22411
3529       0.205551
3529       0.630131
3529        5.17733
3529      0.0339223
3529        3.68671
3529        2.63148
3529        2.47062
3529        4.08734
3529        5.71218
3529        1.41174
3529        4.43956
3529        2.13082
3529        5.82537
3529        2.28981
3529        2.11466
3529         3.4145
3529        4.57402
3529        1.48401
3529        5.50322
3529        2.05386
3529        5.35539
3529        4.44621
3529        3.72474
3529        5.98764
3529         2.0463
3529        0.20143
3529        2.48454
3529      0.0400813
3529        5.88528
3529        2.64424
3529        2.94594
3529        2.61229
3529        5.63802
3529        4.25749
3529        4.85182
3529        3.91703
3529        2.76062
3529        4.13006
3529        3.81359
3529       0.430681
3529       0.161684
3529         1.6367
3529        2.71603
3529        2.56843
3529         2.1844
3529        1.90714
3529        1.16837
3529        3.49174
3529        3.70645
3529        4.16678
3529        5.51732
3529        6.22898
3529        5.37324
3529        0.27368
3529       0.104957
3529        3.41244
3529       0.645357
3529         6.2769
3529        5.53247
3529        2.38336
3529        1.76544
3529        6.27381
3529       0.150582
3529        4.98124
3529        1.99601
3529       0.316922
3529        3.91127
3529        1.61476
3529        5.73878
3529        1.57236
3529        1.28279
3529         5.7367
3529        6.23576
3529       0.922196
3529        4.79557
3529         6.2109
3529        3.60684
3529      0.0858048
3529        2.72343
3529        5.88324
3529        1.17252
3529        2.41395
3529        5.80974
3529       0.238072
3529        1.72086
3529         3.8992
3529         1.7169
3529       0.408379
3529        1.62412
3529        3.50451
3529        4.78835
3529       0.965479
3529        5.60526
3529        4.01034
3529        1.56243
3529        1.99689
3529       0.831826
3529       0.577735
3529        1.48982
3529        3.19982
3529       0.601168
3529        3.54462
3529        2.16124
3529       0.520631
3529        5.92856
3529        3.08001
3529       0.979771
3529        1.96424
3529        1.33765
3529        4.09867
3529       0.509232
3529        6.17974
3529        5.07224
3529        3.74719
3529        5.47344
3529        6.24478
3529        2.42988
3529         4.6096
3529        3.45541
3529         1.7731
3529        5.21073
3529        4.00222
3529        4.62099
3529        2.48086
3529        1.49575
3529        3.21689
3529        2.30542
3529        4.47529
3529        4.88465
3529        2.18914
3529        4.95493
3529        2.84873
3529        5.20752
3529       0.140681
3529        5.58943
3529         3.9011
3529         2.1825
3529        3.01115
3529        3.82243
3529      0.0123869
3529        3.54109
3529        0.90915
3529         4.3085
3529      0.0143498
3529        3.48643
3529       0.661858
3529        3.54549
3529        2.85316
3529        5.02261
3529        0.17539
3529        4.08004
3529       0.208019
3529      0.0597241
3529        3.40687
3529        3.07341
3529        5.85537
3529        4.72781
3529        5.32908
3529        2.57987
3529        2.16958
3529       0.643287
3529        2.30038
3529        2.19984
3529        1.46073
3529        4.90624
3529        2.39599
3529        2.10807
3529        2.69471
3529        6.18441
3529         3.3952
3529        5.75702
3529        1.83804
3529       0.282352
3529         1.3641
3529        6.24403
3529       0.669288
3529        2.77926
3529       0.203931
3529        2.92735
3529       0.290835
3529        2.04477
3529        5.15144
3529        0.18305
3529         4.0579
3529        6.13074
3529        3.96317
3529       0.116716
3529       0.765189
3529        6.01363
3529        2.24101
3529        6.24992
3529         1.6117
3529        2.78705
3529        3.05249
3529       0.119055
3529         1.9953
3529        6.21743
3529        1.37593
3529        5.46349
3529        3.33577
3529        3.70212
3529        5.54005
3529       0.513438
3529        3.72134
3529        4.06058
3529        1.92697
3529        5.84698
3529        1.97793
3529        6.09255
3529         1.4727
3529        6.12275
3529        5.69086
3529        4.81593
3529        2.74843
3529        2.90868
3529        3.75384
3529       0.606229
3529        3.38823
3529        6.16174
3529        5.25763
3529        2.71877
3529       0.647828
3529        3.48329
3529        5.36176
3529        2.05616
3529        5.22613
3529        2.74581
3529        5.30781
3529        4.75411
3529        4.20376
3529        5.71871
3529        2.43434
3529        2.34828
3529          4.587
3529        5.81844
3529       0.517237
3529        2.38915
3529        4.19858
3529        5.38799
3529        3.27546
3529        2.23874
3529        6.05054
3529      0.0282758
3529        2.60415
3529        3.21207
3529        3.81927
3529        4.84053
3529        3.15438
3529        5.78342
3529        3.26693
3529        2.11709
3529        1.61031
3529        2.41367
3529        6.28024
3529        5.25311
3529        1.32962
3529          2.021
3529        2.70116
3529        2.79981
3529        5.57028
3529        1.60899
3529       0.882281
3529        3.83145
3529      0.0794109
3529        5.58154
3529        3.73045
3529        3.26999
3529       0.545453
3529        3.27473
3529        2.96301
3529        4.24628
3529        1.15081
3529      0.0237873
3529        2.58078
3529        4.24722
3529        4.98757
3529       0.783341
3529        1.71457
3529         1.5547
3529        3.26951
3529       0.265864
3529        2.73713
3529        2.07582
3529        5.88354
3529         5.1107
3529        5.39755
3529      0.0290719
3529        1.04958
3529        5.57185
3529        3.95613
3529       0.248774
3529       0.309545
3529        2.83588
3529       0.770862
3529        5.84771
3529         1.3861
3529        2.03847
3529        1.14958
3529       0.131401
3529        5.85833
3529         2.9474
3529        1.03588
3529        5.89308
3529        5.53735
3529        5.36207
3529       0.274871
3529        1.47914
3529       0.447267
3529        2.79708
3529        3.25859
3529       0.417083
3529        1.64275
3529        5.87192
3529       0.635037
3529       0.638648
3529        2.50095
3529         4.9725
3529        4.38709
3529        3.93984
3529        2.87723
3529        3.80938
3529        4.72489
3529       0.292766
3529        4.31775
3529        2.51021
3529        4.81286
3529        1.81018
3529        5.27365
3529        5.39497
3529       0.495379
3529        3.27832
3529      0.0412105
3529        1.75579
3529        5.38323
3529        5.66256
3529       0.634558
3529        5.45727
3529        2.61153
3529        3.56088
3529        5.48897
3529        4.84149
3529        1.58835
3529        2.77778
3529        4.10564
3529        3.53725
3529        2.41752
3529       0.377646
3529        4.29688
3529        4.99495
3529        1.85955
3529        4.79119
3529        2.54193
3529        1.35616
3529        3.90503
3529        2.45488
3529        2.89723
3529        1.66106
3529        3.66609
3529        2.86432
3529        2.78932
3529        3.19555
3529        5.32523
3529         4.9814
3529        5.59936
3529         6.2484
3529       0.144312
3529        3.13833
3529       0.139791
3529        5.45153
3529        1.93826
3529       0.721842
3529        2.52689
3529      0.0181514
3529        4.39835
3529        1.89696
3529        6.27543
3529        2.75151
3529        4.63051
3529       0.933086
3529       0.366066
3529        3.95623
3529        5.13721
3529        5.15275
3529        6.24697
3529        6.27845
3529        3.26573
3529        4.42747
3529       0.504104
3529         1.9587
3529        2.50549
3529       0.220363
3529        2.75436
3529        2.80825
3529        0.27954
3529        3.04194
3529        5.86272
3529        5.74583
3529         4.7972
3529        4.89706
3529        5.20036
3529        1.39428
3529        2.07262
3529        2.89292
3529        4.79089
3529        6.16501
3529        2.50229
3529         4.8144
3529        2.99583
3529        0.92102
3529        4.09897
3529        1.52751
3529       0.806575
3529        6.09503
3529       0.579697
3529        6.00512
3529       0.225757
3529        3.46208
3529        3.36231
3529         2.6681
3529        4.25281
3529        3.50898
3529        5.26036
3529        5.88514
3529        5.98132
3529        2.30402
3529        3.14549
3529        2.47818
3529       0.912537
3529        3.87181
3529        4.16137
3529        5.63698
3529        1.78004
3529        5.29492
3529       0.117515
3529        5.81115
3529      0.0410939
3529        3.90838
3529        2.90932
3529        3.13694
3529       0.729639
3529        2.80737
3529        2.35321
3529        5.76185
3529         4.2503
3529        2.11706
3529        4.03944
3529         5.8626
3529        5.19976
3529        3.57172
3529        2.79566
3529        3.65787
3529        2.58912
3529        5.24352
3529        4.05128
3529        3.10993
3529        1.38151
3529         4.7696
3529        2.26195
3529        6.05966
3529        4.39895
3529         3.9319
3529         4.6617
3529       0.284753
3529        6.05864
3529        2.99998
3529      0.0945386
3529        4.24237
3529        1.65878
3529        6.07044
3529          4.758
3529        1.74193
3529        5.92508
3529        2.72823
3529        2.90655
3529       0.413704
3529        4.84911
3529        6.15769
3529        5.88112
3529        2.24187
3529        2.25258
3529        3.76365
3529        1.12522
3529         2.7008
3529        3.45358
3529       0.751668
3529       0.936015
3529        5.27873
3529        3.20669
3529        5.10641
3529        4.05792
3529        2.37727
3529         3.6979
3529       0.784697
3529        1.06778
3529        2.24352
3529        5.61563
3529       0.164189
3529        5.38561
3529        3.10076
3529        5.39887
3529        5.88621
3529        4.57018
3529        2.90179
3529        2.02772
3529         4.0461
3529        3.18727
3529       0.959668
3529        6.18723
3529        3.72807
3529        5.07422
3529        3.18098
3529         5.2577
3529         3.2035
3529        6.27818
3529       0.775329
3529        5.85501
3529        2.74445
3529        3.21012
3529        1.13306
3529        5.18246
3529       0.329418
3529       0.408721
3529        2.02365
3529        2.24939
3529       0.992999
3529        5.43091
3529        2.21524
3529        2.95397
3529         1.5918
3529        1.92664
3529        5.90636
3529        4.76494
3529         4.6821
3529        1.10935
3529        3.11863
3529        5.86044
3529         2.8236
3529       0.113032
3529        3.14282
3529        2.18418
3529        3.22984
3529        5.43931
3529     0.00495442
3529        5.50311
3529        4.43398
3529        4.35556
3529        6.05912
3529       0.468521
3529        5.62604
3529         1.2112
3529        6.07574
3529        1.53703
3529        6.21377
3529        1.21916
3529        1.95999
3529        3.91068
3529        1.77777
3529        3.50498
3529        2.92777
3529        2.52607
3529        2.36286
3529      0.0490103
3529        4.04084
3529       0.883362
3529        1.34383
3529        2.16021
3529        1.45314
3529        1.46276
3529        6.10856
3529       0.307622
3529        3.69701
3529         4.4151
3529        2.84389
3529        4.12292
3529       0.526136
3529       0.390951
3529         5.0562
3529         2.1259
3529        5.87648
3529        2.70021
3529        4.65002
3529        3.71046
3529        6.19718
3529        5.75453
3529        2.80971
3529        5.43003
3529       0.853427
3529       0.121887
3529        5.53803
3529         2.0354
3529        5.21402
3529        1.57897
3529         4.5915
3529        3.83836
3529       0.226389
3529        3.77893
3529        4.79847
3529        5.52616
3529         4.8386
3529        1.32714
3529        3.35363
3529        4.95795
3529        1.88978
3529       0.274512
3529        2.49652
3529        3.64896
3529        4.78135
3529       0.144754
3529        1.52316
3529        1.98829
3529         2.9375
3529         4.4587
3529         5.6147
3529        4.78082
3529        2.16874
3529       0.581065
3529        6.23734
3529        1.93565
3529        3.87629
3529        3.44564
3529        3.32456
3529        2.50346
3529       0.159163
3529        4.12937
3529        2.00092
3529        2.68191
3529        2.85569
3529        2.92007
3529       0.741505
3529         2.5829
3529          3.713
3529        1.72121
3529        1.75441
3529        4.54001
3529        4.17336
3529        6.11355
3529        1.65568
3529       0.123767
3529        6.25735
3529        4.21216
3529        2.12545
3529        2.07994
3529        1.03215
3529       0.877149
3529        1.38751
3529        2.48616
3529        5.15371
3529        2.37981
3529        3.94615
3529       0.418483
3529        2.49628
3529        3.09206
3529        5.65451
3529         2.9075
3529        4.94615
3529       0.790725
3529        0.86287
3529        2.88802
3529        2.75007
3529        4.58863
3529         2.8147
3529        2.86494
3529        5.76295
3529        4.75729
3529       0.131761
3529        1.38179
3529      0.0585968
3529        1.14298
3529        3.52345
3529        2.61128
3529        5.64742
3529        1.47674
3529         2.0926
3529        2.75115
3529        3.49553
3529        6.14969
3529        2.36079
3529        2.87143
3529        4.83167
3529         5.9705
3529        3.20086
3529        4.50984
3529        1.53765
3529          3.078
3529        2.07858
3529        1.01493
3529        5.98467
3529       0.813284
3529        2.27839
3529        2.17598
3529         2.3745
3529        5.91771
3529        5.18058
3529        5.36083
3529        3.16065
3529       0.224063
3529        4.05205
3529       0.160061
3529        6.20915
3529        2.35261
3529       0.133167
3529        2.53877
3529        4.49372
