3117        0.98815
3117       0.713241
3117       0.116767
3117        3.51745
3117        3.47178
3117        1.94018
3117         5.0566
3117          4.239
3117        3.38413
3117        4.58045
3117         3.3028
3117       0.854436
3117        5.86741
3117        3.52456
3117        3.49602
3117        1.09506
3117        6.05461
3117        4.15731
3117        1.33863
3117        4.11851
3117        4.40821
3117        4.26645
3117        3.12729
3117        4.73335
3117        3.47852
3117        4.11985
3117        1.15452
3117        2.45602
3117        3.51981
3117        4.46842
3117        6.18899
3117        5.47532
3117        3.86838
3117         1.6479
3117        4.21649
3117       0.847213
3117        1.15142
3117       0.533747
3117        3.22724
3117        2.24146
3117       0.429368
3117        3.03683
3117        5.83956
3117        6.25441
3117         3.2175
3117        4.22098
3117       0.313997
3117       0.832355
3117        1.57275
3117        4.01072
3117        5.93885
3117        5.02329
3117        3.40635
3117      0.0581143
3117        2.87675
3117        3.44764
3117        2.71629
3117        3.77124
3117       0.352932
3117        1.36519
3117       0.698443
3117        2.56767
3117        1.28521
3117        1.92722
3117         4.9846
3117        3.94362
3117         4.3821
3117        3.24406
3117        4.22952
3117        2.35536
3117        1.73717
3117       0.234063
3117        4.33212
3117          1.766
3117        1.70653
3117        3.07621
3117        3.18473
3117        4.55493
3117        0.71615
3117        1.06993
3117        1.77028
3117        3.58557
3117        3.81041
3117        1.08909
3117        2.81627
3117        1.30701
3117        4.93947
3117        4.45329
3117        3.63496
3117        2.91714
3117        0.46978
3117        4.11419
3117        2.72316
3117        1.43968
3117        1.13484
3117       0.314009
3117       0.412144
3117        1.78638
3117         3.8776
3117        4.46919
3117        5.05875
3117        0.77807
3117        5.55559
3117       0.941015
3117        1.60683
3117       0.575211
3117        6.25341
3117        2.14462
3117       0.837529
3117        2.02882
3117        1.42347
3117        1.62352
3117        1.45944
3117       0.880586
3117       0.565088
3117        2.91264
3117        1.15524
3117       0.244527
3117         1.9565
3117        4.66679
3117       0.822688
3117        1.18583
3117        2.47633
3117       0.541784
3117        1.38052
3117        2.69737
3117        1.10973
3117        5.37071
3117      0.0920158
3117        1.41658
3117        4.04036
3117       0.547858
3117        3.40899
3117        3.45763
3117        4.16903
3117        2.87452
3117        5.83798
3117        2.42021
3117         5.7467
3117        2.71509
3117        1.71553
3117        4.25907
3117        0.42054
3117        5.99765
3117        3.42354
3117        5.96443
3117        4.26643
3117        3.99112
3117       0.821141
3117         6.2589
3117         1.8379
3117         3.7067
3117        3.55196
3117        1.95319
3117        3.83376
3117       0.422017
3117        1.26724
3117        4.54302
3117        5.45001
3117         5.9269
3117        4.28074
3117        3.67415
3117        1.42789
3117        2.86495
3117         3.9532
3117        4.61961
3117        1.68888
3117        2.10221
3117       0.922727
3117        5.91695
3117        2.01682
3117        5.00531
3117       0.731158
3117        5.00442
3117        0.84528
3117       0.900733
3117       0.550147
3117        1.30008
3117        4.01279
3117       0.156157
3117        1.95966
3117         4.5929
3117       0.856177
3117       0.414132
3117        2.89433
3117        3.43363
3117         1.0672
3117        3.21416
3117       0.542787
3117        4.89902
3117      0.0422993
3117        1.59236
3117         4.1932
3117         2.2722
3117        2.64345
3117       0.641295
3117        3.79786
3117        3.77357
3117        5.46371
3117        1.21824
3117        4.91828
3117        3.35265
3117        1.01056
3117        5.96537
3117       0.932549
3117         3.4091
3117        3.75614
3117        4.85196
3117        1.90594
3117        4.00242
3117        4.36764
3117        1.08835
3117        3.75762
3117        3.57511
3117        1.07505
3117        1.14866
3117        3.56165
3117        2.88849
3117        4.43424
3117       0.685418
3117        2.13307
3117        1.29995
3117       0.581914
3117       0.176596
3117         6.1442
3117        3.68341
3117        6.12106
3117         4.2308
3117        3.59202
3117        2.30471
3117        1.32279
3117       0.444814
3117        4.71732
3117        4.95704
3117       0.221057
3117        1.23129
3117        1.27127
3117        1.60848
3117        2.16454
3117        1.19066
3117        1.33751
3117        1.64973
3117        5.93988
3117       0.541806
3117        4.63637
3117       0.771652
3117         3.4462
3117         2.1372
3117        6.02083
3117        2.01245
3117        1.71678
3117       0.276544
3117        5.36383
3117        5.04798
3117        3.93041
3117        1.71638
3117        1.44029
3117        2.92792
3117        3.97381
3117         3.1121
3117        4.46359
3117        1.83785
3117        3.10164
3117        3.21226
3117         1.5968
3117         6.2592
3117        1.39062
3117        4.40668
3117        4.48912
3117         3.9224
3117        1.09427
3117        5.86908
3117        3.89058
3117        2.77559
3117        2.66499
3117        2.28783
3117        6.21005
3117        4.17808
3117        5.63018
3117        3.96759
3117        5.92656
3117        4.09016
3117       0.904038
3117        4.22616
3117         2.0251
3117        4.88213
3117        3.31339
3117        4.72795
3117       0.778833
3117        3.83412
3117         1.1816
3117        4.43248
3117        4.58396
3117        5.46606
3117         5.6615
3117        2.94503
3117        3.71117
3117        0.74714
3117        4.33685
3117        3.48119
3117        4.43758
3117        1.49724
3117        1.71222
3117        2.60912
3117        0.14559
3117         5.0816
3117        2.37946
3117        4.96366
3117        5.39265
3117         1.8635
3117       0.894914
3117        1.29654
3117        2.34942
3117        2.86093
3117        3.09211
3117        4.57848
3117        4.95465
3117        3.19673
3117       0.526685
3117       0.937079
3117        2.24648
3117        3.91026
3117        1.19195
3117        3.37855
3117        4.73678
3117        3.60585
3117        3.95812
3117        0.83466
3117        6.12427
3117        1.46756
3117        1.96213
3117       0.322487
3117        1.92132
3117       0.577902
3117        1.04996
3117         4.0914
3117        1.69189
3117      0.0964048
3117        4.59784
3117        3.88661
3117       0.319203
3117        4.49015
3117        5.95418
3117        3.71954
3117         4.4069
3117        2.09511
3117         2.8142
3117        5.73588
3117        5.32495
3117        1.42599
3117        3.14975
3117        2.00797
3117        3.73696
3117        1.01844
3117       0.406507
3117        5.46722
3117        1.28431
3117        3.56644
3117        3.83667
3117        2.83458
3117        1.89246
3117        1.36459
3117        5.44943
3117         4.9207
3117         5.2125
3117       0.834807
3117        4.32281
3117      0.0149334
3117       0.339105
3117        4.80157
3117        5.89224
3117         3.1414
3117       0.916613
3117        3.27462
3117        1.04678
3117        1.65281
3117       0.934684
3117        4.48346
3117        3.91002
3117        3.93128
3117        1.43465
3117        6.13238
3117       0.504037
3117        5.50441
3117        4.33404
3117        2.04607
3117          3.765
3117        4.54874
3117        3.01036
3117         1.3817
3117       0.321914
3117        4.69165
3117        1.15142
3117        1.03768
3117        4.49783
3117         1.8551
3117       0.491869
3117       0.546315
3117         5.0008
3117        3.73999
3117        4.54151
3117        3.71679
3117        3.55601
3117       0.489154
3117       0.193918
3117        5.42299
3117         1.4756
3117        4.79492
3117         4.3451
3117      0.0688351
3117        4.39712
3117        5.53949
3117       0.528593
3117       0.288581
3117       0.591916
3117         1.9044
3117        5.25452
3117        2.81075
3117        4.35543
3117        5.33329
3117        5.54733
3117       0.470441
3117        2.39544
3117        1.54958
3117        2.49506
3117       0.314721
3117        1.49491
3117        3.57571
3117        2.89863
3117       0.991166
3117        5.15021
3117        4.78789
3117        3.06292
3117        4.10365
3117       0.793807
3117        4.69509
3117        1.82916
3117        2.54203
3117        4.67163
3117        1.54641
3117         3.5864
3117        3.74622
3117       0.366277
3117       0.746647
3117        3.21324
3117        1.61529
3117        6.24281
3117       0.796031
3117      0.0145496
3117         3.6802
3117        3.66962
3117         3.1835
3117        0.11664
3117        3.16457
3117        5.79963
3117        2.00552
3117        6.22755
3117       0.177396
3117         3.5737
3117        3.77429
3117        3.37508
3117       0.207465
3117       0.207872
3117        1.36447
3117       0.894339
3117         2.6532
3117        1.28634
3117        3.53456
3117        4.54795
3117        2.48112
3117        1.18556
3117        2.77213
3117        5.23641
3117         4.7137
3117        3.07021
3117        4.25035
3117         4.0968
3117         3.5779
3117         3.4658
3117       0.470333
3117       0.860079
3117        2.96162
3117        1.77748
3117       0.420788
3117        2.40732
3117        1.54785
3117       0.998647
3117         1.1815
3117        1.82067
3117        1.21818
3117       0.373938
3117        0.24728
3117        3.90075
3117      0.0224793
3117        3.74484
3117        2.14693
3117        1.28097
3117        2.56391
3117         3.9298
3117        4.97199
3117       0.299767
3117        1.23664
3117        6.07925
3117        6.22592
3117         1.8686
3117        6.03776
3117        1.61919
3117       0.791754
3117       0.450508
3117        1.47807
3117        4.17865
3117        1.88501
3117       0.172073
3117        3.81272
3117        3.08689
3117        1.38418
3117        6.07527
3117        4.83824
3117        1.84781
3117        4.63225
3117        4.41951
3117        4.42146
3117        1.08697
3117       0.370097
3117        1.58135
3117         4.3795
3117       0.215137
3117        5.24508
3117        2.94725
3117        2.60897
3117        4.95307
3117        5.81768
3117         2.2347
3117       0.863956
3117        2.90398
3117       0.950157
3117        4.11598
3117       0.613973
3117        2.77381
3117       0.192875
3117        5.04555
3117        4.20834
3117        1.79722
3117        1.64305
3117        1.91372
3117        3.22299
3117        4.66618
3117         3.5966
3117        4.45337
3117         2.6427
3117       0.839748
3117        1.15724
3117        5.77115
3117        1.05759
3117        5.99116
3117        5.52973
3117        3.14845
3117        1.44174
3117        3.79363
3117        4.25085
3117        3.13082
3117         4.3571
3117        3.78259
3117        4.11884
3117        5.29478
3117        4.53439
3117         4.3569
3117       0.713947
3117        1.59683
3117        1.60489
3117        5.69085
3117        4.24996
3117       0.454286
3117        3.77687
3117        3.15485
3117        1.87858
3117       0.956922
3117        2.38393
3117        3.61607
3117        5.41243
3117           6.04
3117        4.49504
3117        4.63723
3117        5.37808
3117        6.18414
3117        3.46326
3117        2.10409
3117        6.28263
3117      0.0288772
3117        3.33792
3117        5.28293
3117        1.62813
3117        5.27775
3117        1.47848
3117        1.12308
3117       0.460678
3117        1.03137
3117        3.60234
3117        5.01188
3117         4.1631
3117        1.27623
3117        3.05274
3117        2.38347
3117       0.129078
3117         4.3714
3117        5.14314
3117        2.96348
3117        4.43918
3117        4.41222
3117        4.15693
3117        2.86328
3117        6.11253
3117        5.23589
3117         1.8066
3117        4.64014
3117        5.57184
3117        3.79545
3117        1.15223
3117     0.00194236
3117       0.783725
3117        5.92212
3117        1.08676
3117        5.78665
3117        1.04305
3117        1.23525
3117        3.59823
3117        5.24612
3117        1.40403
3117          2.994
3117       0.149495
3117       0.805573
3117        4.79671
3117        2.35633
3117        1.65932
3117        4.46128
3117        2.23282
3117        4.54855
3117        3.29553
3117        4.16125
3117        4.80578
3117        1.50118
3117       0.933816
3117          1.875
3117         1.4398
3117        4.07754
3117        3.44698
3117       0.361054
3117        1.43538
3117         4.7856
3117        3.85075
3117        4.93389
3117       0.783628
3117        5.11033
3117        2.98348
3117       0.952431
3117        6.08409
3117        4.18169
3117       0.527496
3117        1.57512
3117        2.14769
3117        4.36777
3117        5.75925
3117        2.08376
3117        1.30864
3117        4.31614
3117        4.07674
3117         3.3683
3117        5.61028
3117        3.75714
3117        1.79525
3117         4.1722
3117        6.13078
3117        5.52117
3117        4.52391
3117        4.69425
3117        2.47225
3117        1.43558
3117       0.675313
3117         4.9812
3117        5.76503
3117       0.795317
3117        4.48897
3117        5.77574
3117        3.83819
3117       0.171632
3117       0.700143
3117        5.62883
3117        5.08338
3117        4.34459
3117        3.52315
3117         0.2182
3117      0.0378477
3117        2.62404
3117        3.84946
3117        1.67393
3117        6.01871
3117        5.20582
3117        3.96659
3117        3.10964
3117        2.06425
3117        2.32018
3117       0.349235
3117        1.17415
3117        4.10157
3117        4.06575
3117        6.27935
3117       0.577101
3117         1.4366
3117        4.11097
3117        4.25275
3117        5.39355
3117        4.16259
3117        3.66278
3117         1.0407
3117       0.892928
3117        1.94672
3117        3.19742
3117        5.52268
3117        1.62798
3117        0.57852
3117        6.00381
3117       0.506138
3117        1.08214
3117          2.755
3117        3.70865
3117        2.45336
3117        4.57657
3117        5.26964
3117        4.20197
3117        5.27585
3117        1.22573
3117        6.15731
3117        4.35803
3117        3.58881
3117        4.92679
3117       0.104946
3117        1.47814
3117      0.0574935
3117        6.27561
3117        3.96957
3117        5.31956
3117        2.66011
3117        3.51596
3117        5.14072
3117      0.0947515
3117        1.96216
3117        1.32531
3117        4.10363
3117        4.62354
3117        4.13264
3117        4.51428
3117        1.94627
3117       0.515955
3117        2.14231
3117        1.55105
3117         6.2777
3117        6.10464
3117        5.96603
3117        4.75488
3117        5.47026
3117        2.16342
3117        5.14102
3117        3.55348
3117        4.28426
3117        4.06056
3117        4.09989
3117        4.64502
3117        4.14113
3117         5.9309
3117        4.64564
3117         1.4961
3117        2.29695
3117        4.22095
3117       0.809092
3117      0.0577482
3117       0.922862
3117       0.540419
3117       0.445731
3117        2.20964
3117       0.512247
3117       0.760031
3117        1.30871
3117        3.34487
3117        4.65715
3117        5.24557
3117        1.03604
3117        0.58637
3117        4.61346
3117        1.21096
3117       0.159555
3117       0.905503
3117        6.01955
3117        5.30054
3117        2.21692
3117        1.96205
3117        1.43887
3117        3.50599
3117        2.70437
3117         6.0826
3117        3.65531
3117        3.82053
3117        4.56471
3117    9.44994e-05
3117        6.18959
3117        5.74747
3117       0.724963
3117        5.80114
3117        3.92412
3117        5.76143
3117        5.43171
3117        1.57931
3117       0.993903
3117        4.18737
3117        5.07631
3117       0.126909
3117         3.1931
3117       0.525653
3117         4.5778
3117        4.25379
3117       0.711795
3117        1.53693
3117        3.50184
3117        3.14267
3117        3.84449
3117        4.72536
3117        2.95509
3117       0.444136
3117        2.41571
3117       0.754696
3117        5.94251
3117       0.314628
3117       0.226054
3117        1.21756
3117        1.48088
3117       0.354772
3117        5.99695
3117        1.28189
3117        3.60359
3117        1.26431
3117        1.11519
3117        4.14432
3117        3.62722
3117        4.29757
3117        5.79887
3117        4.46931
3117        1.98766
3117        4.57552
3117        2.31747
3117        3.50947
3117         5.8956
3117        2.67007
3117        1.38401
3117        4.40766
3117        2.78403
3117           3.66
3117        3.96461
3117       0.408637
3117        5.21864
3117        2.22777
3117        3.22085
3117       0.518639
3117        3.50374
3117        5.37663
3117        1.37441
3117         4.0721
3117         5.1907
3117         3.4009
3117        5.65309
3117        4.01784
3117        4.23165
3117         3.9996
3117        3.72946
3117        3.57047
3117       0.842979
3117        3.54509
3117       0.438015
3117        5.48772
3117        3.29472
3117        2.50407
3117        5.92085
3117        1.10037
3117         3.2331
3117         6.0645
3117        1.21431
3117       0.673423
3117       0.885013
3117        4.05239
3117        4.39288
3117       0.591019
3117       0.985218
3117        1.73767
3117        1.26987
3117        2.12034
3117        3.72685
3117        6.15056
3117        2.75976
3117        1.55949
3117        4.68375
3117        1.49644
3117        3.35008
3117        5.99032
3117        3.40937
3117        4.42785
3117       0.916051
3117        4.46382
3117        3.95754
3117         1.5761
3117      0.0399737
3117        6.11333
3117        1.14908
3117        3.88109
3117        3.51122
3117        6.22321
3117        3.23934
3117       0.683789
3117        3.21934
3117        4.90553
3117       0.877596
3117        5.22034
3117        1.47291
3117        1.90074
3117         2.4496
3117        6.14803
3117        3.72777
3117        4.36849
3117       0.557874
3117        1.26061
3117        5.26556
3117        5.12596
3117        3.76233
3117        3.46879
3117        1.23626
3117        4.84536
3117        2.23547
3117       0.115374
3117         3.0226
3117        1.37977
3117       0.209935
3117        1.29533
3117        6.14316
3117        3.59239
3117       0.342498
3117        4.79072
3117        4.55149
