3108        2.97782
3108       0.635763
3108        3.25079
3108        5.26769
3108        1.37056
3108          3.112
3108        2.73557
3108        3.30455
3108        3.87504
3108       0.112042
3108        1.12816
3108        2.98934
3108        4.34624
3108        5.08225
3108        2.62632
3108        1.35619
3108        3.26301
3108       0.146119
3108         5.9785
3108        4.18665
3108        2.52583
3108         3.7148
3108        5.31637
3108        4.09532
3108       0.591261
3108        2.95545
3108        5.55991
3108        6.06288
3108       0.616013
3108        3.38831
3108        0.25574
3108        3.18899
3108        5.03127
3108        3.68932
3108        4.38572
3108       0.111779
3108       0.612114
3108        2.97167
3108        1.39284
3108        4.64341
3108       0.511723
3108        5.39094
3108        3.07296
3108        6.25833
3108        6.10901
3108        2.32358
3108        6.06323
3108       0.507572
3108        1.34782
3108        5.49943
3108       0.787456
3108        3.71338
3108        5.71385
3108        4.14455
3108        3.85474
3108        1.34551
3108        5.36338
3108        5.76059
3108        3.28935
3108         2.7533
3108         5.9539
3108        3.96568
3108       0.179678
3108        1.82358
3108       0.740099
3108        3.44824
3108        1.88441
3108        3.52273
3108       0.654701
3108        5.17433
3108        2.15413
3108        5.79352
3108        2.95248
3108         4.8988
3108       0.586913
3108        2.41221
3108        5.26284
3108        4.89456
3108        4.46394
3108       0.546316
3108       0.297814
3108        3.12804
3108        5.35491
3108        2.99848
3108        2.84121
3108       0.175627
3108        5.99108
3108        3.87875
3108       0.865687
3108        5.98224
3108        4.27913
3108        2.69782
3108        2.97904
3108        3.81932
3108       0.277168
3108        2.83417
3108        4.65544
3108        6.21062
3108        4.69412
3108        3.67131
3108       0.704976
3108        4.71671
3108        1.92281
3108        3.93542
3108       0.956054
3108      0.0741229
3108       0.913387
3108         3.3064
3108        1.47849
3108        2.03568
3108        6.15724
3108        4.04007
3108        5.92802
3108        4.82719
3108       0.713749
3108        2.35684
3108        2.37056
3108        5.57153
3108        5.05715
3108        2.92701
3108        2.43763
3108       0.596717
3108         6.2205
3108        3.86367
3108        3.88072
3108        1.08947
3108        1.88595
3108        3.08089
3108        0.15704
3108        4.24023
3108         5.3782
3108        2.29674
3108        2.24547
3108        4.23932
3108        5.67022
3108         1.3435
3108        3.14282
3108        1.76455
3108       0.960097
3108       0.778212
3108        1.73925
3108        3.42748
3108        4.56453
3108        4.49692
3108        3.67248
3108        3.47068
3108        6.10317
3108        2.31235
3108        3.64338
3108        3.20544
3108        4.55639
3108        3.82491
3108        4.08865
3108         5.5207
3108        4.19773
3108        5.53099
3108        6.13423
3108        4.53682
3108        1.07046
3108       0.934508
3108        1.28884
3108        1.13554
3108        1.82836
3108        3.46924
3108      0.0218967
3108       0.474588
3108        4.01304
3108        4.92044
3108        2.60764
3108        3.39523
3108        4.76864
3108        1.46054
3108        2.29305
3108        5.23375
3108       0.590502
3108          2.464
3108         5.6005
3108        4.93252
3108        5.00493
3108        2.71061
3108        3.51375
3108        3.03266
3108        3.10185
3108        2.43807
3108       0.448408
3108        3.88639
3108        5.09108
3108        1.04942
3108         2.4356
3108        5.23206
3108        2.21521
3108        4.86924
3108        2.82075
3108        1.22416
3108        3.21974
3108        1.39552
3108        1.36518
3108       0.779115
3108        1.05952
3108         6.2566
3108       0.562293
3108        5.28374
3108        5.39611
3108        4.46058
3108        1.07075
3108        5.88161
3108        3.47192
3108        4.64778
3108        3.11215
3108        3.43057
3108        1.12656
3108        1.11374
3108        4.86108
3108        6.13826
3108        6.20362
3108        3.67806
3108       0.991681
3108        4.98724
3108        5.18251
3108        5.31842
3108       0.484069
3108        4.59265
3108         1.2063
3108        0.36137
3108        3.02196
3108         3.0177
3108        5.03079
3108        2.95994
3108       0.727785
3108        2.64888
3108        2.06857
3108         5.2437
3108        5.02661
3108        5.74435
3108        1.70707
3108       0.847062
3108        4.02455
3108        5.91768
3108        2.74406
3108        5.83055
3108        3.14843
3108        5.32899
3108        6.01786
3108        3.66157
3108        1.97338
3108       0.735439
3108        5.66057
3108         1.8405
3108       0.651504
3108       0.829665
3108        4.05881
3108        1.66976
3108       0.715106
3108        2.63159
3108        4.97669
3108        4.10137
3108       0.889668
3108        6.06625
3108        5.85718
3108        4.82501
3108        1.86312
3108        1.15194
3108      0.0116114
3108      0.0144595
3108        1.42623
3108        1.88666
3108       0.563778
3108        3.23754
3108        0.13422
3108        1.70178
3108        5.75124
3108        1.44549
3108        3.38458
3108        5.43105
3108       0.122871
3108          1.994
3108        1.07502
3108        3.08026
3108      0.0136439
3108        4.84002
3108       0.571225
3108        3.38899
3108      0.0886349
3108        2.18181
3108         3.8382
3108        3.60695
3108        2.49319
3108         1.4108
3108        3.47419
3108        1.37322
3108          2.649
3108        5.87234
3108        6.04315
3108        3.59238
3108        6.23226
3108       0.990863
3108        4.03056
3108        4.06408
3108       0.938884
3108        3.14061
3108        1.40191
3108        1.86357
3108        5.06551
3108        4.48869
3108      0.0506676
3108        3.10977
3108        1.56553
3108       0.441279
3108       0.990813
3108        4.09804
3108        5.82434
3108        1.94971
3108        3.66669
3108        1.55922
3108        1.36476
3108        5.57605
3108       0.496573
3108        2.93347
3108       0.203218
3108        0.89924
3108        5.91088
3108        5.10339
3108       0.687444
3108        2.44208
3108        6.21349
3108         2.3426
3108        1.94778
3108        2.87992
3108        5.21142
3108       0.376305
3108        4.13037
3108        1.70549
3108        1.64309
3108        6.18971
3108        2.92083
3108        5.64128
3108        2.41501
3108       0.510461
3108         5.1302
3108        6.11453
3108        3.42669
3108        2.83914
3108        4.03042
3108        2.67759
3108        3.17307
3108       0.915054
3108        2.65277
3108        0.60644
3108        4.73457
3108        1.98877
3108       0.656024
3108        0.80053
3108        4.00965
3108       0.892556
3108         3.7321
3108        3.43637
3108       0.994331
3108       0.607539
3108        4.65713
3108        3.59449
3108        6.19888
3108        5.95723
3108        5.52157
3108        3.29908
3108       0.265006
3108       0.551779
3108        4.71036
3108        2.21907
3108        1.01173
3108        4.76645
3108         6.1558
3108        2.25161
3108        3.35413
3108       0.177245
3108       0.232236
3108        2.99521
3108        1.84133
3108        6.25457
3108        2.17959
3108        2.63092
3108        3.14155
3108        1.93511
3108        2.22619
3108        3.37128
3108        3.26057
3108        4.13168
3108        3.68408
3108        2.77961
3108        4.50941
3108        6.13824
3108        4.05711
3108        1.84491
3108        4.28433
3108         4.4172
3108        1.21271
3108        1.63747
3108        6.24867
3108        3.32975
3108        3.63159
3108        1.92149
3108        6.06739
3108        5.59607
3108        3.67825
3108        3.31779
3108        4.17753
3108        1.67521
3108       0.016666
3108        3.19488
3108        5.05243
3108        6.17172
3108        3.43723
3108        5.66191
3108        3.95544
3108         1.4304
3108        3.92234
3108        2.73163
3108        1.25987
3108        1.88267
3108        4.12657
3108        3.67761
3108        4.69995
3108        1.63039
3108        2.63119
3108        4.38413
3108        4.13342
3108        5.86079
3108        4.53297
3108        3.75889
3108        5.88472
3108       0.998407
3108        2.06298
3108       0.518048
3108        2.75407
3108       0.245172
3108         1.0761
3108        1.86359
3108         1.6053
3108       0.482965
3108        3.85349
3108        4.95216
3108        4.46323
3108        2.76739
3108       0.418568
3108       0.486832
3108      0.0595509
3108        3.26766
3108        1.47533
3108       0.858004
3108        3.08586
3108        1.57599
3108        4.72498
3108        3.35325
3108       0.273058
3108         2.0416
3108       0.974037
3108        3.17738
3108        2.55392
3108        3.69798
3108        1.86969
3108        3.55052
3108       0.245311
3108        3.23197
3108        5.40675
3108        4.15892
3108        4.96645
3108       0.538269
3108         3.5816
3108        4.47694
3108        0.13596
3108        0.25311
3108        3.16831
3108        3.31375
3108        5.05605
3108         3.8472
3108         3.0083
3108         4.2345
3108        3.63768
3108        1.39314
3108        3.89055
3108        1.40519
3108         5.0826
3108         3.5812
3108        3.90273
3108        2.17611
3108        3.52152
3108       0.166688
3108        5.23674
3108       0.757381
3108        1.64402
3108        3.32827
3108        5.87756
3108         0.7469
3108        1.76407
3108        4.92578
3108        5.67192
3108        4.30861
3108        3.84955
3108        4.41297
3108        2.06937
3108        3.99769
3108        3.08231
3108        1.75882
3108        3.84686
3108         6.1256
3108        4.44708
3108        3.49022
3108        5.67635
3108       0.122423
3108       0.353949
3108        6.08412
3108        3.35823
3108        4.27002
3108        5.92614
3108        1.51339
3108        5.51082
3108        3.83948
3108        4.59708
3108        3.01929
3108       0.577785
3108        2.68574
3108        3.01471
3108       0.218163
3108        0.21842
3108        5.82643
3108        3.92382
3108         3.8656
3108        2.23664
3108        0.28503
3108       0.535712
3108        3.90713
3108        1.60347
3108        4.94532
3108        4.02761
3108        1.53913
3108        3.73866
3108        2.88254
3108        4.52433
3108       0.806783
3108        3.43234
3108        4.63976
3108        2.50118
3108         2.3244
3108        3.60594
3108       0.176382
3108        3.39427
3108        1.65786
3108        0.72936
3108       0.148923
3108        5.93348
3108        5.09635
3108        4.51631
3108        2.78278
3108        3.45643
3108       0.323694
3108        5.40512
3108        6.16927
3108        3.26921
3108        4.19801
3108        3.27183
3108        1.62423
3108        2.91518
3108        3.11474
3108         2.5445
3108        4.00823
3108        4.01746
3108        3.50408
3108        1.72537
3108        3.97943
3108       0.529801
3108        2.13256
3108        6.11204
3108         5.8902
3108        2.70158
3108       0.400979
3108         4.5609
3108         5.5987
3108        2.07115
3108        4.46565
3108       0.721453
3108        5.32542
3108        1.79629
3108        5.97093
3108       0.570171
3108        2.00964
3108        1.04179
3108        4.54354
3108       0.113773
3108         1.0354
3108       0.226025
3108        5.28553
3108       0.350658
3108         3.9734
3108        5.97154
3108        1.03839
3108        1.68435
3108       0.252463
3108        1.59858
3108        6.18999
3108        3.62177
3108       0.443127
3108        1.68173
3108       0.763017
3108        2.92783
3108        4.31203
3108        4.01114
3108       0.393691
3108        1.04728
3108        4.56926
3108        4.38614
3108       0.333118
3108        5.97443
3108       0.955449
3108        5.67891
3108        6.20956
3108        3.02242
3108         3.3186
3108        1.25803
3108        3.74814
3108        4.41892
3108      0.0151335
3108       0.777977
3108        4.57516
3108        2.22046
3108        4.72837
3108        5.96815
3108        3.34509
3108        2.10218
3108       0.820118
3108        3.78664
3108       0.900699
3108       0.244468
3108        3.16185
3108        2.77123
3108        1.48598
3108         3.0669
3108       0.834918
3108        0.10387
3108       0.102884
3108        2.68376
3108        6.14552
3108       0.515769
3108        6.07037
3108      0.0860533
3108        1.20163
3108       0.398769
3108        2.96352
3108        3.48409
3108        3.78269
3108        1.49553
3108        4.45144
3108        5.81318
3108         5.8854
3108        4.07831
3108        5.17931
3108       0.889256
3108     0.00338383
3108        3.92815
3108         2.5991
3108        4.97009
3108        2.55069
3108        1.12872
3108        3.13759
3108        1.03226
3108        4.51126
3108        3.26416
3108        2.12427
3108       0.444277
3108        5.49331
3108        5.07369
3108       0.565732
3108        2.49264
3108       0.995923
3108        5.99582
3108        4.06431
3108        5.87606
3108        1.23508
3108        3.88915
3108        3.39997
3108        4.23474
3108        1.99099
3108        1.17795
3108        3.39007
3108        4.40601
3108        4.31698
3108        5.53775
3108         4.9149
3108        4.05272
3108        3.30945
3108        6.02206
3108        3.81831
3108        5.27545
3108       0.461011
3108        5.81298
3108        3.82071
3108        5.04594
3108        4.77179
3108         2.4481
3108       0.153289
3108        5.94422
3108        2.39479
3108        4.69944
3108        2.98634
3108        5.45823
3108        4.55716
3108        5.44201
3108        5.74511
3108       0.430581
3108        5.47052
3108       0.300709
3108        1.70554
3108       0.853462
3108        1.13648
3108        2.84793
3108        5.41666
3108        4.13672
3108       0.629752
3108        5.70221
3108        4.58739
3108        3.58263
3108       0.502122
3108       0.119249
3108         5.9725
3108        4.53129
3108        1.99707
3108       0.900466
3108         0.5178
3108        3.51451
3108        2.73966
3108        2.23665
3108        2.20643
3108        3.20682
3108        5.20595
3108        4.30697
3108        1.74802
3108       0.381252
3108        4.42711
3108        2.29468
3108       0.883809
3108        3.59454
3108       0.257882
3108        2.93623
3108        4.64123
3108        3.23474
3108       0.804701
3108       0.841481
3108        0.16325
3108       0.943115
3108        5.43521
3108        4.41101
3108        5.99163
3108        5.81802
3108        5.34936
3108      0.0572079
3108        3.25707
3108        6.11594
3108      0.0305424
3108         1.4923
3108        2.34859
3108       0.652425
3108        3.73866
3108        3.20778
3108        6.12503
3108        5.26634
3108        4.21896
3108        5.62328
3108        3.17003
3108        3.63718
3108       0.426582
3108        1.37859
3108        2.83262
3108        4.03488
3108       0.328586
3108      0.0284249
3108        1.31545
3108        3.87651
3108        4.79188
3108        3.34544
3108        1.22368
3108        5.81214
3108        3.80744
3108       0.460921
3108       0.977443
3108        3.84406
3108        4.48145
3108       0.220079
3108        4.71237
3108        4.21324
3108        5.39789
3108       0.431463
3108        1.75196
3108        1.01914
3108        3.88866
3108        1.27766
3108        3.87614
3108       0.552298
3108        4.46898
3108        5.58558
3108        1.88952
3108        5.92669
3108        4.94736
3108       0.194014
3108        5.16879
3108        3.63435
3108       0.873633
3108        4.08008
3108        5.67355
3108        1.91826
3108        5.27155
3108        2.23963
3108          2.608
3108       0.745924
3108          1.113
3108       0.380335
3108        3.98619
3108        3.12288
3108        5.83451
3108       0.133241
3108        3.37387
3108        2.16008
3108        2.15903
3108        1.41632
3108        2.35111
3108       0.408435
3108     0.00796616
3108        1.32977
3108        4.46746
3108        4.41141
3108       0.683277
3108        4.69984
3108        5.06206
3108        3.66516
3108       0.351507
3108        5.89318
3108        5.95017
3108      0.0205751
3108        3.84006
3108        3.91849
3108         6.1922
3108      0.0290974
3108        5.97123
3108        3.94183
3108        1.23658
3108       0.199133
3108        6.16534
3108        3.79521
3108        1.63464
3108        2.89283
3108        2.99968
3108       0.359165
3108        2.97436
3108      0.0790741
3108        4.55636
3108        2.84637
3108        1.06066
3108        1.43056
3108       0.465112
3108        1.04797
3108        5.90967
3108         3.7808
3108        3.67076
3108        3.47851
3108         5.7654
3108        3.86841
3108        0.51468
3108       0.167703
3108       0.183346
3108        6.04293
3108       0.575882
3108        2.56372
3108        1.45757
3108        5.18424
3108        3.80293
3108        3.06891
3108        6.23435
3108        6.18277
3108       0.541155
3108        3.10299
3108      0.0788402
3108        3.61788
3108        4.81127
3108       0.812749
3108        3.41885
3108        3.20454
3108        1.25734
3108        5.52472
3108        5.12349
3108       0.454959
3108        3.02856
3108        6.07878
3108        5.68597
3108        4.00993
3108        3.02687
3108        5.65554
3108        1.20916
3108        6.04432
3108        1.16913
3108         2.7805
3108       0.540922
3108        6.16512
3108       0.540151
3108      0.0352165
3108         6.0189
3108        4.27691
3108        3.91753
3108        4.86855
3108        3.44093
3108        6.15045
3108        5.49454
3108       0.107586
3108        2.16067
3108        4.16869
3108        2.26336
3108        1.44242
3108        4.52664
3108        6.01351
3108        3.15435
3108        4.66222
3108        4.69095
3108       0.330197
3108        3.07268
3108         4.8651
3108        4.10701
3108        1.51015
3108      0.0444741
3108        4.13004
3108         3.4761
3108        1.27093
3108        1.46456
3108        6.16698
3108        4.48791
3108        5.33997
3108        2.56836
3108       0.710216
3108        0.97617
3108        6.12974
3108        2.14197
3108        4.19289
3108        1.42241
3108       0.291731
3108        5.49451
3108        1.61868
3108        1.72466
3108        4.15179
3108        3.33123
3108       0.952474
3108       0.287038
3108         3.3752
3108        3.49066
3108        5.10344
3108        3.77864
3108        1.20711
3108       0.346419
3108        2.83845
3108        3.54262
3108        5.74424
3108        6.14346
3108        0.39988
3108       0.812442
3108        6.27299
3108        5.86823
3108        5.66864
3108        3.87376
3108        3.36803
3108        2.73071
3108        4.31335
3108        3.96739
3108        5.89424
3108        2.15942
3108        5.98156
3108        3.34789
3108        1.32326
3108        1.02683
3108        2.75548
3108        2.92532
3108        3.31183
3108        1.45224
3108        2.45836
3108       0.619475
3108        0.52573
3108        2.23772
3108        3.27368
3108         5.9649
3108         3.1402
3108        5.25211
3108     0.00712909
3108         6.2255
3108        5.44346
3108        4.11668
3108        1.19529
3108       0.647231
3108        6.05124
3108          6.148
3108        2.38174
