3401       0.721571
3401        5.55939
3401       0.261558
3401        1.58758
3401        3.74743
3401        4.43617
3401        1.13244
3401       0.147679
3401       0.160075
3401        3.57521
3401        5.33654
3401        6.00504
3401        5.88655
3401        5.54098
3401        6.27573
3401        3.51669
3401       0.581516
3401        1.51164
3401       0.439831
3401        2.87474
3401        3.43832
3401       0.707869
3401        1.32893
3401       0.154809
3401        3.31158
3401        2.03199
3401         2.7715
3401        6.13273
3401        4.32995
3401        2.55431
3401        3.03336
3401        3.99414
3401        5.00703
3401        1.16875
3401        5.72195
3401        4.03657
3401        3.63809
3401       0.747406
3401        3.73456
3401        2.76411
3401        1.26806
3401       0.476098
3401        4.24537
3401      0.0253435
3401        4.34249
3401       0.124459
3401        1.37271
3401        2.24241
3401        3.73428
3401        3.91532
3401        3.44001
3401        4.27104
3401        3.70557
3401         4.1295
3401        1.40111
3401        3.73116
3401        5.70349
3401        2.15752
3401       0.498099
3401        0.60967
3401        3.65792
3401        6.08898
3401        4.02001
3401        3.46457
3401        5.56405
3401       0.276289
3401        4.87696
3401       0.621797
3401        4.27474
3401        3.32805
3401        1.74656
3401        4.08011
3401       0.558094
3401        3.49046
3401        3.86347
3401        1.17364
3401         3.3084
3401        2.95577
3401        2.23002
3401        6.26714
3401        5.69512
3401          2.136
3401        1.05346
3401        3.67011
3401       0.805746
3401        5.76128
3401        2.60814
3401        1.04261
3401        1.17741
3401       0.469708
3401        4.40753
3401        0.34031
3401        5.87495
3401        3.83634
3401        2.01337
3401        4.62446
3401        6.04447
3401        2.65683
3401        5.48305
3401        3.75179
3401       0.487409
3401        2.93002
3401        5.96357
3401        2.48617
3401       0.443981
3401       0.535634
3401        5.36723
3401        5.05078
3401        1.55158
3401        3.99353
3401        5.38826
3401        4.00006
3401        5.66673
3401        2.49575
3401        2.91772
3401         5.2805
3401        3.07414
3401      0.0977614
3401       0.905932
3401        3.01816
3401         6.2386
3401        1.55592
3401       0.701089
3401        2.84928
3401        4.76005
3401        3.87692
3401        4.31069
3401        3.46181
3401        5.94924
3401        5.80023
3401        3.33403
3401        4.19383
3401        4.78583
3401        4.40725
3401       0.573809
3401        1.02522
3401        4.26473
3401        2.56346
3401        6.24139
3401        1.97344
3401        3.48288
3401       0.757229
3401        3.89197
3401        1.24056
3401        5.80453
3401        5.94915
3401        5.89207
3401        4.89068
3401        3.88697
3401       0.972126
3401        1.16371
3401       0.551998
3401        4.17822
3401       0.456547
3401        4.18798
3401        2.42386
3401        2.90601
3401        4.89281
3401       0.429272
3401         2.6171
3401        4.25165
3401        2.92313
3401         5.7479
3401        3.83075
3401       0.103241
3401        3.42499
3401        2.88767
3401       0.497388
3401        1.41337
3401        5.45373
3401        3.55403
3401        2.36709
3401        1.77859
3401        1.26262
3401        5.18259
3401        5.54051
3401        2.08018
3401        4.59471
3401        4.11301
3401        6.05095
3401        2.93824
3401       0.686137
3401       0.453166
3401       0.253849
3401        1.93123
3401        4.41311
3401        5.73603
3401        4.59161
3401         4.8053
3401        5.37288
3401         3.5257
3401        4.68975
3401       0.264749
3401        3.01898
3401        1.08532
3401        5.59981
3401        4.07109
3401        2.89017
3401        4.14526
3401       0.642482
3401        4.25182
3401        1.90222
3401        2.47646
3401        1.17235
3401        4.36416
3401        3.86821
3401        5.45187
3401       0.999474
3401        2.22511
3401       0.126307
3401        5.72393
3401        3.68599
3401       0.421319
3401        5.84247
3401        4.41026
3401        3.80116
3401         3.8198
3401        3.32736
3401          3.694
3401         2.9978
3401        2.81111
3401        4.29725
3401          6.134
3401        5.13226
3401        3.26945
3401        1.46186
3401        5.78109
3401        1.07022
3401         1.1778
3401       0.178088
3401        5.98102
3401       0.480535
3401        1.67684
3401         6.0582
3401        2.73971
3401         3.8842
3401        3.46795
3401        5.64525
3401        1.53907
3401        4.23324
3401        3.25748
3401        2.20022
3401        1.60405
3401        2.83418
3401       0.483307
3401        3.90623
3401        2.53648
3401        2.14398
3401       0.107577
3401        4.69816
3401      0.0357445
3401       0.111419
3401        5.34062
3401        3.83106
3401      0.0481904
3401        4.79726
3401         5.8217
3401       0.433813
3401       0.101795
3401        5.83906
3401        1.99972
3401        4.78922
3401        4.32064
3401        6.16074
3401        5.68079
3401       0.967655
3401        3.42504
3401       0.445377
3401        3.70326
3401        3.71284
3401        4.56392
3401        1.66858
3401        3.46837
3401        2.44291
3401       0.839635
3401        5.13238
3401       0.689236
3401     0.00381486
3401        3.36427
3401       0.231346
3401       0.752258
3401      0.0725548
3401        4.05199
3401        5.79708
3401       0.406456
3401        6.12531
3401        2.90338
3401        4.53808
3401        5.82742
3401        5.63376
3401        1.37014
3401        2.77286
3401        4.41424
3401        4.20066
3401        1.46055
3401        5.50381
3401        1.06751
3401        3.94846
3401        4.56387
3401        3.40183
3401        5.72918
3401       0.128478
3401       0.503491
3401        1.18618
3401        1.32468
3401        5.61814
3401        3.40167
3401       0.590934
3401       0.537453
3401       0.719888
3401         3.1448
3401        2.17468
3401        1.08602
3401        1.68101
3401        0.16124
3401        0.33257
3401       0.108425
3401        3.26885
3401        4.31935
3401        6.01711
3401       0.114065
3401        5.70389
3401        4.25207
3401        4.25717
3401        2.37967
3401        3.69669
3401        3.26317
3401        4.11088
3401        2.03519
3401        1.80349
3401        2.41845
3401        3.22239
3401         3.8778
3401        3.59649
3401         4.0654
3401       0.943476
3401        2.73907
3401        3.11543
3401        1.25092
3401       0.771349
3401        3.56287
3401        1.70993
3401        4.22955
3401        3.45292
3401        4.98563
3401         5.8652
3401       0.219898
3401        0.49501
3401       0.727664
3401        4.50303
3401        3.85715
3401        6.25109
3401      0.0947741
3401        4.03628
3401        4.16653
3401        6.24404
3401        3.84946
3401         1.4044
3401       0.264818
3401        5.19171
3401        3.63189
3401         6.1772
3401        2.95403
3401        3.72805
3401        5.34613
3401      0.0516217
3401        1.94698
3401        3.86236
3401        5.22778
3401        5.82747
3401        5.98656
3401        5.85089
3401       0.329194
3401        5.85604
3401        4.35789
3401       0.283747
3401        3.67625
3401        5.98236
3401        1.50089
3401        4.66258
3401        3.06768
3401         1.6112
3401        5.08792
3401        4.63707
3401        5.33696
3401        2.30678
3401        3.79078
3401       0.321487
3401        4.06895
3401        2.27411
3401        6.14001
3401       0.215605
3401        1.03481
3401        3.61495
3401        4.06858
3401        1.48349
3401        4.74435
3401       0.262492
3401        4.63102
3401        5.99603
3401       0.107082
3401        5.34365
3401        3.44964
3401        2.71038
3401        5.86437
3401        5.06998
3401        1.87391
3401        1.48248
3401        3.26126
3401        2.39815
3401        3.71502
3401        2.96601
3401        3.62858
3401        6.14667
3401        2.62031
3401        5.68558
3401        4.86043
3401          2.357
3401        3.49192
3401        2.96532
3401        2.44413
3401        5.89771
3401        2.74278
3401        4.63278
3401        3.30126
3401        1.65644
3401       0.502482
3401        1.77572
3401       0.269949
3401        3.95927
3401        4.77751
3401        6.10491
3401        4.12363
3401        2.84091
3401       0.756883
3401        5.96922
3401        1.23867
3401        1.05843
3401         6.0987
3401        4.23382
3401        3.44745
3401        5.23682
3401      0.0975655
3401        4.27939
3401        3.74563
3401        4.04013
3401       0.250126
3401        3.72524
3401        3.79115
3401        3.60959
3401        1.20782
3401       0.936975
3401         1.6538
3401         4.7666
3401        5.96464
3401        4.33428
3401        5.75832
3401        4.52667
3401        5.33215
3401        1.50251
3401      0.0541617
3401       0.276271
3401        2.34376
3401        2.58499
3401        2.93351
3401        4.04898
3401       0.908382
3401         1.5734
3401         1.3954
3401       0.225861
3401        3.56701
3401        4.04377
3401       0.652372
3401        4.35204
3401        5.84285
3401        1.46611
3401        5.94743
3401        3.62084
3401        4.79079
3401      0.0633022
3401        1.82106
3401        2.30952
3401      0.0731531
3401        3.79323
3401        5.76509
3401      0.0958263
3401        1.11381
3401        3.46796
3401        2.97635
3401         4.2856
3401        3.03336
3401        4.82911
3401        2.87743
3401        5.95476
3401        4.11149
3401        3.79326
3401        2.73056
3401       0.542207
3401        2.82456
3401        5.48978
3401        2.22043
3401        5.63951
3401        5.23208
3401       0.549352
3401        5.18025
3401        6.12934
3401       0.491276
3401        5.51126
3401        2.71902
3401        2.36592
3401         5.6723
3401         2.6946
3401        2.53991
3401        0.91883
3401       0.723722
3401        5.77691
3401       0.609825
3401         1.3017
3401     0.00215955
3401        4.14778
3401        5.34313
3401       0.609277
3401        3.53398
3401      0.0666675
3401        6.11381
3401        3.11314
3401        1.30581
3401      0.0849927
3401        2.82041
3401       0.466078
3401        2.99788
3401       0.308915
3401        4.99131
3401       0.085613
3401        4.45067
3401        5.85097
3401        4.15781
3401        1.74028
3401       0.628865
3401        2.46774
3401        4.28541
3401        4.84834
3401        1.90979
3401       0.697473
3401        5.42419
3401        3.02295
3401        4.89507
3401        3.00638
3401        3.10453
3401        3.16856
3401       0.396205
3401        4.07542
3401         4.1184
3401       0.836268
3401         5.7969
3401        6.19185
3401       0.662255
3401        5.16775
3401        3.95638
3401        3.33599
3401        0.40942
3401       0.410147
3401        4.43131
3401        3.91258
3401        2.13942
3401        3.36152
3401        5.76438
3401        2.93075
3401        3.63515
3401        6.00994
3401         6.0286
3401        4.17088
3401        3.50504
3401        4.73196
3401         3.9071
3401        1.31418
3401        1.71065
3401        0.93797
3401        2.09156
3401        5.24335
3401         3.7683
3401        4.07312
3401        5.51754
3401        5.11575
3401        1.56007
3401        3.99635
3401        0.24921
3401        5.64421
3401        3.58103
3401       0.261912
3401        3.10095
3401        3.87108
3401        5.79894
3401       0.431276
3401       0.404846
3401        3.82234
3401        2.66008
3401       0.807898
3401        2.54007
3401        3.52109
3401        3.81121
3401       0.631311
3401        1.47046
3401        6.01409
3401        2.86267
3401       0.648146
3401       0.126818
3401        2.44187
3401        3.27792
3401        1.78537
3401        4.28883
3401        6.07256
3401        2.71566
3401        6.21067
3401       0.394418
3401        2.10119
3401         1.6186
3401        5.99901
3401     0.00327464
3401        3.13095
3401        3.82026
3401       0.484354
3401        2.60932
3401        1.48521
3401       0.653958
3401        4.33556
3401         2.4303
3401       0.140988
3401        1.74302
3401        6.05104
3401        1.98594
3401        1.38579
3401         5.8588
3401        6.10042
3401        1.04857
3401        3.10198
3401       0.919144
3401        3.32966
3401        3.96459
3401       0.623113
3401        3.11522
3401         1.3231
3401        1.69548
3401        5.48991
3401         1.4963
3401         6.2035
3401        4.06741
3401       0.260922
3401        4.62553
3401        1.70192
3401        1.84921
3401        2.74627
3401        2.31804
3401         4.2619
3401        3.20146
3401       0.417403
3401        0.45815
3401       0.681812
3401       0.318949
3401         4.2762
3401      0.0163199
3401         4.8335
3401        3.54549
3401       0.809705
3401        4.34031
3401        3.68654
3401        1.19632
3401       0.199552
3401         1.0861
3401        5.15314
3401        3.59005
3401        0.94731
3401        1.66491
3401        4.75502
3401        6.10706
3401      0.0854431
3401        2.82806
3401       0.342925
3401        5.33953
3401        1.18665
3401        5.73498
3401       0.183813
3401        5.88376
3401        5.09226
3401        3.38218
3401        6.11917
3401        4.00243
3401       0.543768
3401        1.66028
3401       0.430353
3401        2.89471
3401        3.20604
3401        5.25238
3401       0.575369
3401        2.61926
3401        3.73633
3401         1.9449
3401        3.58362
3401        5.46749
3401        3.60505
3401        3.09352
3401       0.710808
3401        5.19508
3401         3.7748
3401        6.12145
3401       0.973092
3401         4.0107
3401       0.109879
3401        3.28044
3401      0.0750172
3401        3.64053
3401       0.479908
3401        3.06187
3401        3.77948
3401        2.83044
3401        3.59925
3401       0.190478
3401        3.47429
3401        0.40689
3401       0.399988
3401        6.00414
3401        2.26023
3401        4.08563
3401        2.68611
3401        3.66186
3401       0.636804
3401        4.57856
3401        1.57092
3401         3.6761
3401        3.54661
3401        2.32166
3401        1.52668
3401        4.98395
3401        3.23374
3401       0.917539
3401        2.53698
3401        4.05089
3401        6.17213
3401        1.08369
3401       0.580644
3401        3.30632
3401         2.5652
3401        2.66778
3401         2.6457
3401        3.51684
3401        2.86574
3401        1.95345
3401       0.970095
3401        6.23121
3401       0.017305
3401        3.96605
3401        0.47616
3401        4.00696
3401        4.89472
3401        1.24353
3401       0.612381
3401       0.682833
3401       0.860449
3401        3.81403
3401        3.70643
3401       0.846703
3401       0.564168
3401        3.48201
3401        5.64809
3401        5.86155
3401        2.25195
3401        1.11718
3401        5.70849
3401        2.24342
3401        3.10847
3401        5.00979
3401        2.43619
3401       0.907764
3401        2.47657
3401        3.43487
3401        1.13105
3401         5.7515
3401        3.04669
3401        3.41475
3401        5.93519
3401       0.887552
3401        4.22111
3401         3.6494
3401        6.14506
3401        5.49507
3401        4.94483
3401        1.64143
3401       0.900485
3401       0.233948
3401       0.831721
3401        6.23018
3401        1.23993
3401        4.56829
3401        2.01585
3401       0.114388
3401       0.578857
3401        4.50358
3401        3.25972
3401        5.37164
3401       0.665054
3401        5.26554
3401        3.79724
3401         4.4779
3401        2.22294
3401       0.558421
3401        5.88367
3401        3.72084
3401         5.4931
3401        4.16139
3401        3.52721
3401        2.87391
3401        2.06814
3401        1.75277
3401       0.716204
3401        3.80515
3401          3.788
3401        1.66629
3401        1.45778
3401        3.88125
3401      0.0429895
3401        4.20725
3401       0.414843
3401        3.59745
3401        1.15634
3401         6.0482
3401        4.29639
3401         3.5128
3401        1.68559
3401        1.88707
3401        1.21071
3401       0.818527
3401        4.01281
3401       0.781877
3401       0.310252
3401        4.68433
3401      0.0024008
3401        4.26135
3401        3.79513
3401        5.04802
3401         5.4548
3401         2.4413
3401         3.5724
3401        3.82413
3401        1.03668
3401        0.83748
3401        5.59744
3401        1.41312
3401        1.78488
3401        5.93539
3401        5.28802
3401       0.445372
3401        6.03756
3401        3.07976
3401        1.28237
3401        1.61153
3401        3.51439
3401        2.72857
3401       0.689149
3401        3.24929
3401        2.01962
3401        3.68935
3401        4.48002
3401        5.48196
3401        2.89671
3401        3.74323
3401        1.50073
3401         2.4795
3401         6.1136
3401       0.154762
3401        2.36259
3401         2.3681
3401        5.43901
3401       0.163466
3401       0.470503
3401        1.27865
3401        2.95376
3401        3.44344
3401        4.73495
3401        5.87199
3401        3.21986
3401        5.88836
3401        4.16451
3401        4.33768
3401        3.98806
3401        5.84341
3401       0.156484
3401        3.95635
3401         0.3408
3401        2.22808
3401        2.10868
3401         6.2677
3401        1.96293
3401       0.541701
3401        4.43241
3401        5.40776
3401       0.113099
3401         2.1439
3401        3.82391
3401       0.312567
3401        1.96724
3401       0.248481
3401       0.540821
3401        2.49321
3401         3.4342
3401        3.28396
3401        5.72221
3401         4.5618
3401        5.77229
3401        2.18515
3401        3.95414
3401        5.58455
3401      0.0500105
3401        3.62564
3401        4.47798
3401        0.52117
3401        6.12288
3401        3.21822
3401        2.00726
3401        2.95704
3401      0.0831304
3401        3.85495
3401       0.436066
3401        0.56444
3401         0.2383
3401       0.423861
3401        6.01725
3401        3.97301
3401        3.59093
3401       0.207763
3401        4.21132
3401        5.48303
3401       0.631831
3401        6.01133
3401        5.09516
3401        4.33213
3401        3.80119
3401       0.420516
3401        3.90124
3401        3.36754
3401         1.4032
3401        3.28963
3401        4.16971
3401        2.72792
3401       0.267841
3401        4.36072
3401        6.19942
3401        4.87314
3401        5.39286
3401       0.231731
3401        5.70668
3401        4.11682
3401        4.46057
3401       0.175626
3401       0.309102
3401        2.54946
3401        3.36042
3401        5.24836
3401         0.8738
3401        4.00259
3401        3.62233
3401        3.60248
3401        2.29162
3401        4.13697
3401        2.54836
3401        3.60693
3401       0.602847
3401        2.74752
3401        5.64094
3401        1.51606
3401        2.86146
3401        6.05097
