3949        5.10498
3949      0.0653462
3949       0.490696
3949        2.57993
3949        4.12863
3949       0.590337
3949        2.53368
3949        1.94456
3949        3.62749
3949        4.90578
3949       0.315008
3949        2.07875
3949        4.93578
3949        1.12019
3949        2.54164
3949        4.64941
3949        3.64992
3949        4.86692
3949        3.20703
3949        1.28894
3949         3.9235
3949        3.54847
3949        1.66703
3949      0.0598754
3949        4.23148
3949        0.66745
3949        3.30855
3949        4.86255
3949       0.635068
3949        3.66811
3949        4.09538
3949       0.670823
3949        5.80173
3949        5.78401
3949        1.85902
3949       0.571516
3949       0.282225
3949       0.608636
3949        5.43537
3949         1.5931
3949        3.68096
3949        4.32879
3949        2.02283
3949        1.48578
3949        1.42286
3949        1.16329
3949        2.05751
3949       0.475637
3949       0.643837
3949        6.22084
3949        1.81435
3949        1.00934
3949       0.560103
3949        5.62412
3949        4.73227
3949        3.08094
3949        3.00173
3949      0.0739464
3949        1.01757
3949        1.93666
3949        3.86238
3949        1.90587
3949        4.63474
3949        1.70847
3949        4.59523
3949        5.02926
3949        5.11398
3949        1.10817
3949        5.12365
3949        2.87683
3949        3.47438
3949        5.48349
3949        1.45088
3949        2.98985
3949        4.09622
3949       0.769578
3949        1.12536
3949       0.549906
3949        1.59177
3949        2.49257
3949       0.789776
3949        1.07755
3949        5.07873
3949        2.11781
3949        4.10001
3949        3.64098
3949        4.62699
3949        1.57101
3949        4.18562
3949        4.20212
3949         5.9759
3949        5.64892
3949       0.276426
3949         1.7789
3949        1.44141
3949        4.46472
3949        5.55662
3949        4.33533
3949        1.22943
3949       0.554471
3949        1.71928
3949        4.25506
3949       0.664305
3949        2.93818
3949        3.33252
3949       0.994443
3949        1.39254
3949        3.17354
3949         1.2329
3949        1.35188
3949        1.32952
3949        4.95148
3949        4.13763
3949        2.98951
3949        6.07566
3949        1.47977
3949        5.33603
3949        3.83618
3949        2.85503
3949        1.22602
3949         4.8872
3949        5.54026
3949         4.4646
3949       0.938171
3949        4.14842
3949         1.5108
3949        4.78247
3949        5.63624
3949        5.11199
3949       0.865364
3949        3.39423
3949        4.08092
3949        4.10178
3949        4.05706
3949        3.46791
3949        2.91749
3949        3.71298
3949        3.74267
3949        3.88806
3949        3.58324
3949        4.20946
3949          1.663
3949        2.43677
3949        6.03413
3949        2.14772
3949       0.625458
3949       0.810255
3949       0.107377
3949        6.01615
3949        0.50606
3949        3.41751
3949        5.55766
3949       0.646696
3949        3.28397
3949         4.3673
3949       0.705314
3949        5.08077
3949        2.80484
3949        1.94045
3949        2.72532
3949        2.17439
3949        2.46007
3949        2.57348
3949        4.66866
3949        1.42306
3949       0.702987
3949        1.47377
3949        4.26902
3949        2.06348
3949        3.59898
3949        5.76673
3949        4.53313
3949        2.85848
3949        2.64691
3949       0.748189
3949        3.74088
3949        5.00268
3949        5.72272
3949       0.603688
3949        3.70989
3949        1.85104
3949       0.646769
3949        3.37251
3949       0.847097
3949        3.07893
3949        1.47646
3949        3.04478
3949       0.850913
3949        5.54132
3949       0.619622
3949        3.43395
3949        3.39073
3949        0.96334
3949        1.52037
3949        6.21925
3949        1.10106
3949        3.88107
3949        6.21069
3949        1.05243
3949         4.4734
3949        4.95844
3949        1.10726
3949        4.38202
3949        3.91712
3949       0.974699
3949        1.93464
3949         4.8299
3949       0.789917
3949        5.86165
3949        3.54626
3949        2.44597
3949       0.854635
3949        1.30205
3949       0.220176
3949        2.87635
3949        4.08386
3949        3.73139
3949        5.30837
3949        2.42181
3949        3.81611
3949        2.64321
3949         3.4769
3949        3.01606
3949        2.80638
3949        4.43357
3949       0.251882
3949        3.81662
3949        1.53355
3949        4.87739
3949       0.570567
3949        3.31055
3949       0.684034
3949        1.55648
3949        1.63937
3949         5.2169
3949        4.23719
3949        4.00762
3949        1.04156
3949        3.18432
3949        5.17737
3949        1.23547
3949        3.35576
3949        4.62126
3949        2.76413
3949          1.323
3949        3.40904
3949        6.11377
3949        3.82466
3949        5.97608
3949        6.01826
3949        1.26738
3949        3.49241
3949        4.40463
3949        1.66419
3949        1.38848
3949        4.60731
3949        3.23112
3949        3.42415
3949        3.56411
3949        4.53409
3949        3.67155
3949        5.92526
3949        1.52167
3949       0.903939
3949         4.4351
3949        5.81615
3949        3.19392
3949        1.61354
3949        2.54475
3949       0.211018
3949        4.42515
3949        3.75313
3949       0.762348
3949       0.639808
3949        5.63216
3949       0.974912
3949        4.17791
3949       0.351849
3949       0.198288
3949        1.23367
3949         3.4902
3949        0.50488
3949        1.00975
3949        1.12311
3949        5.66322
3949       0.838987
3949        4.02137
3949        5.32409
3949        3.47627
3949        3.38378
3949        3.51953
3949        1.54433
3949        4.93761
3949        2.08965
3949        3.85347
3949        3.86496
3949        5.28513
3949        3.03883
3949        4.36119
3949        1.23212
3949        3.36734
3949        1.02284
3949        2.66679
3949        3.85511
3949        1.88215
3949       0.846558
3949        1.55008
3949        3.81463
3949        5.05434
3949        4.02934
3949          5.692
3949        1.57814
3949      0.0168028
3949        3.55047
3949        5.15402
3949        5.22819
3949        6.25303
3949        5.93786
3949        3.38027
3949        2.29419
3949        4.96063
3949        1.92581
3949        1.72927
3949        4.31441
3949        2.19971
3949       0.378991
3949        1.31749
3949       0.514117
3949        1.82599
3949        4.31812
3949       0.106233
3949        3.84329
3949        2.27268
3949        1.75738
3949       0.476891
3949         0.4955
3949       0.244398
3949        2.15301
3949        3.46287
3949        4.22249
3949        4.75524
3949        3.79051
3949        3.66548
3949        1.96764
3949        3.79992
3949        2.32016
3949        3.22633
3949        3.48755
3949       0.367985
3949        3.78052
3949         3.2026
3949        4.40438
3949        4.74379
3949        2.54068
3949        4.47878
3949        1.11371
3949        2.68002
3949        6.06868
3949        5.11051
3949         2.7713
3949        3.78508
3949       0.315247
3949        4.06359
3949        6.20076
3949        6.11427
3949       0.552949
3949        2.93368
3949        4.99839
3949        5.13027
3949        4.71636
3949        0.74982
3949        1.74052
3949      0.0739342
3949         4.0091
3949        1.32461
3949        3.52438
3949        6.27789
3949         2.6043
3949        5.34666
3949         3.3827
3949        2.01873
3949        2.07251
3949        2.87955
3949         5.6319
3949          2.917
3949        3.48037
3949        5.69213
3949        3.41881
3949          3.063
3949        4.79941
3949        2.88666
3949         1.8486
3949        5.80787
3949        4.47483
3949        3.62185
3949        3.14907
3949        4.11444
3949        3.78886
3949        2.48573
3949        4.65833
3949        3.89164
3949        1.37563
3949        3.27923
3949       0.578836
3949        1.99166
3949        1.91855
3949        1.14245
3949        1.50238
3949        0.12145
3949        5.56485
3949        4.55616
3949        3.40223
3949        3.87577
3949        2.11722
3949        3.71799
3949        3.51952
3949       0.244117
3949        2.02362
3949        2.04611
3949        5.89458
3949        2.15986
3949        2.24275
3949       0.547415
3949       0.257497
3949        5.91697
3949         5.2592
3949         3.9662
3949          2.282
3949        4.31045
3949         2.2072
3949        5.02427
3949        3.98332
3949        3.75333
3949         4.6223
3949        2.13672
3949        1.52345
3949        2.02936
3949        3.60128
3949        5.66105
3949       0.853696
3949        1.89041
3949        5.20912
3949        3.71972
3949        2.81306
3949        4.84433
3949       0.499093
3949        3.78117
3949        4.68412
3949        1.54783
3949        4.07719
3949        4.22351
3949       0.241528
3949        2.41221
3949        2.91847
3949       0.839615
3949       0.589487
3949        1.27794
3949        4.96015
3949        3.50593
3949         1.1931
3949        4.15739
3949        4.00735
3949        3.32409
3949       0.434559
3949        2.21766
3949       0.913192
3949        5.57521
3949        4.13681
3949        3.38674
3949        3.56975
3949       0.666396
3949        4.86469
3949        5.66111
3949        1.93263
3949        3.58007
3949        5.06027
3949        0.39047
3949        1.43419
3949        5.70861
3949        1.81428
3949       0.432552
3949        3.52751
3949        1.52953
3949        1.22084
3949        1.48077
3949        3.09406
3949          3.285
3949        2.57617
3949        3.49008
3949        2.20111
3949        2.68994
3949        5.05556
3949        4.07117
3949        2.49712
3949        2.11384
3949        1.41205
3949         4.3573
3949        4.83181
3949        4.43818
3949        3.50101
3949        1.04881
3949        1.12636
3949        4.14831
3949        3.16415
3949       0.231311
3949       0.973098
3949        2.40588
3949       0.269417
3949        1.11945
3949        4.57821
3949        6.23183
3949        1.02999
3949        5.88391
3949        2.96575
3949        4.93843
3949       0.114668
3949        4.13859
3949       0.172932
3949        4.59083
3949        5.13242
3949       0.998328
3949        5.68859
3949        4.45506
3949        6.28297
3949          1.727
3949        2.50456
3949        2.77286
3949         6.0916
3949         1.6223
3949         5.4008
3949        3.52635
3949        5.44153
3949       0.257065
3949        2.64771
3949       0.170848
3949        1.39859
3949        4.50278
3949        5.18083
3949        3.59012
3949        5.42567
3949        2.81657
3949        2.66573
3949       0.612615
3949       0.292542
3949        3.09538
3949       0.684657
3949        3.97434
3949        3.75084
3949        3.49775
3949         3.2091
3949        5.67141
3949        1.70456
3949       0.101529
3949        5.15399
3949        1.53588
3949        1.42513
3949       0.197361
3949       0.502072
3949         3.4531
3949        5.84297
3949        4.52958
3949        4.79769
3949        1.32613
3949        2.89736
3949        2.64011
3949        2.85794
3949        4.58964
3949        4.89917
3949        3.25231
3949        2.83324
3949        2.71714
3949        5.75651
3949       0.452047
3949        1.30103
3949        2.10892
3949        1.62092
3949        1.64043
3949        2.93229
3949         3.7694
3949        3.80752
3949        3.19997
3949        3.51205
3949        2.18194
3949        5.20009
3949        1.68013
3949      0.0179753
3949        4.08312
3949        5.11381
3949       0.977181
3949        2.16744
3949        1.48962
3949        1.71401
3949        5.36043
3949        1.17527
3949        1.72419
3949        4.45806
3949       0.862673
3949        2.29898
3949        5.88922
3949        1.95888
3949        3.04506
3949        1.58578
3949        3.00444
3949        1.94136
3949        1.92591
3949        3.75931
3949        2.06633
3949        4.41025
3949        1.46343
3949        1.32704
3949        1.46656
3949        4.53467
3949        4.49021
3949        5.27735
3949        3.70492
3949         5.1298
3949         3.5692
3949        1.62309
3949        2.56303
3949        1.28509
3949       0.693817
3949       0.215145
3949        3.28584
3949        1.22129
3949         5.1862
3949        2.13173
3949        3.29744
3949        2.24372
3949        5.29712
3949        5.28134
3949        2.42395
3949        2.51932
3949        3.44241
3949        5.71122
3949       0.854327
3949        2.34882
3949        4.47775
3949       0.333452
3949       0.855537
3949         4.9758
3949        2.78537
3949        1.60434
3949        2.54283
3949        5.20852
3949       0.922486
3949       0.216518
3949        3.48833
3949        1.24892
3949        3.90205
3949       0.975116
3949        0.95689
3949        4.84595
3949        3.54387
3949        3.04615
3949       0.796129
3949        4.40517
3949        1.48819
3949        4.77332
3949        2.34281
3949        2.94629
3949        2.30256
3949         3.5329
3949        6.22217
3949        2.39564
3949        3.43196
3949       0.844276
3949        2.04694
3949        1.26875
3949        1.19101
3949        0.30363
3949        5.35639
3949        3.50036
3949        3.69135
3949        3.71179
3949      0.0159562
3949        3.40106
3949        4.72988
3949        0.56003
3949        4.47593
3949        4.12597
3949        0.19588
3949        3.77704
3949        4.84881
3949      0.0758007
3949        4.67898
3949        5.65064
3949        3.12393
3949        2.97682
3949       0.642132
3949        5.13571
3949        1.32828
3949         3.2295
3949        3.04151
3949        3.05988
3949        2.21264
3949        4.51978
3949        3.77822
3949       0.535846
3949        1.68118
3949       0.648761
3949          2.044
3949        5.15325
3949        3.58315
3949        4.44219
3949        6.09955
3949       0.951721
3949        5.67757
3949       0.323978
3949        3.37962
3949       0.324336
3949       0.690113
3949        2.13253
3949        1.07479
3949         3.5638
3949       0.565019
3949        2.12055
3949        4.87836
3949        1.94186
3949        2.33988
3949        1.82397
3949        3.89239
3949        4.56366
3949        3.35924
3949      0.0690465
3949        4.03586
3949        6.26312
3949        4.17709
3949        3.41567
3949        1.26011
3949        3.77714
3949        5.45796
3949        5.91154
3949         1.4832
3949      0.0429864
3949         5.0698
3949        1.32745
3949       0.588403
3949        2.21902
3949        6.20006
3949        1.65618
3949        3.12173
3949        1.27501
3949        4.96976
3949        2.95634
3949       0.258298
3949        6.28075
3949        4.48104
3949        4.92558
3949         4.7487
3949       0.667343
3949        4.75668
3949        3.44313
3949       0.941859
3949       0.815924
3949       0.144654
3949        3.50877
3949       0.726615
3949         2.8799
3949        1.23638
3949        3.86846
3949        3.62304
3949        3.41282
3949        0.41951
3949        3.83593
3949        1.60311
3949        3.55845
3949        1.41186
3949        6.16172
3949        2.29051
3949        2.26356
3949        2.54582
3949       0.761133
3949        4.81814
3949         3.2268
3949        0.14081
3949        2.25998
3949       0.633393
3949        4.24945
3949        2.57325
3949        4.49894
3949        5.29038
3949         5.4528
3949        1.07402
3949        3.82905
3949        4.24241
3949        2.68221
3949        6.26217
3949        1.07654
3949        4.47627
3949        1.18132
3949       0.186822
3949        5.42458
3949       0.706766
3949        2.98804
3949        1.85826
3949        4.07185
3949       0.698648
3949        2.66826
3949        1.01183
3949       0.973889
3949        3.54389
3949        3.50347
3949        4.55817
3949        1.59647
3949        5.70134
3949        1.42097
3949        2.85625
3949        2.78597
3949        2.19564
3949         3.6988
3949       0.161996
3949       0.985151
3949        3.35955
3949        3.58367
3949        5.65819
3949        1.15967
3949         4.1193
3949        1.03896
3949        4.90833
3949        1.21127
3949         4.1991
3949       0.129975
3949        1.65508
3949        1.02585
3949        3.30099
3949        2.21171
3949       0.531709
3949        2.63231
3949        1.82189
3949        4.63471
3949        1.53959
3949        3.48566
3949        1.44887
3949        4.69469
3949        1.14104
3949        3.89231
3949        2.92833
3949        5.78186
3949        6.03368
3949        1.75845
3949        3.69877
3949        5.32614
3949        1.38776
3949       0.440418
3949       0.558937
3949        3.96555
3949        2.05182
3949        2.39769
3949         4.3785
3949         6.0349
3949        4.96253
3949        1.23414
3949         1.1356
3949         5.8241
3949        2.53014
3949       0.701398
3949        3.82037
3949        3.01577
3949        4.48466
3949        3.14444
3949       0.927227
3949        4.07729
3949       0.800552
3949       0.335494
3949        2.13717
3949        4.07224
3949        5.82943
3949       0.749642
3949        1.33157
3949        3.85125
3949         1.5636
3949        4.79142
3949        5.04804
3949         4.7457
3949       0.576236
3949       0.691683
3949        3.91135
3949        3.98663
3949        3.77068
3949       0.286278
3949        2.45801
3949       0.269038
3949       0.193405
3949        4.77358
3949        5.17557
3949       0.812023
3949        3.98013
3949        1.13544
3949       0.764024
3949        4.74513
3949         3.3327
3949        3.60517
3949        5.76684
3949        1.53525
3949        4.13805
3949       0.893185
3949        3.89281
3949        4.55913
3949        4.53268
3949       0.738231
3949        1.00142
3949        3.23669
3949        4.55125
3949        4.17733
3949         3.4607
3949        3.44604
3949        5.08075
3949        2.29365
3949        3.51448
3949       0.356139
3949        2.28458
3949        4.41872
3949        4.57665
3949        2.83299
3949        4.03636
3949         1.6762
3949        5.63286
3949       0.694232
3949        5.03511
3949        4.43919
3949        5.11828
3949        4.54797
3949        1.48323
3949        1.38322
3949        6.22396
3949        1.99348
3949       0.914499
3949        1.47309
3949        3.27471
3949        1.07167
3949        5.40177
3949        1.53709
3949       0.506613
3949        1.64502
3949        4.27082
3949        5.82526
3949        2.05239
3949        6.04319
3949        6.23502
3949         2.8264
3949        1.16248
3949        3.96257
3949      0.0125394
3949        4.36819
3949        4.95785
3949        2.27604
3949        4.25261
3949        2.13468
3949        4.51613
3949        5.70581
3949        4.70581
3949         5.7262
3949        2.07337
3949         2.1856
3949        4.10248
3949        5.40226
3949        5.88996
3949        2.20257
3949        4.74544
3949        2.19893
3949        4.68804
3949        4.59552
3949       0.849905
3949        0.78737
3949         3.1526
3949        1.19729
3949         4.5148
3949        2.66718
3949        3.90915
3949         1.9596
3949        4.29136
3949         1.4719
3949        2.61401
3949        2.74673
3949         4.2451
3949       0.409191
3949       0.238333
3949         2.9254
3949        4.05681
3949     0.00509809
3949        4.71175
3949        1.46209
3949        1.69305
3949        1.55856
3949        4.29183
3949        4.15066
3949       0.405619
3949        2.33587
3949       0.295634
3949        2.83548
3949        2.34285
3949         4.7059
3949        1.38152
3949        3.71529
3949        2.39403
3949       0.228595
3949        2.02076
3949        4.60789
3949        3.85795
3949        4.21531
3949      0.0979353
3949        1.00586
3949       0.775687
3949        4.30503
3949        4.22367
3949        4.47986
3949        6.01047
3949        0.93616
3949       0.735547
3949        1.49075
3949        3.90651
3949        2.30251
3949       0.938572
3949       0.804146
3949        0.11833
3949       0.885191
3949        4.38843
3949        2.18043
3949        4.60861
3949        3.50278
3949        5.21694
3949        3.67588
3949       0.582834
3949         4.5366
3949        1.77282
3949        2.22047
3949         3.9602
3949        3.17774
3949         4.6513
3949        1.40763
3949        4.08832
3949        5.46414
3949        3.03695
3949        4.04427
3949        3.96762
3949        3.68564
3949        1.35906
3949        4.55162
3949       0.911971
3949       0.345185
3949        5.08654
3949        2.85195
3949        3.38497
3949        2.21629
3949        4.33474
3949       0.231164
3949        1.12313
3949        3.85415
3949        2.86814
3949        5.39848
3949        3.14308
3949        2.11263
3949         1.3308
3949        5.17014
3949        3.91836
3949        1.55492
3949       0.844266
3949       0.240728
3949        4.41242
3949        4.57888
3949        5.34657
3949        1.70335
3949        3.77515
3949        4.11346
3949        5.70916
3949        6.13736
3949       0.974554
3949       0.560898
3949        3.39222
3949       0.136059
3949         4.1626
3949        1.32533
3949        5.45587
3949        3.63019
3949       0.127808
3949        1.36073
3949        2.09245
3949        1.70934
3949        4.69067
3949        4.61337
3949         2.2791
3949        3.90098
3949        4.69744
3949        1.44868
3949        4.52389
3949        3.81805
3949        1.48337
3949        5.06857
3949        4.94165
3949        4.68709
3949       0.481385
3949        4.70356
3949        5.50701
3949        5.90188
3949        3.12761
3949        2.07353
3949        6.11896
3949        2.07382
3949        3.20887
3949        4.63491
3949       0.548488
3949        5.96962
3949        4.29283
3949        4.08529
3949       0.858797
3949        3.37593
3949        2.81489
3949        5.22113
3949        3.05719
3949       0.549036
3949        4.93487
3949       0.475775
3949        5.16121
3949        1.63455
3949        4.03188
3949          2.563
3949        4.62878
3949        4.25836
3949    0.000397187
3949        4.09031
3949        2.90278
3949        3.28991
3949        3.37791
3949         1.0043
3949        5.05306
3949        5.10504
3949       0.510438
3949        4.48246
3949         5.3333
3949          1.353
3949       0.141762
3949        2.17541
3949        3.29008
3949        4.59188
3949       0.570551
3949        3.75224
3949         5.7507
3949        1.10341
3949        3.15418
3949        1.31985
3949        4.98055
3949        4.39941
3949        3.83929
3949       0.638506
3949        1.18915
3949       0.458121
3949       0.985549
3949        2.36239
3949       0.847494
3949        1.41546
3949        1.31765
3949        2.59577
3949        2.50489
3949        1.81473
3949       0.490068
3949         4.1304
3949        1.18849
3949       0.145433
3949        4.07001
3949        3.65828
3949         1.1419
3949        5.10096
3949        5.17825
3949        4.13604
3949         4.2938
3949        4.73777
3949         0.7494
3949        5.81145
3949        1.73948
3949         6.0971
3949        0.76272
3949        1.89645
3949        3.89967
3949        3.41921
3949        4.53316
3949        1.67788
3949        6.25303
3949        1.40713
3949        5.91986
3949        3.27328
3949        4.71157
3949       0.750335
3949        5.25378
3949        3.37361
3949        2.26071
3949        1.12025
3949       0.398531
3949        3.99407
3949        1.68608
3949        1.76275
3949        3.80619
3949        3.23322
3949        2.27813
3949        1.38997
3949        4.92338
3949        5.25253
3949        1.49717
3949        3.64203
3949        3.63486
3949        3.51296
3949        0.31689
3949        1.48994
3949        3.37772
3949       0.275087
3949        2.02301
3949       0.425194
3949        5.12569
3949        4.70109
3949         4.0434
3949       0.845121
3949        2.29251
3949        4.31322
3949        4.03337
3949        1.29997
3949        4.62062
3949        6.09523
3949        1.83215
3949       0.275963
3949        3.31255
3949        5.09919
3949        2.04819
3949        4.79262
3949        2.58189
3949        1.17532
3949        1.87313
3949        3.25826
3949        4.21927
3949        4.15869
3949         4.2497
3949        1.58527
3949         1.6686
3949        4.52893
3949        3.15585
3949        1.97328
3949        4.88091
3949        1.77192
3949        4.33764
3949        1.14477
3949        1.24247
3949       0.868489
3949      0.0944562
3949        3.69975
3949         4.9045
3949        4.38719
3949        1.54973
3949        4.32914
3949        1.85463
3949         1.6168
3949        3.99362
3949         3.3091
3949        0.70651
3949        6.24824
3949        3.37899
3949        4.08509
3949        1.81759
3949        4.34703
3949        5.43576
3949        0.96039
3949        4.92778
3949        4.89907
3949        4.55757
3949        3.85297
3949        1.55094
3949        1.77602
3949        2.37903
3949        4.09739
3949        5.56368
3949        2.02048
3949       0.397847
3949        5.26263
3949        1.65284
3949        4.23906
3949        3.07374
3949       0.813718
3949        2.60669
3949        4.11482
3949        5.58851
3949        6.12778
3949        4.55575
3949        4.98713
3949        4.77369
3949        1.38719
3949        1.26688
3949        5.39915
3949        4.25781
3949        6.22108
3949        3.25473
3949        1.28268
3949        2.40554
3949       0.691011
3949       0.896525
3949        1.50919
3949         3.2728
3949        3.13706
3949        3.02542
3949        5.22073
3949        4.28167
3949        5.10308
3949         1.7433
3949        2.90297
3949       0.615732
3949         1.6356
3949        2.24309
3949        3.37912
3949        1.63271
3949        2.54577
3949        5.60138
3949        1.98366
3949      0.0646513
3949        5.31963
3949       0.935702
3949        4.32281
3949        6.21936
3949        4.25391
3949        2.75734
3949         5.3114
3949        3.65092
3949        1.80575
3949        2.79981
3949        1.77267
3949        3.41734
3949        4.43999
3949        4.40116
3949        4.93006
3949        3.91538
3949      0.0129419
3949       0.699372
3949       0.448652
3949        1.68836
3949         2.0565
3949        4.35996
3949        5.12924
3949        1.29873
3949        4.68256
3949        5.99631
3949        1.05773
3949        0.51943
3949        3.70049
3949        1.62442
3949        3.32948
3949       0.735146
3949       0.711922
3949        1.61871
3949       0.365485
3949       0.531919
3949        6.22277
3949        1.47386
3949        4.77255
3949        4.20614
3949        3.71671
3949        6.25368
3949        6.27997
3949        3.60199
3949         2.1981
3949          3.449
3949        2.47157
3949        4.48352
3949       0.357173
3949        4.17915
3949       0.599283
3949        1.27347
3949         3.7345
3949        1.32317
3949        1.90931
3949        4.38066
3949        4.48262
3949       0.741321
3949        3.70329
3949         4.4582
3949       0.645227
3949        4.62301
3949        5.38769
3949        2.94188
3949        1.51489
3949        6.23302
3949         3.3655
3949        5.24676
3949         4.7237
3949        2.22288
3949         4.2475
3949       0.658411
3949        2.56994
3949        4.13941
3949        1.41248
3949       0.228226
3949        3.77044
3949       0.891554
3949       0.324059
3949       0.706514
3949       0.554359
3949        1.95818
3949       0.866314
3949       0.275798
3949       0.546599
3949        1.29526
3949        4.75824
3949       0.679361
3949        4.98483
3949        6.11325
3949        5.72423
3949       0.639446
3949        2.28089
3949        3.81994
3949        4.10461
3949        4.26748
3949         1.3866
3949         4.2867
3949        3.28389
3949        3.50526
3949        4.87757
3949        3.77186
3949       0.902817
3949        4.15332
3949       0.889862
3949        3.41539
3949        1.45547
3949        3.57981
3949       0.765084
3949        4.56202
3949         1.6731
3949       0.816215
3949       0.682615
3949        1.87706
3949        2.24727
3949       0.847363
3949        5.63305
3949        4.46524
3949        2.10698
3949        2.02986
3949        3.21509
3949        3.25771
3949        3.24092
3949        4.41643
3949        1.36563
3949        1.21028
3949        4.50709
3949       0.740463
3949        3.18719
3949        1.22554
3949        4.73251
3949        2.34666
3949        1.79879
3949        2.15232
3949       0.498149
3949        1.71388
3949       0.954837
3949        4.93203
3949        5.83737
3949         1.5922
3949        1.42566
3949        3.81896
3949         1.2377
3949        3.90029
3949        5.16579
3949        2.53917
3949        2.36449
3949        4.97268
3949        3.17448
3949        0.19161
3949          1.486
3949         1.7793
3949        4.19268
3949          4.344
3949        2.21284
3949        3.49256
3949        6.12559
3949        1.54001
3949       0.784576
3949       0.510302
3949       0.917506
3949        4.93759
3949        2.23919
3949        1.80993
3949        1.06486
3949        3.40164
3949        3.70162
3949        1.02193
3949        2.04209
3949        2.98015
3949      0.0512358
3949        6.06788
3949        1.12752
3949        4.26517
3949       0.365201
3949        4.24897
3949       0.036993
3949        5.92642
3949        1.49417
3949        5.94543
3949        2.15629
3949        4.18268
3949        0.32101
3949       0.768369
3949        3.54364
3949        2.88843
3949        4.07302
3949       0.683419
3949        3.79202
3949        4.15207
3949        1.28706
3949        1.98027
3949        1.91444
3949        3.37278
3949        2.68325
3949        2.81867
3949        4.48842
3949        5.92056
3949         2.2868
3949        1.20595
3949       0.687045
3949        1.35464
3949        3.76973
3949         1.0105
3949        5.11121
3949        0.51816
3949         4.9787
3949       0.431193
3949        2.87654
3949        1.68556
3949        1.75729
3949        3.18962
3949       0.156126
3949        1.09036
3949        1.26696
3949        4.81222
3949       0.391625
3949       0.253699
3949        4.42133
3949        0.39888
3949        1.34349
3949        1.48269
3949        4.36787
3949       0.822866
3949        5.87156
3949        3.31412
3949        2.53592
3949        2.54966
3949       0.637672
3949        3.39119
3949        3.81147
3949        1.54987
3949        4.29086
3949       0.837593
3949        4.43453
3949        1.05179
3949        3.16638
3949        1.51224
3949        2.51148
3949       0.394184
3949        3.15763
3949       0.424712
3949       0.935238
3949        4.67606
3949        4.26064
3949        5.34217
3949        1.38181
3949       0.836831
3949          6.275
3949        5.99388
3949        1.96374
3949       0.795252
3949       0.473979
3949        1.98089
3949         3.7129
3949       0.562049
3949        4.42208
3949       0.270142
3949       0.654357
3949        1.90124
3949         1.1948
3949        5.21259
3949        1.30131
3949        2.05444
3949        2.61273
3949        1.07975
3949       0.137881
3949        3.51241
3949        2.13419
3949        1.12183
3949        3.29021
3949       0.180562
3949         1.6104
3949       0.251599
3949        3.16921
3949        1.38049
3949       0.377341
3949        1.21205
3949        4.36823
3949        3.11488
3949        3.62162
3949        1.58214
3949        0.54723
3949        3.41504
3949        4.64837
3949        4.01836
3949        2.96727
3949        6.10908
3949        5.11583
3949        2.59535
3949         3.3628
3949        4.24535
3949        6.16298
3949        3.75114
3949        5.10508
3949        5.46038
3949        4.33604
3949         1.4985
3949        4.48202
3949        4.14794
3949        4.31176
3949       0.475656
3949         2.8519
3949        1.26893
3949         2.3795
3949       0.952874
3949        4.41493
3949        3.41184
3949        3.36773
3949        4.12937
3949      0.0961803
3949        4.00637
3949       0.315372
3949        4.28667
3949        3.53243
3949        4.25704
3949        2.92366
3949         1.0551
3949        4.02563
3949        4.31345
3949        5.01457
3949        4.22112
3949          4.005
3949        4.38823
3949        3.25795
3949        3.23043
3949        4.29217
3949        2.39158
3949       0.702175
3949       0.993817
3949       0.790074
3949        6.06045
3949        3.37086
3949       0.583935
3949        2.19146
3949        3.63463
3949        6.03486
3949        4.95823
3949       0.911114
3949       0.500791
3949        2.75576
3949        3.72817
3949         1.4006
3949       0.739601
3949        3.71011
3949       0.733605
3949        3.53421
3949        1.63215
3949        3.00571
3949        6.19858
3949         4.3499
3949         4.4154
3949        4.24501
3949        1.37517
3949        3.99876
3949        4.45968
3949       0.817048
3949         1.9363
3949        0.63399
3949        1.69333
3949        3.72171
3949        4.60413
3949        1.01986
3949        4.20864
3949        2.25694
3949        5.17586
3949        1.38979
3949        4.05729
3949        3.79883
3949        5.13624
3949        5.68334
3949        2.63872
3949         1.9757
3949         4.3784
3949        2.52756
3949        1.12632
3949       0.996967
3949        2.06825
3949        2.55883
3949       0.937422
3949        1.13859
3949        3.16752
3949        3.45984
3949        2.22558
3949        4.36923
3949       0.802395
3949         1.5113
3949        3.66048
3949         1.1025
3949       0.865358
3949        1.21136
3949       0.450759
3949       0.420229
