3202        2.35747
3202        4.46401
3202        6.02865
3202       0.938195
3202        1.80134
3202        0.74813
3202        5.45802
3202        5.40336
3202        1.59934
3202        2.20512
3202        4.32164
3202        4.69537
3202        1.25826
3202        4.16606
3202        2.76645
3202        1.56858
3202        1.37286
3202         1.6289
3202        5.12279
3202        1.48406
3202        4.87101
3202        1.75183
3202        1.96838
3202        3.35514
3202        1.92225
3202        2.26553
3202       0.307939
3202        2.94203
3202       0.355436
3202        1.10632
3202        2.16429
3202       0.319068
3202        4.30107
3202        4.08086
3202        3.48039
3202        3.43884
3202         4.7371
3202       0.219456
3202        2.83682
3202        3.10564
3202        5.87115
3202       0.846074
3202        2.03222
3202        6.02084
3202        5.91242
3202        4.54789
3202         1.9507
3202        3.29494
3202        2.75962
3202        5.36727
3202        2.61312
3202        2.50701
3202        3.69631
3202        4.10016
3202        5.98479
3202        5.70033
3202        5.77845
3202        2.01038
3202        5.85029
3202        3.90017
3202       0.655905
3202         5.4528
3202       0.152138
3202       0.523885
3202        1.45784
3202         2.6586
3202        2.35657
3202        1.10071
3202        1.34871
3202        1.52151
3202         3.5398
3202        1.36843
3202       0.560041
3202        2.80011
3202        2.19494
3202        0.43173
3202         6.2293
3202        3.66294
3202       0.163526
3202        3.43246
3202        2.38253
3202        1.66885
3202        2.86565
3202        1.24963
3202        2.15878
3202        4.01107
3202        5.49957
3202        5.89234
3202       0.688636
3202        1.20504
3202        2.22906
3202        4.33262
3202        4.94592
3202         1.3889
3202        1.06832
3202        5.30069
3202        1.36319
3202        5.58283
3202        4.30328
3202        2.96116
3202        4.37924
3202        2.35605
3202        6.00152
3202        5.37124
3202        5.22018
3202         2.2538
3202        5.72223
3202        4.38095
3202        2.07358
3202         1.6636
3202        2.46856
3202        5.78435
3202        5.03044
3202       0.933628
3202        1.83319
3202        4.98193
3202        2.97892
3202        3.80787
3202        1.65655
3202        5.18408
3202      0.0382938
3202       0.854266
3202        4.61882
3202        2.16302
3202         1.0047
3202        5.31659
3202        3.50121
3202        3.37121
3202        5.86645
3202        1.28429
3202        3.24951
3202        3.09359
3202        1.60533
3202         5.6298
3202         5.7618
3202        5.46592
3202        4.96004
3202        5.76786
3202        5.74167
3202        2.38334
3202        4.84467
3202        5.02817
3202         3.0459
3202       0.520412
3202        1.76464
3202        3.51263
3202        2.64505
3202        1.48126
3202        2.27623
3202       0.312119
3202         2.8663
3202        2.19242
3202        1.21501
3202       0.158244
3202        6.17063
3202        5.30962
3202        1.68067
3202        4.52907
3202        2.20598
3202        2.58962
3202        1.97934
3202       0.296084
3202        2.77783
3202         5.7488
3202        0.86232
3202        2.93391
3202         4.5129
3202        3.03914
3202        2.01841
3202        3.08396
3202        4.69469
3202        6.21569
3202        2.30976
3202       0.389111
3202       0.784353
3202        5.39133
3202        1.68721
3202        5.05595
3202        0.75648
3202        1.31777
3202         2.7128
3202        5.80518
3202        1.33632
3202        5.74565
3202         4.9598
3202        5.44933
3202        5.91152
3202        3.79656
3202        5.28022
3202        2.46995
3202        1.98895
3202        1.95857
3202        5.33614
3202        4.71482
3202        1.03907
3202       0.403986
3202        4.65973
3202       0.880478
3202       0.849627
3202        4.95781
3202        4.53802
3202        3.04387
3202        4.72956
3202        2.05713
3202         2.2382
3202        1.20059
3202        1.71087
3202        3.06592
3202        5.34902
3202        5.02588
3202        4.95063
3202        5.48625
3202        2.36581
3202        1.92563
3202        4.08093
3202        1.26608
3202        1.61081
3202        2.27429
3202        2.22787
3202        1.26457
3202        2.20057
3202        4.91241
3202       0.927605
3202        1.15496
3202        5.37596
3202        5.79077
3202       0.324363
3202       0.508944
3202        4.50513
3202        4.72274
3202        5.69111
3202       0.987064
3202        5.04526
3202        5.84256
3202        2.16357
3202        2.42638
3202        3.46241
3202        1.28949
3202        2.81392
3202       0.968078
3202         4.4187
3202        4.53605
3202        2.28549
3202        4.97985
3202        1.59174
3202        4.24777
3202        4.50759
3202        2.83803
3202        2.77188
3202        4.86246
3202        3.48266
3202        1.54643
3202        2.11712
3202        2.29807
3202        2.47219
3202        6.11687
3202        2.95749
3202        3.62043
3202        4.81477
3202        6.06972
3202        4.94173
3202       0.412047
3202         1.6119
3202        5.06774
3202        1.49518
3202        0.82367
3202        1.18338
3202        2.48557
3202        4.37756
3202        5.26642
3202        2.08115
3202       0.543267
3202         2.2977
3202        3.58916
3202        1.40856
3202        5.64625
3202        4.22461
3202        2.64124
3202        2.38173
3202        5.12188
3202        5.76832
3202        6.08528
3202        3.57977
3202         5.1097
3202         1.9977
3202         4.6212
3202        1.23046
3202        1.16596
3202        4.91475
3202        2.76462
3202        5.13258
3202        5.46704
3202        4.45807
3202        0.41812
3202        5.96312
3202        2.59799
3202          3.075
3202        2.45853
3202         5.5233
3202        1.87274
3202         5.1276
3202      0.0900721
3202        1.44532
3202        5.32926
3202        2.81836
3202        3.64114
3202        1.06828
3202       0.165723
3202        5.98982
3202        6.16054
3202        6.20831
3202       0.350113
3202        6.26278
3202        2.00096
3202        5.56116
3202        2.09442
3202        4.93785
3202         4.6972
3202        3.99479
3202        3.78187
3202         3.4275
3202        5.17749
3202       0.292596
3202        2.31534
3202        2.35385
3202        1.78207
3202        4.90791
3202        2.96155
3202        4.16163
3202       0.512044
3202      0.0250091
3202        3.09543
3202        3.95205
3202        5.37192
3202        1.01279
3202        4.84015
3202        6.01982
3202        5.90253
3202       0.335472
3202        5.28333
3202        4.92131
3202        6.27676
3202        3.14159
3202       0.381821
3202        4.05853
3202        2.06241
3202        1.85719
3202        1.39695
3202        1.83821
3202        1.23494
3202        1.72503
3202        3.08086
3202         3.6886
3202       0.133386
3202        4.07175
3202        4.61007
3202        3.92495
3202        2.35198
3202        3.21313
3202        5.65704
3202        6.05443
3202       0.721882
3202        5.23674
3202        3.98296
3202        2.44843
3202        3.21881
3202          4.866
3202        4.18144
3202        2.82266
3202          4.384
3202        3.07488
3202        5.86825
3202       0.688515
3202         3.6854
3202        5.71062
3202        1.87875
3202        1.06495
3202        4.72369
3202         1.9916
3202        4.88311
3202       0.456952
3202        2.46049
3202         4.5963
3202       0.786798
3202         2.7956
3202        3.19634
3202        0.34658
3202        1.66068
3202        5.42412
3202        5.13973
3202        4.41491
3202        2.74962
3202        5.72066
3202       0.460438
3202        5.70262
3202        1.52156
3202        3.79342
3202         5.8854
3202        1.65156
3202        2.27973
3202        2.45401
3202        4.32494
3202        2.66636
3202         6.2445
3202        1.12951
3202        1.14301
3202        5.41017
3202        1.67031
3202        5.43963
3202        1.91875
3202        1.99024
3202       0.607571
3202        6.03724
3202        2.43992
3202         2.1714
3202        2.09358
3202        4.54628
3202        3.46304
3202       0.882005
3202        6.24319
3202        4.01449
3202        2.24861
3202        4.92106
3202         5.6218
3202       0.238406
3202        5.88959
3202        4.76445
3202        5.48068
3202        6.18047
3202        3.26785
3202        1.05553
3202        2.07576
3202        2.87543
3202        4.18254
3202        2.36388
3202        1.42224
3202        1.06124
3202      0.0348754
3202        6.15699
3202        2.52642
3202        6.18567
3202        6.21398
3202        1.81206
3202        5.16116
3202        1.03829
3202        1.59491
3202        4.09366
3202        1.94809
3202        3.64577
3202        5.14974
3202        1.40576
3202        1.65772
3202        1.22518
3202        1.72991
3202         4.5451
3202        5.28615
3202        5.45832
3202        6.06175
3202        1.42488
3202        4.70229
3202        1.44912
3202        4.74333
3202         2.8438
3202        5.52193
3202        0.54751
3202        4.49444
3202        4.48008
3202        1.88476
3202        2.24385
3202       0.950344
3202        4.50888
3202        1.24624
3202        4.02246
3202        6.08317
3202        6.01464
3202        2.53553
3202       0.616705
3202        5.28922
3202        3.05546
3202        5.15898
3202         5.8113
3202        2.75219
3202        1.30739
3202        2.31358
3202        4.72353
3202        4.43922
3202        3.63737
3202       0.100657
3202        2.69331
3202       0.517248
3202      0.0380762
3202        6.19202
3202        5.42777
3202        5.51034
3202        2.72449
3202        1.83305
3202        1.35813
3202        5.56261
3202        6.09304
3202        5.31942
3202        1.48802
3202        1.88579
3202        1.28124
3202        2.04964
