3723        3.75356
3723         5.9616
3723       0.744083
3723        5.59522
3723         5.3463
3723         1.5146
3723       0.278697
3723       0.315502
3723        1.92816
3723        1.78629
3723        2.02407
3723         2.0242
3723       0.772534
3723        3.66962
3723         3.2577
3723       0.632687
3723        4.19904
3723        1.71455
3723        6.10358
3723        5.00788
3723        4.52995
3723       0.400479
3723        3.87541
3723        4.11476
3723        1.81367
3723        5.39015
3723       0.787793
3723        1.41957
3723        2.21922
3723        2.82681
3723        1.97723
3723        3.20603
3723        4.73898
3723        1.84941
3723        2.48838
3723       0.840577
3723        4.27375
3723        3.57556
3723        5.98353
3723        5.06887
3723        5.83358
3723        3.68235
3723        3.05024
3723        1.56419
3723        4.97326
3723        3.58431
3723        4.83902
3723        2.89615
3723         1.6173
3723        5.00285
3723        2.40994
3723        1.67696
3723         1.0721
3723        4.83337
3723        4.84863
3723        2.45052
3723         2.6034
3723         3.1618
3723        2.17066
3723       0.882108
3723       0.313622
3723        1.98741
3723        5.45842
3723        1.67679
3723        2.00779
3723        1.51023
3723        5.97886
3723        1.43901
3723        5.93648
3723        5.14734
3723         0.6643
3723        1.63291
3723        4.12847
3723        1.02108
3723        1.18157
3723         5.6334
3723       0.938815
3723        4.64746
3723       0.378938
3723       0.108586
3723        6.08914
3723        1.37346
3723        5.42549
3723        4.46364
3723       0.943976
3723        1.31975
3723       0.592779
3723        3.78189
3723        4.90467
3723        5.08529
3723        2.78339
3723         1.9179
3723        5.35031
3723        4.75454
3723        4.26246
3723        3.29376
3723         2.5798
3723          5.877
3723        5.34158
3723        4.82163
3723       0.500723
3723       0.973521
3723        0.46023
3723        4.51526
3723        2.84885
3723       0.644126
3723        1.26449
3723        5.64792
3723        2.55574
3723        4.00409
3723         3.9085
3723       0.957332
3723        1.71854
3723        5.21894
3723        3.17394
3723        5.18825
3723        1.43244
3723        3.52705
3723        1.33554
3723        1.00574
3723        2.93446
3723        4.32782
3723        4.23878
3723        4.84829
3723        1.59542
3723        5.10159
3723        1.08311
3723        5.52457
3723        3.99011
3723        6.20938
3723        1.70373
3723        3.78645
3723        0.99147
3723        3.35279
3723        1.62859
3723        3.68348
3723        1.57398
3723         3.0183
3723         5.3206
3723       0.422593
3723        2.53607
3723         4.1016
3723        1.97037
3723        4.47567
3723        1.52157
3723         5.2321
3723        2.43361
3723        1.44856
3723        1.79361
3723        3.36235
3723       0.656847
3723        3.56041
3723        5.47473
3723        3.45389
3723        1.90966
3723        2.82748
3723        1.16641
3723        5.14209
3723        3.72793
3723        2.67922
3723        3.98516
3723        1.58747
3723       0.194726
3723       0.667721
3723       0.118844
3723        2.07311
3723        4.67589
3723        3.50579
3723        2.25412
3723        2.23595
3723        5.88016
3723        3.36836
3723        4.11865
3723       0.943221
3723        4.54983
3723        2.66032
3723     0.00114565
3723        1.99202
3723        2.75102
3723        4.63565
3723        5.22222
3723        4.08383
3723        2.12913
3723        3.25586
3723        1.19909
3723        3.54115
3723        1.58824
3723       0.714518
3723        5.98972
3723        5.26102
3723        0.79298
3723        4.60062
3723        4.82183
3723        2.68844
3723        3.02636
3723        6.00198
3723        4.88076
3723        5.15519
3723       0.324454
3723        2.91607
3723        4.58077
3723        3.35661
3723       0.925588
3723        5.11619
3723        1.10785
3723        4.42613
3723        6.23448
3723        1.87938
3723        2.57969
3723        1.07962
3723        3.15318
3723       0.148677
3723        1.10779
3723        6.14477
3723        1.47584
3723        1.13479
3723        4.39586
3723        3.89044
3723        1.16119
3723        1.58121
3723        3.59486
3723        2.57232
3723        3.67738
3723       0.237489
3723        3.99215
3723       0.574236
3723        4.15394
3723        4.84859
3723        2.59984
3723         4.8679
3723       0.808591
3723        4.96058
3723        3.91874
3723        1.71437
3723        4.30581
3723        2.59899
3723       0.049195
3723       0.496937
3723        2.84158
3723        5.60162
3723        3.11946
3723        3.80837
3723        1.87482
3723       0.121297
3723       0.586757
3723        5.16115
3723        3.28269
3723       0.137588
3723        1.65413
3723        1.72381
3723        5.51847
3723        1.06599
3723        6.22718
3723        1.52506
3723        0.22728
3723        2.33513
3723        2.85546
3723        4.41913
3723         2.9773
3723        1.18999
3723         2.0858
3723        3.58651
3723        5.38666
3723        4.01184
3723        4.59487
3723        3.11015
3723      0.0419546
3723        5.08483
3723        3.92169
3723       0.743726
3723        3.56262
3723        3.21463
3723        2.99484
3723        2.45767
3723        3.72674
3723        4.21557
3723        4.22973
3723        1.62375
3723       0.610073
3723        2.69699
3723        2.94448
3723        2.41325
3723        3.68167
3723        4.50609
3723        4.93403
3723        4.20409
3723        1.44549
3723        4.56531
3723        5.00641
3723        3.38705
3723          3.214
3723        4.88678
3723        2.75929
3723        4.83368
3723        1.01262
3723        5.65038
3723        3.85283
3723        5.06447
3723         6.1122
3723        2.16823
3723        2.06256
3723        4.24054
3723      0.0810092
3723       0.642875
3723        1.46407
3723        4.95237
3723        4.37223
3723        1.72696
3723        4.23176
3723        6.03116
3723       0.821193
3723        4.96387
3723         3.1468
3723         3.7296
3723        5.89612
3723        3.58492
3723       0.895747
3723        1.28915
3723        5.24545
3723         2.2587
3723        2.57898
3723        5.87852
3723       0.884681
3723        5.58783
3723        3.79825
3723        2.32433
3723        5.19573
3723        4.62934
3723       0.891287
3723        4.79896
3723        2.00418
3723        0.79186
3723        3.12682
3723       0.301204
3723        1.00165
3723        1.13879
3723        5.96675
3723      0.0134265
3723        1.66168
3723        2.41861
3723       0.615242
3723        4.98667
3723      0.0991428
3723        5.71226
3723        1.00211
3723        5.17527
3723       0.311738
3723        6.14176
3723         5.9282
3723        5.06895
3723        3.23883
3723        5.94946
3723       0.410072
3723        6.21253
3723        0.35095
3723        1.19569
3723        2.11087
3723        4.55656
3723        1.75463
3723        1.89523
3723         2.8957
3723        5.57225
3723        4.85069
3723        1.99947
3723        1.09936
3723        1.45069
3723        2.70416
3723        5.32616
3723        4.71549
3723       0.437754
3723        1.39841
3723        1.87834
3723        5.23925
3723        5.65846
3723        4.02052
3723        5.59018
3723        1.33261
3723        4.90145
3723        2.26982
3723        1.04272
3723       0.687366
3723        3.43549
3723        4.20922
3723        1.70481
3723        4.70602
3723        3.43402
3723       0.313553
3723        5.39813
3723        3.23517
3723        2.92448
3723       0.188474
3723        3.20297
3723        4.77671
3723        4.35586
3723        6.19428
3723        1.19989
3723      0.0426656
3723        5.12602
3723        4.38459
3723        1.42225
3723        4.18318
3723       0.201361
3723        6.10839
3723        1.83249
3723        1.66358
3723         0.1183
3723        2.11519
3723        4.52021
3723         2.8366
3723        2.45542
3723        4.84886
3723        3.42756
3723        2.51551
3723        1.20667
3723        3.44175
3723        3.51221
3723         3.9427
3723        2.65525
3723        3.33666
3723        1.21209
3723        5.41072
3723        5.73212
3723        1.79543
3723        3.84217
3723        2.15627
3723        0.53631
3723        3.91196
3723        2.94827
3723        1.41457
3723        4.17475
3723        4.46568
3723         1.4721
3723         3.2884
3723        5.84225
3723       0.601225
3723       0.212002
3723         5.0033
3723       0.706259
3723        2.07467
3723        6.27787
3723        5.18232
3723        3.29675
3723       0.101473
3723        3.96937
3723        5.87133
3723        3.98042
3723         6.0513
3723       0.739752
3723        2.88227
3723        3.19558
3723        4.97493
3723        6.00896
3723        2.58653
3723        5.04226
3723        4.49568
3723        3.74221
3723        1.45713
3723        4.76332
3723        3.82264
3723        2.46087
3723       0.362854
3723        4.71698
3723        3.93609
3723        2.16601
3723        3.26281
3723         5.4869
3723        4.50706
3723        4.10632
3723        1.14031
3723        3.65923
3723       0.624097
3723        3.88805
3723       0.453544
3723        3.50498
3723        4.38528
3723        5.47601
3723        4.69544
3723        1.64205
3723        4.32542
3723        2.83465
3723        3.17302
3723        4.62384
3723        4.23071
3723         1.3611
3723        3.25078
3723        6.09491
3723        4.76275
3723         1.9872
3723        3.56617
3723         3.5777
3723        2.04215
3723        4.60256
3723        3.75089
3723     0.00879686
3723        4.58157
3723         5.6975
3723        4.67411
3723         4.3035
3723        2.08503
3723         5.8065
3723       0.676859
3723        5.97407
3723        1.08547
3723       0.135519
3723       0.471944
3723        1.29352
3723        2.80345
3723       0.622111
3723         1.0906
3723       0.362696
3723        3.25823
3723        1.14843
3723        3.47742
3723        3.15156
3723        4.13984
3723        1.32263
3723         3.4934
3723        5.75987
3723        4.57111
3723        5.81822
3723        3.08617
3723        2.37817
3723        5.53942
3723        5.03173
3723       0.425362
3723       0.950664
3723        1.43077
3723        1.46422
3723        1.36515
3723        4.57214
3723        5.96908
3723       0.819182
3723        2.14164
3723        6.00427
3723       0.695562
3723        1.54123
3723       0.317965
3723        2.63164
3723        4.58669
3723        2.55286
3723        1.64038
3723       0.950643
3723        5.80137
3723        1.50127
3723        0.83095
3723        3.96921
3723        4.12845
3723        4.45376
3723        4.98878
3723        5.50533
3723        4.66909
3723        2.90368
3723        4.25527
3723         3.5535
3723       0.567754
3723        5.54806
3723       0.624419
3723        4.37942
3723        2.54291
3723        2.63734
3723         2.0641
3723        5.53966
3723       0.146261
3723        1.86049
3723        3.63582
3723        1.57264
3723        6.20383
3723        6.21804
3723       0.808696
3723        4.24518
3723      0.0854212
3723        5.12302
3723        3.08163
3723        1.75923
3723        4.89872
3723       0.942753
3723        4.83119
3723        5.51682
3723        4.72773
3723         2.6478
3723        1.41079
3723        1.23088
3723        6.00644
3723        4.27677
3723        5.24955
3723        5.20171
3723        4.69609
3723        4.30941
3723        6.12128
3723        1.04555
3723       0.667617
3723        4.46499
3723        5.33577
3723        3.96753
3723        4.43711
3723        5.44743
3723        4.26705
3723        3.12618
3723        4.05445
3723        5.66029
3723        5.91721
3723        3.73276
3723         4.8132
3723        3.94412
3723        0.26474
3723        1.90595
3723        5.77043
3723        1.83082
3723        5.53116
3723        4.62016
3723        4.53077
3723       0.566271
3723        1.32053
3723        2.39408
3723        4.52023
3723        1.37415
3723         4.1491
3723         3.3659
3723        5.97031
3723        0.60509
3723         2.8734
3723        2.23899
3723        2.35806
3723       0.167633
3723        3.45775
3723        0.29998
3723        2.72597
3723        1.96731
3723        1.35373
3723        4.34028
3723         2.2609
3723        2.97366
3723        4.11532
3723        2.31608
3723        6.16842
3723       0.407601
3723        3.60461
3723        5.13941
3723        5.01215
3723        1.61139
3723        5.46808
3723        3.93287
3723        5.29358
3723         5.0553
3723        4.83521
3723        2.31581
3723        5.26105
3723        4.73842
3723        4.83469
3723        4.11792
3723        5.33078
3723        2.13125
3723        3.74592
3723        3.20507
3723        1.84076
3723       0.126694
3723        5.26914
3723        3.86892
3723        6.21346
3723        5.10359
3723        3.62969
3723        3.84885
3723        3.69355
3723        5.24481
3723        5.65944
3723         2.1428
3723        4.58838
3723       0.372469
3723        1.10405
3723         6.0646
3723        1.48632
3723       0.401632
3723        1.78971
3723        1.37023
3723        1.27933
3723        4.86453
3723        4.82757
3723        2.18182
3723        5.47428
3723        5.61019
3723        4.93445
3723        1.15018
3723         1.1613
3723        3.67944
3723       0.210949
3723        5.27534
3723         1.7859
3723        4.75732
3723        4.71001
3723        4.89078
3723        2.56427
3723        5.40325
3723        1.80789
3723        1.76398
3723        2.07643
3723        4.73633
3723        2.21929
3723        3.27562
3723       0.192366
3723        1.18465
3723        1.39248
3723        4.18192
3723        1.17868
3723        4.07386
3723        5.78526
3723         3.9059
3723        3.19482
3723        5.90495
3723       0.601271
3723        4.51589
3723        4.84683
3723        2.06442
3723        4.65227
3723        3.69786
3723         3.8709
3723        2.81434
3723        4.81982
3723        5.42022
3723        2.10047
3723        4.34396
3723        5.38721
3723        1.33783
3723         2.4574
3723        2.92837
3723        5.24777
3723        3.93623
3723        4.07871
3723        4.87053
3723        1.27348
3723        3.23075
3723        2.24058
3723        4.14557
3723        3.92648
3723       0.765587
3723       0.601132
3723        5.57107
3723        2.17712
3723        2.18506
3723       0.642642
3723        5.95904
3723        2.36231
3723         1.8224
3723       0.212698
3723        1.75785
3723         1.3428
3723         5.2768
3723        1.94693
3723         4.8247
3723        4.65461
3723         6.0564
3723        5.05481
3723        4.65963
3723        4.36055
3723        1.82131
3723       0.512197
3723        1.78776
3723       0.271308
3723       0.126679
3723        2.19433
3723        2.04354
3723        3.38474
3723        2.07784
3723        2.44201
3723        6.05604
3723        4.73114
3723        3.84024
3723        6.07432
3723        1.90409
3723        3.86015
3723        4.94321
3723      0.0138048
3723        6.22541
3723       0.468054
3723        0.25211
3723        4.51049
3723        1.35604
3723        4.18563
3723        1.73384
3723        1.11083
3723       0.388893
3723        4.95641
3723        2.16046
3723        2.42278
3723        3.66413
3723        4.34923
3723        6.19471
3723        1.94282
3723        4.38149
3723        5.45011
3723        1.52344
3723        1.55691
3723        3.99729
3723        2.48382
3723        2.34137
3723        5.74578
3723        4.28074
3723        5.14013
3723        4.40885
3723       0.377368
3723        6.25948
3723          4.137
3723        1.39319
3723        3.60932
3723        1.39605
3723        4.00682
3723        5.32281
3723        5.87226
3723        5.32526
3723        6.15442
3723        4.96856
3723        5.90286
3723        4.55692
3723        3.26698
3723        4.49386
3723        1.54226
3723         4.3023
3723        1.53468
3723        4.17813
3723        5.28977
3723       0.822367
3723        6.12718
3723        1.38311
3723        3.86507
3723        1.80788
3723       0.441029
3723        5.53464
3723        2.88841
3723        1.35049
3723        1.80702
3723        3.36254
3723        1.60519
3723       0.577686
3723        1.97705
3723        1.81063
3723        2.30059
3723        5.75916
3723        3.07116
3723       0.524289
3723        2.04676
3723        4.44882
3723        3.69626
3723        5.36096
3723        3.32765
3723         2.9518
3723        5.03508
3723       0.731683
3723        5.74482
3723        3.07978
3723        6.27553
3723       0.352168
3723        1.95114
3723        2.56929
3723        5.49246
3723        1.51831
3723        4.58764
3723        4.34019
3723        3.74084
3723        1.21297
3723        3.76501
3723        1.89773
3723        4.01894
3723       0.141422
3723        3.38699
3723        4.44843
3723         4.9827
3723         2.3709
3723        1.14405
3723        3.75298
3723        3.88352
3723        1.92283
3723        1.47733
3723        2.43154
3723       0.554139
3723        4.84846
3723        4.37987
3723        2.11498
3723        5.09878
3723        1.26908
3723        6.02554
3723        4.20835
3723        3.02173
3723        2.48935
3723        3.38751
3723        3.47462
3723        2.25042
3723        1.40101
3723        5.68269
3723        6.08509
3723         1.9789
3723         2.5985
3723        3.49953
3723        5.43265
3723        5.79187
3723        0.99351
3723       0.752144
3723        3.82158
3723       0.988223
3723       0.825267
3723         3.5938
3723        1.28418
3723        5.87126
3723        4.93852
3723        5.82231
3723        6.25168
3723        1.60558
3723        5.30399
3723        4.01786
3723         3.6439
3723        4.78982
3723       0.346836
3723        2.74494
3723         1.8704
3723        2.01197
3723        2.08381
3723        2.09568
3723       0.708284
3723      0.0198466
3723        1.32429
3723        1.90693
3723        3.88739
3723        1.72639
3723        2.08614
3723        4.23746
3723      0.0320021
3723        4.38782
3723        1.36792
3723        4.42422
3723        3.61771
3723        4.10307
3723        3.36709
3723        5.09851
3723        1.94703
3723       0.466856
3723        4.19085
3723        4.82467
3723        5.77819
3723        1.87477
3723        4.77906
3723        4.66774
3723        3.90565
3723        2.13122
3723       0.798996
3723         1.3516
3723        4.21395
3723        3.95781
3723      0.0987884
3723        4.16041
3723        4.17361
3723        5.69238
3723        1.40806
3723        1.93592
3723        5.10167
3723        1.28925
3723        4.84485
3723        4.28665
3723        5.02798
3723        1.00393
3723        1.55931
3723        3.15403
3723        3.72743
3723        2.20506
3723        6.09452
3723        5.31977
3723        5.49492
3723        5.14124
3723       0.946413
3723        6.22524
3723        3.72542
3723        6.24986
3723        5.46204
3723        2.31072
3723        4.27168
3723        0.72742
3723         3.9862
3723        5.23982
3723        1.00435
3723       0.027119
3723        4.96858
3723        4.26175
3723        4.21636
3723         1.1531
3723        1.29415
3723        3.06423
3723        4.30266
3723        2.55205
3723         5.0082
3723         4.0334
3723       0.696139
3723         1.7619
3723        5.36451
3723        3.30173
3723        1.62234
3723        6.23587
3723        4.86506
3723        4.58061
3723        4.94887
3723        4.17524
3723         2.4399
3723        3.53758
3723         4.2669
3723        3.79436
3723        1.45979
3723        2.25244
3723       0.678142
3723        5.17219
3723         5.3231
3723        3.21365
3723         4.8284
3723       0.965748
3723        4.12567
3723        2.45992
3723        5.84012
3723        4.46312
3723        3.94337
3723        5.22966
3723        1.65225
3723        4.53692
3723         5.5371
3723         5.1675
3723        4.33504
3723        1.90095
3723        1.20253
3723        5.12304
3723        3.86382
3723        4.79418
3723        3.45001
3723        5.80535
3723        4.53947
3723        3.42278
3723        4.69191
3723        5.82641
3723        3.03664
3723        5.67941
3723        3.11017
3723        3.21299
3723        3.05635
3723        1.18402
3723        1.49624
3723       0.989189
3723        3.71004
3723        4.80255
3723       0.593789
3723        4.26918
3723        4.18179
3723       0.041454
3723       0.372411
3723        3.00883
3723        4.31374
3723        5.97035
3723        2.10176
3723        3.71542
3723       0.446704
3723        5.11498
3723        4.68076
3723        2.69595
3723        3.91864
3723        5.88515
3723        1.76344
3723        3.29668
3723        4.53216
3723        4.96405
3723         4.7957
3723        3.01159
3723        1.14641
3723        3.64129
3723        5.84783
3723        4.18877
3723        5.89212
3723       0.479645
3723        4.63008
3723        1.27518
3723        5.59915
3723        3.84933
3723        4.42192
3723         5.1323
3723        3.46493
3723        5.10502
3723        2.67145
3723        1.73649
3723         1.8562
3723         4.8635
3723        3.23555
3723        6.17166
3723        5.19852
3723        5.39897
3723       0.281691
3723      0.0426825
3723       0.873926
3723        1.56127
3723        3.88206
3723       0.792271
3723       0.146867
3723        1.12167
3723       0.712611
3723        3.37171
3723        4.04678
3723        5.98892
3723        3.96596
3723        2.91785
3723        3.54248
3723        4.80194
3723         4.6452
3723        1.12746
3723        2.38674
3723        3.76147
3723        2.81949
3723        2.55857
3723        1.57022
3723        4.41424
3723        5.60712
3723       0.220115
3723       0.889667
3723        3.06536
3723        4.72778
3723        6.26375
3723        5.69203
3723        1.52422
3723        4.93796
3723        4.39822
3723        3.54221
3723        3.90559
3723        4.29583
3723         1.4213
3723        5.27251
3723        5.63772
3723       0.535389
3723        5.15189
3723       0.866753
3723        4.37672
3723        1.63026
3723        1.91169
3723       0.271424
3723        4.47045
3723        4.72557
3723        5.91128
3723    0.000379041
3723        1.30997
3723        5.56524
3723        4.55552
3723         4.6617
3723        5.43158
3723        1.76569
3723       0.990542
3723        5.50739
3723        6.04051
3723        5.93952
3723        3.37281
3723        3.78618
3723          4.561
3723        1.30441
3723        4.93606
3723          2.147
3723        4.29505
3723        1.59716
3723        4.69671
3723         2.5723
3723        6.27683
3723        3.14676
3723        1.16452
3723       0.613298
3723        3.25241
3723        3.98296
3723       0.758186
3723       0.783939
3723        3.89633
3723        4.83413
3723        2.10716
3723       0.215507
3723        2.47047
3723       0.995909
3723        6.22731
3723        1.78514
3723        5.76475
3723        5.07342
3723        2.19547
3723        3.48534
3723        1.78801
3723        1.02988
3723        3.57404
3723       0.920125
3723      0.0178988
3723        1.42957
3723        2.01844
3723        5.86366
3723        4.79685
3723        3.71381
3723    0.000764262
3723        3.39278
3723         5.5357
3723        2.56195
3723         4.4642
3723        4.38348
3723        5.12438
3723        2.08916
3723        4.67213
3723        2.80917
3723        3.91088
3723        1.67984
3723        6.01951
3723        4.96302
3723         1.0517
3723        4.80094
3723        1.31455
3723        1.40588
3723       0.579796
3723       0.504924
3723        2.36455
3723        5.80967
3723        1.43109
3723        5.18001
3723         5.8952
3723        2.60423
3723        2.85078
3723        6.19576
3723        3.75599
3723        4.18463
3723        2.16221
3723        4.58724
3723       0.826368
3723        5.48701
3723        4.74807
3723        4.89983
3723         1.0199
3723        1.24326
3723        5.99297
3723        3.73254
3723        2.89652
3723       0.591164
3723        4.02787
3723        2.40393
3723        2.59548
3723        1.50151
3723        6.27876
3723        3.78291
3723         0.2288
3723        2.69512
3723        2.26007
3723        3.62125
3723        4.28091
3723        1.67053
3723        4.29895
3723       0.497248
3723        4.70951
3723        4.09039
3723        4.14789
3723         1.1676
3723        3.09754
3723        1.26631
3723        6.24752
3723        3.90859
3723        5.17685
3723        4.61979
3723        3.47599
3723        6.25925
3723         2.0816
3723        4.77965
3723       0.204378
3723        1.75366
3723       0.186889
3723        3.66844
3723        5.87146
3723        3.15409
3723         5.9835
3723       0.520526
3723        2.48176
3723        2.35154
3723        5.86453
3723         2.8066
3723       0.764003
3723        4.74144
3723        2.68409
3723        3.18183
3723        1.02555
3723        2.86126
3723        2.64205
3723        5.17434
3723        1.26268
3723       0.198395
3723        4.16017
3723        3.86373
3723        4.34459
3723        4.39527
3723        4.07398
3723        5.80898
3723        1.87896
3723        3.71094
3723        4.06968
3723        2.16661
3723        3.67814
3723         2.2947
3723        5.68181
3723        4.09374
3723        4.71241
3723      0.0757911
3723        4.38961
3723        1.52725
3723       0.904655
3723         5.8169
3723        2.32213
3723        4.72923
3723        1.98099
3723       0.198565
3723        2.71931
3723        3.04943
3723        5.26164
3723        1.52321
3723         1.1129
3723        5.70228
3723        2.06533
3723        2.00046
3723        5.43172
3723        1.12286
3723        3.80419
3723        5.26303
3723        5.34467
3723        0.54494
3723        4.09616
3723        2.80568
3723        5.91857
3723        2.83554
3723        2.81557
3723        4.15438
3723        5.52842
3723       0.530692
3723        4.21332
3723        1.06122
3723       0.949584
3723        2.98289
3723        5.03934
3723        4.34889
3723        2.36623
3723        4.32527
3723        4.75872
3723        3.16453
3723        4.21797
3723          5.826
3723       0.243252
3723        5.80415
3723       0.985683
3723       0.884338
3723        2.83806
3723        2.96292
3723       0.274438
3723        4.49397
3723        5.62597
3723        2.28132
3723        6.06526
3723        5.35371
3723      0.0137717
3723          2.659
3723        5.09098
3723       0.944472
3723       0.416677
3723        5.14963
3723        1.39999
3723        4.26717
3723        2.76323
3723       0.992912
3723        4.21106
3723        5.84743
3723       0.294597
3723        6.23932
3723      0.0185166
3723        1.32727
3723        5.06758
3723        2.08939
3723        1.42756
3723         5.1501
3723        1.29197
3723        1.35553
3723         6.0026
3723        2.26081
3723        3.42104
3723        2.04632
3723       0.759358
3723        3.04384
3723       0.383276
3723        1.67842
3723        4.35954
3723        3.71821
3723        3.42028
3723        2.28242
3723       0.590029
3723        5.83283
3723        4.64904
3723        5.81364
3723        2.91035
3723        4.07815
3723        4.50531
3723        3.94954
3723         3.5112
3723         2.4432
3723        4.82166
3723        2.57957
3723        1.94375
3723        5.43111
3723       0.468271
3723        4.34586
3723        4.64143
3723        4.05671
3723          2.706
3723         1.3362
3723        4.39272
3723        1.30637
3723        1.32084
3723       0.880017
3723        5.40856
3723        3.98319
3723        4.18627
3723        4.76395
3723        5.36484
3723        1.78254
3723        6.19271
3723        5.14136
3723        5.66671
3723       0.155793
3723        2.66334
3723        4.73755
3723        1.95422
3723        4.56523
3723        5.06309
3723        2.60407
3723        1.52519
3723        4.66539
3723        2.59214
3723        4.58296
3723        0.40731
3723        2.66747
3723        3.69171
3723        5.55331
3723       0.329207
3723        3.86193
3723        6.11488
3723        4.09185
3723        5.45672
3723         4.2806
3723        1.30258
3723        2.02686
3723       0.488054
3723        1.60995
3723        4.60665
3723        5.56977
3723        1.34157
3723       0.603636
3723         2.6698
3723        6.07667
3723        5.58013
3723        4.89407
3723        3.90432
3723        2.13096
3723         6.2282
3723        4.65212
3723        2.03344
3723        2.54306
3723       0.665884
3723        2.29505
3723        4.94085
3723       0.623306
3723        2.86676
3723        2.00632
3723        4.26798
3723        3.70119
3723        3.03164
3723        5.41419
3723        2.74738
3723        1.62163
3723        4.35354
3723        1.53087
3723        1.83842
3723         1.2439
3723        1.86162
3723       0.341388
3723        5.95397
3723        3.49908
3723        3.38063
3723         1.3995
3723         5.6774
3723        4.93475
3723        3.09418
3723        5.62793
3723        5.67627
3723        3.89469
3723        3.82545
3723         6.1876
3723        5.73658
3723        1.58582
3723        2.95486
3723        5.63035
3723        2.76138
3723        3.72559
3723        4.93156
3723        1.31663
3723        1.57867
3723        4.18561
3723        3.31702
3723        2.39934
3723        4.33641
3723        2.01477
3723        3.87321
3723         5.9048
3723         4.2996
3723        1.77143
3723        4.43961
3723        1.94569
3723        3.62617
3723       0.359025
3723       0.532476
3723        1.35821
3723        5.89468
3723        5.27117
3723        2.09691
3723        1.69559
3723         2.7163
3723       0.891468
3723        3.33191
3723        4.89583
3723       0.688825
3723       0.861506
3723         2.5473
3723        1.96706
3723         4.8844
3723         2.0545
3723       0.334067
3723        3.71207
3723       0.469415
3723        4.87436
3723        6.19593
3723        3.50022
3723        0.90016
3723       0.765671
3723        2.16939
3723        2.11819
3723         1.0157
3723        1.29663
3723        1.56382
3723        5.03748
3723        3.99581
3723        1.81874
3723        1.88099
3723        1.99874
3723        4.42884
3723        2.14843
3723        1.25385
3723        2.77304
3723        3.86799
3723        5.95354
3723        1.82959
3723        1.85333
3723        4.59562
3723        3.75062
3723        3.42636
3723        3.15993
3723        3.93663
3723        3.19103
3723        2.45962
3723        0.84241
3723     0.00958979
3723        4.27748
3723       0.314927
3723        6.25704
3723        4.78242
3723        5.60032
3723        3.60834
3723        3.36642
3723        5.15684
3723        4.57661
3723       0.802578
3723        4.24255
3723        2.75862
3723        2.58936
3723        5.34106
3723         5.4843
3723        1.69683
3723        3.26886
3723        1.02899
3723         4.3688
3723       0.828323
3723        3.16478
3723        2.83492
3723        5.63481
3723        4.50682
3723       0.623815
3723        1.81794
3723         4.6865
3723        3.78707
3723       0.861752
3723         2.1389
3723         3.7514
3723        1.67057
3723        2.13198
3723        5.43059
3723        4.20269
3723        5.45097
3723        3.42629
3723        3.18766
3723        4.82382
3723        3.30989
3723        5.02366
3723        3.84827
3723        5.22355
3723         5.1117
3723        6.13855
3723        3.01096
3723       0.283687
3723        5.05618
3723        1.20223
3723         2.0703
3723        5.02541
3723        1.38442
3723       0.452361
3723       0.921565
3723       0.300948
3723        1.25538
3723        1.73904
3723        2.55083
3723        5.83789
3723       0.760867
3723        2.99384
3723        1.24354
3723        1.76152
3723        6.05409
3723       0.270464
3723        2.47274
3723        5.05461
3723        4.32043
3723        1.01683
3723        4.32534
3723        5.17863
3723        4.70428
3723        1.17818
3723       0.781064
3723        2.44101
3723        2.79115
3723        2.01986
3723          2.528
3723        3.24345
3723       0.446032
3723        4.42705
3723       0.653795
3723        2.28155
3723        2.36951
3723        3.95323
3723        4.70557
3723        4.30271
3723        0.93843
3723         3.4735
3723        1.56813
3723       0.400471
3723        5.21055
3723       0.109262
3723       0.460043
3723       0.894963
3723        2.23956
3723        4.22141
3723       0.758875
3723        3.93891
3723        3.04758
3723        1.74228
3723       0.148856
3723        4.89905
3723        4.80917
3723        5.85318
3723        4.45172
3723        1.50837
3723        1.13713
3723       0.317201
3723        3.82097
3723        3.78755
3723        5.38463
3723        4.26104
3723         1.0133
3723        1.31423
3723       0.492315
3723        1.04967
3723        5.04834
3723        5.48069
3723        4.53053
3723       0.582992
3723        5.97094
3723        5.77944
3723        4.52105
3723        5.42784
3723      0.0676804
3723        1.08468
3723        5.08284
3723        3.23587
3723        1.54652
3723        4.59408
3723        5.97282
3723        3.06288
3723        5.62931
3723         6.1347
3723        2.29181
3723        6.25986
3723       0.668493
3723        1.74884
3723        4.20149
3723        5.99017
3723        2.46626
3723        1.36496
3723        3.24815
3723        3.25116
3723       0.659761
3723        4.85974
3723        5.63988
3723        2.73473
3723        2.55221
3723       0.524958
3723        2.50109
3723        1.84019
3723        5.76044
3723        1.10472
3723        1.33097
3723        5.87529
3723        5.95169
3723          1.232
3723         3.4148
3723        6.24496
3723        5.17885
3723        6.27515
3723       0.630555
3723         2.0296
3723        6.17617
3723        2.30494
3723        5.21469
3723        4.98797
3723        5.48467
3723         2.5425
3723        6.19237
3723        1.50031
3723        4.59804
3723        2.65612
3723        1.80185
3723         3.0621
3723        3.01446
3723        5.39518
3723        4.66343
3723        5.09623
3723        4.90009
3723        4.47245
3723        1.20907
3723        5.46212
3723        4.30545
3723        3.67395
3723        5.88163
3723       0.609803
3723        2.59865
3723        5.94713
3723        1.71703
3723        1.30788
3723        5.36295
3723        1.32368
3723        1.84345
3723        4.40434
3723        6.08336
3723        1.92551
3723        2.31324
3723        4.49694
3723        4.80565
3723        3.60506
3723        1.55199
3723        5.27506
3723         5.0059
3723        2.07092
3723         2.9047
3723        3.49955
3723        4.15255
3723        1.28577
3723        2.61878
3723        1.67564
3723        2.47987
3723        4.92886
3723        1.50907
3723        6.05609
3723         1.4554
3723        2.03755
3723        2.25936
3723        4.06182
3723        4.12693
3723        4.59186
3723        4.28552
3723        3.99021
3723        2.92406
3723        4.06347
3723        3.93167
3723        3.55123
3723        2.36423
3723        3.83153
3723        5.90464
3723       0.322197
3723       0.306475
3723        2.82171
3723        4.66929
3723        0.76585
3723        6.00337
3723        2.67626
3723        4.78725
3723        5.71408
3723        6.23175
3723         3.4343
3723        5.07273
3723        6.27704
3723        4.77667
3723        1.18487
3723        4.17989
3723          1.414
3723        3.97807
3723        4.32864
3723         1.1654
3723        4.79847
3723        5.44394
3723        3.67457
3723        5.44075
3723        4.06438
3723        3.06105
3723        5.35694
3723        4.87712
3723        3.67363
3723        5.09642
3723        1.89767
3723        3.93349
3723        3.38923
3723       0.409714
3723         4.0618
3723        3.74648
3723        4.00082
3723         6.1297
3723        4.49054
3723       0.151176
3723        5.31587
3723       0.791288
3723        4.58173
3723        3.78427
3723        2.12947
3723        5.06324
3723        4.93189
3723        1.25993
3723        2.36679
3723       0.394948
3723        4.15141
3723       0.152241
3723       0.165039
3723       0.683364
3723        5.30927
3723        1.56831
3723        1.06471
3723        2.69593
3723        5.01883
3723        1.67549
3723        2.59682
3723        3.81237
3723        1.24167
3723        3.29617
3723         2.5757
3723        3.04182
3723        2.26711
3723        4.84627
3723        0.47744
3723        2.05996
3723        5.37455
3723        3.95597
3723       0.648493
3723        5.82988
3723          5.484
3723        0.93515
3723       0.745392
3723        3.35073
3723        5.62783
3723        3.96859
3723        3.06525
3723        5.70832
3723       0.251508
3723        3.67659
3723        5.97557
3723        1.21242
3723        5.16852
3723         5.1725
3723        1.66195
3723        4.55393
3723        2.73641
3723        2.56031
3723        4.91552
3723        2.73584
3723        6.15945
3723        4.23334
3723        6.15649
3723        5.57167
3723        1.28246
3723        4.91531
3723        6.14161
3723        1.69795
3723        4.12639
3723        2.79281
3723        1.28791
3723        4.99933
3723        5.59658
3723        3.77156
3723        1.81175
3723         4.1491
3723        1.83759
3723        2.06393
3723        2.17229
3723       0.650621
3723        3.44334
3723        5.06926
3723        6.11714
3723        5.75837
3723        3.75266
3723        6.04537
3723       0.166113
3723        4.53001
3723         6.1143
3723        3.26736
3723        1.84148
3723        5.73711
3723        3.30684
3723       0.881832
3723        1.34853
3723       0.676255
3723        5.87273
3723        5.32069
3723        5.04584
3723        1.02688
3723        1.80024
3723        3.29995
3723        3.78797
3723       0.624529
3723        5.47702
3723        6.28209
3723        2.07044
3723        3.33525
3723         3.3268
3723        5.23572
3723        3.58713
3723        5.61677
3723        2.42833
3723        3.62214
3723        2.01214
3723        5.46851
3723        3.07336
3723        1.04612
3723         2.6271
3723        4.53481
3723        4.69381
3723        1.60494
3723        4.15533
3723         4.3601
3723        2.03808
3723        4.46131
3723        4.76795
3723        5.02226
3723        1.25303
3723        1.33711
3723        1.52208
3723        3.91623
3723        1.35887
3723        1.32875
3723       0.453406
3723        3.00024
3723        1.30526
3723        5.88634
3723        5.20804
3723        5.42582
3723         3.6464
3723        5.92769
3723        4.56881
3723        5.10695
3723        5.50056
3723        1.34099
3723        2.84758
3723        5.19072
3723        4.14792
3723        1.53124
3723        5.32412
3723       0.699726
3723        4.90217
3723       0.829626
3723        2.43037
3723        3.07101
3723        4.25333
3723        3.67355
3723        6.03202
3723        4.33298
3723        3.12931
3723        4.72775
3723        4.74329
3723        4.39234
3723        4.19123
3723        5.05441
3723         1.9961
3723       0.571727
3723        6.20462
3723       0.631876
3723        0.69698
3723        4.14748
3723        2.32661
3723        5.41675
3723        4.30025
3723        4.10788
3723        1.21369
3723        3.56469
3723        3.79353
3723         1.8551
3723         1.3867
3723         2.6042
3723        3.94924
3723      0.0135158
3723       0.277479
3723        1.22491
3723        3.67631
3723        1.95902
3723        3.87612
3723       0.934935
3723        2.73169
3723        1.07318
3723       0.641585
3723        3.95069
3723        6.27968
3723        4.21311
3723        5.82044
3723        4.01756
3723        1.27835
3723        5.48146
3723         6.2406
3723        1.25428
3723       0.213458
3723        1.33361
3723        5.61405
3723        1.84033
3723        2.96924
3723        5.34897
3723        0.02009
3723        1.85858
3723        5.17083
3723         1.6747
3723       0.580409
3723        4.33167
3723        5.55014
3723        3.94643
3723        1.22864
3723        1.39245
3723        1.44836
3723         1.6052
3723        3.96842
3723        1.90897
3723         5.2502
3723        1.05501
3723        3.01883
3723        1.54372
3723        5.79303
3723        1.09425
3723        3.46248
3723         5.2197
3723        6.02815
3723        3.51966
3723         4.9253
3723        6.08948
3723        6.08503
3723        4.95726
3723        1.95279
3723        5.41428
3723        5.32739
3723        2.33004
3723        4.50333
3723       0.382815
3723        3.59121
3723        3.26669
3723        4.46401
3723       0.921752
3723        3.88675
3723       0.523601
3723        1.59345
3723        1.52502
3723        2.10538
3723        5.69266
3723        4.39423
3723       0.328881
3723        4.94864
3723        3.56701
3723        3.63835
3723        5.76036
3723        5.52209
3723         1.7697
3723        0.43958
3723        1.02737
3723        4.64945
3723        5.75368
3723        2.26355
3723        5.55103
3723       0.376096
3723          1.201
3723        3.46086
3723        3.97008
3723        4.48488
3723         4.8158
3723       0.190827
3723        5.57383
3723        6.04864
3723        5.23152
3723        4.37922
3723        5.72362
3723        2.51742
3723        5.33057
3723        6.27873
3723        4.89151
3723        1.59736
3723        3.23626
3723        1.92605
3723        2.20434
3723        1.91938
3723        1.78527
3723        1.35164
3723        5.56552
3723        1.14834
3723         2.8417
3723        3.29351
3723        4.84417
3723        3.90695
3723        1.70691
3723       0.970583
3723        4.79575
3723        3.55657
3723        1.34118
3723        2.75581
3723        0.76035
3723        3.03034
3723       0.348072
3723       0.310078
3723        4.39793
3723       0.877377
3723        1.23133
3723        3.75784
3723        1.57945
3723        4.45212
3723        2.45333
3723       0.850328
3723        3.35313
3723        2.56296
3723        2.99966
3723        4.57659
3723        4.72235
3723        6.03746
3723         5.2735
3723        1.26917
3723       0.362674
3723        4.45043
3723        4.71715
3723        4.80151
3723        2.76236
3723        2.25186
3723        5.83502
3723       0.992724
3723        3.59182
3723        4.10568
3723        5.33586
3723        4.23296
3723         4.2168
3723        3.82929
3723        4.45451
3723       0.485653
3723        3.35556
3723        4.04283
3723        4.13742
3723        5.05323
3723        5.17107
3723       0.579698
3723        2.89063
3723        1.51733
3723        2.33978
3723        6.08144
3723         4.4292
3723        4.35646
3723        4.82663
3723       0.843955
3723       0.571704
3723       0.999803
3723        3.93909
3723        4.21067
3723        1.18943
3723       0.870095
3723       0.726964
3723        3.62173
3723        2.31938
3723          3.166
3723        3.59024
3723        2.24033
3723        4.44384
3723         6.0768
3723        3.61427
3723        5.74024
3723         1.2827
3723        5.94645
3723        5.51032
3723        4.15167
3723        3.81373
3723        5.17275
3723       0.400841
3723        1.77237
3723        1.29588
3723        5.91012
3723        2.04302
3723        2.04558
3723        4.99748
3723         4.1102
3723       0.569404
3723       0.639642
3723        3.26509
3723        5.93694
3723        5.04681
3723       0.654358
3723        4.71888
3723       0.832338
3723         3.1001
3723        5.53604
3723        4.09907
3723         5.3473
3723        2.59749
3723        1.74333
3723        4.97605
3723        3.64027
3723       0.470333
3723       0.443982
3723        4.70338
3723       0.210321
3723       0.610506
3723       0.304243
3723        4.94361
3723        3.53389
3723       0.892864
3723        4.92041
3723       0.868996
3723        2.09205
3723         1.6301
3723        3.79937
3723        3.14942
3723        2.21805
3723        6.24331
3723        4.48212
3723        3.13607
3723       0.305212
3723      0.0928394
3723        4.47408
3723        2.45579
3723        4.25196
3723        1.04683
3723       0.130537
3723        3.32696
3723        2.43664
3723        4.82397
3723        1.23923
3723        6.27683
3723        2.92602
3723        1.13164
3723        5.11615
3723       0.419295
3723        3.77101
3723        3.92711
3723        3.86154
3723        2.47171
3723        4.18887
3723      0.0220986
3723        2.64701
3723         4.8004
3723        1.06137
3723        4.27081
3723        4.87784
3723       0.717617
3723       0.774785
3723        4.84814
3723        0.93762
3723        3.41933
3723        3.76367
3723          2.949
3723        2.95685
3723         5.6596
3723        1.58394
3723        2.55199
3723      0.0814577
3723        3.92755
3723        1.95552
3723        4.94551
3723        1.22044
3723        5.36718
3723        4.13694
3723        4.88161
3723      0.0894938
3723        1.31607
3723        1.62657
3723        3.30524
3723        3.20032
3723       0.848938
3723        1.39594
3723        5.65099
3723         3.4304
3723        1.73046
3723      0.0562038
3723        4.77263
3723        1.41059
3723        2.95546
3723        3.85847
3723        1.20061
3723        2.97125
3723        2.12764
3723        4.42557
3723        4.72312
3723        3.60285
3723        2.39593
3723        1.76065
3723       0.247172
3723        2.36942
3723        4.99957
3723        5.20428
3723        5.51585
3723        1.98576
3723       0.711408
3723        4.78017
3723        3.13841
3723        1.59215
3723        4.71635
3723        1.30501
3723         2.1402
3723        2.46566
3723        1.81254
3723        1.73777
3723        2.92727
3723        1.94085
3723        3.76957
3723       0.789992
3723        0.90629
3723        1.08233
3723       0.977703
3723        4.27315
3723        4.20545
3723         5.4147
3723        5.13718
3723        5.74104
3723        3.47841
3723        1.48773
3723        3.13008
3723       0.601099
3723        4.32061
3723         1.8901
3723        1.11538
3723        1.92174
3723        4.71674
3723        4.13427
3723        2.53669
3723        3.16845
3723        5.84836
3723        2.88294
3723        5.48022
3723        3.40582
3723       0.198754
3723        4.65624
3723        2.08545
3723        2.18006
3723        2.29956
3723        4.67456
3723        4.63409
3723        4.98611
3723       0.283802
3723        1.42543
3723        2.90366
3723        5.37221
3723       0.137425
3723        1.81465
3723        3.30372
3723        4.04379
3723        5.54091
3723        3.71291
3723        3.26339
3723        5.41881
3723        1.05527
3723      0.0173678
3723       0.843303
3723        4.90023
3723        1.30806
3723        2.18412
3723         6.0046
3723        5.30008
3723        3.12397
3723        4.88575
3723         3.9765
3723        1.17605
3723        5.17238
3723        3.80229
3723        4.38729
3723        4.95404
3723        3.72007
3723        2.68702
3723        4.86541
3723       0.118986
3723        3.27077
3723       0.977155
3723        6.05255
3723       0.492732
3723        2.13543
3723        3.85456
3723        2.30594
3723       0.250167
3723        5.49591
3723        4.30818
3723        3.89967
3723        3.40061
3723        5.34245
3723        5.91101
3723        1.75522
3723        2.92862
3723       0.605237
3723        4.89333
3723        4.68407
3723        5.08893
3723        4.05169
3723        5.12063
3723       0.257192
3723        3.74736
3723        6.00691
3723        6.22664
3723        1.33407
3723        2.56678
3723         3.6492
3723        5.29454
3723        1.62065
3723          1.849
3723        6.19897
3723       0.556776
3723        4.80425
3723        1.19451
3723        1.52121
3723        5.35193
3723        1.22753
3723        2.58796
3723        6.05122
3723         4.0953
3723        3.21066
3723        0.21531
3723        1.10096
3723        2.02978
3723        4.53794
3723        4.71669
3723        4.94401
3723        2.07364
3723       0.483568
3723        3.62221
3723      0.0535866
3723        4.25997
3723       0.652591
3723        3.48911
3723        1.66027
3723        3.67627
3723        2.80779
3723        5.88791
3723        1.71637
3723        5.89329
3723        6.25116
3723        2.17707
3723        3.85952
3723        4.57765
3723        4.64933
3723       0.886085
3723        2.47718
3723        5.50367
3723        1.62139
3723        2.14144
3723        2.59939
3723        1.86717
3723        4.38645
3723        1.75539
3723        4.92539
3723        2.13679
3723       0.998918
3723        5.21021
3723        1.84328
3723        2.56525
3723        3.48628
3723        5.44194
3723        2.51955
3723        5.59063
3723        1.12985
3723        4.61411
3723        1.21961
3723        2.27201
3723        3.03478
3723        3.83306
3723        2.13844
3723        4.80447
3723        3.75439
3723        3.60097
3723        4.34477
3723        5.79398
3723        2.15582
3723        4.39431
3723        3.55304
3723        1.17141
3723      0.0450766
3723         4.1859
3723        1.03001
3723        4.89519
3723        1.49573
3723        2.41725
3723        1.16206
3723        3.20096
3723          4.085
3723        5.09748
3723        2.73636
3723        4.67006
3723        3.03547
3723       0.733405
3723        4.90105
3723        1.61464
3723        3.87993
3723        2.92828
3723        5.33403
3723        4.27071
3723        2.22155
3723        3.75663
3723         1.6377
3723        5.90456
3723       0.798368
3723        2.10445
3723        0.96414
3723        1.36897
3723        2.86309
3723        5.02836
3723        3.38861
3723        4.21316
3723        5.59565
3723        3.65519
3723        5.63351
3723        1.44373
3723        4.36892
3723       0.961398
3723        4.03569
3723        2.00663
3723        4.87976
3723        4.37925
3723        4.52558
3723        3.66127
3723        3.71768
3723        4.94739
3723      0.0468926
3723        4.54067
3723       0.672779
3723        3.90203
3723       0.509505
3723        5.81688
3723        2.31094
3723        1.25701
3723        3.44542
3723        1.77149
3723       0.486642
3723        2.09198
3723        4.84975
3723        4.06452
3723        5.76105
3723        1.11944
3723       0.696807
3723        6.18032
3723        4.11584
3723        4.46698
3723        4.86394
3723      0.0710819
3723        3.32465
3723        3.68256
3723        1.48694
3723        4.71634
3723       0.874179
3723      0.0088066
3723       0.557304
3723        4.36592
3723        2.17414
3723        3.34222
3723        4.95444
3723        3.01413
3723        2.57838
3723        3.61865
3723         4.3624
3723        1.71713
3723      0.0435302
3723        4.92678
3723        4.23393
3723       0.649517
3723        2.82568
3723        1.32473
3723        6.18027
3723        3.68191
3723        4.62636
3723        1.85352
3723        3.42692
3723        1.22499
3723        6.05599
3723        5.04474
3723       0.946052
3723        5.86123
3723         2.7157
3723        3.01732
3723        2.66696
3723       0.645029
3723        5.63053
3723        4.45778
3723        4.21816
3723        2.17121
3723        2.54131
3723        4.15535
3723          5.113
3723         4.0242
3723        1.00714
3723        3.02392
3723       0.986731
3723        3.46708
3723         4.9015
3723        2.13449
3723         4.3587
3723        2.63146
3723        2.80493
3723        3.62527
3723         2.6532
3723       0.271957
3723        2.09137
3723        2.09463
3723         1.4884
3723        1.74209
3723        1.93802
3723        5.18883
3723        1.59875
3723        5.46941
3723        3.98401
3723        4.23629
3723        2.28252
3723        1.37893
3723       0.425667
3723       0.294258
3723         1.4416
3723        2.68035
3723        1.20938
3723        1.32199
3723        3.00142
3723       0.277512
3723        1.78288
3723        4.48337
3723       0.445688
3723        3.41154
3723         1.1049
3723        5.51069
3723        3.18883
3723        3.96511
3723        2.31759
3723        5.26071
3723         5.5422
3723        5.46415
3723        2.58667
3723        3.17787
3723        4.19767
3723        1.68909
3723        1.41113
3723        3.70185
3723        5.20554
3723        4.09563
3723        5.58613
3723        3.78542
3723         2.2908
3723        6.20128
3723        3.46456
3723        4.49569
3723        5.25166
3723        6.20049
3723          6.043
3723       0.794647
3723        1.99388
3723        4.23525
3723        4.52367
3723        0.75378
3723        3.52107
3723        2.21544
3723        6.26769
3723        4.92736
3723        2.98028
3723        2.66912
3723        4.09674
3723       0.972483
3723        2.98474
3723        3.60348
3723        1.52667
3723          2.779
3723        2.23674
3723         5.1401
3723        6.27553
3723        5.86379
3723        2.63928
3723        5.40443
3723        6.19553
3723        1.93689
3723        6.06426
3723        4.61016
3723       0.934034
3723        4.66392
3723         1.7283
3723        3.24597
3723        2.76809
3723         4.4486
3723        4.79977
3723        6.15254
3723        1.86564
3723        1.06856
3723        4.87198
3723        5.18082
3723        2.64054
3723        5.23454
3723        5.76857
3723        4.45761
3723         4.4397
3723        4.45141
3723        4.56527
3723        4.60116
3723        1.42383
3723        4.91228
3723          3.149
3723        6.10819
3723       0.345214
3723        3.50055
3723        3.26222
3723        4.63673
3723        2.72225
3723        3.77388
3723        5.00709
