3750        4.83431
3750        0.35632
3750        2.53205
3750        3.79858
3750        4.32483
3750        5.39806
3750        4.70093
3750        1.04853
3750        3.64377
3750        3.51815
3750        3.28037
3750        2.81926
3750         3.0048
3750        2.99203
3750       0.691431
3750        2.84124
3750        6.17543
3750       0.143985
3750        3.70005
3750        5.75291
3750        2.18659
3750        4.04248
3750        0.94267
3750        5.36128
3750        3.96692
3750        5.44538
3750      0.0107215
3750         3.6972
3750       0.520323
3750        4.65929
3750        5.94044
3750         1.4629
3750       0.183211
3750       0.900075
3750        3.26769
3750        3.32062
3750        5.61831
3750        4.20088
3750        6.04737
3750        6.10416
3750        2.56602
3750        4.47622
3750         3.3021
3750        5.04084
3750        4.22092
3750        4.56232
3750        5.13508
3750        6.16586
3750        6.05767
3750        1.62255
3750        4.32847
3750        5.57691
3750        5.20601
3750       0.855807
3750        5.35534
3750        3.17297
3750        2.13023
3750        3.94591
3750        4.40348
3750        3.75019
3750         5.2664
3750        2.47519
3750      0.0837866
3750        5.18176
3750        2.74623
3750        2.67467
3750        3.93435
3750        1.79633
3750        5.77209
3750        5.04864
3750        5.29875
3750        2.71488
3750        1.22931
3750        4.25416
3750        1.88531
3750        5.29843
3750        2.30474
3750       0.806897
3750         2.0809
3750       0.626022
3750       0.802206
3750       0.548104
3750        5.07801
3750       0.713202
3750        4.31969
3750        5.60929
3750       0.321715
3750        4.97677
3750        2.01672
3750        3.36482
3750        2.36924
3750         4.9823
3750        2.48346
3750        6.05795
3750         2.3086
3750        2.50806
3750        4.55608
3750        0.54016
3750       0.250893
3750        5.49452
3750        1.73769
3750        6.23956
3750        4.66965
3750         2.5719
3750        5.86526
3750        3.08338
3750        1.40083
3750        4.77913
3750        1.28576
3750        5.86222
3750       0.440149
3750       0.350775
3750        1.51786
3750        6.18644
3750        2.88181
3750        3.95854
3750        1.04511
3750        6.17187
3750       0.695679
3750        5.00252
3750        1.00868
3750        5.05848
3750        2.73291
3750        2.06814
3750        2.72668
3750        2.74986
3750         2.5366
3750        2.44388
3750        5.68998
3750        4.46355
3750        4.13801
3750        5.42774
3750        1.48009
3750        1.32647
3750        3.58308
3750        2.80329
3750        3.77164
3750        5.40389
3750        3.62627
3750        5.94736
3750        2.55261
3750        2.87673
3750       0.747647
3750        3.94436
3750        2.43231
3750        2.80074
3750      0.0246222
3750        4.97155
3750        2.80277
3750        2.03034
3750        2.03209
3750        2.13651
3750        2.97252
3750        1.70451
3750        5.45011
3750        5.82517
3750       0.310032
3750        1.86404
3750        2.46501
3750       0.250148
3750        1.96958
3750        2.12611
3750        1.72625
3750        6.04331
3750        5.50445
3750        5.85721
3750        2.44728
3750         2.0094
3750        2.88711
3750        5.30854
3750        3.40155
3750        6.01253
3750        3.38099
3750       0.132014
3750         4.3564
3750       0.537921
3750        5.11319
3750       0.576395
3750         3.0172
3750        4.51617
3750        1.43123
3750        5.88271
3750        2.90293
3750        4.73131
3750        4.81027
3750         5.8028
3750        2.10608
3750        4.77007
3750        2.32597
3750        5.77333
3750        5.43003
3750         5.5262
3750      0.0841066
3750        1.84177
3750        1.33176
3750        1.64608
3750        5.40645
3750        2.54944
3750        5.59408
3750         4.5104
3750        1.18048
3750        1.16497
3750       0.437567
3750        2.05463
3750        5.71142
3750      0.0186515
3750        3.76749
3750        5.20146
3750        1.85233
3750       0.288123
3750       0.574342
3750        6.22551
3750        4.54623
3750        4.56973
3750        5.58666
3750        4.58624
3750        2.06376
3750        1.27618
3750        4.86386
3750        1.64728
3750       0.423815
3750        5.90406
3750        5.10229
3750        3.49627
3750      0.0609777
3750        2.04653
3750        5.45118
3750        3.83397
3750         1.3328
3750         5.8476
3750        4.17911
3750       0.293007
3750        1.52452
3750        2.48359
3750         2.5698
3750        3.84236
3750        3.62534
3750        3.51656
3750        2.14143
3750          2.929
3750        2.42048
3750        5.56795
3750         5.4845
3750       0.912498
3750        5.05803
3750         4.2098
3750        1.54615
3750       0.707588
3750        3.54344
3750        1.06986
3750       0.139285
3750        2.36034
3750      0.0898466
3750        2.46754
3750        3.52756
3750        4.54979
3750        3.11923
3750        4.96088
3750        2.32425
3750        5.46842
3750        2.71387
3750        5.50019
3750        4.81839
3750        5.52257
3750        5.97123
3750        5.08405
3750        2.10833
3750        3.27748
3750        5.48828
3750        1.60374
3750       0.475111
3750        3.12694
3750         1.7598
3750        4.64929
3750        1.02805
3750        5.69118
3750        5.27196
3750         4.7004
3750        5.72841
3750         1.5346
3750         4.0461
3750        6.03464
3750        2.36854
3750        4.92315
3750        4.33497
3750        3.51377
3750        2.93945
3750        3.47373
3750        4.11312
3750        5.71564
3750        1.96229
3750        5.31917
3750        1.25435
3750        4.26413
3750       0.334879
3750        5.22855
3750        2.14239
3750        2.80749
3750        5.31075
3750        5.26934
3750        6.07228
3750       0.317261
3750       0.977784
3750        5.87029
3750        5.92911
3750        5.87285
3750        4.38853
3750       0.933137
3750        5.54428
3750        5.51896
3750       0.918009
3750        4.01481
3750        3.86901
3750        1.00967
3750        1.06324
3750        1.34902
3750        4.96176
3750        5.87544
3750        4.27522
3750        2.79011
3750         1.8512
3750        2.92889
3750        4.33829
3750        4.41983
3750        5.44069
3750        5.70959
3750        4.83176
3750        1.85144
3750        2.17801
3750        4.27875
3750        3.01395
3750        3.44688
3750        3.33535
3750        2.67979
3750        4.81571
3750        5.83684
3750        2.32596
3750        4.01439
3750        1.25497
3750        5.65654
3750       0.225144
3750       0.655495
3750       0.256726
3750         3.0091
3750        3.78178
3750        4.87318
3750       0.343103
3750        3.23243
3750        1.54573
3750        3.66136
3750        1.50184
3750        5.47416
3750        1.79921
3750       0.354126
3750       0.426624
3750        1.68467
3750        1.26692
3750        0.59559
3750        5.19647
3750        1.77763
3750        4.66828
3750        1.89733
3750        1.09474
3750        5.06642
3750         5.0415
3750       0.258362
3750        4.86892
3750       0.201848
3750        2.39614
3750        3.88145
3750        5.09739
3750        4.31737
3750        4.69068
3750        3.97936
3750        4.07201
3750        0.85848
3750         5.6856
3750       0.704304
3750        3.69104
3750        5.93841
3750         3.1076
3750        1.23011
3750        3.57237
3750         1.5389
3750        2.01721
3750        5.60135
3750        1.00078
3750         3.4032
3750        5.34431
3750        5.69296
3750        6.22436
3750        5.88991
3750        1.56182
3750        5.98309
3750       0.397796
3750        4.86727
3750       0.454568
3750        1.14204
3750        1.42799
3750        5.10646
3750        5.67001
3750        6.09871
3750         2.4965
3750        5.77048
3750        1.37316
3750        4.93152
3750        2.96783
3750        2.92022
3750        5.81996
3750       0.692645
3750        6.20353
3750        5.28206
3750        5.20061
3750        4.83245
3750        1.87039
3750       0.491472
3750        2.53502
3750        3.74404
3750          1.192
3750        2.10369
3750        1.93162
3750        1.98485
3750        1.59783
3750        5.96072
3750        5.44151
3750        3.51497
3750        6.10085
3750        3.13453
3750        2.37172
3750         6.2541
3750        3.54088
3750        6.28194
3750        2.32228
3750        3.60366
3750        2.92682
3750         1.9304
3750        6.23349
3750       0.515425
3750         6.2564
3750       0.850081
3750        2.29207
3750        2.85457
3750        5.25449
3750        5.49742
3750         4.2893
3750        2.36404
3750        3.77687
3750       0.764923
3750        2.78242
3750        3.90745
3750        3.17077
3750        4.82425
3750        4.85798
3750        1.95153
3750        5.09179
3750         2.9492
3750        5.20327
3750        2.71108
3750       0.666901
3750        3.44152
3750     0.00518899
3750        2.70685
3750     0.00645914
3750       0.869859
3750        6.25656
3750        4.81755
3750        5.00043
3750        4.26999
3750       0.923227
3750        2.49748
3750        3.05349
3750        5.24146
3750        5.81059
3750        5.16701
3750        2.75447
3750        5.82577
3750        3.61736
3750        6.14653
3750        4.19074
3750       0.628298
3750       0.216194
3750        3.48677
3750        5.78442
3750       0.545297
3750         2.3499
3750        2.50135
3750        3.23368
3750        3.80696
3750        4.56324
3750        3.32284
3750       0.773245
3750       0.087087
3750        2.13375
3750        5.42385
3750        2.20361
3750        3.32727
3750        2.98861
3750        5.07816
3750        1.01976
3750      0.0720164
3750        4.87629
3750        4.51022
3750        4.53629
3750        2.66657
3750       0.344316
3750        3.16621
3750        2.26196
3750         3.9307
3750        2.23356
3750        1.98539
3750       0.206196
3750        3.99498
3750        5.16468
3750        2.45395
3750        4.27187
3750        2.61849
3750       0.247063
3750        1.99535
3750        2.49228
3750        1.84587
3750        5.59846
3750        2.05707
3750        5.89144
3750        6.20934
3750        2.98178
3750        5.12518
3750        4.92685
3750      0.0901762
3750        4.08637
3750        1.97675
3750        5.33938
3750        5.20506
3750        3.07718
3750        3.41159
3750        2.09183
3750        2.57331
3750        2.08527
3750        2.36987
3750        3.69296
3750       0.473454
3750        2.93935
3750        4.47026
3750        3.05257
3750        4.51584
3750        5.41523
3750         5.1484
3750       0.970636
3750          1.269
3750       0.162471
3750        0.16611
3750        3.30519
3750        5.96029
3750       0.284384
3750        3.18441
3750      0.0142213
3750        3.84509
3750         2.1543
3750        4.97827
3750       0.801557
3750         3.1947
3750        1.95402
3750        5.68123
3750        4.75973
3750        3.58021
3750        3.76316
3750        2.14235
3750        3.73749
3750         2.5751
3750        1.89292
3750        4.85025
3750       0.865608
3750        5.48824
3750        5.62401
3750        4.11439
3750       0.574432
3750        6.10934
3750       0.606903
3750        5.03195
3750        3.88076
3750        6.15746
3750         2.1528
3750       0.306834
3750        4.86144
3750        4.94808
3750        1.51197
3750        2.22559
3750        6.13882
3750        1.56433
3750        1.91604
3750        5.36097
3750        3.52884
3750        6.10654
3750        2.25286
3750      0.0918749
3750        4.93058
3750        1.21948
3750        2.47023
3750       0.268344
3750        2.43647
3750       0.898719
3750        5.41253
3750        1.38437
3750        5.33357
3750        3.00586
3750        6.08419
3750         4.5311
3750        6.17229
3750       0.467223
3750        5.36417
3750        3.05265
3750        5.67006
3750        2.74884
3750        4.09432
3750        3.17898
3750        3.02887
3750       0.750449
3750         1.9204
3750      0.0359808
3750        3.44429
3750        6.17803
3750        1.39175
3750        4.73019
3750        1.28059
3750       0.331753
3750        1.93471
3750        2.10849
3750       0.434363
3750        5.53958
3750        4.68807
3750        4.40766
3750          5.844
3750        3.01673
3750        4.52381
3750        4.85646
3750        2.08494
3750        5.48699
3750        2.31585
3750        1.65753
3750         3.1607
3750        2.79935
3750         2.6407
3750        1.86573
3750        5.65018
3750        1.80129
3750         2.5311
3750        4.98842
3750        5.06101
3750        5.15684
3750        3.30728
3750        1.78267
3750        4.48308
3750        4.77081
3750         5.0579
3750        5.98845
3750        1.65664
3750        2.34385
3750        4.88784
3750        5.16587
3750        2.13436
3750        1.19306
3750      0.0831392
3750      0.0585862
3750         3.1805
3750        4.90273
3750        6.19753
3750        6.11565
3750        4.48761
3750         2.8218
3750         5.2734
3750        4.80538
3750       0.670287
3750        1.73761
3750        3.90125
3750        4.43953
3750        1.88994
3750        5.20784
3750        5.93904
3750        4.29337
3750        1.64681
3750        4.66194
3750        2.00562
3750        3.67074
3750        5.35407
3750        5.55577
3750        5.10994
3750        4.38485
3750        1.55438
3750         6.0237
3750        1.25305
3750        1.72529
3750        4.97694
3750       0.644148
3750        2.90627
3750        5.79154
3750         3.1054
3750        1.28423
3750        3.08416
3750        5.88273
3750        6.23828
3750        3.31952
3750        2.91628
3750        4.09921
3750       0.732297
3750       0.339336
3750        2.58936
3750         5.7156
3750        1.53406
3750       0.270089
3750       0.863798
3750         4.6241
3750        4.44333
3750        3.09955
3750        2.65178
3750        3.82999
3750         4.9192
3750         1.5163
3750       0.930621
3750        1.97155
3750        1.81134
3750        4.13939
3750        3.88741
3750        5.73492
3750         6.2303
3750        4.50061
3750         1.0798
3750        3.09659
3750        6.22258
3750        4.37135
3750        6.12725
3750        6.05816
3750        4.74588
3750        1.57771
3750        3.11494
3750        6.18908
3750       0.854178
3750        3.27043
3750        4.29464
3750        5.46697
3750        5.74025
3750       0.456113
3750       0.377182
3750        2.15281
3750        3.20543
3750        4.48261
3750         4.2707
3750       0.546267
3750        4.53015
3750        2.89949
3750        2.06771
3750        2.10499
3750        1.80609
3750       0.053006
3750        5.87859
3750        5.58892
3750        2.90359
3750         5.8359
3750       0.824131
3750        5.34391
3750        5.57361
3750        3.41112
3750        2.74763
3750        2.47333
3750        5.72793
3750        5.92702
3750        5.30185
3750      0.0259058
3750        5.24393
3750        5.44801
3750       0.751341
3750        4.57516
3750         5.9541
3750        4.64992
3750        5.97313
3750        4.02148
3750        1.64899
3750        2.67955
3750        5.29665
3750         3.9174
3750       0.893525
3750         4.9039
3750        3.96037
3750        2.58132
3750         5.6772
3750        5.10687
3750        4.35801
3750        5.08948
3750        3.44311
3750        5.99904
3750        5.55256
3750        5.51737
3750       0.244101
3750        5.23622
3750        1.75044
3750        5.54711
3750        4.31182
3750        1.86361
3750        4.76742
3750        3.86251
3750        5.82591
3750        3.00163
3750         1.4301
3750        5.54386
3750        6.26323
3750        4.90536
3750        1.96413
3750        3.35084
3750        2.97321
3750       0.151031
3750        5.58898
3750        6.23051
3750         5.8482
3750       0.513895
3750        4.80633
3750        3.77223
3750        2.12855
3750        5.64029
3750        1.57361
3750         4.9759
3750         1.3699
3750        3.55023
3750        3.30245
3750       0.694332
3750        3.14975
3750       0.908025
3750        2.50146
3750        3.56977
3750        5.96994
3750        5.50754
3750        1.72308
3750        5.04389
3750        3.92416
3750        4.68641
3750       0.515082
3750        2.63434
3750        2.21469
3750        5.24643
3750        2.37972
3750         6.0948
3750        3.19571
3750        1.73202
3750         5.6741
3750        4.48601
3750        4.94409
3750        3.04453
3750        5.42603
3750        2.52975
3750        1.56613
3750        5.67132
3750         3.2917
3750         4.9324
3750        5.66204
3750        4.82137
3750        4.61164
3750        4.68479
3750        6.15171
3750         2.2954
3750       0.644834
3750         1.3106
3750         2.3049
3750        4.18379
3750        5.40661
3750        3.54187
3750         3.0899
3750        3.88766
3750        1.79406
3750       0.145061
3750        2.41276
3750        1.49497
3750        3.23446
3750        6.04418
3750        6.27699
3750       0.651611
3750        4.44748
3750        1.30924
3750        6.00439
3750        2.63495
3750        1.29131
3750        4.57541
3750        3.38957
3750        0.25289
3750        6.01573
3750       0.328853
3750        4.67952
3750        4.34221
3750         2.8564
3750        3.96421
3750        6.23435
3750        2.59338
3750        5.59926
3750        5.89785
3750        5.42558
3750        2.98441
3750        5.16641
3750        2.99773
3750         3.8032
3750        5.01468
3750         5.7913
3750        2.34045
3750        2.02704
3750      0.0344474
3750        2.02068
3750        1.15408
3750        3.17442
3750        1.40521
3750        5.27985
3750        1.76421
3750        2.63855
3750       0.299877
3750        5.00842
3750        3.96895
3750        3.81009
3750        1.44849
3750        2.60769
3750        1.35538
3750        2.48448
3750         1.4401
3750         4.7125
3750        2.24387
3750       0.773779
3750        1.90155
3750        5.88563
3750        3.33187
3750        4.92576
3750        1.73387
3750          1.394
3750        2.84338
3750        2.53676
3750        1.80389
3750         3.8807
3750       0.921099
3750        4.99771
3750        4.25134
3750        4.69606
3750      0.0848354
3750       0.950429
3750        2.88908
3750        5.15969
3750        5.33293
3750        1.06451
3750        5.71141
3750       0.826324
3750        5.15947
3750       0.124216
3750       0.473302
3750        6.24276
3750        3.11021
3750        1.78916
3750        5.77114
3750        2.31718
3750        1.77492
3750        2.49179
3750        5.53105
3750        5.72436
3750        3.95697
3750        2.05654
3750        4.03301
3750      0.0329207
3750        5.54291
3750        2.77322
3750        3.20016
3750        5.28322
3750        2.02304
3750        4.99045
3750       0.795748
3750        1.89203
3750        5.64124
3750       0.562281
3750         5.7392
3750        6.16042
3750        2.31209
3750       0.792581
3750       0.625854
3750        2.57266
3750        4.89827
3750        2.35161
3750        2.56177
3750         2.7945
3750       0.470055
3750        5.50838
3750        4.20858
3750        6.06267
3750        1.18293
3750        6.26428
3750        1.18418
3750        2.77618
3750        2.68769
3750       0.393571
3750        4.76963
3750        5.85774
3750        3.56227
3750        1.40672
3750       0.872004
3750        4.19738
3750        2.30695
3750      0.0386723
3750         5.7362
3750        3.11895
3750        5.82148
3750        3.46489
3750        1.69058
3750        2.71696
3750        3.08037
3750       0.331424
3750        2.00808
3750        2.28112
3750        3.12187
3750        3.34584
3750        1.17455
3750      0.0728319
3750        4.01494
3750        4.61617
3750        2.65889
3750        3.30273
3750        5.85913
3750        5.95745
3750        5.80016
3750        3.30884
3750        4.64882
3750        5.57675
3750       0.645416
3750         2.3861
3750        5.86814
3750        3.80095
3750        5.02589
3750        4.42439
3750        4.93244
3750        4.66644
3750        1.98754
3750        1.23128
3750        2.49877
3750         2.0415
3750        3.15473
3750        3.38933
3750        3.41085
3750        4.46963
3750        5.57691
3750        1.20638
3750       0.815799
3750      0.0167614
3750        2.76801
3750        3.79094
3750        2.82123
3750       0.475632
3750        3.72703
3750        4.91198
3750        1.77738
3750        2.27935
3750        3.59087
3750        5.29117
3750        1.31459
3750        4.90755
3750        5.89056
3750        2.63185
3750        6.21391
3750        4.85864
3750        3.39611
3750      0.0187622
3750        5.40908
3750        2.08669
3750        3.38565
3750         2.8236
3750        2.04532
3750        1.96406
3750        5.30371
3750        3.17508
3750        5.00642
3750        4.78644
3750        4.27652
3750       0.735059
3750        3.48824
3750        5.97876
3750        4.74847
3750        2.53071
3750        4.41033
3750       0.524056
3750        4.22155
3750          4.209
3750        3.79616
3750       0.302076
3750        5.71123
3750        3.19142
3750        2.99269
3750        4.99706
3750       0.703039
3750        4.80311
3750        3.31499
3750        1.58285
3750       0.147207
3750        2.96674
3750        1.79568
3750        4.02322
3750        1.55413
3750        4.46428
3750        5.87352
3750        6.09784
3750        2.97651
3750        5.75051
3750        2.40942
3750       0.319275
3750        1.54204
3750        2.62907
3750       0.307363
3750       0.434311
3750        2.11431
3750         4.3076
3750        5.29686
3750        5.54746
3750        4.93398
3750        4.78499
3750        4.02942
3750        3.98201
3750        1.64813
3750        5.01427
3750        1.21947
3750        5.29725
3750      0.0404188
3750         5.2528
3750        2.66607
3750        2.54764
3750        0.51625
3750       0.223826
3750        5.63289
3750          4.071
3750        3.61934
3750        4.09362
3750        5.51004
3750        3.33509
3750        2.87011
3750      0.0216357
3750        3.68342
3750        3.08404
3750        1.64426
3750        4.99437
3750        5.21457
3750        6.02635
3750        4.12145
3750        3.08413
3750        2.62709
3750         3.1758
3750        2.41706
3750        1.75277
3750        2.77102
3750        3.18772
3750        1.82024
3750        3.89232
3750        6.10378
3750        2.94226
3750       0.325571
3750        5.39554
3750        2.97905
3750        5.35638
3750       0.856549
3750          2.342
3750        1.71872
3750        1.91503
3750        1.04797
3750         4.0462
3750        4.95821
3750        1.39053
3750        4.94949
3750        2.33076
3750        4.85667
3750        5.06585
3750       0.497571
3750        1.57767
3750        3.85671
3750        3.34506
3750        4.30585
3750        4.63477
3750        5.94729
3750       0.773182
3750        2.27004
3750       0.444988
3750        1.96404
3750        5.99866
3750        4.75042
3750        4.97506
3750        4.43205
3750        2.68435
3750       0.407686
3750        5.92871
3750        2.14344
3750        5.77651
3750        4.57935
3750          5.697
3750        2.31742
3750        3.70927
3750        4.52092
3750        6.26371
3750        3.64792
3750       0.206938
3750        5.11625
3750        1.89494
3750       0.962982
3750        1.82325
3750         4.2806
3750        6.05716
3750        2.93095
3750        1.59978
3750        2.13237
3750        2.31179
3750        2.31233
3750        2.48411
3750        1.98817
3750        6.17265
3750        2.74462
3750        3.27654
3750        5.46152
3750        3.03524
3750        2.13726
3750        3.96807
3750        5.49377
3750        2.68566
3750        2.84239
3750        3.08462
3750      0.0726415
3750        6.05519
3750        1.93262
3750        1.99838
3750        2.12285
3750        6.18525
3750        5.42581
3750        5.69922
3750        1.38384
3750        2.22754
3750        4.03809
3750        5.98029
3750         2.8703
3750        2.60839
3750        4.58124
3750        5.76378
3750        5.00017
3750        3.36524
3750        5.70769
3750        0.41547
3750        6.22856
3750        2.25468
3750        1.70188
3750        2.02435
3750        1.81959
3750         2.8104
3750        4.95325
3750        5.74844
3750        1.40716
3750        1.78417
3750        6.04196
3750        4.17741
3750        5.38464
3750        5.58342
3750        4.44178
3750        2.20746
3750        5.80914
3750        5.77691
3750         4.3308
3750        4.14952
3750        2.81867
3750        5.14658
3750        2.60384
3750       0.161687
3750        3.63301
3750        5.49382
3750        4.87962
3750        5.25906
3750        3.63754
3750        5.32954
3750        1.99671
3750        5.67809
3750       0.167142
3750        2.17401
3750       0.234952
3750        5.61152
3750        4.67446
3750        4.42014
3750        1.05151
3750       0.776186
3750       0.581112
3750        1.27568
3750        5.44164
3750       0.423702
3750        5.28275
3750        4.23085
3750        5.29232
3750        4.95418
3750       0.138564
3750        3.00112
3750        5.03394
3750       0.504425
3750       0.883281
3750        3.13806
3750        3.30069
3750      0.0772031
3750       0.660469
3750        1.13264
3750        5.65334
3750        5.94457
3750         3.2992
3750        4.11969
3750        5.30849
3750        1.05573
3750       0.814885
3750        2.08944
3750        4.16891
3750        3.21537
3750        5.82349
3750        3.07087
3750        3.40407
3750         2.3181
3750       0.209768
3750        3.66931
3750      0.0917093
3750        5.28387
3750        5.19431
3750        3.57497
3750       0.407926
3750        2.39308
3750         2.6534
3750        5.23288
3750        3.57608
3750        4.93375
3750        3.09313
3750        1.49648
3750        5.63788
3750      0.0134525
3750       0.610575
3750        2.28853
3750        3.81073
3750        2.73395
3750       0.529986
3750        1.94581
3750          5.416
3750        2.88722
3750        2.05183
3750        5.61767
3750        6.28177
3750        4.23842
3750        2.80107
3750        5.20031
3750        2.75553
3750        1.91543
3750        5.78405
3750        6.23463
3750        1.55858
3750        4.97912
3750       0.242227
3750       0.331134
3750        5.82928
3750        5.06038
3750       0.927042
3750        4.62085
3750        3.60552
3750        4.47138
3750        5.45628
3750        6.14509
3750        2.06907
3750        3.74504
3750         3.8601
3750        3.09843
3750        4.00666
3750        3.85043
3750        5.08973
3750        2.41362
3750        6.11258
3750        4.39513
3750        5.24004
3750        2.08012
3750         2.7995
3750        3.41986
3750       0.841844
3750        3.46448
3750       0.963393
3750        5.68029
3750        1.74883
3750        5.51395
3750        1.13122
3750        4.33163
3750        5.35927
3750        1.04372
3750        4.51759
3750        4.98718
3750        4.70766
3750        5.34185
3750        4.40886
3750        3.36175
3750      0.0172791
3750        2.00056
3750        2.79712
3750         5.6378
3750        5.49594
3750        0.38316
3750        3.84354
3750        1.88634
3750      0.0760163
3750        1.19165
3750        4.62714
3750        6.18347
3750        5.36397
3750        1.63502
3750        4.96135
3750       0.914814
3750        4.67214
3750        1.70214
3750        3.63031
3750        3.90292
3750        5.14527
3750        1.38321
3750        5.11705
3750        1.53905
3750        2.02226
3750        1.99379
3750        4.74249
3750       0.573944
3750        2.47224
3750        4.46055
3750        3.33031
3750       0.915746
3750      0.0284113
3750        6.13974
3750        2.47013
3750        4.64279
3750        4.48324
3750        6.28089
3750        3.50241
3750        3.32394
3750        2.77148
3750        1.61086
3750        3.52909
3750        2.24125
3750       0.089798
3750       0.295341
3750        2.84037
3750        5.64402
3750         6.1497
3750        4.93388
3750       0.293201
3750        1.71096
3750        4.46268
3750        3.13097
3750       0.555484
3750        5.60338
3750        5.94821
3750        5.43683
3750        4.99923
3750        2.92931
3750        6.14451
3750        1.53447
3750        1.03172
3750        5.32696
3750        1.50906
3750        0.49284
3750        4.38516
3750        3.74101
3750        2.16635
3750         3.1069
3750        2.27516
3750        4.70447
3750        1.81516
3750        1.65976
3750        2.59037
3750        4.10346
3750        5.53288
3750        5.24277
3750        4.13954
3750        1.25274
3750        4.43551
3750       0.968658
3750        3.49851
3750       0.901961
3750        3.28594
3750        6.16816
3750        3.59018
3750        3.48267
3750       0.473741
3750         4.5874
3750        3.28754
3750        5.32349
3750        5.76423
3750        5.58683
3750        3.27462
3750        6.12493
3750       0.867706
3750        2.70315
3750        3.12974
3750        5.03063
3750        3.44089
3750        3.62242
3750       0.638915
3750        4.92744
3750         4.9631
3750        3.64576
3750        2.26053
3750       0.168344
3750        4.88774
3750        2.71834
3750      0.0931482
3750        2.06172
3750        1.65285
3750        2.92854
3750        3.22298
3750        3.80321
3750        1.79882
3750        1.04034
3750         5.3832
3750        3.15608
3750        1.41352
3750        5.86985
3750        4.44946
3750        3.42542
3750         2.6995
3750        2.86611
3750        4.63027
3750       0.675703
3750        3.04419
3750        3.04672
3750        4.06902
3750         1.2808
3750        1.56584
3750       0.760348
3750        4.24726
3750        3.32834
3750        3.90946
3750        1.02966
3750        2.50751
3750        2.61069
3750        1.08624
3750        1.99959
3750        5.91586
3750       0.957555
3750       0.103661
3750        4.42902
3750        5.65825
3750        1.80948
3750        4.52507
3750        2.60788
3750        4.05868
3750        3.45069
3750       0.476596
3750          2.847
3750        3.43509
3750       0.522312
3750        4.28121
3750        3.77898
3750        5.95281
3750        2.84186
3750        5.80936
3750        1.29744
3750         2.4524
3750        3.54356
3750        4.63636
3750        5.82087
3750       0.919938
3750        2.69518
3750        1.42267
3750         2.1575
3750         3.2902
3750        6.13613
3750        6.07926
3750        6.11615
3750        2.79612
3750        4.82371
3750        2.21902
3750        5.98328
3750         2.1624
3750        2.49706
3750        4.79054
3750        4.65182
3750        3.61485
3750        6.20285
3750        1.25463
3750       0.825042
3750        2.02104
3750        2.02473
3750        3.64678
3750        6.12164
3750        5.17432
3750        2.30769
3750        4.37023
3750        4.15994
3750        4.86556
3750         5.5874
3750        1.10096
3750        1.16054
3750        2.57163
3750       0.502444
3750        1.60595
3750         1.7758
3750        5.63297
3750        1.51706
3750         6.1343
3750        3.04862
3750        3.02541
3750       0.951338
3750        6.26537
3750        1.19658
3750        2.53779
3750       0.433142
3750        3.90623
3750        2.44474
3750        2.49697
3750       0.665269
3750        3.11619
3750        3.37175
3750        6.13011
3750       0.333958
3750       0.526992
3750        2.17146
3750        4.83519
3750        5.30558
3750        5.45737
3750        3.83726
3750        2.06189
3750        3.95419
3750        2.83066
3750         5.3906
3750       0.323087
3750        2.30165
3750        1.23925
3750        1.60196
3750        3.72099
3750        1.35017
3750        5.06241
3750        5.83145
3750        2.69439
3750        2.13694
3750        3.34489
3750        2.11451
3750        3.07684
3750        5.00567
3750        3.78812
3750         3.3627
3750        2.77969
3750        4.05334
3750        5.48437
3750        2.17001
3750        5.46539
3750        1.29447
3750        2.66972
3750        4.77599
3750        1.77462
3750        5.94028
3750        4.09313
3750        5.09759
3750        3.12589
3750        3.07529
3750        2.68497
3750        5.79079
3750        2.99585
3750        2.12753
3750        2.36655
3750        3.43359
3750        1.77713
3750        1.60447
3750        2.96262
3750        2.41715
3750        5.34961
3750         5.9358
3750        2.27656
3750        1.28556
3750        3.07947
3750        5.34108
3750          1.546
3750       0.354362
3750        1.72849
3750        4.97625
3750        3.13113
3750        5.56897
3750        2.67186
3750        3.07268
3750        2.48127
3750      0.0832975
3750        5.23615
3750        3.70451
3750        4.92219
3750        3.31192
3750       0.826833
3750        1.26735
3750       0.207688
3750        6.21939
3750       0.123226
3750        1.76501
3750         1.0117
3750       0.675072
3750        4.90385
3750        4.44259
3750        2.22983
3750        1.23221
3750        4.26314
3750       0.332761
3750        5.48932
3750          2.486
3750        5.22178
3750        5.15501
3750        2.01653
3750        2.24804
3750        5.05875
3750       0.660292
3750        5.58777
3750        2.69889
3750        2.42246
3750        1.32149
3750        3.43042
3750         1.8113
3750        4.64436
3750         5.6544
3750        4.42787
3750         1.8866
3750        6.26466
3750        3.95936
3750       0.253493
3750        4.84997
3750        3.99383
3750        4.86747
3750        1.91486
3750        2.66475
3750        4.03779
3750        1.76665
3750        4.57561
3750        2.20228
3750        2.66666
3750        1.67432
3750        2.85749
3750         4.2989
3750        4.32515
3750        2.48807
3750        1.54691
3750         5.9368
3750        4.54367
3750        5.17928
3750        0.44074
3750        2.17366
3750        5.55842
3750       0.141507
3750        5.80245
3750        2.09371
3750        4.69432
3750       0.925008
3750        2.45632
3750       0.403481
3750       0.928841
3750        1.86361
3750        1.39989
3750        4.01313
3750      0.0479618
3750        4.55869
3750        4.00662
3750        5.48698
3750        2.71636
3750        2.90534
3750        1.86943
3750        4.32752
3750        4.65577
3750        0.22206
3750        4.01997
3750        6.18734
3750       0.997407
3750        4.98097
3750        3.59103
3750       0.550857
3750        3.88066
3750        4.79444
3750        3.66461
3750        5.42069
3750        3.91834
3750        2.14815
3750        4.66614
3750        5.07141
3750        3.15165
3750        0.35828
3750        1.43932
3750        5.96688
3750        2.68316
3750        2.16661
3750        2.06564
3750        4.89735
3750      0.0984791
3750        0.93856
3750        2.62994
3750        5.97881
3750       0.790074
3750        3.58369
3750        2.39775
3750        2.56898
3750        3.03498
3750        3.84506
3750        6.22609
3750        2.85803
3750        1.08019
3750        3.17243
3750        5.19676
3750        3.73033
3750        5.85675
3750        0.56406
3750        2.07954
3750        2.62033
3750         2.6584
3750        4.65195
3750        2.71999
3750        1.71155
3750        1.23232
3750        6.17264
3750        5.40089
3750       0.115004
3750       0.465626
3750        3.36514
3750        4.83499
3750        5.55919
3750       0.923208
3750        3.68379
3750       0.106448
3750        5.84152
3750        5.45144
3750        1.33297
3750        5.47178
3750        5.08893
3750        2.85637
3750        4.94723
3750        3.52376
3750        4.86079
3750        5.90409
3750         1.0258
3750        3.15374
3750       0.631893
3750        5.02509
3750        3.97013
3750        5.63187
3750        5.09999
3750        2.75483
3750        4.64932
3750       0.299571
3750        1.43906
3750        5.34956
3750        4.93262
3750       0.323994
3750        5.71214
3750         3.6517
3750       0.917567
3750        2.30133
3750         0.4263
3750        5.69294
3750        2.78943
3750        6.12992
3750        3.75748
3750        1.94323
3750        5.62457
3750        1.71086
3750       0.180099
3750        1.71046
3750        2.76484
3750        1.48157
3750       0.975802
3750        2.04524
3750       0.836955
3750        5.67493
3750        5.63653
3750        5.73971
3750        1.30423
3750         6.0053
3750        4.87963
3750        2.96469
3750        1.46232
3750        3.01118
3750        3.11921
3750        3.97208
3750        0.11896
3750      0.0658635
3750        5.72305
3750        2.73786
3750        2.36735
3750        5.75103
3750        2.13228
3750        1.26872
3750        2.26799
3750       0.884814
3750        5.31954
3750        1.01597
3750      0.0823088
3750        6.12688
3750        3.42053
3750         1.7191
3750        1.26553
3750        4.51699
3750        3.39844
3750        3.01473
3750        6.23842
3750        2.38633
3750       0.359847
3750        4.95121
3750        5.73533
3750       0.512137
3750       0.446835
3750        5.52657
3750        2.86964
3750      0.0817819
3750        3.13866
3750        2.16119
3750       0.127655
3750        5.31171
3750        5.11547
3750        5.17389
3750        1.95077
3750        4.34935
3750        2.06486
3750        2.15491
3750       0.258367
3750        1.47333
3750        6.04309
3750       0.516781
3750        3.02084
3750        3.26254
3750        5.79135
3750        1.87582
3750        6.01059
3750        1.39987
3750        3.22309
3750         1.8641
3750        1.24654
3750        6.23432
3750        1.10438
3750       0.818658
3750        5.40965
3750        1.88895
3750       0.307074
3750        4.68244
3750        4.82108
3750        6.14151
3750        5.02072
3750        5.72209
3750        3.54641
3750        1.56409
3750        5.81982
3750        2.71082
3750        2.30201
3750        2.37352
3750       0.947672
3750        3.79908
3750        2.31699
3750        4.64547
3750        6.28046
3750        3.71302
3750        1.06409
3750        2.24612
3750        3.46787
3750        5.18955
3750       0.821255
3750        3.58886
3750        5.21417
3750        3.93531
3750        4.13766
3750        1.13961
3750        3.98086
3750        5.05211
3750        1.87912
3750        2.02781
3750         5.1668
3750        3.61617
3750        4.92976
3750        3.57524
3750        5.71078
3750        2.78096
3750        2.16614
3750        6.15875
3750        0.81395
3750        3.37889
3750        2.60103
3750        2.54919
3750        3.24612
3750        1.88352
3750        4.84413
3750        4.96325
3750        2.09485
3750        5.60996
3750        5.98873
3750        5.16789
3750        2.93764
3750        5.87415
3750        4.97508
3750        4.03409
3750        3.26105
3750        3.67728
3750        3.40209
3750        5.79169
3750        1.03682
3750        1.15683
3750         4.0993
3750        1.57816
3750       0.504731
3750        5.21392
3750         1.0185
3750        4.18402
3750        0.32565
3750        4.42616
3750         4.5201
3750        2.68166
3750        3.84606
3750        2.34738
3750        3.37442
3750       0.639761
3750        5.73577
3750       0.528953
3750        6.20521
3750         6.2155
3750      0.0380881
3750        3.24943
3750        1.27242
3750       0.836925
3750        1.60093
3750        3.19086
3750        3.07893
3750        4.16203
3750        5.03291
3750        1.64264
3750        1.60718
3750       0.405559
3750        5.38196
3750        2.24975
3750         1.8854
3750        4.01089
3750        2.68825
3750        4.54931
3750        5.89742
3750        2.84836
3750       0.978843
3750        5.46706
3750        2.56542
3750       0.283339
3750        2.88966
3750         4.9662
3750        3.00695
3750         2.4185
3750        5.98818
3750        6.04597
3750        2.63493
3750        2.97674
3750        4.75697
3750        3.12105
3750        1.40628
3750        6.08517
3750        4.59042
3750        2.30801
3750        3.48046
3750        5.73894
3750        2.81187
3750        3.05874
3750        3.05709
3750        5.56798
3750       0.216922
3750        5.81431
3750        4.23572
3750        1.91416
3750        1.33791
3750        1.05874
3750          1.565
3750        2.41387
3750        6.15279
3750        4.72438
3750        5.34494
3750       0.704031
3750        2.40842
3750        0.31699
3750        4.62123
3750        3.62746
3750        3.68126
3750         2.7283
3750        4.51133
3750       0.672006
3750        1.99195
3750        5.14054
3750        2.88841
3750       0.841501
3750         6.2506
3750        2.45102
3750        3.77704
3750       0.629198
3750        4.07698
3750        3.24384
3750       0.599366
3750        6.14154
3750        5.07364
3750        0.21121
3750        5.55853
3750        3.37413
3750        1.99724
3750        5.29913
3750        1.19217
3750         1.3356
3750        2.21512
3750        3.27199
3750        4.86426
3750        5.37456
3750        5.56413
3750        3.90321
3750       0.458298
3750         4.6062
3750         4.3958
3750       0.798649
3750        6.02395
3750        6.20317
3750        5.50825
3750        6.24763
3750        4.68377
3750        6.04266
3750        4.94248
3750        1.48814
3750        4.02475
3750        5.63592
3750         2.9922
3750       0.655635
3750        5.39086
3750       0.319579
3750        1.56254
3750        5.18891
3750        3.82931
3750       0.581287
3750        1.85444
3750        6.27472
3750    0.000246144
3750        2.95842
3750        5.22325
3750        2.19243
3750        4.83474
3750        4.90108
3750       0.186119
3750        1.52033
3750       0.768666
3750        6.08796
3750       0.174513
3750        3.81901
3750        3.94713
3750        4.98306
3750        4.97048
3750      0.0937603
3750        2.24838
3750        1.12287
3750        5.92511
3750        2.79455
3750        1.79843
3750        5.25203
3750        3.64213
3750        3.69427
3750        2.16549
3750        1.76603
3750        3.38892
3750        5.74042
3750        4.16429
3750        4.99767
3750        1.90137
3750        4.79447
3750        1.28976
3750        1.02778
3750       0.876308
3750       0.747931
3750        4.71258
3750        3.21582
3750        4.89964
3750        5.80959
3750        5.12287
3750        5.63711
3750        3.14332
3750        1.34757
3750        2.95365
3750         1.4162
3750        1.74989
3750        4.68694
3750        5.50798
3750        5.50707
3750       0.353263
3750        2.81391
3750       0.405646
3750        2.50699
3750       0.339257
3750        4.11164
3750       0.220322
3750       0.949212
3750        4.28494
3750        2.86593
3750        2.47812
3750        5.80711
3750        3.75196
3750       0.133398
3750        4.35207
3750       0.340108
3750       0.270512
3750        5.85877
3750        1.44842
3750        2.53689
3750        2.97195
3750       0.899415
3750        2.35742
3750        5.49808
3750        4.90577
3750        3.00118
3750         2.6219
3750        2.82103
3750        4.39044
3750        4.40105
3750        0.82133
3750        4.91296
3750         2.1529
3750        2.66721
3750        4.99951
3750       0.688597
3750        5.65453
3750        3.76274
3750        1.49153
3750        1.56307
3750        2.73401
3750        4.61568
3750        5.24482
3750        2.13288
3750        2.45628
3750        3.44631
3750         1.8711
3750        4.01728
3750        2.71155
3750        4.72261
3750        3.80679
3750        3.39811
3750        2.27122
3750        5.75158
3750        1.00164
3750           1.88
3750         1.6129
3750        4.26496
3750        6.14965
3750        5.39758
3750        2.66651
3750         1.6512
3750        1.29769
3750        4.51643
3750        5.81338
3750        2.42471
3750         2.2981
3750        6.10373
3750       0.678075
3750        6.26582
3750        3.25544
3750        3.06505
3750        1.51488
3750         2.8259
3750        1.11736
3750        2.26035
3750        6.26874
3750        2.15646
3750        2.77752
3750        3.10747
3750        0.19654
3750        0.75601
3750        5.81207
3750        4.00406
3750         2.3772
3750        3.17886
3750        3.98027
3750       0.159109
3750        6.24068
3750      0.0333336
3750        2.15899
3750        1.62024
3750        2.83515
3750        5.95015
3750        3.74181
3750        6.02362
3750        0.46816
3750        5.50272
3750       0.819733
3750        4.54332
3750       0.852346
3750       0.470035
3750        6.03178
3750        2.03862
3750       0.409958
3750        5.41765
3750        5.75112
3750        1.43711
3750        5.34467
3750        2.30216
3750        1.31259
3750       0.989374
3750        5.69107
3750        4.72875
3750       0.322242
3750       0.739103
3750       0.770923
3750        6.27798
3750        5.52369
3750        2.86586
3750        1.27488
3750          5.744
3750        2.37057
3750     0.00746352
3750       0.534565
3750        2.03188
3750        5.20474
3750        4.92667
3750         5.6267
3750        5.87169
3750        3.75664
3750        1.02536
3750        3.42192
3750       0.761297
3750        2.22766
3750        4.64782
3750       0.471811
3750        6.11442
3750        5.81836
3750        2.50943
3750        3.66456
3750        1.78528
3750        3.58023
3750        2.15154
3750       0.793258
3750        4.31629
3750        2.57773
3750        1.74898
3750        1.98992
3750       0.704638
3750        2.02356
3750        3.58289
3750        4.76715
3750         5.0706
3750        4.40482
3750        2.88803
3750        4.98163
3750        3.70254
3750        1.51731
3750        2.96852
3750        5.98892
3750       0.334606
3750        2.17965
3750       0.993288
3750        3.18655
3750        3.11379
3750         6.1406
3750        1.51778
3750         6.1777
3750         1.5056
3750        3.92457
3750        3.39609
3750        5.89379
3750       0.857423
3750        5.09362
3750       0.835172
3750        2.91397
3750        2.27853
3750        1.66206
3750       0.456201
3750        1.09638
3750        3.94745
3750        2.82118
3750        5.47125
3750        3.61434
3750        2.27939
3750        3.69905
3750        3.44232
3750          4.782
3750        3.91635
3750        1.92427
3750        4.47562
3750        5.10165
3750        4.84014
3750        1.39668
3750       0.385095
3750        5.73115
3750        2.28432
3750         2.6709
3750        2.46072
3750        3.86785
3750        2.61565
3750        4.36367
3750        1.03947
3750        4.86483
3750        4.91876
3750        3.62465
3750        2.11558
3750        2.16992
3750        2.84325
3750        1.07827
3750        5.32386
3750        1.98862
3750        4.00047
3750         5.6223
3750       0.648638
3750        4.23168
3750        4.44506
3750        3.03893
3750        5.42643
3750        1.37831
3750        5.58867
3750        5.89587
3750         2.7426
3750        5.73314
3750        3.87331
3750       0.210405
3750        2.64911
3750        2.27531
3750        2.05636
3750         1.9836
3750        4.95737
3750        5.96291
3750        3.39069
3750        5.56131
3750        3.36346
3750        6.19072
3750        5.82313
3750        2.55489
3750        4.64416
3750        4.23953
3750         1.0817
3750        2.36718
3750        6.09047
3750       0.910582
3750        1.81372
3750        3.37304
3750        5.70778
3750       0.973172
3750        5.60539
3750        4.07112
3750        4.49587
3750        5.80705
3750        1.79865
3750        1.48049
3750        3.89155
3750       0.182294
3750        1.33478
3750         4.4865
3750       0.993658
3750        3.30637
3750        1.02335
3750        4.36159
3750        5.96246
3750        5.43159
3750         5.7683
3750        4.37647
3750        2.98956
3750        6.01296
3750        2.65985
3750        1.84939
3750        5.11894
3750      0.0571481
3750       0.521506
3750        5.15013
3750        1.34153
3750        1.54461
3750        2.95048
3750         3.3887
3750        2.49345
3750        1.93463
3750        1.13711
3750        4.92271
3750        3.41681
3750        1.87472
3750        4.22664
3750        5.32954
3750        5.33068
3750        1.60599
3750        1.40199
3750        3.79538
3750        4.93155
3750        2.21154
3750        5.20321
3750        3.22316
3750        2.07123
3750        6.14035
3750         5.1514
3750        4.38253
3750        6.00462
3750        1.69142
3750        1.65136
3750        3.91563
3750        6.03286
3750        1.02441
3750        1.21699
3750        3.68629
3750        4.74174
3750       0.201651
3750       0.953904
3750         4.9078
3750        4.27816
3750        2.06987
3750        2.27692
3750          6.065
3750        1.18751
3750       0.564054
3750        4.17744
3750        4.92875
3750        1.90251
3750        6.13989
3750       0.379119
3750        3.17178
3750         1.6727
3750        4.62273
3750        5.14981
3750        5.90474
3750        5.09866
3750        3.42907
3750        4.49285
3750        4.72751
3750        3.88847
3750        4.92236
3750        3.12075
3750        5.90051
3750       0.198551
3750        5.80909
3750        3.74583
3750        5.20949
3750        1.47065
3750        5.80572
3750        2.94661
3750        2.01103
3750         2.4396
3750        2.55354
3750        2.98905
3750        2.92181
3750        1.72061
3750        5.85969
3750        5.07829
3750        6.03288
3750        4.23774
3750        2.79813
3750       0.820475
3750        3.69479
3750        5.05705
3750         2.1614
3750        3.10819
3750       0.554092
3750        6.22454
3750        2.31626
3750     0.00986405
3750         2.6932
3750         5.3829
3750        5.82729
3750        5.00499
3750       0.954668
3750        5.48618
3750       0.398638
3750        4.56431
3750       0.848614
3750        2.09894
3750        6.15836
3750        2.68972
3750        2.28469
3750        5.89545
3750        1.23228
3750        3.68545
3750        6.25254
3750        1.91486
3750        3.12668
3750        1.92607
3750        2.82976
3750        5.60692
3750        2.68319
3750        2.05362
3750        4.40186
3750        3.76683
3750        5.39964
3750        4.75909
3750        3.39394
3750        6.02595
3750         5.6045
3750        4.44114
3750        2.61882
3750         5.4868
3750        3.81132
