3133        2.23823
3133       0.982219
3133        4.36613
3133       0.536595
3133        2.04723
3133        1.18644
3133        4.39594
3133        0.48057
3133        4.47738
3133        4.29251
3133         1.6298
3133        4.67619
3133       0.910063
3133        1.48171
3133        4.65613
3133        3.80152
3133       0.993232
3133        2.75082
3133        3.90856
3133         5.0641
3133       0.686787
3133        2.07769
3133        4.55363
3133        6.05491
3133        6.04918
3133        1.98098
3133       0.381721
3133        2.42944
3133        4.14748
3133        5.21741
3133        4.63928
3133        4.23618
3133         1.8693
3133        1.32961
3133        4.93842
3133       0.480483
3133        1.45058
3133        1.90016
3133        5.08408
3133        5.96241
3133        1.63473
3133        2.82306
3133        1.64154
3133        5.29661
3133        3.95384
3133        3.48783
3133        4.95824
3133        4.57106
3133        4.05907
3133     0.00842066
3133       0.665641
3133         1.4278
3133         4.1289
3133        3.64079
3133          2.286
3133           4.67
3133        1.77564
3133        4.77997
3133        4.19676
3133        4.90428
3133        3.38725
3133       0.597705
3133      0.0615636
3133        3.21702
3133        4.79698
3133         2.0312
3133       0.908962
3133        1.06944
3133        4.58027
3133        3.27942
3133        5.35183
3133        2.83287
3133        3.95388
3133        3.54627
3133         2.5006
3133        0.51528
3133          1.853
3133        1.71302
3133        4.18531
3133         2.5481
3133        5.22194
3133        5.91405
3133        1.06841
3133        6.21333
3133        4.32351
3133        3.74566
3133         1.6334
3133       0.286518
3133        4.85864
3133        4.86748
3133       0.609214
3133        5.28251
3133         2.5933
3133       0.300551
3133        4.68581
3133        5.61611
3133       0.770799
3133        0.74639
3133        3.06093
3133        4.93617
3133        4.57078
3133       0.381781
3133       0.674347
3133        4.26522
3133        4.82449
3133        2.66062
3133        4.33898
3133         5.1575
3133        2.22439
3133       0.911551
3133        4.66491
3133        2.17371
3133       0.679217
3133        3.84654
3133         2.5076
3133       0.285726
3133         4.3291
3133       0.635495
3133        4.50327
3133        4.20907
3133        4.47363
3133        4.97823
3133        4.54635
3133        5.16463
3133        4.73236
3133        1.87242
3133        4.00768
3133        2.77799
3133        5.17862
3133        3.32906
3133          4.874
3133          3.883
3133        1.58991
3133        2.81956
3133        1.43828
3133        4.72261
3133        2.42725
3133        1.19299
3133       0.363425
3133        3.71881
3133        2.27221
3133        5.78638
3133        5.75699
3133        1.33863
3133        5.06368
3133        3.75893
3133         3.4623
3133        1.87276
3133        5.56584
3133        6.26777
3133        1.99964
3133        4.44824
3133        1.34662
3133        5.01829
3133        1.64056
3133        2.30168
3133        4.56409
3133        4.84248
3133        4.65642
3133        1.85175
3133        5.87787
3133        3.04258
3133         4.0736
3133        3.75659
3133        1.97078
3133       0.564107
3133        4.31085
3133        1.13846
3133        1.73516
3133        2.07295
3133        1.69302
3133          2.236
3133        5.70348
3133        3.48153
3133        1.44198
3133        4.03019
3133        2.76646
3133        4.89733
3133        4.54827
3133        3.59596
3133       0.131397
3133       0.688455
3133         5.7802
3133       0.460862
3133         1.1643
3133        4.93931
3133        4.44224
3133      0.0171347
3133        5.62351
3133        1.80298
3133        2.05058
3133        1.64785
3133        3.94072
3133        1.81701
3133        4.74932
3133         4.3891
3133        1.39911
3133        4.48601
3133        5.80372
3133        6.19758
3133        1.23487
3133        2.34967
3133        4.76724
3133       0.311064
3133        4.15468
3133        1.97977
3133        4.28175
3133        1.71757
3133         4.5518
3133        2.79158
3133        5.08088
3133         1.6958
3133        4.30536
3133       0.749579
3133        4.48139
3133        4.76375
3133        1.39925
3133        4.46803
3133        3.89921
3133       0.707242
3133        2.54009
3133       0.818539
3133        1.12807
3133       0.573587
3133        4.15399
3133        4.29454
3133        4.84548
3133        5.27738
3133         2.4558
3133         4.5521
3133        4.58934
3133        1.83162
3133        2.64083
3133        2.01749
3133         0.7026
3133       0.612133
3133        4.70807
3133        5.97249
3133        4.98762
3133        4.98038
3133       0.298347
3133        4.82526
3133       0.561432
3133         2.3855
3133        5.03515
3133        0.90509
3133        1.63211
3133      0.0479483
3133       0.179196
3133        4.15839
3133        1.38632
3133        3.78035
3133        1.30589
3133        4.55664
3133       0.360586
3133        4.52383
3133        1.12401
3133        5.37058
3133        1.04336
3133          4.929
3133        5.53935
3133        1.97247
3133        1.97954
3133       0.213495
3133         4.4634
3133        5.16328
3133       0.425122
3133        3.02114
3133        5.75909
3133        4.25502
3133       0.346577
3133        2.31782
3133        4.92471
3133        2.95812
3133          1.328
3133        1.52054
3133        5.01631
3133        6.26078
3133        5.47083
3133        0.74273
3133        4.91413
3133        0.41204
3133        1.48922
3133        4.10646
3133        5.26995
3133        3.95576
3133        5.98437
3133        4.09013
3133         3.0005
3133        3.25823
3133        3.53435
3133         4.6908
3133        4.83699
3133        3.73356
3133       0.561782
3133        4.57012
3133        1.77369
3133        4.92153
3133        3.60872
3133        1.70514
3133        2.61393
3133        6.02109
3133        3.39055
3133         4.8247
3133        4.15526
3133       0.284484
3133        1.01649
3133         3.8322
3133        2.15158
3133        3.09343
3133        3.91159
3133        3.97272
3133         1.4541
3133        4.09725
3133        1.03105
3133        4.49007
3133        4.07217
3133        5.13353
3133        0.12131
3133        1.25696
3133        0.77608
3133        1.48194
3133        6.08196
3133        1.47033
3133        1.59299
3133        4.89134
3133        5.04714
3133        6.12149
3133       0.937704
3133        1.74313
3133        2.77325
3133        0.44249
3133        3.99892
3133       0.526486
3133        2.26457
3133        1.43312
3133       0.802306
3133        4.89121
3133        4.07988
3133        1.48846
3133        4.95911
3133       0.509393
3133       0.989099
3133        1.64114
3133        3.11153
3133        2.63592
3133        2.15849
3133        0.73689
3133         3.2058
3133        4.91901
3133         3.4882
3133       0.157324
3133       0.873272
3133        1.43131
3133        1.51927
3133        4.10785
3133        5.10297
3133         5.4325
3133        1.48129
3133       0.705718
3133        5.58697
3133       0.191527
3133        4.63488
3133        3.19028
3133        3.32212
3133        4.79171
3133        5.86175
3133        3.90693
3133         3.3283
3133        5.56141
3133        6.18349
3133        6.15974
3133         3.9421
3133        1.99818
3133       0.128013
3133        1.47301
3133         5.7946
3133        2.32076
3133         1.5069
3133        2.49162
3133        4.08675
3133        4.34095
3133        2.15344
3133        4.75613
3133        2.76041
3133        5.46969
3133        4.88911
3133        5.20846
3133        5.67115
3133        3.02681
3133        3.85464
3133        5.91261
3133        4.24759
3133        1.42073
3133        2.30869
3133        3.85752
3133        3.90419
3133        1.29154
3133         1.2652
3133        3.59084
3133         4.7888
3133         1.5108
3133        3.14043
3133        3.75252
3133        4.05694
3133        3.82668
3133        5.38918
3133          1.215
3133        1.78028
3133         4.7331
3133        2.57157
3133       0.684364
3133       0.912635
3133        1.68666
3133        2.39589
3133         4.7238
3133       0.367572
3133        1.09143
3133        1.35881
3133        2.96285
3133        1.03083
3133        5.41782
3133        5.84991
3133        2.03072
3133        4.07544
3133        4.14435
3133        3.10281
3133        5.41488
3133         4.5379
3133        3.53765
3133       0.460271
3133        5.26769
3133        3.52598
3133        4.16572
3133         5.1882
3133        1.20228
3133          1.697
3133       0.368768
3133        5.29681
3133        3.95841
3133        5.38334
3133       0.558731
3133       0.428541
3133       0.958215
3133        1.53968
3133       0.877701
3133        5.12365
3133        4.47324
3133        3.10004
3133        4.17096
3133        1.84535
3133        5.15537
3133       0.837265
3133         2.4704
3133       0.928146
3133        4.68511
3133        2.81353
3133         4.3354
3133        4.69009
3133        5.66652
3133        4.03301
3133        1.18609
3133        1.13825
3133        1.39222
3133        2.14537
3133        5.60412
3133       0.752513
3133        5.83823
3133        4.72502
3133        4.08465
3133         1.8377
3133        2.76597
3133        4.16238
3133        4.21114
3133         4.5539
3133        4.39412
3133        1.32014
3133        1.93845
3133        4.66333
3133       0.861887
3133       0.977855
3133        0.37687
3133        5.64816
3133       0.648882
3133       0.941551
3133        3.94724
3133        2.67543
3133        5.86617
3133        2.66016
3133       0.420512
3133        1.96423
3133        2.72767
3133       0.729371
3133        3.95076
3133        4.47362
3133        1.43173
3133        4.71943
3133        1.80757
3133        3.81766
3133        5.20085
3133        5.28177
3133        6.15365
3133        5.25425
3133        1.44447
3133        5.47867
3133        1.52323
3133       0.951468
3133       0.673334
3133        3.77416
3133         3.3652
3133        1.31952
3133        4.53785
3133        1.47809
3133         5.4554
3133       0.861899
3133       0.518945
3133        6.16975
3133        1.30503
3133        3.84178
3133        3.55212
3133        5.43738
3133        4.64565
3133        2.02817
3133         2.5027
3133        2.34773
3133        2.31403
3133        5.20925
3133        5.73447
3133        4.81954
3133       0.634089
3133        1.78674
3133        5.38924
3133        1.63634
3133        1.11002
3133       0.687183
3133        4.92709
3133      0.0665545
3133        4.69692
3133        3.51788
3133        2.11954
3133        4.35734
3133        4.37016
3133         2.9014
3133        3.88885
3133        1.55597
3133        4.42329
3133       0.688673
3133        1.33825
3133        1.09951
3133         4.3589
3133        4.25004
3133        4.77779
3133        4.24394
3133        0.20265
3133         2.9257
3133        1.21432
3133        4.57306
3133        4.89257
3133        5.73488
3133        4.46185
3133         4.0441
3133        4.81715
3133        4.13691
3133        2.46867
3133        2.06441
3133        4.50566
3133      0.0378605
3133         4.7899
3133         3.0609
3133       0.740886
3133        4.20226
3133        3.85918
3133        2.35319
3133        5.22968
3133        1.95258
3133       0.679697
3133        1.58886
3133        1.88979
3133      0.0829943
3133        4.21884
3133        4.21315
3133        4.21232
3133        3.55894
3133        2.38368
3133        5.09977
3133        2.53133
3133        5.02366
3133        5.71556
3133        3.76673
3133        5.92787
3133        3.76615
3133        3.56271
3133       0.364886
3133        5.21151
3133        1.27416
3133        5.19252
3133        3.62984
3133        2.43685
3133        3.98088
3133        1.91272
3133        5.14859
3133        6.17037
3133        1.22457
3133       0.972792
3133        6.23319
3133        3.58496
3133        4.63645
3133        5.06155
3133        4.81921
3133        2.44706
3133       0.566576
3133       0.466428
3133        4.32021
3133        2.98116
3133       0.334705
3133         1.5953
3133        1.28173
3133        1.18947
3133       0.857934
3133       0.116342
3133        4.12015
3133       0.714748
3133        1.48842
3133       0.904121
3133        2.71863
3133        1.37834
3133        4.37078
3133       0.765263
3133        2.37416
3133        4.69834
3133         1.2412
3133        2.34349
3133         2.7486
3133        2.04086
3133        5.85266
3133        2.35745
3133        3.79661
3133        1.75296
3133        3.58801
3133         4.6886
3133        1.82768
3133        2.39623
3133       0.763973
3133         2.8627
3133        4.03641
3133        5.56081
3133        3.17547
3133        3.70763
3133        4.59906
3133        3.37533
3133        3.95986
3133       0.499299
3133        3.49276
3133        6.28132
3133        2.40528
3133        4.94425
3133        5.41054
3133        1.36074
3133        5.46134
3133        2.59301
3133        2.25276
3133        4.53559
3133        3.69734
3133       0.912255
3133        3.52829
3133        3.27492
3133        1.52057
3133        1.68738
3133        5.57473
3133        5.86347
3133         2.5185
3133        1.20799
3133       0.478696
3133        4.94657
3133         2.9202
3133        1.08324
3133        4.03662
3133        4.56329
3133        3.87756
3133        2.90914
3133        2.04674
3133         4.5195
3133         2.9161
3133       0.493395
3133        3.61798
3133       0.968428
3133        2.18526
3133       0.958018
3133        2.54307
3133        1.96194
3133        6.27317
3133        3.72363
3133        3.90124
3133       0.438416
3133        4.44611
3133        4.53383
3133        3.60954
3133        3.26214
3133        4.16519
3133        1.24327
3133        1.81157
3133        5.25324
3133        3.88145
3133        4.45556
3133        5.14468
3133        5.54694
3133        5.12349
3133         3.8925
3133        1.32605
3133        4.06257
3133        2.84139
3133        5.08412
3133        4.90563
3133        3.94177
3133         1.3209
3133         3.7429
3133        1.19686
3133        3.26453
3133        1.41833
3133        4.12443
3133        1.42669
3133        1.57365
3133          2.768
3133         2.6819
3133        0.91435
3133        3.31375
3133        2.64478
3133        4.66017
3133        1.48168
3133        5.34409
3133        3.01201
3133        4.05017
3133       0.324732
3133        2.22088
3133        5.15132
3133        1.82398
3133        5.21616
3133        5.70864
3133        3.55588
3133        6.14898
3133        1.74438
3133       0.307437
3133        4.16418
3133        1.71082
3133       0.628314
3133        3.95847
3133         2.7586
3133       0.875232
3133        6.05368
3133      0.0260013
3133       0.468437
3133        1.89762
3133        4.65183
3133         1.5908
3133       0.477937
3133         2.0394
3133        5.23494
3133        3.63055
3133        4.83105
3133        5.00368
3133       0.527099
3133        4.10707
3133        3.61304
3133         4.7226
3133        3.49539
3133        1.89136
3133        4.51029
3133        3.53719
3133        5.49927
3133        4.53383
3133          4.828
3133        3.64064
3133        1.11652
3133        3.83877
3133         5.3245
3133        5.70984
3133        3.92184
3133        2.99091
3133        1.33889
3133        6.08371
3133        4.87193
3133        1.75135
3133        5.45623
3133        3.56879
3133       0.124208
3133        2.33265
3133       0.237372
3133       0.539825
3133       0.702312
3133        1.08887
3133        4.21949
3133        1.67658
3133        0.54494
3133        4.13034
3133        3.77388
3133        1.49898
3133        3.59833
3133        1.81493
3133        1.31385
3133         4.3576
3133        1.22495
3133        3.92274
3133        5.20418
3133        4.40134
3133        5.70958
3133        2.51067
3133        3.53608
3133       0.962572
3133       0.912389
3133        5.11567
3133        4.35314
3133        5.05047
3133         5.2005
3133        1.58401
3133       0.103614
3133        5.70595
3133       0.692685
3133        4.75915
3133       0.590806
3133       0.343016
3133        3.07585
3133        4.55473
3133       0.878507
3133        4.71327
3133        1.22763
3133        4.69549
3133        5.76355
3133        1.35613
3133        1.14951
3133        4.36624
3133        1.64903
3133        1.42259
3133       0.422947
3133        5.11046
3133        5.22743
3133        5.36274
3133        2.42229
3133       0.964638
3133         0.8211
3133        5.60259
3133        1.22187
3133         2.8424
3133        1.66129
3133      0.0796724
3133        5.05163
3133        4.31402
3133        2.65908
3133        5.71768
3133        3.49255
3133        3.88817
3133        1.35823
3133         1.3653
3133      0.0926863
3133        5.63213
3133        2.90716
3133        2.52186
3133       0.928746
3133        1.50893
3133        1.17859
3133        0.84524
3133        3.51943
3133        4.24974
3133        4.60533
3133        5.33506
3133        1.34631
3133         2.8492
3133        2.68567
3133        3.69299
3133       0.831619
3133        1.12707
3133       0.631956
3133        3.99081
3133         4.3083
3133        1.51923
3133        3.74114
3133        4.47786
3133         2.2597
3133        3.67252
3133        3.47693
3133        1.68497
3133       0.573594
3133         0.2912
3133        3.47625
3133        1.77429
3133        1.16402
3133        5.50414
3133        5.23766
3133        4.30028
3133        1.82928
3133        1.35923
3133        3.06719
3133        2.56371
3133        3.93261
3133        5.93953
3133        1.11909
3133        3.00147
3133         1.6019
3133         2.0194
3133         3.3642
3133        1.36215
3133       0.385829
3133        6.05554
3133        1.71304
3133        3.47353
3133        1.66741
3133       0.799437
3133        4.26813
3133        1.17694
3133        2.93273
3133       0.963824
3133        4.08999
3133        1.74597
3133       0.214743
3133        4.59464
3133        2.96456
3133        2.15611
3133        1.56352
3133        1.16436
3133        5.90965
3133        5.46866
3133        2.01356
3133        4.38663
3133      0.0587582
3133        5.41938
3133        4.48735
3133        3.31159
3133        4.36895
3133        3.06188
3133        4.07346
3133        3.24822
3133        4.64318
3133        2.18192
3133         3.9409
3133        5.14882
3133        1.13931
3133        5.61356
3133        4.33277
3133        6.04355
3133        4.94709
3133        2.16108
3133        5.57386
3133        3.53116
3133       0.876401
3133         4.1301
3133        4.58664
3133          1.521
3133       0.745886
3133        4.39786
3133        4.39989
3133        4.10835
3133         1.9834
3133        1.23131
3133       0.803294
3133       0.468329
3133        3.45198
3133        4.70918
3133        1.59716
3133       0.586687
3133        1.87103
3133        5.91832
3133         2.8529
3133         5.0676
3133        4.54974
3133        4.04061
3133        3.99606
3133        5.07954
3133        1.70767
3133        2.06955
3133        1.14151
3133        4.23751
3133        5.14124
3133         1.5843
3133        2.15374
3133         3.5689
3133        4.53526
3133        1.64171
3133        1.38475
3133       0.692647
3133       0.575754
3133        4.77181
3133        3.78043
3133        5.18906
3133         3.6082
3133       0.987766
3133        1.14418
3133        4.37357
3133        0.36413
3133        1.58712
3133         6.1394
3133        1.42572
3133        4.51343
3133        0.76845
3133        2.84347
3133        3.51949
3133        4.47861
3133        4.32985
3133        4.41971
3133        4.40698
3133        5.31252
3133        6.04903
3133        1.01933
3133        1.75773
3133        5.54458
3133        1.53114
3133        1.95106
3133        4.74658
3133       0.331753
3133        5.38441
3133        4.95225
3133        4.86102
3133       0.755664
3133        5.64911
3133        4.55374
3133        1.85317
3133        4.92231
3133        4.79033
3133        5.31916
3133        3.73178
3133        2.14212
3133         3.3854
3133         2.0293
3133        1.45044
3133        4.15574
3133        5.41694
3133         4.6028
3133        5.51095
3133        3.71016
3133        2.18638
3133        0.95335
3133        2.59545
3133        4.06571
3133        4.60619
3133        3.59799
3133        1.59188
3133        1.66105
3133        5.21626
3133        2.28816
3133        5.89198
3133        6.11303
3133        2.03761
3133       0.809988
3133        4.22318
3133        2.02666
3133        5.39615
3133        4.49861
3133        4.36917
3133       0.981995
3133       0.994197
3133        5.03288
3133        2.96788
3133        3.88086
3133       0.194502
3133        4.73466
3133        5.14373
3133        6.04039
3133        3.48495
3133         6.2724
3133        4.21318
3133        1.39294
3133        4.85482
3133         2.9674
3133        4.86962
3133        4.24668
3133        1.82331
3133       0.452491
3133        4.98783
3133        5.42798
3133        5.27552
3133        3.78526
3133        3.50433
3133        1.50759
3133       0.623035
3133        1.37296
3133        4.02491
3133        1.96779
3133        4.70609
3133         5.1188
3133        1.41911
3133        4.36337
3133        4.26652
3133         1.3306
3133        4.02923
3133        5.74937
3133        5.48437
3133          3.679
3133        4.40888
3133       0.984349
3133        1.96147
3133        3.72597
3133        4.66708
3133       0.663845
3133        3.23427
3133        3.33154
3133       0.252467
3133        3.68081
3133       0.990305
3133         3.4755
3133         4.3555
3133        3.70114
3133       0.278292
3133       0.860862
3133        2.17279
3133        1.46861
3133        4.06308
3133        1.21226
3133          3.388
3133        1.66225
3133        4.61347
3133        6.21367
3133        3.57152
3133        1.61722
3133       0.658026
3133        3.44813
3133        3.48851
3133       0.531126
3133        4.45485
3133        4.77059
3133        5.20352
3133        2.09035
3133        4.77703
3133        1.81335
3133         2.7753
3133         1.6944
3133          3.714
3133        5.21977
3133       0.642357
3133        3.17138
3133        1.38063
3133        3.45894
3133        4.75737
3133         5.3944
3133        1.33178
3133        1.65432
3133        6.06582
3133       0.520646
3133        3.97939
3133        3.99929
3133        5.97808
3133        3.03143
3133       0.179666
3133        3.02374
3133        3.74606
3133        3.70877
3133        1.96954
3133       0.591623
3133        1.01486
3133        1.33826
3133       0.470822
3133        5.49797
3133       0.570671
3133        4.59344
3133        1.58822
3133        1.28307
3133        4.65531
3133        2.90501
3133        4.65091
3133        1.28577
3133       0.449553
3133        2.64417
3133        3.79476
3133       0.458595
3133        4.45891
3133         3.9594
3133        1.74053
3133       0.258418
3133        3.19461
3133        1.82774
3133        1.18866
3133        3.84559
3133        2.91991
3133        1.47174
3133        4.08818
3133        4.66924
3133        2.87191
3133        3.64239
3133        1.57686
3133        0.25249
3133        3.48325
3133        4.17956
3133        3.85878
3133       0.693212
3133        4.03573
3133        5.02977
3133      0.0423431
3133        1.10661
3133          1.778
3133        5.75576
3133        2.42629
3133        4.14083
3133       0.758994
3133        4.26407
3133        5.05746
3133        4.90764
3133       0.872988
3133        1.64481
3133         6.1903
3133        4.93209
3133        1.82967
3133        5.22393
3133         6.0429
3133        3.86209
3133        3.83036
3133        5.75721
3133        3.53997
3133        3.16391
3133        2.85006
3133       0.273388
3133       0.652854
3133        1.37242
3133        1.18007
3133       0.344853
3133        3.88853
3133          4.464
3133        1.32473
3133         4.1469
3133        5.38647
3133        5.09512
3133        3.47014
3133        4.73681
3133        2.96364
3133         5.0937
3133          4.314
3133        4.06691
3133        5.64795
3133        4.79729
3133         1.0266
3133         5.0107
3133       0.944638
3133        5.55929
3133        4.18621
3133       0.994125
3133        3.97613
3133        1.33846
3133        6.09663
3133        4.29872
3133        1.14524
3133        3.13842
3133         4.8997
3133        3.36001
3133        1.34843
3133       0.324721
3133        2.98673
3133         3.9047
3133       0.799874
3133        2.12046
3133        5.49482
3133        1.16594
3133        4.02774
3133        6.03864
3133        2.66025
3133       0.948381
3133        3.85347
3133        0.18271
3133         3.6851
3133       0.379486
3133       0.776789
3133        5.02745
3133        4.17596
3133        3.12708
3133        4.62627
3133        1.38975
3133        1.28602
3133       0.542125
3133        3.89466
3133     0.00267153
3133        3.70102
3133        5.00875
3133        2.31097
3133        1.98625
3133        3.73931
3133        2.72609
3133        1.55618
3133       0.281434
3133        2.47897
3133          5.109
3133        1.45135
3133        1.15645
3133       0.583053
3133        5.31018
3133        6.18986
3133        3.99326
3133        4.91912
3133        4.36454
3133        5.60167
3133        1.50291
3133        1.51525
3133       0.777785
3133        1.04029
3133        3.52732
3133        4.39078
3133        2.16299
3133        2.52418
3133        3.59043
3133        4.07612
3133         3.7709
3133       0.988364
3133        4.25069
3133         4.0052
3133        1.55035
3133      0.0214985
3133        5.39633
3133        4.93664
3133        2.10428
3133        3.11531
3133        5.07843
3133        2.70129
3133        4.39535
3133         5.6907
3133       0.577056
3133        4.27961
3133         1.4282
3133       0.112236
3133        1.53328
3133        1.86109
3133        4.39198
3133        0.59759
3133        1.22793
3133       0.996874
3133        2.32315
3133        0.31514
3133        1.88133
3133        2.16924
3133        5.03085
3133       0.784652
3133        4.54965
3133          5.717
3133        1.32097
3133         1.5649
3133       0.155243
3133        3.37469
3133        1.21996
3133        1.22492
3133        4.85586
3133        1.47978
3133        1.97037
3133        2.62173
3133       0.764358
3133        3.90625
3133        1.01873
3133        1.21889
3133       0.784869
3133       0.571222
3133        3.83268
3133        1.38495
3133        1.92484
3133        1.36774
3133        5.12499
3133        2.28106
3133       0.502447
3133         1.8434
3133        3.55124
3133        5.28298
3133        0.34125
3133      0.0997671
3133       0.907564
3133        1.20974
3133        4.89331
3133         4.3578
3133        4.51944
3133        3.59721
3133        5.76394
3133        5.56337
3133        3.24682
3133        5.61593
3133        4.76473
3133        1.53757
3133       0.696312
3133        3.78797
3133        2.47471
3133        4.88087
3133        4.48418
3133        3.32544
3133       0.625058
3133        1.28748
3133        3.98095
3133         4.4168
3133        3.97441
3133       0.897082
3133        5.84664
3133        5.43046
3133       0.222855
3133         6.2015
3133       0.867007
3133        3.48991
3133          5.008
3133        3.45898
3133        2.97825
3133        3.94643
3133        1.38541
3133        4.20822
3133       0.412511
3133        4.49673
3133        2.84566
3133        2.39323
3133        5.08711
3133        5.68478
3133        2.99711
3133        5.41627
3133        4.18069
3133        4.76682
3133        1.19445
3133      0.0134685
3133         3.6204
3133        1.38306
3133        1.51045
3133        2.68142
3133        1.68145
3133        3.37684
3133        5.58341
3133        4.47304
3133        5.04524
3133      0.0508272
3133        1.91999
3133        1.85242
3133       0.835661
3133         5.8132
3133        5.11224
3133        4.19191
3133        6.19796
3133        1.73666
3133        1.51931
3133        1.08624
3133       0.408267
3133        4.89589
3133        4.82958
3133        3.25814
3133       0.906454
3133        1.55686
3133        5.76834
3133       0.594578
3133        1.31147
3133       0.100839
3133        3.56266
3133        3.28831
3133        1.64253
3133        3.35042
3133        3.98556
3133        2.56784
3133        1.66655
3133        4.02757
3133       0.851274
3133       0.189545
3133       0.180224
3133        5.57566
3133        1.17649
3133        3.40924
3133        2.12627
3133       0.753668
3133        3.80285
3133        2.02375
3133       0.283296
3133        1.91159
3133        4.97656
3133        5.53005
3133        1.55101
3133        1.99857
3133      0.0568866
3133        5.26692
3133        3.14524
3133        3.17528
3133       0.904464
3133      0.0607891
3133        5.62073
3133        3.23367
3133        1.12047
3133        3.70125
3133        1.62696
3133         6.2669
3133        1.38046
3133       0.472883
3133        4.04178
3133       0.976161
3133        4.58968
3133        4.85529
3133        4.84417
3133        2.74221
3133        6.12102
3133        1.64501
3133        3.79269
3133        4.34908
3133       0.365172
3133        4.74283
3133       0.530211
3133         1.7009
3133        4.37447
3133        4.05913
3133       0.660161
3133        4.94978
3133       0.399492
3133          3.868
3133         3.8638
3133        0.27763
3133        4.36573
3133        4.43085
3133        4.30352
3133        1.29586
3133        4.73295
3133        3.06499
3133         6.0303
3133        3.02302
3133        1.01977
3133        3.49512
3133        1.47223
3133       0.999735
3133        4.22662
3133         4.0746
3133        1.92747
3133        2.53287
3133        1.50126
3133        3.93101
3133         2.5842
3133          4.553
3133        2.18941
3133        3.55171
3133        3.71076
3133        4.80294
3133        4.94256
3133        1.14701
3133       0.287946
3133        1.02862
3133        4.32363
3133        3.93594
3133        4.07405
3133        3.88972
3133        3.33912
3133       0.260087
3133       0.780066
3133        4.93381
3133        1.31124
3133        2.48932
3133       0.911747
3133        1.57603
3133         1.2173
3133       0.410146
3133        3.75398
3133        6.08555
3133        4.01513
3133       0.753838
3133        3.99496
3133         3.5718
3133        1.76196
3133        5.22852
3133        5.06199
3133        6.27027
3133        5.65678
3133        4.47843
3133       0.177006
3133        2.22132
3133        4.62593
3133        6.04626
3133        5.55022
3133        6.15883
3133         2.6242
3133         1.0818
3133        1.05315
3133        3.29204
3133        1.30972
3133        2.15214
3133        5.48586
3133        3.94532
3133        6.14442
3133        2.27072
3133        4.66085
3133       0.861777
3133        5.71409
3133        3.76753
3133        5.45634
3133        3.61855
3133        2.16698
3133        4.08572
3133         5.8814
3133       0.694682
3133        1.82086
3133        4.46208
3133        3.55087
3133        2.79715
3133        4.71532
3133         4.0401
3133        4.60239
3133        4.76281
3133        1.55337
3133        1.67117
3133          1.875
3133        3.38757
3133        1.97698
3133        4.06427
3133        4.69409
3133       0.925399
3133        3.81372
3133       0.837028
3133        2.44038
3133        4.96152
3133        4.02448
3133        3.87933
3133       0.281584
3133        1.38377
3133        5.11579
3133        4.14527
3133        5.30574
3133        4.72213
3133        1.48677
3133        6.02524
3133        5.51816
3133        3.86396
3133        1.77043
3133        1.99145
3133        1.30797
3133         4.9399
3133        3.81944
3133        6.16989
3133       0.220678
3133        2.11168
3133        2.33153
3133        4.22599
3133        4.05614
3133        4.58502
3133        1.12563
3133        2.99901
3133        3.77126
3133        3.28673
3133        5.25061
3133        1.94789
3133        5.86223
3133        3.59652
3133        4.96738
3133        4.08987
3133        3.44173
3133        4.80864
3133        4.87291
3133        1.20448
3133        1.17336
3133        3.91423
3133        0.68261
3133         4.4358
3133        1.15574
3133        3.40568
3133        4.73265
3133        5.27707
3133        5.24962
3133        5.09449
3133        4.27472
3133       0.911221
3133        4.66264
3133      0.0369968
3133        4.38242
3133        0.79726
3133        2.23103
3133        1.71323
3133         1.1995
3133          4.186
3133        4.15505
3133        3.21228
3133        5.56512
3133        5.31552
3133       0.360758
3133       0.993866
3133        4.72674
3133        5.12644
3133        1.08761
3133        1.10999
3133        4.70348
3133        5.58496
3133        5.83549
3133       0.176486
3133         3.7632
3133        4.24344
3133        4.98173
3133        4.40525
3133        1.91345
3133        1.74908
3133        4.00619
3133        1.83356
3133        4.10069
3133         1.6457
3133        2.73422
3133        3.26418
3133        2.49788
3133        5.74063
3133        3.95925
3133        2.89705
3133        6.28218
3133        5.32495
3133        3.81207
3133        2.15464
3133        1.64711
3133        4.80268
3133       0.329016
3133        4.46192
3133        4.65022
3133        2.85916
3133         1.5223
3133        3.94319
3133         5.2086
3133        1.42861
3133        2.33105
3133        4.89302
3133        4.82183
3133        4.65719
3133        1.39669
3133        1.54638
3133         5.4308
3133        5.04363
3133        1.11096
3133       0.544794
3133        4.42203
3133        3.41648
3133        1.61533
3133        1.70979
3133        4.70252
3133        1.56931
