3625       0.931506
3625        3.39535
3625        0.68538
3625        2.96161
3625        2.87525
3625        4.75584
3625        1.49275
3625         3.7065
3625        3.91955
3625        5.63621
3625        2.95168
3625        4.35119
3625        3.01348
3625        2.32391
3625       0.685726
3625        2.60125
3625        2.37591
3625        3.22399
3625        4.34235
3625         1.9421
3625        2.79668
3625        5.31414
3625        5.79841
3625        3.85096
3625        6.21343
3625        5.63827
3625        5.93258
3625        4.50767
3625        4.09142
3625       0.450085
3625       0.817195
3625        2.27885
3625        1.06363
3625        3.29165
3625       0.416271
3625        2.71066
3625        3.60226
3625        6.07115
3625        3.57972
3625        5.96668
3625       0.794407
3625        6.02495
3625        1.22786
3625       0.153321
3625        3.69122
3625        2.21331
3625        6.22687
3625        6.21497
3625        3.56544
3625        5.65488
3625      0.0609681
3625       0.429564
3625        4.38031
3625        4.40051
3625       0.394758
3625        3.11017
3625        3.10618
3625        3.01192
3625       0.830072
3625        4.25146
3625        5.56035
3625        0.49124
3625        1.52677
3625        3.57551
3625        1.60611
3625        3.91039
3625        3.12868
3625        1.29268
3625         1.7954
3625          1.422
3625        4.23175
3625        1.60385
3625        2.90038
3625        5.90486
3625       0.546994
3625        1.03707
3625        5.56627
3625       0.977972
3625        3.49047
3625       0.896356
3625       0.210398
3625        2.55225
3625        2.64684
3625        5.94647
3625       0.134834
3625       0.633849
3625        3.61785
3625       0.532065
3625       0.771418
3625       0.208835
3625        4.31705
3625       0.250532
3625        4.16525
3625      0.0221767
3625        2.95401
3625       0.197728
3625        5.90914
3625      0.0292046
3625       0.469371
3625        3.66241
3625       0.807125
3625        4.52727
3625        3.19202
3625        1.56398
3625        2.98582
3625        3.09394
3625        0.92156
3625        3.84443
3625       0.349478
3625        6.08419
3625        1.32071
3625        2.36312
3625        3.20532
3625      0.0552486
3625        3.48767
3625       0.749722
3625        3.02278
3625        1.12796
3625        6.06226
3625        3.57654
3625        4.07301
3625        4.05051
3625         1.3539
3625        6.07893
3625        5.07156
3625       0.585013
3625       0.379274
3625        4.55097
3625        6.26579
3625         3.1232
3625        4.12904
3625        3.64613
3625       0.689999
3625        2.34821
3625        4.01307
3625        6.23761
3625        5.57485
3625        1.08766
3625        2.41489
3625       0.939093
3625         1.6296
3625       0.439826
3625         1.3139
3625       0.091414
3625        3.93188
3625         2.6886
3625        5.56166
3625        2.91595
3625        2.32898
3625       0.641473
3625        3.00325
3625        2.03823
3625        1.22454
3625        5.54816
3625       0.927976
3625        5.99078
3625       0.639273
3625       0.822709
3625        1.12998
3625        5.89002
3625      0.0802311
3625       0.182723
3625       0.849579
3625        4.57251
3625        2.19968
3625        6.19927
3625       0.262673
3625        3.72015
3625        1.41393
3625       0.228924
3625       0.837684
3625        1.18551
3625        2.11843
3625        5.87711
3625        2.47762
3625        2.59771
3625        5.62685
3625        3.57789
3625       0.898444
3625        6.05375
3625        5.51727
3625        1.42741
3625        2.13866
3625        5.88363
3625        3.73823
3625        5.02374
3625        3.15498
3625        5.76113
3625      0.0882245
3625        2.84707
3625       0.514375
3625      0.0960482
3625        4.37169
3625        4.84209
3625        3.41337
3625        3.84349
3625        3.57882
3625        3.05708
3625        1.20098
3625        2.79023
3625        2.94819
3625       0.540806
3625       0.951801
3625       0.534488
3625          5.357
3625        5.71488
3625        5.64149
3625        2.48119
3625        1.86683
3625        4.95092
3625        4.57911
3625         3.2686
3625        5.89896
3625        4.91884
3625        3.11346
3625        5.68093
3625        2.50202
3625        6.12145
3625        3.31959
3625        5.37363
3625        6.13711
3625         2.5764
3625       0.421006
3625        4.09512
3625        4.14351
3625       0.105906
3625        2.50657
3625       0.902256
3625        5.22045
3625       0.573513
3625        2.45374
3625        2.74841
3625       0.393597
3625       0.273889
3625         5.4009
3625        1.30957
3625       0.826092
3625        3.28094
3625         6.1413
3625        6.10195
3625         3.7092
3625        3.30183
3625        4.70556
3625        4.59157
3625        3.32821
3625        4.33699
3625         2.3367
3625        3.12813
3625        6.17951
3625        1.25172
3625        2.41482
3625        4.00475
3625        6.16561
3625        6.11514
3625          2.854
3625       0.144782
3625        3.93542
3625       0.498554
3625        3.93414
3625        3.84249
3625        5.74187
3625       0.184061
3625       0.748993
3625        4.15203
3625        2.70006
3625      0.0466304
3625        4.46332
3625        1.03623
3625       0.321449
3625        2.63009
3625        5.69824
3625        2.03689
3625       0.326836
3625        4.16776
3625        3.26793
3625         1.9914
3625        3.98702
3625       0.880918
3625        3.34243
3625        4.01518
3625        2.68269
3625        3.95801
3625        5.65407
3625        2.19704
3625       0.402189
3625       0.805701
3625        6.18433
3625        2.93388
3625        1.56659
3625        1.61741
3625       0.711755
3625         3.2234
3625        1.79918
3625        1.72684
3625       0.966958
3625       0.558867
3625        5.89934
3625        3.49009
3625         3.8577
3625       0.547696
3625        2.70895
3625       0.877732
3625       0.106145
3625        3.88665
3625        5.49943
3625        3.25629
3625         5.8262
3625       0.710172
3625       0.646339
3625        2.27521
3625        2.66323
3625         3.1776
3625        3.28166
3625       0.824341
3625        2.32004
3625       0.404565
3625        1.41812
3625         1.9713
3625        3.19961
3625        3.53202
3625        2.97804
3625        3.81224
3625        2.70171
3625        5.62365
3625      0.0736107
3625        1.93419
3625        2.58895
3625        1.13252
3625        2.94487
3625        6.27445
3625       0.370038
3625        4.83449
3625      0.0272907
3625        5.61375
3625          3.627
3625        6.14883
3625        4.47682
3625        6.13523
3625       0.715186
3625        2.98795
3625        5.85331
3625        6.05512
3625        2.78867
3625        4.12064
3625        1.03179
3625        4.44656
3625        2.67345
3625        3.81592
3625        2.62021
3625       0.247512
3625        3.09426
3625        3.51575
3625        1.35301
3625        5.39024
3625        5.77821
3625         4.1063
3625        2.64029
3625       0.332182
3625        2.81589
3625       0.140249
3625         1.3128
3625        3.18052
3625        1.63886
3625       0.685702
3625        2.47009
3625         3.8336
3625        5.74093
3625        3.76465
3625         4.0503
3625      0.0274968
3625        4.61092
3625        2.65605
3625        1.26358
3625        5.81399
3625       0.564412
3625        5.16337
3625       0.773102
3625        6.13352
3625        2.72654
3625        3.73889
3625        4.77717
3625       0.701942
3625        1.43812
3625        6.16282
3625        4.13608
3625       0.146953
3625        3.40612
3625        1.00106
3625        3.52963
3625        4.46514
3625       0.586624
3625       0.966635
3625        3.61615
3625        4.52461
3625        4.25159
3625        2.18362
3625        3.54972
3625        1.48534
3625      0.0216548
3625          5.425
3625        4.43095
3625        5.70243
3625        3.53329
3625       0.230069
3625        3.54279
3625         6.1284
3625       0.256665
3625        2.75804
3625        3.41801
3625      0.0775749
3625        2.01401
3625        2.33906
3625        3.36786
3625        4.33129
3625        3.19775
3625        3.41587
3625       0.356063
3625        6.16069
3625     0.00703372
3625        2.76788
3625        0.59594
3625        3.59371
3625        2.62305
3625        4.54706
3625        5.64168
3625      0.0570325
3625        3.35392
3625        4.48674
3625        3.99491
3625        3.78056
3625        3.27792
3625        6.22807
3625        2.82147
3625        6.06999
3625        3.86137
3625       0.497977
3625        3.46658
3625        2.76684
3625        3.58139
3625        4.19886
3625        6.00694
3625       0.958029
3625        6.14731
3625       0.409646
3625         1.6275
3625        6.19567
3625        3.23476
3625       0.653209
3625        4.43746
3625        3.06528
3625        4.34383
3625        5.99894
3625       0.574808
3625        3.72145
3625        1.01052
3625       0.617472
3625        4.39938
3625        6.10772
3625        4.65301
3625          2.537
3625       0.570316
3625        3.28018
3625        6.15859
3625       0.464779
3625        3.19736
3625        1.76757
3625        2.30271
3625       0.657994
3625       0.860133
3625        5.11828
3625        6.19548
3625        3.14115
3625       0.424351
3625        2.91072
3625         1.1632
3625        1.03513
3625        3.90868
3625        6.15025
3625        1.78753
3625         3.1974
3625         4.0871
3625        3.46935
3625        5.01736
3625        4.60592
3625       0.911281
3625        1.00305
3625        3.06578
3625        3.25266
3625         4.9932
3625        1.50375
3625       0.945316
3625       0.992051
3625        1.89657
3625        4.82191
3625         2.5849
3625        6.20627
3625        4.44439
3625        3.48032
3625        5.71694
3625       0.139847
3625        3.33143
3625        5.89642
3625        2.24803
3625        5.46617
3625          2.581
3625        5.99706
3625        4.62949
3625        5.45685
3625       0.621793
3625        5.94853
3625        1.56571
3625        3.61743
3625       0.233094
3625       0.819093
3625       0.930965
3625        2.03763
3625        0.21736
3625         1.0096
3625        3.98908
3625        4.23362
3625        2.97668
3625        0.72165
3625        2.89386
3625       0.847516
3625        4.17457
3625        3.73344
3625        6.18095
3625       0.676154
3625        2.61802
3625        0.35882
3625       0.123447
3625       0.835978
3625        3.94542
3625        3.67288
3625        2.64906
3625        3.19439
3625        5.67592
3625        1.48306
3625      0.0336512
3625      0.0418895
3625        1.56114
3625        3.30543
3625        5.20732
3625        3.43838
3625        3.99896
3625         5.3881
3625         1.3241
3625       0.252874
3625       0.356362
3625       0.595709
3625       0.506885
3625       0.764067
3625        2.95059
3625        5.76593
3625        3.24826
3625        4.58199
3625        3.02371
3625        4.97152
3625        2.36582
3625        2.39939
3625        1.57014
3625       0.373829
3625        3.61586
3625        2.61259
3625       0.144303
3625       0.483752
3625        4.68615
3625       0.300381
3625        2.71317
3625        2.99883
3625       0.265292
3625        5.39273
3625       0.659749
3625        4.72438
3625        2.49418
3625         4.7688
3625        5.87556
3625         3.4035
3625       0.192753
3625        4.20192
3625        1.60321
3625        3.98546
3625       0.325944
3625       0.656022
3625         1.4465
3625         5.2731
3625     0.00656369
3625        4.14479
3625       0.644012
3625        3.95176
3625       0.928716
3625        1.87582
3625        6.07153
3625        2.91395
3625        3.93367
3625        1.64939
3625         6.2356
3625        4.06956
3625        1.13512
3625        2.61349
3625        3.48188
3625        0.62749
3625       0.439133
3625        4.10049
3625       0.919066
3625        6.13455
3625         3.2446
3625        3.04639
3625        3.68734
3625        2.88228
3625        3.67248
3625        2.97236
3625        2.57356
3625       0.354666
3625       0.942797
3625        2.60649
3625      0.0403509
3625        5.03461
3625       0.226555
3625        3.12322
3625        4.13765
3625         1.4678
3625      0.0813993
3625        4.44089
3625         1.2105
3625       0.302754
3625        6.14995
3625        6.24025
3625       0.331883
3625       0.369861
3625        2.39515
3625        6.18726
3625        4.31886
3625         5.6841
3625        6.21904
3625        3.77453
3625        5.27882
3625        4.02276
3625      0.0122316
3625        3.93395
3625       0.124671
3625        3.15842
3625       0.798392
3625        5.03945
3625        3.84697
3625       0.731607
3625        3.72228
3625        1.57793
3625        1.20452
3625        6.18665
3625        6.06497
3625        3.94201
3625        4.33743
3625       0.696458
3625        3.09787
3625        6.25281
3625        3.83904
3625        6.27836
3625       0.988977
3625       0.863107
3625        1.50664
3625       0.347723
3625      0.0469679
3625       0.348166
3625      0.0525278
3625        1.83491
3625       0.307232
3625        2.91829
3625       0.652383
3625        5.61921
3625        3.86201
3625        6.24879
3625       0.380457
3625       0.389542
3625       0.586397
3625       0.376253
3625        3.01365
3625        1.61401
3625        1.37096
3625       0.378268
3625        4.80744
3625        3.19997
3625        6.12908
3625        3.79313
3625        2.24647
3625        6.12829
3625        1.00807
3625       0.223513
3625        5.87492
3625       0.610564
3625         4.1952
3625        2.16546
3625         5.4155
3625        2.31649
3625        3.25142
3625        2.45454
3625        3.20233
3625        2.41293
3625        2.23919
3625        5.86179
3625        2.20039
3625        1.98421
3625        4.27161
3625       0.270963
3625        2.42968
3625        4.21603
3625       0.912967
3625        2.74197
3625       0.378982
3625        3.46086
3625       0.218493
3625        4.44174
3625       0.477044
3625         4.6173
3625        3.25909
3625       0.507449
3625        2.35476
3625        2.07611
3625        2.91663
3625         5.9331
3625       0.825264
3625        3.64724
3625        6.22716
3625        6.19751
3625         5.4032
3625        4.87237
3625        3.10472
3625        6.16574
3625        5.16005
3625         3.4479
3625        2.06473
3625        3.57778
3625        2.59911
3625        6.07599
3625        1.35198
3625        5.92033
3625        3.31146
3625        1.13895
3625        2.51347
3625        3.33527
3625        1.28848
3625        3.26314
3625        4.36109
3625        5.81735
3625       0.697591
3625        5.01585
3625        5.04487
3625       0.506535
3625        3.52601
3625       0.206079
3625        4.33548
3625         4.6448
3625        5.61305
3625       0.112394
3625        3.00108
3625        5.47695
3625       0.592069
3625        2.60551
3625        3.42768
3625        0.80322
3625        2.72889
3625        5.72608
3625       0.634786
3625        2.06365
3625        4.82701
3625         3.1815
3625       0.558062
3625        4.04198
3625        3.35204
3625       0.884823
3625        1.70631
3625        1.69457
3625        2.94713
3625        3.01153
3625        3.62372
3625       0.934765
3625        3.02647
3625        3.69614
3625       0.517433
3625        5.23399
3625       0.181454
3625        5.68144
3625        2.76347
3625        4.06821
3625        2.69101
3625        4.49292
3625          4.164
3625        3.67759
3625        6.04333
3625        2.36542
3625         5.1447
3625        3.34937
3625        3.71168
3625        3.02578
3625        2.62936
3625      0.0885716
3625        3.31417
3625        1.04924
3625       0.037007
3625        3.27362
3625        2.56525
3625        3.43155
3625        4.02254
3625        5.32809
3625        5.97638
3625        3.58639
3625        2.24713
3625        2.66012
3625       0.741407
3625        5.60922
3625        0.19598
3625        4.41166
3625       0.397122
3625        3.98345
3625        3.73392
3625        3.84318
3625        2.66046
3625       0.823648
3625        3.45118
3625       0.735646
3625        1.91154
3625       0.640614
3625       0.190573
3625        3.26549
3625        6.03181
3625        3.43138
3625        5.45826
3625       0.546352
3625        1.07934
3625       0.359014
3625       0.124456
3625        2.91975
3625        0.13872
3625       0.235004
3625        4.23866
3625        3.29331
3625        3.94842
3625       0.852113
3625        1.94035
3625        3.63992
3625        3.39262
3625        2.70429
3625       0.306165
3625        6.25521
3625        5.86881
3625        3.60156
3625        1.28987
3625       0.932417
3625        2.12286
3625       0.694639
3625        3.44332
3625        2.84277
3625        3.63929
3625          2.305
3625        4.76984
3625         2.6888
3625        5.56241
3625        0.11687
3625        2.51451
3625        4.01601
3625       0.267071
3625        1.49014
3625      0.0483614
3625        3.12389
3625       0.938671
3625        6.18563
3625        4.19922
3625        3.05148
3625        6.14933
3625        1.17449
3625        5.98463
3625      0.0568169
3625         4.0221
3625        2.97807
3625        5.85774
3625         6.1723
3625        6.11476
3625        1.45074
3625        2.55675
3625         1.4957
3625        3.67658
3625        6.05127
3625      0.0455043
3625        2.52665
3625        3.04968
3625       0.431471
3625         2.3119
3625        4.53806
3625        1.30665
3625        4.85891
3625        3.59771
3625        1.08787
3625        2.38741
3625       0.967703
3625        3.05055
3625         1.2336
3625        3.27273
3625        6.05774
3625        3.63376
3625        3.54415
3625       0.223499
3625        5.66627
3625       0.524971
3625         4.7159
3625        3.71697
3625        3.36432
3625        2.78294
3625        5.67408
3625        5.00926
3625        2.32461
3625        1.38155
3625        1.11736
3625        5.67622
3625         5.2455
3625        2.03453
3625         3.7015
3625      0.0268958
3625        3.03508
3625        5.23241
3625       0.889406
3625        2.78631
3625         3.7124
3625        3.90648
3625      0.0199016
3625        1.06713
3625        6.21077
3625        5.31052
3625        2.26853
3625       0.617658
3625        0.79213
3625        3.47984
3625        4.18107
3625        4.51381
3625        6.19332
3625        4.03327
3625        2.24051
3625        3.41931
3625        4.69256
3625        3.37952
3625        5.93471
3625       0.912347
3625        5.28066
3625        3.08973
3625        2.61252
3625        2.84705
3625       0.625537
3625        3.74232
3625         6.1315
3625        3.03569
3625        5.49419
3625        4.25482
3625        3.12297
3625        5.07323
3625        4.64028
3625       0.584178
3625         1.8336
3625        4.37086
3625       0.706196
3625        4.49253
3625        2.67284
3625        3.56128
3625        3.07475
3625        3.73679
3625        5.37119
3625        4.20152
3625        1.32626
3625        2.71802
3625        1.77988
3625        5.54069
3625        6.13168
3625       0.603185
3625         4.0049
3625         3.8457
3625        2.69951
3625        4.87528
3625         4.3879
3625        4.18477
3625        6.06821
3625       0.099549
3625        3.30909
3625        3.11581
3625        1.00245
3625        2.33612
3625       0.484797
3625        3.34398
3625        2.91769
3625        4.20307
3625        1.05656
3625        2.46719
3625        6.16886
3625        3.12006
3625         6.2775
3625        6.13665
3625        4.95063
3625        3.78295
3625       0.815397
3625        1.49439
3625        4.13914
3625        5.91867
3625        2.84183
3625       0.996039
3625        3.60283
3625        1.53038
3625        1.50514
3625        2.56957
3625        3.12617
3625      0.0630327
3625        2.71343
3625         5.5956
3625        2.90636
3625        1.47929
3625        3.70296
3625       0.717571
3625        3.00214
3625        1.90786
3625        1.54852
3625       0.172445
3625       0.358616
3625        1.49344
3625        4.26166
3625        5.96624
3625        2.87306
3625        3.51908
3625        2.92931
3625          0.721
3625        2.79858
3625      0.0690658
3625       0.637595
3625          5.995
3625       0.829271
3625        3.61364
3625       0.382558
3625        1.66779
3625        2.54073
3625       0.539775
3625        2.43536
3625        0.79709
3625        3.52091
3625        5.83587
3625       0.508857
3625        3.10857
3625        2.83787
3625        3.77289
3625        5.58863
3625        2.46878
3625       0.345106
3625        3.80653
3625        4.32271
3625        5.35876
3625        4.27349
3625        2.28768
3625        6.05565
3625       0.153595
3625       0.630024
3625        2.26693
3625        5.03345
3625        5.94162
3625        6.16318
3625       0.438125
3625        3.99572
3625        5.73398
3625        3.52768
3625        5.98373
3625         3.8865
3625        1.38344
3625       0.337056
3625        2.97505
3625       0.942339
3625        3.97309
3625        3.70445
3625        5.97144
3625        3.57542
3625       0.477485
3625        2.70798
3625        3.61895
3625        3.79287
3625        5.96553
3625        0.74695
3625        4.39958
3625         3.1969
3625        2.48736
3625        2.72905
3625        5.62397
3625        3.77934
3625       0.345113
3625        3.64203
3625       0.231115
3625        3.70833
3625        3.94075
3625       0.752383
3625       0.222059
3625        2.63316
3625         5.6606
3625        6.15664
3625        6.18854
3625        3.72746
3625        5.42147
3625        4.35331
3625        2.58195
3625        2.84817
3625        1.16071
3625      0.0672454
3625        3.34997
3625        3.19523
3625      0.0729055
3625        3.08688
3625        4.49027
3625        3.62864
3625       0.352386
3625       0.792323
3625        2.52332
3625        1.28399
3625         4.0353
3625        4.13649
3625       0.958219
3625        3.73501
3625       0.255077
3625       0.148777
3625        1.37502
3625        3.74471
3625       0.961886
3625         5.9613
3625        5.85967
3625         1.1722
3625        3.08404
3625       0.279275
3625        2.63395
3625        5.77192
3625       0.132136
3625        3.89855
3625       0.518568
3625        2.95546
3625         4.9731
3625         3.0151
3625        2.95811
3625         3.2959
3625        6.15391
3625        1.47683
3625        5.35332
3625        5.96829
3625         4.2261
3625         4.5849
3625        5.49959
3625        0.73519
3625        1.83158
3625        5.41067
3625        3.54075
3625        4.18228
3625        3.77975
3625       0.239161
3625        1.35641
3625        1.15189
3625        3.17626
3625        4.50257
3625        1.09812
3625      0.0265119
3625        3.23345
3625        3.27278
3625        4.08521
3625        4.69082
3625        3.61019
3625      0.0298334
3625        3.81775
3625      0.0879908
3625       0.514986
3625        3.00022
3625       0.755194
3625        5.81819
3625          3.341
3625        1.88702
3625        4.63979
3625       0.564601
3625        3.20675
3625        1.36849
3625        6.16057
3625        3.61892
3625        1.10859
3625        1.79244
3625         2.5616
3625         5.0726
3625        0.74144
3625        4.11391
3625        2.53687
3625        4.78523
3625       0.296464
3625        1.98225
3625        2.17721
3625        1.94874
3625        4.82777
3625        2.59229
3625        3.01109
3625        3.28161
3625        5.92793
3625        5.15941
3625        3.70722
3625        3.17599
3625        5.61559
3625        4.74608
3625        1.76866
3625        2.43754
3625        2.96013
3625        5.72645
3625        6.10028
3625        1.87309
3625        3.73599
3625        3.72506
3625        2.40892
3625        3.95588
3625        1.37416
3625        1.66669
3625       0.695709
3625        1.42607
3625       0.797225
3625        4.04213
3625        3.22518
3625        2.81206
3625        3.66962
3625        2.31535
3625        4.57062
3625        4.18514
3625        2.97211
3625       0.268028
3625        1.18106
3625        1.27226
3625        1.35394
3625        2.89418
3625        2.52332
3625        6.03883
3625        6.23437
3625         3.7027
3625       0.118382
3625        3.20474
3625        4.28446
3625       0.472032
3625        3.88403
3625        2.71599
3625        3.31488
3625        0.71415
3625        3.82743
3625       0.639219
3625         2.0404
3625        3.12227
3625        3.00402
3625        5.24034
3625        3.99156
3625        2.89503
3625        1.36933
3625        3.07128
3625        0.25713
3625        0.63767
3625       0.422539
3625        4.97012
3625        3.77036
3625        2.91914
3625        3.38803
3625         2.6761
3625        5.69762
3625        0.50119
3625       0.303278
3625        4.19234
3625         4.0239
3625        2.29621
3625        0.37652
3625        6.24234
3625        3.00619
3625        2.38255
3625        1.88819
3625        4.04525
3625        5.60213
3625        3.30786
3625       0.947573
3625        3.06179
3625        2.42889
3625        6.01992
3625        2.56216
3625        0.91784
3625        1.66944
3625        3.63546
3625        3.07803
3625        2.82975
3625        5.06962
3625        3.79837
3625        1.53616
3625        3.02145
3625       0.785995
3625        5.28006
3625        5.92099
3625        6.06298
3625       0.717756
3625        3.59242
3625       0.323653
3625        1.43644
3625        2.69245
3625        4.79451
3625       0.528968
3625        1.62936
3625        3.33857
3625        4.15159
3625       0.389115
3625        3.87141
3625        3.31218
3625       0.646459
3625        2.00242
3625        2.95459
3625        1.04572
3625        6.07992
3625        4.48281
3625       0.326059
3625          5.907
3625        1.87921
3625       0.782893
3625        1.07954
3625        3.64131
3625        3.88584
3625       0.761152
3625        4.32852
3625        6.13615
3625        3.76666
3625       0.208617
3625        0.92528
3625       0.991761
3625       0.126525
3625        5.11394
3625        3.25758
3625        6.06423
3625        3.94204
3625        3.11298
3625       0.207274
3625        2.75972
3625       0.744376
3625       0.646119
3625        1.02314
3625        1.26416
3625        5.92662
3625        3.29047
3625        3.70988
3625        4.65905
3625      0.0325934
3625       0.480998
3625        5.71734
3625        1.19737
3625        2.33333
3625       0.162688
3625        3.71096
3625        3.07796
3625        1.27875
3625        1.87888
3625        6.28144
3625       0.180082
3625        3.36076
3625        3.98644
3625        5.78774
3625        3.58013
3625        2.98809
3625       0.915095
3625         3.5088
3625       0.246029
3625       0.830996
3625       0.205853
3625         2.2026
3625        1.69731
3625        3.99256
3625        1.35059
3625        5.97563
3625       0.323511
3625        4.91861
3625        3.72054
3625       0.763584
3625        4.59225
3625        1.33892
3625        3.34507
3625         2.5251
3625        5.75891
3625        0.73351
3625        1.66606
3625        5.65153
3625        1.63157
3625        3.53586
3625       0.611675
3625        0.15917
3625       0.247012
3625        3.06812
3625        3.62974
3625        2.85824
3625        4.12027
3625       0.425618
3625         2.2175
3625        4.42961
3625       0.362731
3625        1.41246
3625       0.831099
3625        3.68389
3625         2.7721
3625         2.4082
3625       0.550857
3625        2.81909
3625        5.50868
3625       0.847901
3625        3.83885
3625        1.76982
3625       0.478106
3625       0.602496
3625        1.34471
3625        3.82212
3625       0.470594
3625        3.69155
3625       0.784061
3625          3.713
3625         1.6694
3625        2.88158
3625       0.140532
3625        4.78713
3625        3.69379
3625        2.22544
3625        3.75856
3625        3.53652
3625        4.20823
3625        3.81946
3625        6.06069
3625       0.129608
3625        1.78278
3625      0.0160621
3625        3.70825
3625        3.71453
3625        1.47156
3625        3.50058
3625        1.42495
3625        1.37236
3625        3.42406
3625        5.78968
3625        0.94858
3625       0.229065
3625        4.26697
3625        4.08368
3625        5.37439
3625        4.45291
3625         6.0363
3625        2.80196
3625        5.78468
3625        2.69883
3625       0.416711
3625        4.19332
3625        2.62685
3625        2.44128
3625        1.39098
3625        1.87896
3625        2.85904
3625        3.70739
3625       0.310476
3625         2.6091
3625      0.0195892
3625        4.77917
3625        5.03747
3625        4.93697
3625        1.66046
3625        5.55223
3625       0.232189
3625      0.0568579
3625        5.49671
3625         4.5535
3625        1.61965
3625        1.48941
3625        4.04932
3625        5.42814
3625         5.2693
3625       0.217588
3625        2.98242
3625       0.622512
3625        2.81753
3625        2.90339
3625        3.22364
3625        3.71118
3625        5.68386
3625        3.30942
3625        4.92982
3625        2.45363
3625        6.00992
3625        3.15842
3625        3.85883
3625        4.90651
3625        4.21123
3625        2.70818
3625        6.22976
3625        1.90424
3625        2.17352
3625       0.349685
3625        3.18083
3625       0.437274
3625        3.66014
3625        1.55245
3625       0.687528
3625      0.0897693
3625        2.67857
3625         5.6926
3625        1.37246
3625       0.773482
3625       0.108884
3625        3.12489
3625        5.41674
3625        4.14282
3625         5.0065
3625        5.43975
3625        2.44214
3625        1.27604
3625        4.87976
3625        2.35208
3625         2.9634
3625       0.833246
3625         2.7813
3625        1.24046
3625        3.28824
3625        5.07856
3625         3.1176
3625        4.55395
3625         6.0337
3625        6.23314
3625        3.58283
3625        2.94576
3625         3.1942
3625        4.70171
3625        3.58555
3625         1.1423
3625        2.65869
3625       0.568882
3625        6.04872
3625        2.40036
3625        1.41793
3625        2.20077
3625       0.359099
3625        3.90984
3625         0.3502
3625        2.01855
3625        4.08594
3625       0.194206
3625       0.176512
3625         5.8246
3625         1.4643
3625       0.128142
3625        2.78574
3625        3.61023
3625        6.04047
3625       0.253567
3625        3.47086
3625       0.644813
3625        2.97248
3625       0.391859
3625       0.612379
3625          4.813
3625        2.74691
3625       0.631621
3625        2.98878
3625         3.1884
3625        4.28524
3625        3.33247
3625        4.16288
3625         1.3703
3625        6.16307
3625       0.395534
3625        3.32887
3625        5.58363
3625        5.39317
3625       0.660854
3625        3.86221
3625        6.20133
3625        6.27089
3625       0.748487
3625        6.19035
3625        4.55379
3625         4.1378
3625         3.0462
3625        5.99105
3625       0.873931
3625        3.84096
3625        3.49146
3625       0.469385
3625       0.342626
3625        1.06273
3625         5.2546
3625        1.09088
3625        1.41162
3625        2.99593
3625        1.71809
3625          4.848
3625        5.05725
3625        4.90372
3625        3.67476
3625        2.92829
3625        3.86646
3625        2.82054
3625        3.64797
3625        2.79501
3625        3.02404
3625        1.38212
3625        5.39676
3625       0.431214
3625        3.02688
3625        3.96112
3625       0.011825
3625        4.12273
3625       0.407029
3625       0.625916
3625        2.73486
3625        6.16907
3625        1.92259
3625        4.12068
3625        1.27191
3625        3.97565
3625        1.71694
3625        2.59699
3625        4.49899
3625        2.96024
3625        3.60181
3625        4.18045
3625        5.98476
3625        1.49995
3625        4.05367
3625        1.41225
3625        4.33771
3625        2.81715
3625        0.96364
3625        3.67863
3625       0.432291
3625        4.21551
3625        4.24149
3625         4.7158
3625        3.06738
3625       0.944169
3625        3.79395
3625         5.2518
3625       0.739251
3625        6.25957
3625         6.1883
3625        5.21731
3625        5.65917
3625        3.76163
3625       0.546921
3625        3.63437
3625        4.06218
3625        3.38746
3625        4.88685
3625       0.228688
3625       0.191632
3625        3.59935
3625        5.64876
3625       0.584022
3625        2.98332
3625        5.10798
3625        3.84425
3625        3.43744
3625       0.262894
3625        3.19907
3625        1.01376
3625       0.265093
3625         2.5979
3625        2.71395
