3391        4.36135
3391        3.51818
3391        4.12259
3391       0.321603
3391         5.0847
3391        2.91981
3391      0.0927002
3391        4.45527
3391        2.05064
3391        2.81538
3391        4.93791
3391        6.19407
3391        5.60761
3391         2.9278
3391       0.717458
3391        2.06967
3391        2.63071
3391        2.31228
3391        1.95648
3391        2.14733
3391        4.77488
3391        6.07422
3391        3.54223
3391        1.63724
3391        5.13699
3391        5.81311
3391        4.91513
3391        5.76013
3391        5.67358
3391        5.06705
3391        4.54009
3391        1.44944
3391        4.78627
3391         3.0871
3391       0.586378
3391         2.2971
3391        2.12406
3391        3.54253
3391        2.28266
3391        5.94425
3391        3.84719
3391        5.57973
3391        5.61729
3391         1.5682
3391        4.85025
3391        4.71203
3391        2.73896
3391        5.52866
3391        1.56227
3391        3.60749
3391        1.24999
3391        4.77396
3391       0.146633
3391        2.44771
3391        2.86789
3391        1.46059
3391        1.11331
3391        4.59309
3391       0.188885
3391        2.29303
3391        1.47812
3391        2.61232
3391        2.24838
3391        5.52805
3391        2.57541
3391        1.96623
3391        4.53998
3391        4.64178
3391        5.88297
3391        2.14921
3391        1.08912
3391        5.82695
3391        2.62531
3391        2.29807
3391        2.01091
3391        1.94966
3391        3.97554
3391        5.81886
3391        1.73356
3391        5.76558
3391         4.9026
3391        3.43447
3391        2.27079
3391        2.78048
3391        2.91533
3391        3.96757
3391        5.49204
3391        6.17168
3391        2.42102
3391        5.91996
3391        4.07916
3391        4.70217
3391        1.57455
3391        1.56744
3391        1.37011
3391        5.00612
3391         3.8392
3391       0.565935
3391        4.92911
3391        2.72831
3391        1.93926
3391        5.35814
3391        6.21734
3391        5.85646
3391         2.1907
3391        4.56512
3391        2.45794
3391        5.40745
3391        3.68048
3391        2.05831
3391        3.98886
3391        6.13978
3391        5.63217
3391        1.34971
3391        4.29219
3391        4.09033
3391        4.21858
3391        2.06327
3391        1.54737
3391         2.3962
3391        3.65532
3391       0.501934
3391        2.70988
3391       0.965992
3391        2.15928
3391       0.349796
3391        2.60934
3391        5.64392
3391        5.55839
3391        2.40116
3391        5.11271
3391        2.90932
3391        5.48389
3391        2.80494
3391        4.32221
3391        5.95226
3391        5.76959
3391       0.918869
3391        3.41166
3391        6.02781
3391        5.69772
3391        1.16584
3391        2.65238
3391        6.17178
3391        2.38837
3391        4.54796
3391        6.09494
3391        5.49577
3391        3.73606
3391        1.73481
3391        1.83928
3391        5.90556
3391        2.13892
3391        2.10242
3391        4.66743
3391        4.37442
3391        5.25968
3391        4.57872
3391        2.66661
3391        3.98649
3391        1.35422
3391        3.89093
3391       0.318289
3391        5.97955
3391        4.31404
3391        4.29031
3391        4.02107
3391        4.11096
3391        5.45319
3391        3.75884
3391        1.77816
3391        4.69635
3391        2.90913
3391        4.74137
3391        1.10119
3391        3.80967
3391        1.19789
3391        2.22663
3391        1.07972
3391       0.187429
3391        1.27378
3391        2.40147
3391        1.63732
3391        6.01413
3391         3.9208
3391        5.81438
3391        2.49864
3391        4.00235
3391        1.30037
3391        5.90817
3391        1.03973
3391        5.96227
3391        5.61033
3391          2.944
3391        2.84625
3391        3.07637
3391        2.88845
3391         3.9253
3391        5.83589
3391        0.97248
3391        5.38336
3391       0.847744
3391        1.30374
3391        1.54082
3391         5.3298
3391        4.58032
3391        1.39722
3391        5.12293
3391        1.96047
3391        4.74093
3391        4.97562
3391        5.18237
3391        2.99713
3391        1.43588
3391         1.1248
3391       0.856166
3391        2.96471
3391        5.46193
3391        4.16179
3391        5.45267
3391        5.55869
3391         5.7477
3391        3.61859
3391        4.46052
3391        1.21462
3391        2.96637
3391        3.24807
3391       0.883082
3391         2.1534
3391         1.0071
3391        5.60502
3391        6.16513
3391        5.67078
3391        2.18314
3391        5.06412
3391       0.834222
3391        6.08716
3391        1.01913
3391       0.241222
3391        3.79054
3391        4.99551
3391        6.15122
3391       0.458978
3391        5.13516
3391        3.11005
3391       0.892064
3391         3.6798
3391        3.22315
3391        4.19946
3391       0.273844
3391        3.88382
3391        5.55239
3391         4.9518
3391        1.54975
3391       0.422338
3391        2.35554
3391        4.71948
3391         1.8735
3391        1.11568
3391        4.73463
3391        1.06517
3391        2.76272
3391        1.05547
3391        5.53089
3391        5.65309
3391        5.45731
3391        4.84708
3391        4.75849
3391        4.14926
3391        5.47046
3391        5.08319
3391        1.72398
3391        2.57787
3391          4.219
3391        5.19443
3391        1.73642
3391        5.79474
3391        5.77736
3391        1.34113
3391        5.07305
3391        2.14088
3391        2.94978
3391        1.25068
3391        4.51244
3391       0.634145
3391        4.74725
3391        5.85203
3391        5.21461
3391         0.7922
3391       0.202281
3391        3.44983
3391        2.93321
3391       0.273514
3391        2.86732
3391         2.9813
3391        2.88157
3391        1.55921
3391        3.48069
3391         1.3076
3391        3.58861
3391        5.44797
3391        4.87979
3391        5.10766
3391        1.23285
3391        1.73871
3391        5.46566
3391        4.06952
3391        3.27894
3391        3.01522
3391        1.75894
3391       0.868776
3391        1.91742
3391        1.19188
3391       0.552846
3391        5.19253
3391        1.46482
3391        5.19177
3391        5.28659
3391        4.27207
3391        3.85439
3391         0.2049
3391        1.91938
3391        5.27412
3391        4.25321
3391        5.52719
3391        1.95922
3391        1.71805
3391        1.22953
3391        1.98648
3391        1.30476
3391        1.53285
3391        4.86131
3391        6.13117
3391        5.18508
3391        3.47683
3391        2.78686
3391        1.62959
3391         4.6058
3391        3.10701
3391        4.52031
3391        3.51002
3391        3.85045
3391        4.87722
3391        4.76273
3391        6.05402
3391        1.91237
3391        5.88844
3391       0.820644
3391        6.07676
3391        2.35893
3391        4.90588
3391       0.146893
3391         3.9369
3391        2.61631
3391        3.45885
3391        4.61642
3391        4.06468
3391        4.62014
3391        5.03599
3391        3.44382
3391        1.67557
3391        1.56339
3391        1.79429
3391       0.125609
3391        2.69032
3391        4.52069
3391        2.07337
3391        4.87625
3391      0.0292341
3391        2.55193
3391        5.49317
3391        3.64524
3391        2.50521
3391        5.51359
3391        1.67186
3391        5.12176
3391        1.37412
3391        4.24632
3391        1.58528
3391        1.96062
3391        1.14308
3391        2.52706
3391        2.22041
3391        1.85553
3391        4.50654
3391        2.74422
3391        4.65813
3391         5.1939
3391        3.12107
3391        2.12995
3391       0.947349
3391         5.7812
3391        4.36517
3391        1.84965
3391       0.472134
3391        4.65682
3391        2.53354
3391        5.60118
3391        1.72773
3391        5.08442
3391        5.61176
3391        2.90041
3391        2.64898
3391       0.995904
3391        6.19586
3391        4.70737
3391          4.893
3391        4.24831
3391        3.93973
3391        2.27728
3391        6.10899
3391        1.49555
3391        5.78526
3391        1.64916
3391        2.99476
3391       0.160786
3391      0.0515646
3391        3.58269
3391        2.63181
3391        3.84426
3391        1.95445
3391        4.80119
3391        1.03663
3391        2.00632
3391        5.30312
3391        5.90348
3391        1.64011
3391        6.03179
3391        4.84374
3391        1.62449
3391        5.59194
3391        2.53919
3391       0.636072
3391       0.735355
3391        4.75585
3391        1.88762
3391        2.58228
3391        5.39974
3391        5.19548
3391        3.23441
3391         0.8293
3391        1.45626
3391        5.25559
3391        2.21979
3391        2.44683
3391        3.95848
3391        1.49514
3391        5.40081
3391        1.19627
3391        2.26529
3391        1.99946
3391        3.62494
3391       0.728713
3391       0.756546
3391        4.35021
3391        4.21274
3391        4.41919
3391       0.618653
3391        2.52886
3391       0.461567
3391         2.5424
3391        2.55164
3391         4.4931
3391        3.26064
3391        4.54865
3391        1.76778
3391        5.10359
3391        1.37478
3391        3.37911
3391        3.11074
3391        2.42884
3391        1.67528
3391        1.39667
3391        4.23407
3391        2.21385
3391       0.772878
3391        2.55769
3391        1.45022
3391        2.50006
3391        4.05488
3391        4.99663
3391         6.0415
3391        4.17391
3391        2.59712
3391        5.99914
3391        4.42521
3391        4.91365
3391        2.26177
3391        4.83743
3391        4.59739
3391        4.83271
3391        1.90154
3391        5.46694
3391        4.21089
3391        5.50922
3391        2.27984
3391       0.628034
3391       0.193192
3391        1.41152
3391        5.80526
3391        2.26231
3391        5.90506
3391        2.11236
3391        1.58097
3391        5.64842
3391        3.44862
3391       0.646681
3391      0.0003409
3391        4.18263
3391        1.20336
3391        4.38753
3391        1.63433
3391        5.75668
3391        1.35438
3391       0.462131
3391        1.48294
3391        3.40665
3391        3.81929
3391        5.06476
3391        5.05591
3391        1.88621
3391        2.01389
3391         1.8587
3391        2.63206
3391        4.26077
3391        5.70121
3391        1.57224
3391        2.85243
3391        6.05995
3391        5.29426
3391        5.07985
3391       0.409823
3391         4.4769
3391       0.722661
3391       0.147164
3391        1.37774
3391        4.91159
3391        4.99818
3391        5.57879
3391        4.33475
3391        2.02404
3391        5.12958
3391        5.38005
3391        1.87107
3391        5.57106
3391        2.29745
3391         6.1663
3391       0.696513
3391        4.70105
3391        0.35352
3391        2.82246
3391        5.29521
3391        1.21435
3391        2.21763
3391        3.65904
3391        4.76328
3391         3.0231
3391        1.83115
3391        3.02814
3391        5.16604
3391        5.00021
3391     0.00359807
3391         2.2562
3391        5.67948
3391        4.12633
3391        2.37664
3391        5.22765
3391        5.02743
3391        3.80184
3391         5.8289
3391         1.0902
3391        4.93692
3391         1.2757
3391        5.20624
3391        6.16855
3391        3.91869
3391        0.68953
3391        2.21134
3391        4.97375
3391        1.23722
3391        5.30407
3391        1.26618
3391        4.02981
3391       0.965085
3391        1.94847
3391        4.95453
3391         2.3639
3391        2.43957
3391        5.83766
3391       0.228828
3391        2.37755
3391        6.26766
3391        3.17971
3391        2.88698
3391         1.6249
3391        2.12092
3391         1.2964
3391        1.59172
3391        6.11844
3391        4.35283
3391        3.20156
3391       0.488065
3391        4.74513
3391        4.73259
3391        4.07638
3391        2.48794
3391       0.965851
3391        4.76313
3391         2.9268
3391        2.43212
3391        1.51021
3391       0.532952
3391        4.22447
3391        5.68549
3391        3.44525
3391        5.03369
3391        5.99056
3391        3.78038
3391        3.03932
3391        3.64494
3391        4.98973
3391        5.22478
3391        2.43188
3391        5.10597
3391       0.213379
3391        1.34889
3391        5.85423
3391        3.40782
3391        1.13852
3391        4.97583
3391        1.16898
3391        4.95179
3391        1.19122
3391       0.423457
3391        1.99901
3391        6.04254
3391        2.40041
3391         3.3426
3391        3.31863
3391        5.38095
3391        2.39378
3391       0.299089
3391        5.32162
3391        5.67492
3391        2.92643
3391        2.76251
3391        2.64176
3391         2.4148
3391        6.15692
3391        5.51887
3391        3.63877
3391        4.19402
3391        1.70367
3391        2.91668
3391        5.02483
3391        2.59045
3391        1.45486
3391        4.91997
3391        4.62715
3391        1.87535
3391        1.37813
3391        1.80042
3391         2.3116
3391         4.0152
3391        2.48453
3391        1.63756
3391        4.59213
3391        4.20021
3391         1.8472
3391        5.32166
3391        1.19182
3391        5.24514
3391        5.79542
3391        4.80528
3391        4.77066
3391        1.71896
3391        2.55272
3391        4.66928
3391       0.759209
3391        5.15571
3391        2.06458
3391        1.68196
3391        3.11509
3391        6.21966
3391        2.24711
3391           1.87
3391         1.5936
3391        1.40795
3391        2.35731
3391         4.7811
3391        2.36621
3391       0.985712
3391        3.52036
3391        4.21029
3391        4.11049
3391        1.89822
3391         4.4791
3391        2.29871
3391        5.36405
3391        5.78089
3391        4.43938
3391        5.72281
3391        4.75999
3391        1.93698
3391        2.17316
3391          2.498
3391        1.55507
3391        4.67145
3391         2.0586
3391        4.85129
3391        1.00191
3391        1.34888
3391        5.43651
3391       0.692691
3391        4.09449
3391        1.51929
3391      0.0109629
3391        2.60507
3391        3.36283
3391        2.54321
3391        3.29271
3391        1.13608
3391        5.13426
3391        3.85735
3391         3.9365
3391        2.52962
3391        5.17975
3391       0.376397
3391        1.11241
3391      0.0895255
3391        2.54821
3391        4.98945
3391       0.676656
3391        3.34107
3391        5.22081
3391        5.37197
3391         6.2152
3391        5.16767
3391        4.64767
3391        4.46882
3391        4.69091
3391        2.22459
3391         5.7687
3391         5.8909
3391       0.809437
3391        2.49817
3391        2.00525
3391         4.0967
3391        2.89148
3391        4.89323
3391        1.87492
3391        3.95437
3391       0.378425
3391        4.70392
3391        1.93263
3391        4.67404
3391        2.17363
3391        4.00537
3391        2.51519
3391        4.38477
3391        4.78208
3391        5.41767
3391        1.82363
3391        5.12535
3391        1.32512
3391        6.15012
3391        4.25445
3391        2.20749
3391        4.13792
3391         5.0685
3391        2.75264
3391        1.42868
3391          2.444
3391        3.02783
3391        5.86097
3391       0.216258
3391         0.2976
3391         3.1956
3391         2.5859
3391        4.44449
3391        3.58524
3391        6.07578
3391        3.76739
3391         1.4664
3391        3.81246
3391      0.0574372
3391        4.25138
3391        3.62578
3391         5.2563
3391        1.87408
3391         5.6503
3391        1.40333
3391        1.24163
3391         2.2718
3391         2.1285
3391        2.50322
3391        4.28135
3391        3.33783
3391        5.46722
3391        5.55439
3391        1.18052
3391        4.48291
3391        4.43517
3391        1.77333
3391       0.529293
3391         4.8126
3391        4.93546
3391         4.6106
3391        4.64773
3391        5.99478
3391        3.93266
3391        2.19463
3391        1.39218
3391        4.25283
3391        5.55045
3391        6.23728
3391        2.15675
3391        2.41337
3391         5.5872
3391        4.77083
3391       0.808734
3391        4.44044
3391        2.04518
3391        2.18936
3391        5.67962
3391       0.966141
3391        5.19631
3391         2.3916
3391       0.149316
3391        5.22196
3391         5.5517
3391        1.83824
3391        4.92239
3391        2.37836
3391        6.21683
3391        5.48746
3391       0.342926
3391        3.28383
3391      0.0395484
3391        1.92301
3391        2.10546
3391        1.64632
3391        5.43389
3391        3.33822
3391       0.722633
3391        4.36661
3391        4.93274
3391        1.34976
3391        1.55235
3391       0.546658
3391        0.59851
3391        2.65528
3391        1.01512
3391        4.68883
3391        1.42857
3391        1.32953
3391        5.28983
3391        5.00488
3391        1.94573
3391        3.09473
3391        4.14299
3391        1.85148
3391        5.91962
3391        1.59176
3391        4.45564
3391        2.00939
3391        5.39855
3391        2.59744
3391        5.06555
3391        2.16602
3391        4.28653
3391        3.64886
3391       0.334496
3391        4.48498
3391        4.73128
3391        5.95025
3391        2.12614
3391        2.85518
3391        5.56225
3391        5.27862
3391        2.87728
3391        5.62881
3391        5.42383
3391       0.985501
3391       0.580349
3391        2.93193
3391         5.2979
3391         2.4778
3391        5.74632
3391         5.4125
3391       0.946683
3391        4.55613
3391        1.90468
3391       0.791958
3391        1.13004
3391        4.81039
3391        4.44394
3391        4.98124
3391        1.73387
3391        3.32675
3391        1.81908
3391        4.51004
3391        1.34326
3391        5.98865
3391        2.05195
3391        4.03059
3391         1.4361
3391        6.18155
3391        5.75643
3391        3.28381
3391        3.74284
3391       0.188354
3391        2.53376
3391        5.26169
3391        1.80573
3391        5.02096
3391         2.3116
3391        1.54969
3391        2.06318
3391         4.7861
3391        6.23841
3391        4.07283
3391         5.8913
3391         3.5391
3391        1.67831
3391        5.62318
3391        2.04587
3391         4.8391
3391        1.36817
3391        1.56579
3391       0.443554
3391        1.38777
3391        2.31492
3391       0.344083
3391           5.36
3391        5.84963
3391        2.07727
3391        4.74028
3391       0.128205
3391       0.383239
3391        5.47056
3391        1.51824
3391        5.24506
3391        5.39247
3391        1.54397
3391       0.249289
3391        1.74214
3391        4.89023
3391        2.38798
3391         5.4002
3391        2.34267
3391        4.64577
3391        5.27183
3391        2.34425
3391         2.7436
3391        4.15651
3391        4.32765
3391        1.76968
3391      0.0257282
3391        2.06371
3391        1.72795
3391        4.73697
3391        2.21981
3391        1.83455
3391        5.85332
3391       0.693184
3391        4.00775
3391      0.0914665
3391        5.11996
3391        4.25879
3391        1.99939
3391        5.37588
3391        1.01097
3391        1.28845
3391        1.82207
3391        5.08562
3391        3.64002
3391        2.39851
3391        4.91913
3391        5.19746
3391        5.28848
3391        5.08234
3391        2.53532
3391        1.87202
3391         5.7299
3391        3.66185
3391        5.66793
3391        2.33879
3391        2.18621
3391        5.89767
3391       0.100555
3391        1.87668
3391        5.28831
3391        0.97369
3391        4.71333
3391        3.01402
3391        3.88199
3391        3.11683
3391        4.45203
3391        5.82639
3391        2.67087
3391        2.51908
3391        1.94459
3391        2.59915
3391        4.72705
3391        5.17657
3391        4.47134
3391        1.81999
3391        1.79737
3391        2.27369
3391        4.79666
3391        3.94772
3391        1.27152
3391        5.75115
3391       0.886096
3391         5.8142
3391        1.03487
3391        2.57574
3391         5.4605
3391        5.22842
3391         4.0583
3391        4.89966
3391       0.851004
3391        5.63767
3391        5.52379
3391          2.372
3391        2.28143
3391        3.07976
3391        4.37331
3391        6.10418
3391        5.31297
3391        5.89184
3391        5.52755
3391        0.91843
3391        5.98242
3391        1.18542
3391        5.18246
3391        5.99572
3391        1.92498
3391        4.98643
3391        1.16942
3391        3.46642
3391        4.75183
3391        5.39243
3391        5.41445
3391        5.07909
3391        1.79411
3391        5.05322
3391        4.59836
3391        4.12191
3391        5.08723
3391        5.35946
3391        4.71615
3391        5.11109
3391        5.63029
3391        2.44526
3391        3.32362
3391        3.81764
3391        4.80149
3391        4.91915
3391        4.80642
3391        3.16838
3391        1.28324
3391        1.99174
3391        5.30821
3391        5.62416
3391        3.55256
3391        1.36886
3391        5.11653
3391        5.86218
3391        4.95136
3391        4.93938
3391         2.4881
3391        1.31715
3391        3.54708
3391        2.39216
3391        4.21495
3391         4.5945
3391        4.32318
3391        5.88268
3391        3.11812
3391       0.766868
3391         5.0747
3391        3.56755
3391        4.59892
3391        5.00171
3391         2.0073
3391        4.14054
3391        1.90258
3391        5.44538
3391        5.05001
3391        1.92179
3391        1.16565
3391        4.63154
3391        3.07516
3391        2.55161
3391        1.41087
3391        2.50496
3391        4.75027
3391        2.33018
3391        4.17992
3391        5.55886
3391        5.52186
3391        5.93083
3391        2.18934
3391        4.58365
3391        5.32716
3391        4.26274
3391        5.94679
3391        3.18287
3391        5.85936
3391        2.14516
3391        2.78803
3391      0.0689836
3391        1.29249
3391        1.63434
3391        2.06426
3391        1.93249
3391        1.66071
3391         1.3668
3391        1.37224
3391        4.76218
3391        3.58665
3391        5.17713
3391        4.49288
3391        1.37633
3391        4.76201
3391         3.9757
3391        4.26111
3391        6.08956
3391        2.61448
3391        4.63496
3391       0.272475
3391        2.43378
3391         2.0804
3391        4.81572
3391        4.42347
3391        5.14123
3391        4.70118
3391        1.06631
3391        5.52511
3391        5.06128
3391        1.01776
3391        5.02568
3391        5.21927
3391        2.77127
3391        1.47416
3391        2.37886
3391       0.897947
3391        1.05606
3391        4.89316
3391        5.51236
3391        6.06446
3391        4.09357
3391        5.18683
3391        1.06966
3391        5.44689
3391        5.37749
3391       0.532213
3391       0.826615
3391       0.654542
3391        2.50616
3391        4.51601
3391        1.46818
3391        4.52456
3391        5.85766
3391        3.80971
3391        2.76604
3391        5.06088
3391        4.45654
3391        2.40706
3391         4.5035
3391        2.51618
3391        5.05976
3391        1.63973
3391        4.76652
3391        2.40158
3391        5.45068
3391        1.59946
3391        2.55744
3391        3.68152
3391        2.16454
3391        6.12139
3391        1.45599
3391        4.45918
