1181        2.31759
1181        5.39002
1181        4.78571
1181        1.57126
1181        2.02295
1181       0.174572
1181        1.86961
1181        1.78068
1181      0.0311971
1181        2.61275
1181        4.62428
1181        1.22978
1181        3.35923
1181        5.81824
1181        5.78406
1181        2.60993
1181        4.35275
1181        2.60817
1181        2.63758
1181        3.82353
1181       0.289619
1181        1.19657
1181        2.25953
1181        5.39122
1181        1.47657
1181        5.90828
1181        4.34462
1181        5.59969
1181        2.88631
1181        2.62472
1181        5.46565
1181        3.93957
1181        2.72065
1181        5.53756
1181        4.97775
1181        6.02755
1181        1.26148
1181        5.14106
1181       0.997737
1181        1.47554
1181        0.60578
1181        4.84213
1181        1.48161
1181        6.00144
1181        4.70242
1181        1.92225
1181        5.30538
1181        3.09776
1181        3.98474
1181        3.71026
1181        2.65952
1181        5.84986
1181        3.02664
1181        4.57419
1181        4.04231
1181        1.95928
1181        5.74368
1181       0.918359
1181       0.246005
1181        2.87569
1181        2.50533
1181        2.90212
1181       0.480312
1181        4.61626
1181       0.136551
1181         1.6956
1181         2.1638
1181        1.91289
1181        5.10955
1181        6.21795
1181        1.60281
1181       0.181553
1181        5.23142
1181        4.81841
1181        5.99883
1181        2.12508
1181        3.06121
1181       0.625049
1181        5.50032
1181        4.49073
1181        2.24437
1181         2.0507
1181        4.35858
1181        5.91137
1181        4.57987
1181         4.2356
1181       0.410422
1181        5.05341
1181        0.33455
1181        5.46904
1181        3.27115
1181        1.95822
1181        5.07378
1181          1.705
1181        4.55057
1181        4.67295
1181         5.4092
1181        5.31923
1181        1.95411
1181        5.17198
1181        2.61942
1181         4.1809
1181        5.73754
1181        4.18449
1181        2.88946
1181       0.384434
1181        5.69415
1181        2.57636
1181        2.71657
1181        5.11908
1181        4.56685
1181       0.648214
1181        4.81294
1181        3.72907
1181        2.87512
1181        1.39268
1181        3.72519
1181        5.86156
1181        5.60641
1181        1.94345
1181        1.88943
1181        3.06229
1181        1.73059
1181        1.37448
1181        6.07441
1181       0.255481
1181        2.20381
1181        4.56477
1181         3.0396
1181        1.56688
1181        5.66637
1181        3.13855
1181        2.62311
1181        3.55111
1181        3.90108
1181        4.77242
1181        5.09272
1181        4.00617
1181        3.02334
1181        1.56607
1181        2.07629
1181        1.57432
1181        1.13171
1181        5.39084
1181        5.61199
1181         2.0987
1181        4.50091
1181        4.59451
1181       0.349974
1181        1.06777
1181        3.98282
1181        2.42852
1181        2.05968
1181        6.13862
1181        5.93934
1181        3.23396
1181        2.04475
1181        4.18323
1181       0.663224
1181        4.41994
1181        1.78726
1181        4.93051
1181        3.55049
1181        2.55779
1181        0.52889
1181       0.782674
1181        1.93348
1181         5.7267
1181        2.62863
1181        2.70875
1181        3.06543
1181       0.569335
1181        5.36375
1181        1.63844
1181        5.81767
1181        4.56049
1181        2.77277
1181        4.22444
1181        4.51377
1181        1.32997
1181         5.6837
1181        4.66498
1181        1.70268
1181        5.82669
1181        5.25575
1181        2.63614
1181        5.36365
1181        3.57626
1181        1.52676
1181        2.35738
1181        1.35308
1181         1.7298
1181        1.61312
1181        5.23822
1181        5.81837
1181         3.9025
1181         5.0238
1181        5.90781
1181         2.8454
1181        5.20335
1181        1.14024
1181         3.9428
1181        5.72831
1181        2.08972
1181        4.25241
1181        4.85262
1181        1.34454
1181        2.46013
1181        4.55928
1181        3.89764
1181        5.26458
1181        2.67916
1181         2.2903
1181        1.99829
1181        2.14616
1181        4.90689
1181        1.72733
1181        4.47407
1181        2.84859
1181        2.51259
1181        1.36401
1181      0.0581737
1181        2.79748
1181        1.99883
1181        1.78644
1181        2.36804
1181        3.04368
1181        1.41492
1181       0.144365
1181        4.57697
1181        5.24999
1181        3.81879
1181        6.12276
1181        2.32156
1181        2.62493
1181        4.74449
1181        1.69075
1181        1.32308
1181        4.78167
1181        5.29785
1181        3.75636
1181        4.08167
1181        5.44559
1181        1.52347
1181        4.14872
1181        3.95069
1181        0.60592
1181        5.07333
1181        6.12969
1181        4.02731
1181        6.14832
1181        5.50025
1181        5.86205
1181        1.36911
1181        4.59809
1181        4.48706
1181        3.53417
1181        5.58625
1181        4.57895
1181        1.98272
1181        5.68016
1181        3.47935
1181        2.33487
1181        6.09236
1181       0.342465
1181        5.77179
1181        6.10757
1181        1.70011
1181         5.9486
1181        5.70739
1181       0.939954
1181        5.19823
1181        5.68237
1181        3.05163
1181        1.75041
1181        1.54576
1181        5.15875
1181        2.49628
1181        4.97687
1181        1.74702
1181        5.23658
1181        3.23776
1181        1.77598
1181       0.495789
1181        5.19988
1181         5.7595
1181        5.71058
1181        6.22844
1181        3.60325
1181        1.96636
1181       0.338309
1181        4.28673
1181        5.02283
1181        5.10792
1181        1.33621
1181        1.54414
1181       0.661631
1181       0.541781
1181        5.19779
1181        2.91484
1181        1.97349
1181       0.128903
1181        1.03967
1181        5.98985
1181        2.97886
1181         3.5097
1181        3.10316
1181         4.7104
1181      0.0923701
1181         4.4447
1181        1.93607
1181        2.24422
1181         3.0554
1181        6.06328
1181        2.86467
1181        6.13436
1181        5.66274
1181        6.21044
1181        2.68758
1181       0.181072
1181        3.64815
1181        2.09556
1181        1.13799
1181        5.15194
1181        3.72626
1181        3.90938
1181       0.229729
1181        5.91742
1181        5.35274
1181        5.76648
1181        1.99331
1181        5.34228
1181        2.25102
1181        3.51944
1181        5.76628
1181        4.78496
1181        4.58062
1181         2.4649
1181        1.58773
1181        1.65461
1181        2.58626
1181        3.12462
1181       0.505836
1181      0.0984218
1181        2.84472
1181       0.102353
1181        4.08856
1181       0.293053
1181        2.45881
1181        0.45464
1181        5.86636
1181       0.292624
1181        4.63662
1181        2.56898
1181        1.75598
1181         2.6235
1181        4.91119
1181        5.32333
1181        2.64223
1181        3.75901
1181         5.5202
1181        2.84701
1181        5.88501
1181        3.04788
1181        3.83472
1181        2.18016
1181         5.7323
1181       0.116017
1181        3.29026
1181        1.50267
1181         1.3213
1181        4.57795
1181        2.03173
1181        4.46912
1181        5.40313
1181        2.62691
1181        5.40668
1181        1.98025
1181        4.66137
1181        2.60514
1181        5.26255
1181        5.48827
1181        2.33647
1181        2.51607
1181        1.35412
1181        1.76662
1181        5.65434
1181         4.6404
1181        3.11149
1181        5.68557
1181        4.70621
1181       0.816144
1181         3.3143
1181        4.83751
1181         4.6917
1181        5.74466
1181       0.579052
1181       0.667781
1181        5.52202
1181        5.91782
1181        1.11364
1181        3.39132
1181        2.23006
1181        1.56815
1181        5.73965
1181        4.32156
1181        4.56408
1181         5.4093
1181        5.87641
1181        1.95114
1181         1.5957
1181        1.84601
1181        5.42263
1181        6.15179
1181         4.4543
1181         5.6728
1181       0.421623
1181        5.64484
1181        4.56166
1181        1.67412
1181        3.84606
1181       0.548387
1181        5.21214
1181        4.67095
1181        3.01513
1181        5.59665
1181        3.16876
1181         4.9539
1181        3.98693
1181       0.425497
1181       0.587364
1181         2.6414
1181        3.17456
1181        2.62567
1181       0.436508
1181        3.86202
1181        5.74171
1181        2.54669
1181        5.00459
1181       0.045652
1181        2.08385
1181        5.79974
1181        5.46075
1181       0.979832
1181        4.67968
1181         3.4392
1181        1.15663
1181        5.38832
1181        5.82473
1181        5.21598
1181         2.6392
1181        2.15843
