1166        3.53684
1166       0.866819
1166        3.11496
1166        3.13361
1166        2.99696
1166        2.92758
1166        2.93491
1166       0.844162
1166         3.8817
1166       0.644739
1166        3.77106
1166        3.30149
1166       0.172403
1166       0.646849
1166        1.71605
1166       0.298015
1166        4.82571
1166        4.17807
1166        5.82344
1166        5.90459
1166        4.19196
1166        4.97863
1166        2.32285
1166        2.62456
1166     0.00145797
1166       0.966386
1166       0.665707
1166        2.49283
1166        6.09466
1166        5.54975
1166        4.52714
1166         5.8907
1166       0.416105
1166       0.399864
1166       0.841989
1166        3.34564
1166        4.67684
1166        3.36491
1166        3.62318
1166        3.24714
1166        1.62457
1166         2.1748
1166        5.89786
1166       0.532102
1166        2.86649
1166       0.168423
1166        0.45092
1166        5.39112
1166       0.534583
1166        4.02052
1166         0.3489
1166       0.825925
1166        2.71224
1166        2.88616
1166        2.00188
1166        6.05072
1166        5.78729
1166        1.63334
1166        2.81511
1166        6.11547
1166        3.83652
1166        5.89419
1166        2.69385
1166        1.52869
1166       0.537891
1166        2.58128
1166        0.48415
1166        3.32423
1166        6.05356
1166        4.25816
1166        3.20517
1166         1.4415
1166        2.87738
1166        5.14145
1166        4.19254
1166        1.65622
1166        1.55436
1166        3.78439
1166       0.917632
1166        2.65909
1166        3.25258
1166        2.66275
1166        3.26397
1166        3.15261
1166        4.04105
1166        1.06716
1166        3.11449
1166       0.701597
1166        4.25213
1166        4.16465
1166        1.68203
1166        1.70781
1166        1.39427
1166        3.88669
1166        3.75357
1166       0.779838
1166        4.74176
1166      0.0262931
1166        2.21607
1166      0.0653728
1166        3.90093
1166        5.69891
1166       0.815253
1166         4.2446
1166        2.84609
1166        3.12586
1166         4.9703
1166        5.43809
1166        1.64479
1166        1.93019
1166       0.464421
1166       0.653057
1166       0.552408
1166        3.74432
1166       0.180569
1166        6.09233
1166        6.21598
1166        4.33108
1166       0.374608
1166        2.00468
1166        2.63243
1166        2.38139
1166         3.0685
1166        2.58108
1166        2.88602
1166        6.25503
1166        3.52693
1166        3.67666
1166        6.27637
1166        3.27886
1166        1.47988
1166        2.90874
1166        3.64253
1166        5.70735
1166        6.27694
1166        4.71651
1166       0.988818
1166        5.78216
1166        3.00459
1166        1.00006
1166       0.662119
1166        0.26924
1166       0.199306
1166        4.17584
1166         5.3244
1166       0.279704
1166        3.62652
1166        6.14065
1166        2.23478
1166        3.51079
1166       0.537651
1166        1.42746
1166        3.01527
1166        3.37614
1166        5.85418
1166        4.94797
1166       0.138729
1166        5.44847
1166       0.101179
1166        2.96609
1166        5.89685
1166        6.12494
1166       0.822694
1166          3.315
1166        3.26637
1166        3.80866
1166        5.72799
1166        6.02569
1166        4.01414
1166        4.86118
1166      0.0190008
1166       0.437422
1166        5.76041
1166          5.103
1166        6.17618
1166       0.847257
1166        3.24487
1166       0.439017
1166        2.69598
1166        5.55177
1166        1.33133
1166        4.81918
1166       0.474713
1166        2.90659
1166        6.27933
1166       0.354728
1166        3.54125
1166        3.70667
1166        5.37766
1166        6.21195
1166       0.940041
1166        2.19841
1166        2.63403
1166        3.45088
1166        2.14097
1166        4.16342
1166        1.49071
1166        5.98223
1166        4.02771
1166       0.209592
1166        5.99615
1166        3.14124
1166        3.88134
1166        2.81135
1166        2.61469
1166        5.59102
1166        4.00935
1166        1.14679
1166         1.9775
1166        3.10041
1166        5.19049
1166        5.95247
1166        3.19018
1166        3.72386
1166        5.41441
1166        4.18761
1166        3.18877
1166       0.319831
1166       0.822135
1166       0.681723
1166        4.74516
1166        1.33101
1166        2.32484
1166        5.54139
1166        3.38863
1166       0.937791
1166        1.61493
1166        2.68504
1166        3.62211
1166        2.29996
1166        3.46413
1166        5.45298
1166        4.34559
1166       0.771497
1166        2.93729
1166        5.53375
1166        6.11526
1166        4.53234
1166         1.6475
1166         2.7799
1166        3.53867
1166        2.85848
1166       0.847745
1166        3.59275
1166       0.781019
1166        1.49735
1166        6.18796
1166        4.84352
1166        3.43642
1166        2.32337
1166        3.21687
1166       0.172099
1166        1.61909
1166        3.84664
1166       0.358435
1166        4.85637
1166        4.13974
1166        5.51565
1166        5.24427
1166         5.2087
1166        2.90731
1166        4.45832
1166        1.94539
1166        2.68231
1166        3.78055
1166        6.15405
1166       0.430409
1166        1.71438
1166         3.2636
1166        6.16062
1166         4.3785
1166        1.32956
1166        6.02512
1166       0.801341
1166        1.88225
1166        0.42147
1166        2.99199
1166         3.7723
1166        3.88777
1166        4.14577
1166        4.60806
1166         3.3455
1166        4.17051
1166        5.13192
1166         5.1159
1166         4.2446
1166        5.83506
1166       0.426496
1166        1.83669
1166        3.63454
1166        3.25657
1166        1.56699
1166        2.42652
1166        0.67789
1166        3.02328
1166        5.61725
1166        1.82397
1166        3.12303
1166        3.88427
1166        3.48891
1166        6.14684
1166       0.636084
1166       0.121541
1166       0.336921
1166       0.278256
1166        0.17099
1166       0.648214
1166         2.2671
1166        2.21535
1166       0.507021
1166       0.186219
1166        2.69712
1166        5.78953
1166        1.14574
1166        5.71888
1166        2.83415
1166        3.53352
1166        5.84948
1166        4.04266
1166        0.20539
1166        3.56347
1166        5.66069
1166        5.61485
1166        5.41954
1166       0.162955
1166        0.79036
1166       0.779517
1166        2.52905
1166        5.30993
1166        2.72106
1166        5.27497
1166       0.370384
1166        5.45248
1166         2.6871
1166        1.22028
1166        3.50371
1166        2.66832
1166        5.73028
1166        4.32432
1166       0.159943
1166          3.223
1166       0.959102
1166        5.40924
1166        3.26633
1166      0.0922441
1166       0.548811
1166         5.2348
1166       0.253522
1166        3.32707
1166        6.09017
1166        4.55024
1166        6.05358
1166        3.64442
1166       0.730909
1166        2.66477
1166        5.65892
1166        5.20383
1166        1.53758
1166        3.25764
1166        5.20217
1166        5.92522
1166        2.07728
1166        3.63299
1166        3.39779
1166        4.29985
1166        0.12211
1166        3.58838
1166      0.0870728
1166        5.97156
1166        3.95539
1166        3.39695
1166       0.835827
1166       0.565808
1166        4.44212
1166        5.48752
1166        3.66079
1166        2.30624
1166        6.21834
1166        1.08044
1166        3.09831
1166        6.08264
1166       0.434558
1166        0.75433
1166       0.454693
1166        3.81277
1166        4.56963
1166        1.51667
1166        2.14857
1166        3.65284
1166        3.32321
1166        2.68913
1166        4.70974
1166       0.489098
1166        3.52946
1166        6.01472
1166        1.02284
1166        0.23458
1166        3.32104
1166         1.0322
1166        1.41823
1166        3.40017
1166        1.25245
1166      0.0887653
1166        3.96856
1166         2.3236
1166        2.72763
1166        2.93615
1166        2.81903
1166       0.312954
1166         1.7333
1166        1.14529
1166        2.57212
1166        5.19056
1166        2.46756
1166        5.32267
1166      0.0936562
1166        3.21211
1166        1.77907
1166       0.319546
1166        6.23826
1166        3.29997
1166        6.24066
1166         5.9867
1166        2.87932
1166        2.15742
1166        5.97067
1166        3.50507
1166        4.99314
1166       0.449211
1166        2.92933
1166        1.75226
1166        1.38905
1166         5.7613
1166        5.06289
1166        3.14893
1166        5.86585
1166        4.09898
1166        1.89701
1166        1.15473
1166        3.38518
1166        3.61753
1166        5.12489
1166        6.26271
1166        3.43907
1166        5.51941
1166        4.30689
1166        2.30444
1166         2.8689
1166        3.25852
1166         2.5374
1166        1.73607
1166        1.75436
1166         4.5858
1166        3.49902
1166        3.84493
1166       0.725367
1166         5.6783
1166        5.67582
1166        3.84389
1166        1.13464
1166        2.89205
1166        4.92878
1166        4.01795
1166        3.62891
1166        3.52447
1166        1.67646
1166       0.378813
1166        3.68555
1166        4.49321
1166        3.21866
1166          4.625
1166        2.89661
1166        1.46158
1166      0.0920662
1166        2.59416
1166         2.9871
1166       0.607836
1166        2.72012
1166      0.0420818
1166          3.686
1166        4.14806
1166        0.75466
1166        1.06015
1166        3.14125
1166        5.91557
1166        5.52157
1166        5.62268
1166        3.53138
1166        5.66111
1166       0.108019
1166        5.39191
1166       0.276129
1166        3.80707
1166       0.858568
1166        2.79655
1166        4.19027
1166        2.40283
1166       0.554508
1166        0.93404
1166         4.5572
1166        4.71645
1166        1.97151
1166        3.83725
1166        1.34083
1166        1.73196
1166          3.444
1166        4.29742
1166        2.81227
1166        3.45174
1166         2.4514
1166         4.9266
1166        3.60903
1166        5.58338
1166        3.75176
1166        2.65803
1166        2.38267
1166        2.11775
1166        5.81912
1166       0.944167
1166        2.38335
1166        1.46562
1166        2.15888
1166        6.17701
1166        3.89951
1166        5.74294
1166        2.70412
1166        2.75616
1166        6.00173
1166        6.22435
1166        4.91837
1166        5.66058
1166        1.10942
1166       0.292774
1166        1.51297
1166        3.37343
1166        5.40354
1166         3.3849
1166       0.859915
1166        5.03249
1166       0.554717
1166        3.11368
1166       0.893218
1166        5.24919
1166        6.22585
1166        2.85089
1166        3.97403
1166       0.400913
1166        1.24957
1166        4.19838
1166       0.303778
1166        3.77617
1166        2.30794
1166        2.45288
1166        2.82438
1166         2.7534
1166        3.97188
1166        4.68228
1166        3.12291
1166        1.23389
1166       0.249522
1166      0.0327325
1166          5.458
1166        2.43262
1166        3.41516
1166        5.88123
1166       0.602286
1166        3.81626
1166        2.36321
1166        1.36644
1166        0.48509
1166        4.69305
1166        3.12147
1166        6.23781
1166        3.02391
1166        3.73179
1166        3.50554
1166        3.49767
1166        2.24046
1166        6.02049
1166        2.26502
1166      0.0933679
1166        2.13399
1166        1.36504
1166        3.74091
1166        3.80223
1166        3.56701
1166        1.12131
1166        3.20043
1166       0.508762
1166         4.4204
1166        6.23252
1166        1.02798
1166        3.83584
1166       0.377931
1166        3.82094
1166        1.98136
1166       0.602323
1166        4.01449
1166        2.07151
1166       0.614416
1166        3.42981
1166        2.64888
1166        5.31064
1166        5.32786
1166        2.19116
1166        4.15647
1166        4.93147
1166        3.59913
1166       0.177973
1166        2.77841
1166        0.63538
1166        6.07615
1166       0.869872
1166        2.59055
1166        3.78403
1166        3.09103
1166       0.947213
1166        4.22794
1166        5.04738
1166        5.49866
1166        2.68509
1166        1.82505
1166        4.07998
1166        2.81564
1166        2.60712
1166        2.84012
1166        3.67591
1166        5.04491
1166        1.74313
1166        6.08079
1166         6.2214
1166        2.78706
1166        5.18739
1166         1.0077
1166        1.74293
1166        4.77225
1166        5.72373
1166         1.7822
1166        5.88725
1166        3.47386
1166        5.33155
1166        4.00426
1166         4.8908
1166        4.03507
1166        1.48199
1166        6.05475
1166        2.71414
1166        5.36429
1166        2.56976
1166        0.23665
1166        1.34768
1166        2.20014
1166        3.41619
1166        3.35046
1166        5.14418
1166        2.00691
1166        2.52105
1166       0.328151
1166         3.9053
1166        1.77344
1166        3.50771
1166       0.637451
1166        6.05849
1166        6.15347
1166       0.656812
1166        5.98283
1166        3.33379
1166        2.64124
1166        5.36623
1166        6.03158
1166        5.15771
1166       0.982918
1166        4.16702
1166       0.158015
1166        3.53473
1166        2.83601
1166        3.63246
1166       0.622384
1166         4.0246
1166        3.15595
1166        2.24609
1166        2.41337
1166        3.15003
1166        4.93979
1166        6.14567
1166       0.227918
1166       0.663979
1166         2.1277
1166        5.83809
1166        3.10061
1166         1.2718
1166        1.46932
1166        1.21874
1166        1.12426
1166        3.38589
1166        4.82718
1166        2.59896
1166        6.19501
1166        5.29936
1166        3.29864
1166       0.483631
1166        3.21621
1166        3.09973
1166        2.63719
1166        5.76307
1166       0.387425
1166        3.62721
1166       0.702312
1166       0.658569
1166       0.804369
1166        2.27404
1166        2.75382
1166        1.99366
1166        2.79798
1166        2.42069
1166        5.33137
1166        3.84313
1166        2.14278
1166        1.97323
1166         5.6814
1166        4.44018
1166        3.54101
1166        3.67702
1166        6.21477
1166        2.59576
1166        5.01329
1166         1.4926
1166        5.21589
1166       0.976763
1166       0.629091
1166         2.3278
1166         3.3395
1166         4.8904
1166        1.30619
1166        3.71018
1166        5.66945
1166        0.60059
1166        6.02577
1166        5.83188
1166        1.64981
1166        3.66206
1166        2.50017
1166        1.08244
1166        2.71056
1166        5.78447
1166         4.0264
1166       0.430103
1166        2.42293
1166       0.859746
1166        2.34587
1166        4.93095
1166        4.15553
1166         4.6749
1166       0.481233
1166        5.24652
1166        2.04285
1166        5.95144
1166        4.84047
1166       0.973258
1166         2.0685
1166        1.22915
1166        2.40491
1166        3.57986
1166         3.1912
1166       0.571534
1166        5.79994
1166        2.90856
1166        3.75128
1166        6.14833
1166        5.11101
1166        4.10278
1166       0.866203
1166        2.66639
1166        5.18876
1166        6.08179
1166       0.960048
1166        2.60248
1166        1.29765
1166        3.02947
1166       0.943068
1166        5.49502
1166       0.767207
1166        5.50682
1166        5.73707
1166        3.45788
1166       0.937432
1166        6.03764
1166        5.98377
1166        4.26273
1166        5.27092
1166        4.49796
1166        3.15842
1166        4.05721
1166        2.95569
1166        4.20575
1166        2.48465
1166        3.37438
1166        0.41658
1166        3.63441
1166          1.605
1166         1.1761
1166      0.0745878
1166        3.19341
1166        1.46625
1166        1.34639
1166        1.58096
1166       0.276837
1166       0.448642
1166        3.99651
1166        2.09826
1166        0.68827
1166        6.10841
1166        4.31347
1166        2.12987
1166        3.28642
1166        2.20714
1166        2.98062
1166         0.1646
1166       0.450659
1166        3.29801
1166         5.7635
1166        5.35442
1166       0.316927
1166        3.20696
1166        1.82575
1166        2.28543
1166        2.69632
1166         5.9559
1166        2.13311
1166        3.57582
1166        4.29005
1166        1.81002
1166        5.08362
1166        0.55456
1166        4.07733
1166        2.49727
1166         5.6562
1166        4.38998
1166        5.59375
1166        2.04054
1166       0.530296
1166        1.47064
1166       0.197758
1166        1.00612
1166       0.604202
1166        2.55479
1166        2.23657
1166        3.94654
1166        2.98343
1166        4.19232
1166        3.11035
1166       0.565344
1166       0.650911
1166        5.89594
1166       0.746133
1166        4.73445
1166        4.31035
1166        5.27642
1166        2.29291
1166        4.13812
1166        2.01072
1166        2.20051
1166       0.243253
1166        4.17354
1166        4.07831
1166        4.57427
1166        5.14793
1166       0.326307
1166       0.888724
1166        4.45759
1166       0.525493
1166        6.24258
1166        4.90212
1166       0.388464
1166        4.03469
1166        4.66303
1166         4.6105
1166        5.76255
1166        1.53356
1166        6.24346
1166        3.24551
1166       0.538917
1166        3.20675
1166        5.60902
1166        5.93094
1166        3.55284
1166        4.24081
1166        2.05323
1166        1.86732
1166        2.79989
1166         4.1485
1166        3.24485
1166        2.94875
1166        3.66866
1166          4.309
1166        3.91118
1166         3.2794
1166        3.48807
1166        2.12316
1166        6.11425
1166        2.62872
1166       0.800425
1166        6.07699
1166        2.51051
1166        3.75025
1166       0.355508
1166        1.01009
1166        4.96442
1166        6.07911
1166        2.91027
1166        5.67864
1166        2.88905
1166        5.18892
1166        2.18854
1166        4.35272
1166       0.923867
1166        1.52832
1166       0.242426
1166       0.980859
1166         4.2117
1166        4.76178
1166        4.38123
1166       0.205235
1166        3.95183
1166        3.20128
1166        5.53754
1166        1.18308
1166        2.51218
1166        3.41799
1166        4.81208
1166        1.25277
1166        3.31715
1166        1.47719
1166        1.49067
1166        1.12056
1166        5.96324
1166        2.41951
1166        3.46757
1166        3.27982
1166        2.01025
1166        4.06925
1166        1.24794
1166       0.641227
1166         5.9804
1166       0.248162
1166        6.25415
1166        2.93136
1166        4.14266
1166        5.97175
1166        3.41895
1166       0.393744
1166        3.28976
1166         4.8645
1166        1.89495
1166        1.33559
1166        2.07976
1166        3.42043
1166       0.581003
1166        5.43857
1166       0.822383
1166        6.27711
1166        1.62771
1166       0.502536
1166        2.81025
1166        3.47955
1166        1.02958
1166        5.14416
1166      0.0855033
1166        2.78725
1166        1.36112
1166        2.78043
1166        1.14801
1166         4.6327
1166         5.6209
1166        2.90953
1166        5.31353
1166        3.37744
1166        2.80872
1166        3.64703
1166        2.85198
1166        6.27892
1166        2.79804
1166        2.97712
1166        3.56902
1166        2.87681
1166        6.25882
1166        2.21958
1166        3.09625
1166        2.76095
1166       0.229926
1166        5.92592
1166        4.44228
1166        2.68417
1166        5.77462
1166       0.453722
1166        4.80978
1166        4.03012
1166       0.731802
1166       0.806328
1166        5.27888
1166        3.90595
1166        2.74711
1166       0.600814
1166       0.539958
1166        2.92734
1166        3.68899
1166        3.82694
