1062        4.90662
1062        1.09726
1062       0.378404
1062        5.09318
1062        2.41118
1062       0.452345
1062         1.6207
1062         5.3721
1062         4.8628
1062       0.236948
1062        4.06669
1062        4.19177
1062        3.95344
1062        4.05105
1062        1.36453
1062        1.30981
1062        3.84922
1062        4.18416
1062        4.72214
1062        2.58045
1062      0.0569503
1062        4.95264
1062        5.00388
1062        2.59333
1062        6.11882
1062        3.40351
1062        1.06569
1062        1.23335
1062       0.552056
1062         3.6548
1062        3.72869
1062        2.76807
1062       0.380295
1062        2.92124
1062        3.81326
1062       0.517025
1062      0.0733237
1062       0.211631
1062        5.51214
1062        1.95926
1062          5.372
1062         4.3071
1062         3.4078
1062       0.810411
1062        4.15844
1062       0.245535
1062         4.3388
1062        2.00219
1062        4.00493
1062       0.479324
1062       0.202741
1062        1.90112
1062        3.13854
1062        3.68938
1062        0.43065
1062       0.587082
1062        1.28183
1062        6.18359
1062        3.41196
1062         1.9321
1062        3.24068
1062        3.66985
1062        4.26658
1062        4.16327
1062        2.25173
1062        2.66036
1062        5.18871
1062        0.41772
1062         4.3107
1062        5.15336
1062        3.22745
1062        5.48404
1062        1.47154
1062        3.69604
1062        3.60871
1062        2.87977
1062         3.0922
1062        0.80321
1062        6.15211
1062        4.12367
1062        4.01579
1062        0.58155
1062        1.17284
1062        3.87244
1062       0.649377
1062        4.42232
1062        2.76539
1062        5.65512
1062        5.88886
1062         5.2194
1062        5.93894
1062         2.5866
1062      0.0999267
1062        5.19628
1062        1.11893
1062         1.9749
1062         4.0169
1062        5.61514
1062           1.32
1062        1.65413
1062        2.02202
1062       0.698081
1062        2.74874
1062        1.65104
1062        5.29788
1062        2.47861
1062        3.63969
1062       0.236525
1062        2.79436
1062        5.14671
1062        2.68147
1062        5.12313
1062        2.69379
1062        4.55594
1062         4.4602
1062        3.10523
1062       0.368597
1062        1.15133
1062        5.65628
1062        4.67163
1062        4.65422
1062        1.68464
1062        3.55879
1062        4.75679
1062        3.21895
1062        3.76333
1062        1.88523
1062        4.46569
1062        6.26342
1062         5.6047
1062        1.75874
1062        4.00214
1062        1.64632
1062        5.59027
1062        3.55206
1062        4.80732
1062        3.88242
1062         2.0806
1062        2.63073
1062        1.56426
1062        3.93357
1062        5.14981
1062        2.86378
1062        4.71499
1062        3.38163
1062       0.489033
1062        3.13511
1062        4.68216
1062        5.36273
1062        5.21647
1062        5.82066
1062         5.3638
1062      0.0147719
1062        2.80664
1062        3.77764
1062        2.52823
1062       0.581934
1062       0.151473
1062        2.92821
1062        4.49464
1062        2.32646
1062        3.85172
1062       0.348481
1062       0.607267
1062        5.02912
1062        3.08737
1062        3.00799
1062       0.499637
1062        1.05327
1062         2.6728
1062        3.42553
1062        1.89651
1062        4.99191
1062        4.93395
1062        1.04556
1062        1.13165
1062        4.63778
1062        3.10009
1062        4.03817
1062        3.43234
1062        3.00364
1062        3.96607
1062        1.79397
1062        3.19924
1062       0.501685
1062        2.23875
1062        6.03955
1062        4.14055
1062        3.79144
1062        4.56977
1062        1.40761
1062        2.66848
1062        5.47164
1062        2.09845
1062         1.6045
1062        2.68164
1062        3.85799
1062        4.94837
1062        4.43198
1062        6.16139
1062        4.10001
1062         3.5343
1062         4.1098
1062        1.02394
1062        4.77176
1062         1.1492
1062        3.99998
1062        3.85215
1062        1.28172
1062        5.45679
1062        3.67881
1062         4.7327
1062        4.19284
1062        1.65552
1062       0.919529
1062        2.33292
1062        3.91421
1062         1.9619
1062       0.880205
1062        4.30297
1062        5.13828
1062        2.42897
1062        5.01259
1062        5.04286
1062        4.28983
1062         5.5822
1062       0.672469
1062        3.94821
1062        4.14804
1062        1.42184
1062        5.24563
1062        1.86244
1062        2.07168
1062        1.91029
1062        4.10873
1062        3.48874
1062        4.34496
1062        4.61185
1062        4.45779
1062        3.76699
1062        1.71556
1062        5.94252
1062        4.07265
1062        5.85445
1062        1.35991
1062        4.96155
1062         1.9845
1062        3.83459
1062        4.68459
1062        3.88111
1062        3.76243
1062        4.55374
1062        5.32751
1062        1.60333
1062        5.39384
1062        2.17168
1062       0.963084
1062        2.74244
1062        2.00348
1062        3.74102
1062        3.52511
1062      0.0351576
1062        4.56284
1062          4.718
1062        5.72184
1062        5.08573
1062       0.943453
1062        2.24986
1062         2.4523
1062        4.55872
1062        5.68182
1062        1.11237
1062        5.27389
1062        3.17474
1062        3.09448
1062        1.09807
1062        6.03616
1062        4.01876
1062        4.81168
1062        3.49782
1062        0.10402
1062        5.45782
1062       0.526105
1062       0.238509
1062         2.9011
1062         6.2533
1062        3.44311
1062        6.15732
1062        2.14954
1062        1.64878
1062        3.54635
1062        4.06645
1062        5.55648
1062      0.0946711
1062        6.18547
1062        1.56502
1062        1.38488
1062        4.12411
1062        2.08942
1062        5.60706
1062        1.62504
1062         3.6296
1062        5.82802
1062        5.79204
1062        1.19579
1062       0.387599
1062        5.07618
1062        3.02901
1062        5.34057
1062        4.23656
1062         2.9334
1062        2.78149
1062       0.838892
1062        4.87941
1062        4.93858
1062        1.19965
1062        2.60027
1062       0.516058
1062        4.88997
1062       0.498224
1062        0.90434
1062       0.633329
1062        2.44387
1062        5.42473
1062        4.16001
1062        5.22028
1062        1.35871
1062        1.63046
1062         6.1168
1062        4.18856
1062       0.842073
1062        1.14547
1062        3.33618
1062        5.49997
1062        1.00656
1062        2.12129
1062         5.5683
1062        5.20875
1062        1.18708
1062        4.87225
1062        4.44243
1062        4.67315
1062       0.169403
1062         1.2557
1062        4.40501
1062        6.24503
1062       0.724053
1062        3.86233
1062        2.69962
1062        1.16208
1062        2.56058
1062        2.88624
1062        4.65538
1062       0.774075
1062        5.65884
1062        3.22336
1062        4.44687
1062       0.517674
1062        1.88173
1062        2.41817
1062        2.19096
1062        1.64218
1062        4.67487
1062        2.46274
1062        3.72701
1062        5.12238
1062         2.6802
1062        4.71153
1062       0.390577
1062        5.33661
1062      0.0792923
1062       0.160367
1062        3.76962
1062         4.5376
1062        4.16811
1062        5.09545
1062        6.17547
1062        4.02569
1062        2.30531
1062        2.60125
1062        3.78453
1062       0.565955
1062        6.27805
1062        1.27949
1062        4.67269
1062        3.02843
1062        4.93543
1062       0.852767
1062        1.37271
1062        5.03132
1062          4.277
1062      0.0472799
1062        2.84143
1062        1.99949
1062        3.70982
1062        6.03985
1062        3.58618
1062        3.05292
1062        2.80225
1062        1.20198
1062        2.56762
1062        1.65794
1062       0.698005
1062        2.69651
1062        5.47717
1062        1.31304
1062         5.4366
1062        4.39268
1062        3.23913
1062       0.628539
1062        3.45347
1062        6.19285
1062         4.0778
1062        2.28129
1062        3.15345
1062        3.61235
1062        5.86802
1062        1.44836
1062        4.07455
1062        2.78313
1062        2.62951
1062       0.691452
1062       0.625964
1062        5.44579
1062        4.50352
1062         4.8138
1062        6.21148
1062        6.27377
1062        5.35678
1062      0.0756824
1062         2.9215
1062        4.70872
1062        4.35577
1062        4.29204
1062        2.57301
1062       0.154427
1062        3.39014
1062        4.77996
1062        1.86213
1062        1.39015
1062        0.59146
1062        3.63014
1062        4.34292
1062        1.97278
1062        4.97527
1062        1.98125
1062        5.87195
1062        5.82331
1062        4.10963
1062        2.63947
1062        1.68021
1062        1.45929
1062        4.51927
1062        5.16708
1062        2.33621
1062        4.46403
1062        5.74124
1062        3.30879
1062        2.11256
1062        2.07547
1062       0.441717
1062        2.06758
1062         2.8823
1062       0.364417
1062        4.03006
1062       0.201263
1062       0.754741
1062        5.42896
1062        1.85823
1062         3.7169
1062      0.0505663
1062       0.320361
1062        5.89772
1062        4.17712
1062       0.534774
1062        5.16955
1062        4.09091
1062        4.27439
1062        1.53971
1062        1.84134
1062       0.920675
1062        1.27333
1062       0.548578
1062        4.78786
1062        4.71347
1062        1.81987
1062        3.56069
1062        2.50326
1062        2.02143
1062        4.48509
1062        5.64558
1062       0.263581
1062        5.44676
1062        1.57906
1062        1.48691
1062        3.32732
1062       0.698477
1062        4.90864
1062        6.19405
1062        2.35729
1062        4.99325
1062         5.2614
1062        6.13845
1062        2.77896
1062       0.337801
1062         4.8772
1062        3.56029
1062        6.00819
1062        4.17762
1062        4.73289
1062         2.2322
1062        6.00187
1062        1.43591
1062        3.53385
1062        4.36713
1062        3.05664
1062        1.36591
1062      0.0476346
1062          1.741
1062         1.3703
1062        1.32874
1062        5.24212
1062        1.87579
1062        2.23526
1062       0.792803
1062        2.90244
1062         1.1078
1062        4.82026
1062        2.90147
1062       0.774753
1062        3.82144
1062        5.35737
1062        1.64405
1062        5.47953
1062        1.20069
1062        2.53353
1062       0.274623
1062        4.60914
1062        1.01273
1062        3.76984
1062       0.996327
1062        4.83714
1062        1.44414
1062        1.02093
1062        1.42034
1062        0.83667
1062        4.49753
1062        0.14415
1062        5.85551
1062       0.924708
1062        2.45753
1062       0.575681
1062        1.99161
1062        4.43007
1062        1.39775
1062        4.29906
1062        4.74259
1062        5.25149
1062        2.38674
1062        5.28482
1062        2.25176
1062        6.17873
1062        2.24421
1062        3.16214
1062        4.98899
1062       0.830494
1062        3.61821
1062        5.78622
1062        2.33549
1062        4.51933
1062       0.359397
1062       0.574119
1062        1.92662
1062        1.07751
1062        2.82599
1062        1.78804
1062        5.37323
1062          4.924
1062        3.60306
1062       0.121466
1062        1.76819
1062        4.08449
1062        4.81139
1062        1.50838
1062        2.93684
1062       0.663342
1062        1.61078
1062        2.68858
1062        5.22815
1062        4.58683
1062       0.337107
1062        5.52919
1062        2.06388
1062         3.5749
1062        5.67751
1062        2.44108
1062       0.197519
1062        2.26074
1062         3.7089
1062        4.44964
1062        2.22675
1062         1.5004
1062        6.05339
1062        4.61909
1062        3.66383
1062       0.972858
1062        6.21831
1062         4.7365
1062        1.47988
1062        3.09218
1062        2.18847
1062         3.3084
1062        4.95386
1062        1.75419
1062        2.73799
1062        2.29293
1062        1.69138
1062         1.8795
1062        4.02654
1062        1.13229
1062        2.61431
1062        5.66665
1062        4.14754
1062          5.517
1062       0.642789
1062       0.885504
1062        3.02721
1062        3.91069
1062         1.5099
1062        5.77476
1062      0.0596846
1062        4.80434
1062        3.76245
1062      0.0633942
1062        4.57865
1062        1.82562
1062       0.804949
1062        4.89531
1062        5.22122
1062        3.66335
1062        0.88369
1062        1.15151
1062       0.705115
1062        0.59874
1062         1.1646
1062        3.38651
1062        5.03805
1062        4.28515
1062        1.55188
1062        4.06764
1062        4.48401
1062        2.19908
1062        4.18167
1062        2.51696
1062       0.452033
1062        3.35787
1062        4.30512
1062         1.2107
1062        1.01289
1062        5.71943
1062        3.72201
1062        3.02825
1062        1.38901
1062        1.48451
1062        1.38411
1062        3.56952
1062        2.91941
1062        4.27692
1062        4.19995
1062        2.28841
1062        5.94786
1062        2.87439
1062        5.56047
1062        4.31825
1062       0.976214
1062        1.32435
1062         1.1815
1062        5.39279
1062        4.30784
1062        2.92863
1062        4.77815
1062         5.2771
1062        5.05791
1062        4.20934
1062        6.22528
1062         3.0742
1062       0.709017
1062        4.72291
1062        2.10452
1062       0.871676
1062        2.97901
1062        2.55799
1062        0.80964
1062       0.469328
1062      0.0068961
1062        6.03535
1062        3.44769
1062        4.27699
1062        4.73647
1062         4.3993
1062        3.42025
1062        5.41319
1062         5.3818
1062      0.0575607
1062       0.192437
1062        2.72856
1062       0.407315
1062        3.51545
1062        1.19889
1062        4.40393
1062        3.98103
1062         5.7142
1062       0.718283
1062        4.13982
1062        5.22712
1062        4.30097
1062        1.90672
1062         4.5473
1062        4.41603
1062         4.3568
1062       0.268846
1062       0.710146
1062        4.21604
1062        3.54499
1062        3.86186
1062        2.31047
1062       0.645073
1062        1.74411
1062         1.7434
1062        3.50015
1062         1.1829
1062        2.10162
1062        3.05771
1062        3.70456
1062        2.41222
1062        2.43349
1062        3.13024
1062      0.0124899
1062        5.94407
1062        4.57865
1062       0.839545
1062       0.698121
1062        3.35345
1062        5.64837
1062       0.525495
1062        4.15998
1062         2.8204
1062        3.59141
1062        5.80935
1062        2.44668
1062        4.20493
1062        1.27062
1062        3.50509
1062        3.43947
1062       0.251908
1062        4.39126
1062        5.57285
1062        1.83604
1062       0.430665
1062         2.1898
1062        3.15945
1062        3.04458
1062       0.636455
1062        2.88985
1062        4.30344
1062        5.70657
1062         0.4755
1062        1.78294
1062        1.80946
1062        1.50523
1062        3.91624
1062        4.83833
1062        2.56508
1062         6.0796
1062        5.36372
1062         2.1611
1062        3.66561
1062        1.99524
1062        3.47284
1062        6.24182
1062        5.02616
1062        5.75691
1062        3.03287
1062        3.05578
1062        4.49234
1062        1.64406
1062        5.17505
1062        4.84305
1062        4.53101
1062       0.275297
1062        3.77278
1062       0.473967
1062        1.42593
1062        3.63912
1062        6.08473
1062        1.60323
1062        5.49269
1062        3.75629
1062        1.64378
1062        4.08011
1062        3.58999
1062        3.77586
1062        1.29263
1062       0.832167
1062        5.36665
1062        3.37922
1062        1.02736
1062        5.85325
1062         1.2073
1062       0.632032
1062        2.43993
1062        4.42616
1062        6.02072
1062        1.84914
1062        2.41391
1062        3.11753
1062        4.98684
1062        2.87157
1062        1.26307
1062        3.15364
1062         4.7414
1062        4.12032
1062        2.12001
1062       0.954016
1062        6.23368
1062         1.0084
1062        2.91987
1062        5.34144
1062       0.138109
1062        5.76086
1062        3.89643
1062        2.19454
1062        1.22625
1062        3.40541
1062        4.86236
1062        3.81401
1062        6.27035
1062        4.29887
1062        0.64286
1062        3.49602
1062        1.04772
1062       0.701752
1062        4.11931
1062        6.17799
1062        3.88878
1062        2.08132
1062        2.48792
1062         2.8443
1062        5.94992
1062       0.770213
1062        4.51635
1062        4.20324
1062        5.28282
1062        5.02916
1062        0.16194
1062        4.14139
1062        1.02349
1062        5.05778
1062        4.95898
1062        1.18282
1062        5.20872
1062        3.59568
1062        1.01529
1062        5.78792
1062      0.0751368
1062        5.61632
1062        3.43642
1062        2.01251
1062        3.50032
1062        3.81505
1062        3.66278
1062        1.19378
1062        0.30442
1062        5.63898
1062        4.27721
1062        2.78608
1062        2.06187
1062        3.82377
1062       0.727981
1062        5.50447
1062       0.141876
1062        0.65016
1062        1.76244
1062        5.56947
1062        2.22106
1062        5.43037
1062       0.346793
1062        3.12281
1062        5.01076
1062        3.10274
1062        5.70171
1062        4.71865
1062        1.80317
1062        4.37398
1062       0.235251
1062        1.41612
1062       0.791367
1062        1.32753
1062        5.84026
1062       0.306373
1062       0.220495
1062        1.45253
1062        4.30655
1062        4.78999
1062        5.17015
1062        5.29701
1062        5.88171
1062        4.37311
1062       0.145685
1062        3.95765
1062         2.2187
1062        0.84607
1062         1.4153
1062         3.1598
1062        4.32075
1062         5.4933
1062        5.83593
1062      0.0213759
1062         5.9135
1062        2.97344
1062        5.97649
1062        3.98356
1062        4.10984
1062        3.50045
1062        1.51201
1062        2.33685
1062        3.54713
1062        5.86061
1062        6.08675
1062       0.336954
1062        1.24566
1062       0.977523
1062        3.81034
1062        5.12271
1062       0.137086
1062        3.89177
1062        5.43949
1062       0.636989
1062        1.73241
1062        2.93343
1062       0.544549
1062        5.71662
1062        4.49615
1062        2.39889
1062        4.15435
1062        6.12904
1062        3.45478
1062         1.8628
1062       0.258329
1062        1.30088
1062         5.9495
1062        2.77481
1062        3.51311
1062        2.11609
1062        2.87404
1062        4.55238
1062        5.71692
1062        5.31655
1062        4.13451
1062        5.22931
1062        4.00977
1062        2.37806
1062        1.71753
1062        4.42339
1062        5.01352
1062        1.08578
1062         5.8053
1062       0.774217
1062        5.69058
1062        5.00994
1062        1.89923
1062        2.17579
1062        3.20549
1062        1.41135
1062       0.733934
1062        3.37161
1062        2.55401
1062        1.25841
1062        5.73093
1062        6.00365
1062        1.50818
1062       0.861847
1062        3.60805
1062         3.6897
1062        6.06877
1062        2.38454
1062        2.53244
1062        4.24198
1062        5.58625
1062          2.712
1062        5.30251
1062        5.64299
1062        3.57967
1062        3.30743
1062        1.86581
1062        4.77034
1062        6.07394
1062        2.08788
1062      0.0886465
1062        5.39532
1062       0.572079
1062        1.57409
1062      0.0554043
1062        4.25714
1062        0.11212
1062        4.95428
1062         5.2964
1062        5.61993
1062        1.87741
1062       0.841003
1062        3.42767
1062        3.26576
1062        3.08329
1062        2.59791
1062      0.0206049
1062        6.15409
1062        2.77974
1062         1.3224
1062       0.448349
1062        4.28634
1062        1.60548
1062       0.977028
1062        1.04955
1062        3.74749
1062        4.98923
1062        2.48692
1062       0.429808
1062        1.16699
1062        1.63956
1062       0.418617
1062        2.31139
1062        1.93866
1062         1.1445
1062        3.84989
1062        2.62306
1062        1.62089
1062        3.31917
1062        5.18316
1062        3.97147
1062        1.58581
1062        3.10941
1062        6.23922
1062        1.37014
1062        2.51475
1062        2.20167
1062        4.88605
1062        4.64704
1062        4.40689
1062          2.567
1062       0.268744
1062       0.892448
1062          3.413
1062    0.000792485
1062       0.806574
1062       0.265564
1062        1.49467
1062        5.25749
1062        6.03501
1062        3.21114
1062        3.21123
1062       0.650362
1062        5.01101
1062        2.35608
1062       0.325701
1062        2.55392
1062        4.58075
1062        1.89814
1062        4.92001
1062        0.56442
1062        3.58484
1062        2.26884
1062        5.85846
1062       0.072234
1062        2.94267
1062        3.58976
1062        6.08652
1062        5.13095
1062       0.467194
1062        4.05527
1062        1.95631
1062        2.09271
1062        5.14584
1062        4.72681
1062        2.14915
1062        4.75126
1062         4.3735
1062        4.68491
1062       0.469789
1062        1.21243
1062        2.64291
1062        1.81225
1062       0.441333
1062        2.09857
1062        3.81803
1062        4.92144
1062        1.81991
1062        5.22037
1062         4.8649
1062       0.271363
1062        1.09171
1062        5.96232
1062       0.852775
1062        2.61486
1062       0.837705
1062         1.2246
1062        4.01287
1062         5.1685
1062         4.5289
1062        4.08001
1062        2.85106
1062        3.02881
1062        4.47706
1062       0.403652
1062        5.58568
1062        5.55753
1062        4.01051
1062      0.0252775
1062        3.75244
1062        5.44714
1062        5.17161
1062         5.2361
1062        4.48612
1062        3.74349
1062        3.99792
1062        1.87256
1062        4.26647
1062      0.0389118
1062       0.991321
1062      0.0299021
1062        6.24381
1062        5.83661
1062       0.716957
1062        2.24723
1062        1.67353
1062        3.87446
1062       0.959403
1062      0.0102352
1062        5.81912
1062       0.478325
1062        4.51726
1062       0.740632
1062        5.13286
1062        2.53375
1062        3.96602
1062         3.0894
1062        3.49699
1062        4.62869
1062        5.62111
1062        5.72012
1062        5.73064
1062        1.64139
1062        4.34399
1062        5.87395
1062        1.51354
1062        4.86436
1062       0.729039
1062        3.77877
1062        2.52362
1062       0.512793
1062        5.40041
1062        3.02253
1062        1.76646
1062        4.62341
1062        3.14672
1062        4.02121
1062       0.958437
1062        3.82042
1062        4.94231
1062        5.56811
1062        4.62299
1062        5.02809
1062        1.18893
1062        3.16713
1062       0.279923
1062        2.43833
1062        5.33072
1062        5.69527
1062        2.32051
1062       0.520438
1062         1.0974
1062         4.5278
1062        3.39836
1062        3.27166
1062        3.98589
1062        1.28034
1062        3.94993
1062        4.72786
1062        2.08798
1062        5.51368
1062        5.74118
1062        2.54423
1062        2.83262
1062       0.653181
1062        6.22202
1062        4.06355
1062        2.19374
1062        4.50531
1062        2.89011
1062        1.52256
1062        2.79046
1062         4.9484
1062        4.68889
1062        0.59001
1062        6.14622
1062        2.60531
1062        4.98311
1062       0.367752
1062        4.47551
1062        3.32761
1062       0.948029
1062         6.1497
1062        0.28249
1062        4.05325
1062        0.80966
1062        2.78774
1062        1.98949
1062        5.62529
1062        2.75958
1062        2.84089
1062        4.55829
1062      0.0672078
1062        1.10059
1062        4.22413
1062        3.86336
1062        5.26958
1062        1.64351
1062        4.95987
1062        3.08415
1062        3.81669
1062        5.01036
1062       0.141704
1062        1.84786
1062        1.64352
1062        4.68067
1062        1.03803
1062       0.878627
1062        5.59869
1062        5.23122
1062        2.87227
1062        3.45832
1062        3.31162
1062       0.256687
1062        2.61099
1062        5.64945
1062        1.14539
1062        4.88888
1062        4.78194
1062         5.7878
1062        5.13813
1062       0.795176
1062        5.24448
1062        2.28673
1062        1.31575
1062       0.873049
1062        1.99835
1062        4.77102
1062        2.58447
1062        4.37845
1062       0.929551
1062        3.74915
1062        1.11935
1062          1.689
1062         5.0586
1062        2.99634
1062        4.68529
1062        2.84914
1062       0.872192
1062        5.09571
1062        4.55548
1062       0.930614
1062        2.63117
1062        1.54706
1062        3.71991
1062        3.15195
1062        4.48379
1062        5.75269
1062        2.08032
1062        6.22367
1062        5.96225
1062        3.02886
1062         3.9356
1062        5.38744
1062       0.769184
1062        4.97921
1062        2.27218
1062        3.62973
1062         4.8121
1062        5.24105
1062        3.34864
1062        3.36883
1062        4.10436
1062        5.58001
1062        2.09486
1062        3.60054
1062       0.428318
1062        2.06459
1062        1.79381
1062        1.08293
1062        4.76607
1062        2.24244
1062        1.51023
1062        4.21669
1062         3.8416
1062        2.85366
1062        0.74091
1062        1.92172
1062        1.37651
1062       0.325359
1062        5.00581
1062        3.37048
1062        5.11894
1062        4.71957
1062        5.69917
1062        5.91729
1062        1.48798
1062        5.67399
1062        4.24713
1062        4.76002
1062        3.59308
1062       0.243895
1062       0.214044
1062        3.22915
1062        4.69243
1062       0.456808
1062        3.23205
1062        2.11658
1062        5.50653
1062        3.99234
1062       0.832113
1062        3.96781
1062        3.11255
1062         2.7269
1062        1.00229
1062       0.346436
1062        5.98298
1062       0.735473
1062        4.30781
1062       0.932606
1062        3.85871
1062        1.02072
1062        2.60989
1062        5.16359
1062        2.82848
1062        1.95909
1062        2.56771
1062        5.59841
1062        1.08037
1062        0.31899
1062        4.98156
1062        6.11865
1062        1.81323
1062        4.81007
1062        4.39144
1062        3.14121
1062        1.05811
1062         1.7935
1062        1.42671
1062        2.38784
1062        2.69428
1062        4.90039
1062        6.21288
1062         3.3269
1062        2.16684
1062         2.1024
1062        3.71486
1062      0.0898419
1062         1.1354
1062        1.01356
1062       0.256493
1062        4.49722
1062        5.02699
1062        3.30439
1062        1.89358
1062        3.06785
1062        1.79775
1062         6.1461
1062        4.21046
1062        2.16555
1062        5.12171
1062        4.33551
1062       0.459865
1062        1.09317
1062        2.10842
1062        5.60065
1062        5.73415
1062        4.51608
1062        1.69148
1062          1.191
1062       0.921605
1062        1.61516
1062        1.65646
1062       0.608237
1062        2.64701
1062         2.1196
1062          2.002
1062        2.19093
1062        4.57866
1062        5.00239
1062        1.46372
1062        2.55085
1062         4.8012
1062        4.41851
1062        5.34759
1062        6.23628
1062          5.151
1062       0.870205
1062        4.60311
1062        4.87206
1062        5.70277
1062        3.92303
1062        5.30802
1062       0.467526
1062        1.44475
1062        4.56613
1062       0.954612
1062           4.73
1062       0.799699
1062        4.07443
1062        3.09566
1062        2.49173
1062        3.97264
1062        5.90314
1062        6.24823
1062        2.12159
1062        2.00084
1062        5.05187
1062      0.0105563
1062        1.21173
1062        2.91338
1062        3.38612
1062        1.18142
1062        4.75059
1062        2.41173
1062        5.00105
1062        4.07304
1062        2.24149
1062        5.10519
1062       0.449926
1062        5.18285
1062        4.40511
1062        4.32619
1062       0.756042
1062        2.14254
1062        4.33284
1062        1.88563
1062        3.18585
1062        5.61803
1062         4.7935
1062        4.76556
1062        2.11734
1062        2.63634
1062        1.92252
1062        5.35731
1062        2.81849
1062        2.08832
1062         2.2607
1062        4.35236
1062        4.62605
1062        6.00395
1062        1.71398
1062        1.91209
1062        4.25562
1062        3.00202
1062        3.81494
1062        5.47542
1062       0.660924
1062         1.7197
1062        5.38155
1062        1.48643
1062        4.34622
1062        1.21173
1062       0.853834
1062       0.397304
1062        4.57107
1062        5.03215
1062        2.11688
1062        0.60821
1062        3.04136
1062        6.13459
1062        4.06252
1062        5.08777
1062        4.41323
1062        3.73409
1062       0.416568
1062        1.97317
1062        3.65299
1062        5.03917
1062        1.55699
1062        1.52938
1062         1.1683
1062        1.14394
1062        2.01636
1062        5.91803
1062        2.60303
1062        1.86478
1062        2.89326
1062        4.52415
1062         2.0452
1062       0.462146
1062       0.118583
1062        4.29457
1062        2.10348
1062        3.24423
1062       0.685607
1062        5.10528
1062        2.86196
1062        4.33258
1062        3.68268
1062        3.01446
1062         5.6087
1062        2.50502
1062        4.51013
1062       0.415743
1062        2.50462
1062        1.67039
1062       0.695991
1062        3.81769
1062        2.45156
1062        2.35817
1062        1.28419
1062        4.85339
1062        3.49958
1062        5.15094
1062       0.688319
1062        1.42917
1062         1.3594
1062        6.13598
1062        4.60673
1062        1.24468
1062        4.31596
1062        5.09313
1062      0.0230881
1062        5.53617
1062        5.23245
1062        6.22305
1062        1.38239
1062        5.19518
1062        4.54764
1062        1.43994
1062       0.337351
1062        5.01622
1062        3.47681
1062        5.30203
1062        4.19107
1062        2.67098
1062        1.10661
1062        5.13658
1062        5.93443
1062        3.12412
1062       0.275564
1062       0.905182
1062        6.25334
1062        3.75427
1062        1.16242
1062        3.42569
1062       0.594032
1062         6.0731
1062        4.81344
1062        2.73852
1062        1.25217
1062        0.30441
1062        5.52312
1062        1.07381
1062        1.68299
1062        4.68543
1062         1.7354
1062        2.13012
1062        1.26087
1062        2.21347
1062        1.33216
1062        5.47942
1062        3.84894
1062        4.09521
1062        5.73009
1062        1.41987
1062        4.62365
1062        5.02015
1062        1.97598
1062        3.77372
1062        2.33829
1062        4.71434
1062         4.1742
1062        4.50613
1062        1.91664
1062        5.04114
1062        4.44706
1062        4.99943
1062        5.16771
1062        2.44801
1062        1.80518
1062        5.10629
1062        2.92236
1062        4.09247
1062        4.60425
1062         3.7336
1062       0.752007
1062        2.38601
1062        3.69537
1062       0.440617
1062        5.46924
1062        1.70392
1062       0.908222
1062       0.638376
1062       0.708534
1062        3.89061
1062        1.63746
1062       0.485734
1062      0.0428278
1062        1.60247
1062        1.45233
1062       0.574432
1062        3.16028
1062        4.66579
1062        4.21742
1062        1.17076
1062        4.29902
1062        2.85666
1062        4.52121
1062        2.45254
1062        6.19629
1062        2.50526
1062        4.23542
1062        1.23069
1062        2.41039
1062         5.9862
1062        4.00884
1062          1.023
1062        2.58191
1062        4.06168
1062         2.7992
1062        2.44489
1062        4.97525
1062        1.13849
1062         3.6475
1062        2.07774
1062        5.83125
1062        4.86266
1062        5.28272
1062        5.51658
1062        1.30554
1062          5.823
1062        3.87252
1062        1.28716
1062       0.533049
1062         2.1937
1062        3.01942
1062        3.36744
1062        3.40335
1062       0.926026
1062        4.85469
1062        4.32655
1062       0.358388
1062         5.5668
1062        1.15407
1062        3.05945
1062        6.15252
1062        3.24694
1062        3.96841
1062         4.7295
1062         4.3771
1062        3.84842
1062       0.154251
1062        5.28271
1062        5.47114
1062        2.61542
1062       0.515939
1062        4.42501
1062        3.47326
1062        3.72682
1062        4.27719
1062        4.15765
1062        5.54172
1062       0.264123
1062        3.93119
1062        1.36919
1062        5.84198
1062         1.7375
1062        4.77456
1062        4.77953
1062           0.44
1062        2.59827
1062       0.957442
1062        4.33419
1062       0.485847
1062        2.99167
1062       0.346853
1062        6.12065
1062        2.47668
1062        4.04743
1062       0.274786
1062        4.50409
1062       0.923308
1062        5.25128
1062         1.3133
1062       0.945991
1062        2.15988
1062        1.72484
1062         4.2747
1062        3.87604
1062        2.97432
1062        2.73366
1062         5.5592
1062       0.492606
1062        2.07151
1062        1.89635
1062        2.69864
1062        2.87991
1062        3.28327
1062        1.28198
1062        4.24762
1062        5.17197
1062        0.83353
1062        2.70121
1062        1.06564
1062        4.57672
1062        5.39852
1062        3.27443
1062        3.64607
1062        4.21431
1062        4.84587
1062        1.59348
1062        6.19902
1062        1.91253
1062        5.99628
1062         1.8373
1062        4.48271
1062        5.35761
1062        2.03448
1062       0.506057
1062        2.87361
1062         5.7053
1062        4.63568
1062        1.46539
1062       0.815136
1062        5.35559
1062        2.12324
1062        5.47313
1062        4.26948
1062        2.10547
1062          1.947
1062        4.47612
1062        3.11099
1062        1.10171
1062       0.632413
1062         6.0092
1062        3.01739
1062        4.28529
1062        2.35785
1062         1.0541
1062        4.03944
1062        6.26715
1062        0.17582
1062         0.5928
1062        5.18561
1062        1.66103
1062        2.08262
1062        1.83579
1062        3.04021
1062        1.02017
1062        4.96846
1062       0.769442
1062       0.364597
1062        2.87784
1062       0.777539
1062        4.60139
1062        1.93809
1062        3.70111
1062        4.67846
1062        3.52378
1062        4.47159
1062        4.02614
1062        2.93693
1062       0.371839
1062       0.604816
1062        3.00595
1062       0.808379
1062        4.55426
1062       0.585552
1062        3.30487
1062        2.07931
1062       0.929691
1062        3.16428
1062       0.759111
1062        3.86363
1062       0.949019
1062        2.60203
1062        1.84678
1062        4.07345
1062        3.55093
1062        5.26014
1062        2.72257
1062       0.139376
1062        3.89415
1062        1.29989
1062       0.729716
1062        3.24119
1062        4.63824
1062       0.310902
1062       0.683452
1062        1.61341
1062         5.8613
1062       0.722797
1062        5.08767
1062        4.82762
1062        1.90791
1062        1.40265
1062        3.15689
1062        2.06463
1062        6.10482
1062       0.947388
1062      0.0588121
1062        5.47551
1062        3.54049
1062        1.85286
1062        3.87574
1062        2.83585
1062        3.16763
1062        1.89522
1062        5.52033
1062        2.35711
1062           2.37
1062        1.51838
1062        6.19165
1062         1.8724
1062        3.40974
1062        4.59023
1062        2.15324
1062        5.45502
1062        1.70061
1062        1.92776
1062       0.761269
1062        4.33713
1062        3.11842
1062        3.58278
1062        1.72317
1062        4.75264
1062        4.90084
1062       0.207915
1062         4.4018
1062        3.99153
1062        2.30994
1062        5.10403
1062        5.31542
1062       0.385956
1062        4.87573
1062        5.09912
1062        2.12648
1062        3.13305
1062        2.90236
1062        2.53851
1062        4.15295
1062       0.887252
1062        1.44878
1062        5.07908
1062        1.35892
1062        3.63494
1062        1.26868
1062        2.50879
1062        4.33898
1062        5.58211
1062        1.68032
1062        1.52113
1062        1.86959
1062        4.71814
1062        3.51501
1062        1.22801
1062        1.33599
1062         3.4122
1062        2.28324
1062       0.674141
1062        3.92347
1062        1.05775
1062       0.346934
1062        5.97278
1062         3.3008
1062       0.873187
1062        2.51646
1062        2.40333
1062        2.32937
1062          2.502
1062        4.49611
1062        4.48426
1062        3.43124
1062        0.26294
1062        4.32872
1062        2.39735
1062        1.81273
1062        5.18552
1062        1.96483
1062        4.65396
1062        3.22278
1062       0.620618
1062        5.60524
1062        2.40476
1062        1.98344
1062        4.21718
1062        1.91047
1062        3.53991
1062        4.77631
1062        6.06173
1062         3.6877
1062        4.58306
1062         1.2266
1062         4.7674
1062        3.80847
1062        3.21604
1062        2.61697
1062        4.55645
1062        1.66441
1062        1.11673
1062        4.48207
1062        5.49155
1062        1.15569
1062        3.56207
1062        1.97519
1062       0.872096
1062        4.82619
1062        4.25892
1062        1.07248
1062        4.71497
1062        4.53149
1062        5.74301
1062        4.31072
1062        1.20129
1062        3.70179
1062        5.94199
1062       0.609938
1062        3.85387
1062        2.65351
1062        4.24579
1062        1.52858
1062         5.6274
1062        4.42021
1062       0.125295
1062        1.02237
1062        2.70995
1062        6.10176
1062        2.67234
1062        4.08355
1062        3.75081
1062        2.82853
1062        1.22825
1062        6.20976
1062       0.774804
1062        5.09608
1062        2.09242
1062        1.09995
1062        4.32222
1062        5.65554
1062        3.37973
1062        5.32715
1062         4.6101
1062       0.663327
1062        3.28785
1062         3.9019
1062       0.548441
1062        4.88749
1062        2.00763
1062        4.25356
1062        2.04707
1062        5.96311
1062        3.13084
1062        4.57294
1062         5.8812
1062        5.09546
1062       0.778171
1062        4.98024
1062        4.63513
1062         5.0091
1062        3.60174
1062        1.49109
1062        1.52062
1062        1.32379
1062       0.505504
1062        4.30427
1062         4.8839
1062        1.49776
1062        4.22633
1062        1.50821
1062        1.14103
1062        3.89977
1062        4.64898
1062        4.43301
1062         5.1257
1062        1.06646
1062        0.85647
1062        4.14495
1062        1.36961
1062       0.921957
1062        5.51614
1062        6.05295
1062        4.82675
1062        3.28826
1062        3.41813
1062        5.31466
1062        1.69061
1062        3.00197
1062        5.75762
1062       0.487738
1062        2.11701
1062        2.44957
1062        4.35016
1062        6.12585
1062        5.28975
1062         0.2419
1062        4.89104
1062       0.786488
1062        3.55506
1062        5.30588
1062        5.87926
1062        4.99621
1062       0.598825
1062        1.03486
1062        4.36022
1062         2.1297
1062        5.75799
1062        5.79357
1062        3.57886
1062       0.985303
1062        1.01639
1062       0.399808
1062      0.0968625
1062        1.24021
1062        3.59965
1062        3.81774
1062        2.57143
1062        4.39705
1062       0.640157
1062        4.09762
1062         2.3575
1062        2.38151
1062       0.523461
1062        2.25572
1062        6.05212
1062        2.98667
1062         3.3419
1062       0.719157
1062        4.57686
1062        2.64658
1062        6.23343
1062        3.72572
1062        1.01157
1062        1.99284
1062        5.36112
1062       0.727384
1062        1.83742
1062        1.73009
1062        2.40656
1062        5.74233
1062        1.31686
1062        3.89351
1062        2.31795
1062        3.07844
1062        1.84939
1062        2.02052
1062        1.94351
1062        1.56848
1062       0.199556
1062        1.09501
1062        3.12605
1062        5.89224
1062        2.20877
1062        1.35241
1062      0.0924741
1062       0.223046
1062        4.42469
1062        3.82797
1062        2.14676
1062       0.359412
1062        4.42517
1062         4.3998
1062        3.05578
1062        4.75406
1062       0.666124
1062        2.05028
1062        3.88563
1062        4.13264
1062       0.079536
1062        5.51862
1062        5.01829
1062         5.4209
1062        3.88022
1062        5.96778
1062        2.67611
1062       0.504968
1062        0.26963
1062        5.73413
1062         3.3121
1062        5.05396
1062         4.7518
1062        5.90595
1062        2.62604
1062       0.629197
1062        4.05736
1062        2.26285
1062         5.4705
1062         4.5376
1062       0.530944
1062         2.9856
1062        1.53343
1062        2.65036
1062        1.78766
1062        4.22877
1062        5.77918
1062       0.913621
1062        5.35624
1062         2.6116
1062        6.02686
1062        5.68359
1062        4.61364
1062        4.50813
1062        4.14853
1062        3.84875
1062        4.55727
1062        3.10754
1062        6.00243
1062        4.86576
1062        0.98913
1062        2.11404
1062        1.44043
1062       0.678282
1062        2.22724
1062        6.11681
1062        3.71167
1062        4.83569
1062        1.81896
1062        3.15473
1062        1.15242
1062       0.032053
1062        1.29344
1062        3.23363
1062        2.70177
1062         1.7856
1062        2.85927
1062        3.53786
1062        2.74012
1062        3.52244
1062        3.71247
1062         4.4621
1062        3.18261
1062        1.17674
1062        4.96788
1062        3.21136
1062        4.52803
1062        4.00395
1062          4.009
1062         2.1192
1062       0.579401
1062       0.829978
1062       0.480789
1062       0.825865
1062       0.555654
1062        3.62941
1062         5.8472
1062         1.3889
1062      0.0520184
1062        4.30497
1062       0.992462
1062        4.81864
1062       0.615628
1062       0.584014
1062        1.93184
1062        4.98915
1062        2.84745
1062       0.809291
1062        3.79415
1062        3.47679
1062        3.42531
1062        1.67781
1062        3.03076
1062        3.54316
1062         4.5527
1062         2.3124
1062       0.153809
1062      0.0860632
1062        3.78786
1062        5.43158
1062        5.05345
1062       0.286226
1062        3.37074
1062        4.49878
1062        5.07619
1062        2.34743
1062        3.36785
1062        3.03476
1062        4.83423
1062        3.14642
1062        4.10541
1062         2.0551
1062        5.45423
1062        1.67341
1062         3.0022
1062        0.50868
1062       0.414112
1062        5.99663
1062        4.35227
1062        5.36714
1062        3.52149
1062       0.741732
1062        4.78096
1062        6.16144
1062         1.7149
1062       0.961578
1062        1.73186
1062        5.78747
1062     0.00982023
1062        4.83919
1062        1.19737
1062       0.870969
1062        4.42678
1062        4.31388
1062       0.465463
1062        2.40932
1062        2.80358
1062        4.86856
1062       0.720685
1062       0.354719
1062        1.58778
1062        1.11022
1062        5.10412
1062        2.52377
1062        5.12942
1062        2.04729
1062        2.74664
1062        2.48259
1062       0.305251
1062        3.83974
1062        4.83391
1062        4.20573
1062         1.1085
1062         3.3774
1062        5.40803
1062        6.21112
1062        3.84605
1062         1.8863
1062         5.9624
1062        3.23656
1062        4.57992
1062        3.17196
1062        1.21979
1062        2.87775
1062        3.30946
1062        1.43208
1062        2.83732
1062        1.85127
1062         5.9287
1062       0.713503
1062        5.10698
1062        1.11581
1062        2.73114
1062        3.64393
1062       0.145368
1062        2.46002
1062       0.858695
1062        5.75219
1062        4.60647
1062        4.60381
1062        3.70849
1062        5.41905
1062        4.56223
1062        3.59854
1062        1.95208
1062        4.97226
1062      0.0560637
1062       0.609209
1062        2.09064
1062       0.666765
1062        1.98369
1062        1.89638
1062        2.09655
1062        2.80459
1062        1.35451
1062        4.90595
1062        4.49687
1062       0.366197
1062       0.103173
1062        2.31844
1062        5.07904
1062        5.72412
1062        2.11236
1062        5.49449
1062        1.91894
1062        5.21093
1062        1.05295
1062        5.62464
1062        1.34725
1062         2.4399
1062        1.06599
1062         1.7511
1062        1.36202
1062        4.57434
1062        1.06215
1062         1.9019
1062          4.671
1062        1.84455
1062        4.05206
1062        2.16994
1062       0.719181
1062        4.64954
1062        3.37037
1062       0.334561
1062       0.397772
1062        5.60836
1062        5.23541
1062        1.12578
1062        6.12431
1062        1.33744
1062       0.570671
1062       0.144115
1062       0.130349
1062        2.72971
1062       0.641547
1062       0.907106
1062        1.66147
1062        6.12411
1062        3.99813
1062        4.96111
1062         2.1489
1062        5.02959
1062        3.34335
1062        5.12627
1062         4.5337
1062        2.51419
1062        5.49771
1062        5.14796
1062        1.11479
1062         2.7786
1062        1.58507
1062        1.26206
1062        1.34644
1062        2.73162
1062         1.3254
1062        2.14124
1062        6.03258
1062        1.96006
1062        3.42936
1062        5.90052
1062       0.259847
1062        0.90009
1062        1.34377
1062        4.33243
1062        4.19911
1062        4.02078
1062        2.25376
1062        4.68045
1062        1.47749
1062        5.75043
1062       0.978846
1062        4.51966
1062        1.96019
1062         1.9712
1062        4.35576
1062        2.59083
1062         1.6071
1062       0.498893
1062       0.972378
1062       0.316933
1062        1.68048
1062        1.03538
1062       0.803166
1062        1.10189
1062        2.65326
1062         2.6452
1062       0.790584
1062        3.60514
1062       0.153087
1062        5.23819
1062          1.507
1062        1.07035
1062        6.14124
1062        4.83448
1062        1.72802
1062        4.34304
1062        4.69164
1062        5.76705
1062        5.43248
1062       0.304399
1062        1.58791
1062       0.802116
1062        2.08032
1062        3.62786
1062        2.34133
1062        3.18418
1062        2.41139
1062        5.58657
1062        4.22138
1062        4.30403
1062        4.23053
1062        1.91727
1062        4.40234
1062        5.65293
1062         3.4812
1062        4.29126
1062      0.0871943
1062       0.773955
1062        6.27413
1062        1.58568
1062       0.865588
1062        3.12765
1062         5.8111
1062        4.74223
1062        1.73568
1062        3.87049
1062        4.50679
1062        2.22127
1062        4.27933
1062        6.15998
1062        3.78614
1062        2.30377
1062        2.40771
1062        4.14908
1062       0.354808
1062        3.77819
1062        6.22168
1062        2.49014
1062        1.00096
1062        5.40822
1062        2.75613
1062        4.28043
1062        5.25621
1062        3.69715
1062        3.23955
1062        2.34054
1062       0.789538
1062        5.11367
1062        1.63694
1062        4.82847
1062        3.43107
1062        3.57688
1062       0.393119
1062        1.13325
1062       0.826325
1062        4.82614
1062        4.72321
1062       0.147808
1062        3.49817
1062        3.63873
1062        1.28162
1062        5.01725
1062        3.31047
1062        3.49041
1062        1.45418
1062        4.18734
1062        4.51914
1062         1.0835
1062        1.06249
1062        1.48872
1062           4.23
1062        2.08172
1062       0.893027
1062        2.51663
1062        2.03372
1062         3.4164
1062        1.45666
1062       0.435205
1062        5.22281
1062        2.44475
1062        3.96012
1062        1.53292
1062        1.73906
1062        3.03212
1062        4.56274
1062        1.97696
1062        5.41345
1062        5.17914
1062       0.100262
1062        1.82742
1062        5.11927
1062        3.36255
1062       0.336372
1062        2.18364
1062       0.780668
1062       0.255637
1062         1.6604
1062       0.184591
1062        1.00951
1062        4.13014
1062        6.25956
1062        3.51425
1062        5.30803
1062         4.7141
1062       0.441295
1062        2.36376
1062        4.35561
1062        2.84527
1062        1.55915
1062        3.52667
1062        3.53766
1062        1.64474
1062        1.25496
1062         1.2542
1062        3.84438
1062        5.45234
1062        2.54458
1062         1.6429
1062        5.24728
1062        3.41272
1062        2.85567
1062        5.29537
1062       0.993244
1062        1.53866
1062        4.89515
1062        3.51433
1062        5.05331
1062        6.11577
1062         5.9227
1062        5.44713
1062        4.95812
1062        2.89719
1062        1.15332
1062        3.27018
1062         1.8129
1062        4.60021
1062        4.57814
1062        5.24303
1062       0.566398
1062        2.28202
1062         5.9304
1062        4.58232
1062        6.07512
1062        1.18996
1062        6.04902
1062        1.36279
1062         5.3318
1062        1.33314
1062        3.12615
1062        3.41491
1062        1.84697
1062         4.3716
1062        5.70733
1062        4.56737
1062        5.99538
1062        4.87041
1062        5.00925
1062        1.25388
1062        2.40493
1062        4.06564
1062        5.46511
1062        3.50044
1062        3.27895
1062        3.48393
1062        4.02556
1062        3.91833
1062        3.34715
1062        6.14749
1062        2.91072
1062        3.55721
1062         2.8314
1062        2.62048
1062        3.30276
1062        6.10705
1062        1.70792
1062        4.60389
1062        1.99827
1062        1.17056
1062        2.39935
1062        2.18472
1062        1.61494
1062       0.872357
1062        5.62941
1062        4.88101
1062        3.69681
1062       0.532163
1062         4.9504
1062       0.463565
1062        1.65106
1062        0.54785
1062        3.96066
1062        3.95493
1062        1.75769
1062        5.28604
1062        4.91668
1062        1.85714
1062        4.71534
1062        5.81007
1062        1.12173
1062        0.23702
1062        4.24052
1062        4.99914
1062        1.42749
1062        5.07116
1062        3.16578
1062        4.97001
1062        1.36977
1062        4.00292
1062        3.23038
1062        2.89794
1062        1.06487
1062        1.14247
1062        3.99476
1062        3.91772
1062        1.25792
1062        1.77008
1062        4.52818
1062         2.0804
1062        3.01273
1062       0.808251
1062        5.57735
1062        2.23565
1062        1.72304
1062        4.73107
1062       0.803371
1062        4.77274
1062        3.94777
1062        1.26395
1062        4.13062
1062        3.41694
1062        4.15972
1062        4.92195
1062        2.01942
1062        5.10954
1062        1.20371
1062         5.4305
1062        4.62522
1062        1.07753
1062        4.11048
1062        2.94987
1062        1.12596
1062        1.69096
1062        3.82669
1062        4.34276
1062         1.5475
1062        4.89172
1062        1.04115
1062        4.10864
1062        0.91661
1062       0.756468
1062        3.26392
1062        2.12761
1062         2.9008
1062        4.16961
1062        5.20707
1062        4.54224
1062       0.987672
1062        4.72952
1062       0.422093
1062      0.0212436
1062        1.72209
1062        4.98882
1062        4.82296
1062        5.86695
1062        1.74568
1062        5.45058
1062        5.03956
1062       0.734322
1062        4.14768
1062       0.424597
1062        2.30894
1062        6.23437
1062        4.92581
1062        3.27878
1062       0.558984
1062        1.05015
1062        1.09081
1062         0.4324
1062         3.9798
1062       0.896521
1062        2.66472
1062       0.921654
1062        2.31093
1062         4.9253
1062       0.408725
1062        1.52248
1062       0.772934
1062       0.505779
1062       0.499195
1062       0.706166
1062        3.66115
1062        5.51174
1062        2.07237
1062       0.627345
1062        1.44525
1062        4.55813
1062       0.273144
1062        1.58888
1062       0.259135
1062        5.66385
1062        4.75361
1062        6.10074
1062        1.25273
1062        1.85704
1062        2.16317
1062        1.04254
1062        5.10649
1062        4.60175
1062        1.32792
1062        2.02065
1062       0.567088
1062        1.01309
1062        4.77254
1062        2.96677
1062        5.16253
1062       0.986294
1062         1.1257
1062        4.51621
1062        4.85277
1062         3.6574
1062        3.96619
1062        2.61245
1062       0.658862
1062        1.65464
1062        2.10275
1062        3.02797
1062        5.43183
1062        3.31895
1062        4.52414
1062        1.11218
1062        4.11176
1062       0.786485
1062        6.21387
1062        6.07407
1062        5.84656
1062        1.56715
1062        5.88477
1062        6.25196
1062        4.00748
1062        5.44187
1062        1.19951
1062        2.03288
1062        4.73736
1062        3.95676
1062        4.06703
1062        1.88766
1062        1.48796
1062        2.63429
1062        1.11934
1062         4.9931
1062        5.58821
1062         4.6036
