1831        3.44013
1831         5.6792
1831        2.54337
1831       0.665682
1831      0.0767405
1831       0.757588
1831        3.28202
1831        4.57363
1831        0.15892
1831        1.74311
1831        1.72578
1831       0.482044
1831        3.85374
1831        4.38446
1831        4.88366
1831        3.51916
1831        2.11209
1831         1.8247
1831       0.309116
1831        3.63148
1831        2.19642
1831        1.62036
1831       0.998101
1831        6.16713
1831         2.8767
1831        2.83232
1831       0.102668
1831        1.08774
1831        0.10515
1831        5.61345
1831         3.5599
1831        0.45773
1831        5.80866
1831        2.92875
1831        4.18086
1831        4.66488
1831        4.74069
1831        1.66439
1831        4.48126
1831        2.80768
1831        1.23288
1831        4.40303
1831        3.05941
1831        3.75363
1831        3.92712
1831        1.01459
1831        4.51433
1831         6.1869
1831        5.99389
1831        5.65639
1831        5.16443
1831        5.25796
1831        4.05692
1831        2.79176
1831        1.64922
1831        2.74788
1831        2.72779
1831        0.84068
1831        3.63706
1831       0.730234
1831        5.80007
1831        2.70728
1831        1.88072
1831        2.03971
1831        3.21121
1831        6.18866
1831        1.91934
1831        1.75497
1831        2.97573
1831       0.867491
1831        2.60474
1831        1.67624
1831        3.19143
1831         2.2806
1831        4.03603
1831       0.330907
1831          5.888
1831        2.80642
1831       0.422256
1831        3.73931
1831        1.84959
1831        1.29824
1831        2.91973
1831       0.515847
1831        3.35481
1831        4.04923
1831        4.25809
1831        5.71761
1831        5.36434
1831        4.36964
1831        1.63192
1831       0.143561
1831        1.01176
1831        4.62961
1831         4.2521
1831        5.65798
1831        4.10687
1831        4.51815
1831        6.13374
1831        3.44607
1831        1.38037
1831        3.21774
1831        3.13924
1831        4.58519
1831       0.380782
1831        6.17023
1831        1.00833
1831        3.30461
1831        1.63454
1831        1.98356
1831        1.33797
1831      0.0365219
1831         2.3269
1831       0.214529
1831       0.964131
1831        1.87842
1831        4.68291
1831          4.019
1831        3.78045
1831        5.28064
1831        5.89754
1831        4.86407
1831        3.91888
1831       0.128059
1831        4.39555
1831        4.13116
1831       0.259517
1831         1.4178
1831        3.47108
1831        3.47924
1831        4.66734
1831        5.31653
1831        2.79172
1831         3.2315
1831        3.77379
1831       0.229599
1831         3.4189
1831        4.98952
1831         2.7281
1831        4.92523
1831        2.26405
1831       0.176599
1831        6.23634
1831        4.54449
1831        1.34618
1831       0.559295
1831        5.62075
1831         3.4061
1831        4.27853
1831        2.37598
1831        0.79981
1831        5.87987
1831        4.52178
1831        1.39118
1831      0.0621586
1831        2.88709
1831       0.625682
1831        5.25976
1831        2.41917
1831        1.06402
1831        2.71688
1831        5.12031
1831        2.68572
1831        1.71196
1831        4.10425
1831        3.48881
1831        4.32612
1831        5.69535
1831        1.23108
1831        5.40663
1831        4.95925
1831        5.78496
1831        3.57577
1831        5.45897
1831        4.09269
1831        4.37521
1831        3.15472
1831        3.48988
1831        5.25745
1831        2.31822
1831        2.56208
1831        2.62569
1831        2.06151
1831        3.97894
1831       0.356801
1831        6.01147
1831        1.48703
1831        3.44629
1831        2.45471
1831        1.87828
1831         1.0268
1831        4.54409
1831        4.84158
1831        4.59149
1831       0.421547
1831        5.15035
1831        4.07348
1831        5.81463
1831         2.9671
1831        3.91688
1831        5.07405
1831        4.77738
1831        3.60516
1831        5.61826
1831        4.16909
1831        6.13646
1831        5.43067
1831        1.39611
1831       0.801304
1831        1.01151
1831         5.3352
1831        4.03826
1831        3.73623
1831       0.832504
1831        1.80736
1831        5.06182
1831        1.45043
1831        4.27528
1831        0.88893
1831        4.53157
1831           2.52
1831        4.71986
1831        4.62414
1831       0.190251
1831        2.72312
1831        5.13974
1831        4.55204
1831        4.29498
1831       0.412511
1831       0.415348
1831        4.52214
1831        1.49523
1831       0.157903
1831        3.08682
1831        3.47887
1831         3.3085
1831        6.03927
1831        5.63834
1831        3.51216
1831        1.75775
1831         4.7393
1831        3.38575
1831       0.108365
1831       0.442267
1831       0.722477
1831        1.40312
1831        3.04965
1831        3.67311
1831        4.76663
1831        3.99965
1831       0.110761
1831        5.37969
1831        1.42585
1831        1.37781
1831        5.84667
1831        2.48578
1831        2.00453
1831        1.88809
1831        5.56562
1831       0.929378
1831        5.40546
1831        3.62494
1831       0.899677
1831        2.81657
1831        4.74346
1831        5.46652
1831         4.7262
1831       0.202046
1831        1.05266
1831        2.27307
1831          5.816
1831        3.27778
1831     0.00802336
1831         6.2118
1831        2.65413
1831        4.78726
1831        1.78552
1831        2.23279
1831         1.2091
1831        3.96053
1831        3.23375
1831       0.392322
1831         3.5283
1831        2.80462
1831        3.17462
1831        5.17126
1831        5.36481
1831       0.511967
1831        4.35425
1831        5.16462
1831         1.3525
1831        4.63818
1831        2.28907
1831        4.82074
1831        4.25485
1831       0.814862
1831       0.701502
1831        5.52198
1831       0.580178
1831        3.81601
1831        5.98645
1831         3.9121
1831        5.96046
1831       0.331273
1831          4.284
1831        1.20116
1831         3.6776
1831        5.27334
1831        6.21459
1831         2.4353
1831       0.150533
1831        2.51854
1831        3.84143
1831        4.11875
1831        4.19963
1831        1.04256
1831        5.76392
1831        3.87182
1831       0.381266
1831        5.06272
1831        2.06605
1831        3.64339
1831         2.8945
1831        4.18573
1831         4.7596
1831       0.306606
1831          0.306
1831       0.511638
1831        5.18701
1831        2.94691
1831        1.71528
1831       0.395074
1831        2.65263
1831       0.237363
1831        5.03992
1831        3.61521
1831        3.71421
1831        6.10226
1831        5.15168
1831        5.36401
1831        5.89984
1831        5.84355
1831        2.01676
1831        1.44172
1831       0.269327
1831       0.345538
1831        3.73024
1831        1.82699
1831        5.78168
1831        2.48711
1831        3.13025
1831        6.27825
1831       0.038399
1831        4.47133
1831        2.79756
1831       0.631727
1831      0.0150815
1831       0.764713
1831        2.23449
1831        2.17334
1831        4.09267
1831        2.79426
1831         2.2312
1831       0.884125
1831        5.90269
1831        5.82891
1831        6.10888
1831        4.80221
1831        1.83975
1831        5.36063
1831        6.19669
1831       0.406197
1831       0.102102
1831        1.55664
1831        5.30464
1831        3.26549
1831        6.00404
1831        5.52483
1831       0.587332
1831        3.39806
1831        4.16825
1831        0.11581
1831        5.39578
1831        5.35192
1831       0.073651
1831        5.31703
1831        1.17937
1831       0.971373
1831        4.42918
1831        4.84274
1831        1.23337
1831        3.50937
1831        1.16308
1831        1.08875
1831       0.196211
1831        3.67832
1831        3.82681
1831        1.76534
1831        1.43104
1831        3.41522
1831        2.55974
1831        2.38383
1831       0.562402
1831        2.43684
1831        4.13987
1831        4.09283
1831        4.28967
1831        2.98688
1831        4.92546
1831        4.54354
1831        3.72572
1831        4.96704
1831        4.76451
1831         3.0226
1831        4.36907
1831        3.34943
1831        3.91337
1831        4.12134
1831        3.14593
1831        3.37953
1831        4.38605
1831        3.02488
1831        2.14844
1831        1.59302
1831        2.66329
1831        3.86047
1831        3.87411
1831        3.30101
1831       0.414824
1831        3.48237
1831        1.50378
1831       0.234132
1831        1.83951
1831        6.26253
1831       0.823955
1831       0.373055
1831         4.8942
1831        4.40032
1831        3.21036
1831      0.0884014
1831       0.699924
1831       0.636285
1831        2.15698
1831        3.54356
1831        1.93173
1831        4.19519
1831      0.0255309
1831        3.07804
1831        0.64524
1831        3.76275
1831        2.61469
1831        1.70846
1831        4.08177
1831         4.6514
1831        3.31404
1831        2.90701
1831        2.07558
1831        5.74104
1831        1.40565
1831          2.445
1831         5.1682
1831         1.8273
1831        1.22028
1831        2.64993
1831        6.03819
1831        4.64985
1831        4.05977
1831       0.531047
1831       0.712494
1831        6.23166
1831        3.64067
1831        1.26299
1831       0.624533
1831        3.72906
1831         5.5428
1831        5.30512
1831        1.38146
1831        2.32931
1831        3.64034
1831        3.66044
1831       0.961026
1831       0.845599
1831        2.42461
1831        5.74609
1831       0.256575
1831        5.39625
1831       0.205094
1831        5.78026
1831     0.00945935
1831        0.72204
1831        5.79975
1831        2.14354
1831        6.20604
1831         5.0725
1831        5.84924
1831        4.03301
1831        3.51988
1831       0.568797
1831       0.387991
1831        2.71307
1831        1.27459
1831        6.09477
1831       0.626846
1831         1.1725
1831        4.25663
1831        5.39671
1831        4.64677
1831        3.04554
1831        5.36819
1831       0.713396
1831        1.76809
1831        4.96307
1831        3.69535
1831        3.53149
1831        1.10947
1831        2.05367
1831       0.524447
1831        5.51188
1831        2.96325
1831        2.81887
1831        5.94548
1831        3.71827
1831        3.91134
1831        3.07123
1831        2.10689
1831        3.30929
1831        5.35907
1831        4.56334
1831        2.99408
1831        3.91539
1831        5.63376
1831        3.43497
1831        4.13424
1831         2.7763
1831       0.789618
1831        3.33954
1831        1.35825
1831        4.41939
1831        4.53309
1831        6.08969
1831        3.99128
1831        5.91209
1831        5.60393
1831        3.69541
1831        1.81303
1831       0.145567
1831       0.446998
1831        1.68302
1831          1.004
1831        2.51298
1831        3.79745
1831        3.64691
1831        4.23877
1831        4.59667
1831        2.21413
1831        6.15097
1831        6.26588
1831       0.262267
1831        3.35724
1831        4.20583
1831        2.71916
1831        2.74556
1831        4.08319
1831       0.458245
1831         6.2576
1831        4.33035
1831        2.84344
1831       0.202611
1831        4.58265
1831        2.53653
1831        3.29811
1831        5.05576
1831        3.59083
1831        3.17414
1831        3.02247
1831        3.91681
1831        5.25575
1831        2.59782
1831        0.53882
1831        6.15486
1831        3.64968
1831       0.702832
1831        2.06338
1831        4.20496
1831        1.25409
1831        3.83494
1831        4.04098
1831        1.10649
1831        3.44136
1831       0.562324
1831        3.91186
1831        2.72058
1831        6.12759
1831         2.2692
1831        5.81119
1831       0.321102
1831       0.580799
1831        1.73006
1831        4.96379
1831       0.271034
1831        4.59187
1831        1.25837
1831        6.05051
1831        4.80331
1831        1.79226
1831        1.64062
1831        4.50983
1831        2.82595
1831        2.87369
1831        4.96063
1831        3.92211
1831        1.05036
1831        3.18701
1831        4.39867
1831        5.63379
1831        1.36018
1831        5.80133
1831        3.50235
1831        5.80413
1831        2.79769
1831        2.74912
1831        5.43621
1831        4.99616
1831        2.58471
1831        4.19549
1831        3.83774
1831        5.70718
1831        5.37779
1831        1.95007
1831         5.0354
1831        3.97565
1831        3.41981
1831       0.154061
1831      0.0837696
1831        2.84416
1831        4.25082
1831        3.54731
1831        4.09023
1831        2.17635
1831         2.5322
1831        4.98194
1831       0.411669
1831        1.15319
1831        2.32487
1831        5.81826
1831       0.398429
1831        5.55005
1831        4.32658
1831        5.76065
1831        1.29169
1831         6.0224
1831         3.8556
1831        1.99627
1831        3.33213
1831        3.18907
1831        1.17652
1831        1.92568
1831       0.800457
1831        4.18531
1831        5.06944
1831        5.15268
1831        4.28214
1831        6.11523
1831        5.23762
1831        3.77657
1831        3.44328
1831        3.50713
1831         1.5824
1831        5.32569
1831        2.55401
1831        5.23437
1831        4.40713
1831        1.42259
1831        5.27117
1831        3.42543
1831       0.914105
1831        3.50811
1831       0.122862
1831        5.16204
1831        4.84319
1831        3.02008
1831        4.99809
1831        1.71682
1831        5.65177
1831        1.09151
1831        1.23561
1831        3.94105
1831       0.190135
1831        3.67641
1831       0.412734
1831      0.0514738
1831         6.1455
1831        4.52778
1831        3.48707
1831        6.27123
1831        5.89609
1831        3.50253
1831        3.86982
1831        1.54058
1831        5.33105
1831        3.72233
1831        3.96667
1831        4.43854
1831         3.2348
1831       0.482768
1831        6.12845
1831        1.23911
1831        1.41355
1831        3.52817
1831         2.4091
1831        1.54316
1831        4.95082
1831        1.56691
1831       0.168023
1831       0.223178
1831        5.81937
1831       0.398574
1831        0.91587
1831       0.926309
1831        4.54894
1831        1.04746
1831        2.69169
1831        3.76195
1831         3.0957
1831        4.00437
1831        4.93962
1831        4.32037
1831        3.98789
1831        3.90083
1831        4.61652
1831        2.21908
1831        1.64628
1831        1.03124
1831        3.09225
1831       0.188177
1831        5.95953
1831        1.18627
1831        4.76961
1831        5.41753
1831       0.422526
1831        1.11038
1831        6.03519
1831        5.88449
1831       0.860692
1831        4.66048
1831        4.26677
1831        4.25563
1831       0.658197
1831       0.833661
1831        1.00592
1831        5.88399
1831        3.79685
1831        2.54802
1831       0.678015
1831        4.07546
1831       0.446611
1831        5.59636
1831         3.9285
1831       0.646062
1831        0.60294
1831        4.42861
1831        6.09415
1831        1.70657
1831        4.63526
1831        1.80648
1831        4.40319
1831        3.04561
1831        4.80193
1831        5.91865
1831        3.13519
1831        3.61006
1831        2.87598
1831        1.84732
1831        6.01158
1831        1.08832
1831        3.97772
1831        2.37775
1831        3.62181
1831        1.28467
1831        2.93434
1831        4.35702
1831        1.73163
1831        2.06185
1831        3.33644
1831        5.53923
1831        3.13158
1831        3.96637
1831        4.69351
1831        5.80185
1831        3.62605
1831        3.16563
1831        2.01222
1831       0.710782
1831        3.42201
1831        4.29431
1831        4.90431
1831        2.40039
1831        3.50884
1831        1.70755
1831       0.617756
1831        1.52303
1831        5.83202
1831        5.72342
1831        5.32499
1831        3.60558
1831        2.70487
1831        2.70971
1831         5.7497
1831        6.14359
1831       0.042818
1831       0.801689
1831        3.26318
1831        2.44633
1831       0.196045
1831        5.60002
1831        5.46209
1831        1.25098
1831        2.05199
1831       0.984449
1831       0.122878
1831        6.20174
1831        1.68669
1831        5.08786
1831        6.06377
1831        3.04701
1831        4.23975
1831        1.63224
1831        1.73984
1831       0.607988
1831        5.39977
1831        2.81462
1831        3.49599
1831        3.61424
1831        4.63872
1831        5.78701
1831       0.591544
1831         2.2554
1831       0.284029
1831     0.00325183
1831        3.62827
1831        5.92954
1831        3.22872
1831        1.16277
1831        1.41516
1831       0.926975
1831      0.0748205
1831        3.77822
1831        2.57574
1831        4.37075
1831       0.119001
1831        0.56705
1831        4.62974
1831       0.244316
1831        1.53598
1831        3.43412
1831        3.60417
1831        6.01942
1831        4.46988
1831        4.53105
1831        4.24694
1831        3.75319
1831       0.157219
1831        5.03357
1831        3.94047
1831        3.48713
1831        4.18678
1831        5.99759
1831        3.75376
1831        4.98164
1831       0.452741
1831         1.8126
1831        3.64366
1831       0.698909
1831        5.56754
1831         3.5257
1831       0.191645
1831        3.61472
1831       0.224985
1831        5.29096
1831        2.34974
1831        3.29556
1831         3.5252
1831        5.10184
1831        3.93196
1831        5.92528
1831        5.26878
1831        5.31945
1831        1.76552
1831         4.6286
1831        1.69071
1831        6.14214
1831        4.41883
1831        3.01246
1831        3.35098
1831       0.345332
1831        2.87058
1831        6.23266
1831       0.521008
1831        5.23216
1831        5.02741
1831        1.55149
1831        5.06347
1831        2.02737
1831        3.10097
1831       0.410349
1831        5.93907
1831        5.93112
1831        2.25846
1831        1.81101
1831       0.833613
1831        2.64428
1831        4.47061
1831        3.37632
1831        3.87511
1831        1.19246
1831       0.260233
1831        3.97708
1831        4.52702
1831         2.5922
1831        3.23408
1831        2.02921
1831      0.0889346
1831        5.86393
1831        2.67811
1831       0.231456
1831        5.75042
1831        2.64978
1831      0.0976392
1831       0.316764
1831        4.37523
1831        5.63501
1831         2.2364
1831       0.896136
1831        1.12195
1831        3.59273
1831        3.90093
1831        1.81356
1831        4.71739
1831       0.301266
1831        1.46492
1831        5.10508
1831        3.59844
1831        4.88117
1831        1.59135
1831        5.96586
1831        2.96574
1831        3.37323
1831        5.92493
1831        2.19702
1831        4.12437
1831        5.34026
1831        3.17014
1831        6.18263
1831       0.909083
1831        2.75861
1831        4.77429
1831        3.80165
1831        3.13871
1831       0.706592
1831        4.56347
1831        2.58259
1831        5.05742
1831        2.25314
1831       0.535166
1831        2.46614
1831       0.757729
1831          1.363
1831        2.29489
1831       0.941441
1831       0.672334
1831         1.8355
1831       0.405293
1831        5.38368
1831        5.65725
1831        1.86916
1831        2.38193
1831        5.40207
1831        4.45553
1831        3.49872
1831        3.51437
1831        1.74863
1831        3.09428
1831          4.325
1831       0.510313
1831        1.55574
1831        4.80492
1831        1.88749
1831        3.53866
1831          3.698
1831        4.79127
1831        4.66737
1831         3.7404
1831       0.236779
1831        6.21881
1831        2.43664
1831       0.497813
1831        2.60135
1831       0.657704
1831        1.69469
1831        2.86178
1831        1.99397
1831       0.481008
1831        2.25669
1831        2.85877
1831        5.43465
1831        3.68333
1831       0.278811
1831        4.91572
1831        3.32499
1831        1.73483
1831      0.0451905
1831        5.50815
1831       0.400654
1831        3.88993
1831        4.82364
1831       0.279504
1831        2.87164
1831        4.14031
1831       0.321536
1831        2.67141
1831        1.33608
1831        4.29937
1831         3.2824
1831        4.47635
1831          3.364
1831        4.98709
1831       0.919725
1831        2.33323
1831        3.90145
1831        2.36221
1831       0.545444
1831        3.96751
1831        5.84921
1831       0.694755
1831        1.96665
1831        5.09194
1831        4.37996
1831        2.92614
1831        4.88392
1831        4.79306
1831       0.482519
1831        6.11809
1831        3.43618
1831        1.41173
1831       0.333054
1831        1.21635
1831        1.96849
1831       0.961738
1831        5.03366
1831        5.69949
1831       0.519113
1831        0.40918
1831        3.93518
1831        3.75716
1831        2.68042
1831        3.45698
1831        3.65053
1831        1.95813
1831        1.52764
1831       0.871741
1831        6.09313
1831        2.97019
1831        3.34298
1831        5.54944
1831        1.77963
1831        3.97049
1831        3.00927
1831        4.41653
1831        1.02934
1831        1.13189
1831       0.358558
1831        4.42689
1831       0.192894
1831         1.3316
1831        2.52897
1831        1.11728
1831        4.39361
1831        1.91435
1831        3.41091
1831        2.80755
1831        3.05254
1831        4.57157
1831        3.07747
1831        1.26093
1831       0.544628
1831       0.675955
1831        4.57838
1831        3.33111
1831       0.446065
1831        3.36132
1831       0.665415
1831        4.05053
1831       0.919936
1831        4.32699
1831        5.04823
1831       0.503898
1831       0.297704
1831        3.58638
1831        2.92837
1831        2.51241
1831        1.92651
1831        3.24745
1831        4.66913
1831        2.80793
1831        1.08285
1831        2.08402
1831         5.2928
1831      0.0635509
1831         3.2284
1831        4.62324
1831        1.64044
1831        2.05968
1831        5.73289
1831        4.20409
1831       0.991241
1831        1.00496
1831       0.884876
1831        3.90394
1831       0.893504
1831        1.90165
1831       0.161395
1831        3.21366
1831       0.280874
1831        3.92679
1831        4.17552
1831        3.72515
1831        5.01362
1831         4.4091
1831        1.62546
1831        1.76408
1831        2.98179
1831        1.35788
1831        1.59267
1831        2.83496
1831       0.593916
1831        3.08335
1831        3.78647
1831       0.700218
1831        1.71593
1831        3.58625
1831       0.733728
1831        1.14265
1831        2.49301
1831        4.12208
1831        4.11006
1831       0.534131
1831        2.94445
1831        5.95514
1831         1.2144
1831        4.16527
1831        2.18017
1831        5.67675
1831        6.07545
1831        4.30198
1831        5.44251
1831        3.78094
1831        5.75478
1831        1.01804
1831        4.48352
1831        1.52849
1831        2.10255
1831         1.7434
1831        1.01055
1831       0.098201
1831        2.65542
1831        2.14123
1831        4.42995
1831        3.57038
1831      0.0181758
1831        2.59493
1831        2.64587
1831         2.2285
1831        5.16138
1831        4.54093
1831       0.367031
1831        1.44467
1831          5.136
1831        5.23354
1831       0.435779
1831        3.63674
1831       0.267024
1831        1.28322
1831        5.82659
1831        2.17961
1831        1.12757
1831       0.652039
1831        5.91363
1831        3.65623
1831        1.48082
1831         1.2555
1831        1.25393
1831        1.11351
1831        3.08553
1831        4.31617
1831       0.679416
1831        2.36189
1831        1.43808
1831        2.04733
1831        5.56587
1831        2.19713
1831        2.84954
1831        4.89882
1831        1.09558
1831        1.25993
1831        3.98125
1831        4.50939
1831       0.473195
1831        2.97867
1831        4.88414
1831        1.83214
1831        1.06164
1831        1.61477
1831        4.05361
1831        4.56678
1831        4.43978
1831        2.94617
1831        1.13657
1831        2.64555
1831       0.773297
1831        4.38625
1831        1.90129
1831        3.59889
1831       0.267227
1831        5.76566
1831       0.963027
1831        4.78555
1831        6.15498
1831       0.643101
1831        5.31689
1831       0.259142
1831         6.2807
1831        4.50173
1831        1.30723
1831        3.00326
1831        4.57282
1831      0.0515592
1831        1.24053
1831         4.6135
1831        2.62181
1831        2.94461
1831        6.18649
1831        5.51343
1831        2.35883
1831        5.39045
1831        1.47554
1831        3.63104
1831       0.584865
1831        5.44728
1831        1.34587
1831       0.140648
1831        4.02487
1831        1.97088
1831       0.137846
1831        6.10249
1831        3.67355
1831        4.27209
1831        1.47647
1831        4.58387
1831        2.94902
1831        2.40333
1831        5.15627
1831        4.18937
1831       0.594359
1831        1.75779
1831        5.76854
1831        5.10051
1831        4.22035
1831       0.823647
1831        5.28012
1831        2.70674
1831        5.78034
1831       0.888309
1831        5.12515
1831        6.05998
1831        5.22339
1831       0.242701
1831       0.813831
1831         4.0485
1831       0.855743
1831        3.66739
1831        4.11201
1831       0.513365
1831        2.05633
1831        1.16357
1831        1.02179
1831         4.5165
1831        6.13082
1831        4.20306
1831        3.46214
1831        5.32831
1831       0.238355
1831        3.15753
1831         1.0956
1831        3.94285
1831        3.64263
1831        5.88433
1831        4.07857
1831        3.55169
1831        5.93753
1831       0.182244
1831        5.65564
1831        4.88155
1831        3.66774
1831        0.93324
1831       0.520936
1831        4.72938
1831       0.583236
1831        3.78769
1831        2.18277
1831        3.04577
1831        4.81002
1831        4.78895
1831        3.73174
1831        3.47029
1831        2.72099
1831       0.428826
1831        3.30766
1831        0.25226
1831        1.42267
1831        5.90583
1831        2.02998
1831         3.8008
1831        4.83947
1831       0.503946
1831        1.95343
1831         1.1756
1831        6.13268
1831        1.89352
1831        1.82206
1831       0.330814
1831        3.50411
1831        6.14967
1831        3.04316
1831        2.61912
1831        3.87295
1831         4.6071
1831        1.07544
1831        4.05858
1831        1.46297
1831        2.84988
1831        5.23245
1831       0.596915
1831        5.66956
1831        4.04902
1831       0.340552
1831        6.07592
1831        5.55812
1831         4.6842
1831        3.99701
1831       0.376109
1831        3.31084
1831        1.55638
1831        2.21759
1831        2.12411
1831         5.9842
1831         2.5495
1831        5.00452
1831        5.39486
1831        4.62219
1831       0.792304
1831        4.77926
1831        3.96323
1831       0.608812
1831        5.03037
1831        1.60661
1831        5.15949
1831        5.64714
1831        2.88637
1831        2.19056
1831       0.416532
1831        4.09646
1831        5.65362
1831        2.22996
1831        5.12217
1831        4.13913
1831         6.1226
1831        6.06262
1831       0.267056
1831       0.225931
1831        0.78366
1831        5.44972
1831       0.445397
1831        1.79423
1831        3.60867
1831        5.30383
1831        6.09147
1831        6.18461
1831        2.56965
1831        4.07068
1831        1.07856
1831       0.671387
1831       0.568417
1831        3.77731
1831       0.294568
1831        4.21277
1831        5.44839
1831        3.86461
1831        3.84002
1831         4.2701
1831        1.94295
1831        5.88497
1831        4.64783
1831       0.213519
1831        4.21642
1831        1.81256
1831         5.0568
1831        3.31295
1831        1.32474
1831       0.982253
1831        4.01769
1831         0.6211
1831        5.79782
1831        1.59806
1831        5.50353
1831        2.37866
1831        1.69513
1831        1.43234
1831       0.795868
1831        4.18111
1831        4.48574
1831        6.11461
1831         4.4912
1831        3.62035
1831        3.46002
1831        3.75817
1831        5.20218
1831        4.08857
1831        1.61555
1831       0.460681
1831        1.83143
1831         1.6509
1831        3.93109
1831        3.55108
1831        3.13312
1831        6.03556
1831         1.1109
1831         1.4715
1831       0.379685
1831        5.06174
1831       0.702232
1831        3.71777
1831        2.39695
1831        3.56414
1831       0.615622
1831        2.21895
1831        5.48967
1831        3.29225
1831        3.71553
1831        0.35435
1831       0.467265
1831        3.73201
1831      0.0530901
1831        1.14973
1831       0.823114
1831       0.413332
1831        2.27562
1831        4.19318
1831        4.36141
1831        4.83976
1831       0.232603
1831        2.85566
1831        1.08568
1831        3.77047
1831        4.54261
1831        5.22547
1831         2.7261
1831        2.31902
1831        5.53682
1831        3.44406
1831        1.21833
1831        2.25821
1831        5.92197
1831        4.35328
1831        5.57465
1831        4.75576
1831        3.84817
1831        4.48957
1831        1.81758
1831         1.1553
1831       0.775791
1831       0.857789
1831        2.65031
1831       0.752221
1831         3.6702
1831        1.00162
1831        3.76303
1831        6.21888
1831        3.89213
1831        5.00044
1831       0.225068
1831        3.76165
1831        3.10118
1831        2.39797
1831        4.41999
1831       0.131212
1831        2.80189
1831       0.575244
1831        1.45514
1831         5.2529
1831      0.0131876
1831        4.67385
1831        2.33511
1831        4.37032
1831         5.0795
1831        4.33635
1831        5.00307
1831        4.87021
1831        5.93407
1831        4.52648
1831        6.04132
1831        1.99026
1831          1.574
1831          4.895
1831         1.7903
1831        5.31168
1831        1.77217
1831        6.17132
1831        3.88451
1831        5.79302
1831        5.57126
1831         5.3513
1831       0.782024
1831       0.813589
1831         4.5915
1831        2.71974
1831        6.03372
1831         4.3639
1831        5.31953
1831        3.01195
1831        1.72464
1831       0.668206
1831        4.11781
1831        4.19972
1831        6.05693
1831        4.80193
1831        2.46423
1831        1.06697
1831        3.50599
1831        3.31279
1831        5.81215
1831        5.65177
1831        4.49561
1831        3.16658
1831        2.48296
1831        4.59075
1831        2.92244
1831        5.72106
1831        1.53992
1831        3.32947
1831         3.2325
1831        1.17813
1831         3.7135
1831         4.5159
1831        3.67305
1831        1.97726
1831        3.36445
1831        5.35554
1831        1.34217
1831        1.42833
1831        5.99733
1831       0.828021
1831        5.93191
1831        5.97775
1831        5.01433
1831       0.629661
1831        4.37937
1831        2.98416
1831        2.72423
1831        3.82813
1831        2.75859
1831        1.18791
1831        1.08185
1831        3.06304
1831        2.58708
1831        5.49848
1831        5.90388
1831        5.29148
1831        2.77295
1831       0.149594
1831        2.67835
1831        4.76408
1831        3.82929
1831        2.14958
1831        2.47417
1831        2.86338
1831         6.1136
1831         5.7274
1831        3.42338
1831       0.670776
1831        2.99638
1831        3.57216
1831        6.11717
1831        1.76436
1831        1.87313
1831       0.203042
1831      0.0203878
1831         1.5252
1831        3.74327
1831        2.39487
1831        3.37732
1831        1.81666
1831         1.9216
1831       0.398157
1831        6.19518
1831        3.59027
1831        1.10735
1831       0.263587
1831       0.797442
1831         2.4931
1831        5.42182
1831        2.99703
1831         3.0425
1831       0.595227
1831       0.126041
1831        1.36464
1831        3.26757
1831       0.577467
1831        6.08299
1831        2.39407
1831        1.10713
1831        5.93814
1831        1.52697
1831       0.679417
1831        2.11027
1831        4.57863
1831        5.24098
1831        5.08783
1831        1.72676
1831       0.379278
1831        6.07297
1831        4.49974
1831        1.93019
1831       0.750671
1831        4.77876
1831        5.85509
1831        3.07743
1831        1.24888
1831        5.36513
1831        1.49713
1831        3.97555
1831         2.8295
1831        2.46791
1831        6.26569
1831        1.39589
1831         1.0533
1831       0.332942
1831        3.27654
1831        2.47352
1831        5.46649
1831        4.83451
1831        4.41569
1831        2.50493
1831        3.04155
1831        3.98982
1831        3.73764
1831        3.90467
1831        1.46333
1831        1.96928
1831        1.92049
1831        6.23234
1831         2.2474
1831       0.724586
1831        4.09737
1831       0.355247
1831        1.78626
1831        1.04684
1831        5.72047
1831        3.12173
1831        1.82644
1831       0.276969
1831        1.32453
1831        2.45535
1831        1.07318
1831        6.16809
1831        4.59066
1831        2.49003
1831         5.4146
1831        5.40607
1831        1.17126
1831        1.17623
1831        3.99146
1831        2.75259
1831        1.16007
1831        2.32927
1831         2.8813
1831         5.8601
1831       0.123955
1831         1.4567
1831        1.92893
1831        5.53632
1831        4.84163
1831       0.369434
1831        5.28095
1831        5.69914
1831       0.593315
1831        1.57379
1831        3.52745
1831        5.28948
1831       0.254258
1831        1.53307
1831        4.07104
1831        1.82119
1831        5.49101
1831        3.36898
1831        2.62428
1831       0.897406
1831        1.88156
1831        6.02287
1831        2.81392
1831        3.58037
1831      0.0689808
1831        4.02313
1831        5.22071
1831        1.90351
1831        3.93171
1831         5.7964
1831        2.60812
1831        3.68406
1831        3.50932
1831        4.39236
1831       0.241049
1831        2.08535
1831        1.07356
1831        2.66415
1831        1.57647
1831        6.01773
1831        3.56536
1831         2.5666
1831        0.54842
1831        4.54891
1831        3.35472
1831        2.82978
1831         4.1258
1831        5.87415
1831        2.38994
1831        5.40805
1831        1.42859
1831        5.95293
1831        6.10556
1831       0.692947
1831        3.71918
1831        1.72266
1831       0.189993
1831        3.79287
1831        2.11009
1831        2.26167
1831        1.05044
1831        0.64984
1831       0.789634
1831        1.42022
1831        4.78361
1831        4.66271
1831        3.27936
1831        5.16589
1831       0.444661
1831        4.05937
1831        1.04342
1831       0.581397
1831        1.65134
1831        5.94586
1831        4.54387
1831        3.65697
1831        5.59518
1831        5.98519
1831        2.17328
1831        3.64014
1831         2.7328
1831        5.77098
1831        5.84822
1831        4.07542
1831       0.450867
1831        4.31469
1831        5.51213
1831       0.802222
1831        2.81502
1831        3.91091
1831       0.484291
1831       0.206218
1831        4.86049
1831        5.10295
1831        2.54083
1831       0.968583
1831        5.97959
1831        2.79549
1831        2.36074
1831        5.01249
1831        5.69786
1831        4.33386
1831        2.82545
1831        4.95946
1831       0.261051
1831        6.05487
1831        3.35071
1831        5.82549
1831        1.57266
1831        3.86211
1831        2.57105
1831        5.34949
1831        1.29994
1831       0.456056
1831       0.430844
1831          3.262
1831        3.86283
1831        2.43984
1831       0.408834
1831        1.13253
1831        1.61272
1831       0.451258
1831        6.10034
1831       0.386342
1831        1.20167
1831        4.93756
1831        1.28323
1831        2.46938
1831        0.80893
1831        2.06549
1831       0.025403
1831        3.38128
1831        4.85523
1831        4.34849
1831        2.49374
1831        2.97186
1831        3.94877
1831       0.122581
1831        1.98549
1831        6.12291
1831        3.36744
1831       0.726743
1831        6.10239
1831        2.90951
1831        1.92935
1831        5.91584
1831        1.19634
1831        2.65519
1831       0.901199
1831        1.89806
1831        4.79563
1831        2.23903
1831       0.204485
1831       0.683787
1831        2.43302
1831        2.74376
1831        1.85413
1831        3.48057
1831        5.75682
1831        6.18472
1831        5.90278
1831        3.36891
1831        1.90228
1831        4.25504
1831       0.924544
1831        3.84576
1831        3.72837
1831        3.41193
1831        2.43041
1831       0.224235
1831        5.56866
1831        4.62891
1831        2.57723
1831        5.34496
1831        2.41708
1831        4.65719
1831        5.08242
1831        2.54827
1831        2.06975
1831        2.96163
1831        6.17578
1831        5.01253
1831       0.967515
1831        1.82223
1831        1.48282
1831        4.30909
1831        5.35263
1831        2.90286
1831        4.43364
1831        3.39759
1831        2.85405
1831      0.0692576
1831        3.70564
1831       0.364421
1831        1.21844
1831        6.00436
1831        5.10758
1831        2.19287
1831        3.41301
1831        1.63671
1831         1.5997
1831        5.35282
1831        1.94381
1831        3.01829
1831        1.06017
1831        3.57694
1831         1.5436
1831        1.52743
1831        2.74328
1831         4.3106
1831        1.28839
1831         4.7285
1831         4.3903
1831        5.62668
1831        3.18698
1831        4.31002
1831        4.06716
1831        0.86738
1831         1.1349
1831       0.863757
1831        3.37324
1831        2.28542
1831        3.14708
1831        4.24746
1831       0.631147
1831       0.151938
1831        3.14439
1831        3.51385
1831         6.1195
1831        6.24064
1831        5.79564
1831         2.1347
1831       0.674606
1831      0.0748944
1831        1.80967
1831       0.457455
1831        3.50151
1831        6.25182
1831        2.41151
1831        1.72403
1831       0.659753
1831        5.89768
1831        1.81911
1831       0.633035
1831       0.716726
1831        2.68031
1831        6.06136
1831        2.34962
1831        6.17964
1831        2.80395
1831        2.23743
1831        5.97062
1831        4.45523
1831        4.03988
1831        4.23501
1831        2.06807
1831        5.34332
1831        3.19632
1831        3.73284
1831        1.22432
1831        2.36065
1831        4.97774
1831        5.73009
1831        1.74031
1831        4.61416
1831        3.74546
1831        2.18563
1831        4.60778
1831       0.551199
1831       0.543986
1831        2.73735
1831        3.65379
1831        3.75134
1831        4.04173
1831        1.30795
1831        2.01928
1831        4.46933
1831         5.5312
1831        3.52251
1831        5.72353
1831        2.47488
1831        4.85076
1831       0.773539
1831        1.63942
1831        6.23107
1831        2.77263
1831       0.922629
1831        1.27211
1831        5.32888
1831        3.72143
1831       0.463826
1831        3.54823
1831        0.25983
1831       0.192032
1831       0.344598
1831        3.37267
1831       0.157118
1831        3.85662
1831        5.12276
1831        2.25866
1831        6.20246
1831        1.37559
1831        0.47016
1831        3.25201
1831        1.36963
1831        5.03968
1831        5.67755
1831       0.189071
1831        0.34382
1831        2.53812
1831        5.78112
1831        1.00795
1831         4.5545
1831        3.33254
1831        1.29044
1831        4.03344
1831        4.98954
1831        3.30232
1831       0.271963
1831        4.19008
1831          3.635
1831        5.14109
1831       0.910847
1831          3.036
1831        5.58471
1831        2.77334
1831        5.93545
1831        4.26181
1831        5.78249
1831        1.06212
1831         0.3897
1831        2.30496
1831        5.30197
1831       0.723663
1831       0.900041
1831        5.57374
1831         2.9577
1831        4.40777
1831        5.47148
1831         5.9078
1831        4.63552
1831        1.00073
1831        3.04233
1831        1.12173
1831        5.69373
1831       0.892725
1831        1.86281
1831       0.972958
1831         1.6359
1831        3.53472
1831        5.49435
1831        4.11522
1831        4.53616
1831        2.35268
1831        3.47573
1831         6.0281
1831        5.69782
1831       0.849757
1831       0.854602
1831        3.02003
1831        1.09077
1831        2.70252
1831        1.26843
1831        5.64182
1831       0.500597
1831        6.19506
1831        1.53603
1831        3.54813
1831        3.07214
1831        2.08215
1831         3.2977
1831        5.55751
1831        2.71542
1831        2.56291
1831         4.6126
1831        3.52953
1831        2.32394
1831        1.12174
1831        1.26022
1831       0.163696
1831         2.9992
1831        4.17803
1831        4.82068
1831        4.94118
1831        3.73491
1831        4.23708
1831        4.27668
1831        2.15457
1831        2.21204
1831        4.99663
1831        6.17762
1831        3.55961
1831        1.57253
1831        4.17413
1831       0.901766
1831        6.11595
1831        5.46215
1831        3.33449
1831       0.760234
1831           4.09
1831        1.12891
1831        3.46512
1831        2.02548
1831        5.90021
1831         6.2316
1831         4.2703
1831        1.63389
1831        2.65207
1831        2.50194
1831        1.49607
1831        3.03047
1831        3.78542
1831        3.27386
1831        3.34727
1831       0.885739
1831        4.06464
1831        5.60057
1831        2.66663
1831        3.02288
1831        3.37369
1831        1.33524
1831         4.7977
1831        5.13465
1831        4.83962
1831       0.921862
1831       0.837353
1831        5.63513
1831        3.59101
1831        3.87745
1831        1.40651
1831        3.44608
1831        5.99956
1831        5.20427
1831        5.63181
1831       0.625949
1831       0.540592
1831      0.0480344
1831        3.67755
1831        1.84413
1831         2.0704
1831        2.91129
1831        2.56883
1831        5.09475
1831        4.36681
1831        3.55486
1831        1.23388
1831       0.824346
1831        1.83145
1831       0.440862
1831        2.61534
1831        4.26008
1831         2.9051
1831      0.0543754
1831        4.43682
1831        5.90573
1831        2.39042
1831        1.08344
1831        1.66354
1831       0.265823
1831        4.48083
1831        5.97688
1831        3.34425
1831        3.15129
1831      0.0184791
1831        1.86611
1831        3.33926
1831         5.2901
1831        5.65513
1831        0.02457
1831        5.97545
1831        1.00253
1831       0.447821
1831        3.58617
1831        6.24722
1831        4.20696
1831        1.44618
1831        3.90587
1831        2.65088
1831        1.65979
1831        3.95108
1831         6.2399
1831        3.90329
1831        4.94409
1831        3.95086
1831        3.05053
1831        5.12556
1831        2.45071
1831        1.14929
1831        1.34059
1831        1.15948
1831        1.39633
1831        4.38412
1831        3.02936
1831        1.28326
1831        6.01505
1831        5.23212
1831        4.31166
1831        1.48425
1831        0.35772
1831       0.502898
1831        3.91325
1831        1.04002
1831        4.88273
1831        3.05127
1831          3.667
1831       0.375749
1831       0.933202
1831        5.86032
1831        1.33605
1831        4.66048
1831           4.25
1831        3.90598
1831        2.61969
1831        4.76129
1831        5.81405
1831        4.54037
1831        2.29545
1831         1.2995
1831        3.49775
1831         4.2838
1831        1.13636
1831        3.42066
1831        4.33276
1831        5.87252
1831        1.04507
1831        1.98528
1831        3.68472
1831       0.785739
1831        4.07445
1831       0.152957
1831        3.77146
1831        4.98974
1831         3.2662
1831        1.70378
1831        5.67602
1831       0.473644
1831        2.36977
1831       0.408058
1831        2.06394
1831        1.38297
1831        4.02172
1831        5.08978
1831        1.21035
1831        2.31881
1831        1.94417
1831         2.9826
1831      0.0929109
1831        1.74575
1831       0.285872
1831        2.09437
1831        1.73403
1831        2.32647
1831        3.89025
1831        2.76646
1831       0.405613
1831        1.23872
1831         6.1658
1831        3.39201
1831        4.07657
1831        2.81581
1831        2.06164
1831        1.68871
1831        3.94089
1831       0.409788
1831        2.09445
1831        2.53965
1831       0.869446
1831       0.114037
1831        5.12403
1831        6.15943
1831        2.93235
1831         2.8344
1831        3.42228
1831        2.94808
1831        0.53738
1831        4.62175
1831       0.875816
1831        4.92605
1831        4.94051
1831        2.51931
1831        6.18021
1831       0.187382
1831        2.35374
1831         5.5227
1831       0.999969
1831        2.01667
1831        1.15505
1831        4.74903
1831       0.261838
1831       0.140567
1831       0.409203
1831        3.01992
1831        3.94121
1831       0.843362
1831        1.15095
1831        5.73687
1831        4.47849
1831        3.20337
1831        1.24714
1831        4.91564
1831        1.13469
1831       0.319628
1831        2.76667
1831        4.41243
1831        5.63748
1831       0.271531
1831         2.0554
1831        4.24803
1831        2.99932
1831        3.28606
1831       0.522306
1831        5.58125
1831        3.99923
1831       0.057296
1831        4.48212
1831        2.35275
1831        1.41802
1831        4.42531
1831        3.43351
1831        2.65005
1831        4.25287
1831       0.975397
1831        6.21141
1831       0.877217
1831        5.41342
1831        4.84438
1831        3.03245
1831        5.22153
1831         5.2068
1831        4.30219
1831        4.18228
1831        2.26566
1831        4.13901
1831       0.276722
1831        5.70658
1831        4.00087
1831        1.19552
1831        2.88576
1831        5.85514
1831        6.04881
1831        3.14238
1831        3.41763
1831        2.26753
1831        1.73816
1831         4.1506
1831        2.62914
1831        2.42109
1831        4.48755
1831        1.99692
1831         5.4534
1831        1.97879
1831        5.74206
1831        2.62344
1831        2.21868
1831       0.857489
1831        2.28059
1831        5.21867
1831        1.40047
1831       0.492608
1831        2.18701
1831         4.7996
1831        3.24888
1831        3.76832
1831        1.78168
1831        4.73025
1831        2.72666
1831        3.80388
1831        3.93888
1831        3.91074
1831       0.709235
1831       0.588041
1831        5.97173
1831        2.48564
1831        2.49779
1831        2.47086
1831        1.30566
1831        3.62062
1831        4.03419
1831        2.69026
1831         3.3318
1831        4.07715
1831        1.92088
1831        6.03513
1831        1.30843
1831       0.986117
1831        4.82488
1831        4.30716
1831       0.794513
1831        5.44951
1831        1.46251
1831        3.25875
1831       0.538076
1831        2.52743
1831        5.75473
1831        4.95643
1831        1.60601
1831        3.44854
1831        1.36278
1831       0.746108
1831         1.8057
1831        2.73188
1831          5.206
1831        0.85286
1831        1.41438
1831        1.23772
1831        3.47208
1831        0.29571
1831         3.8254
1831        6.25384
1831        3.33226
1831        1.31706
1831        1.09056
1831        3.05499
1831        5.68642
1831       0.915433
1831        4.93107
1831        4.47905
1831         4.0448
1831        3.55045
1831        2.83339
1831        1.12553
1831        6.11728
1831        2.17804
1831        1.53668
1831        4.65453
1831       0.507983
1831      0.0504065
1831        4.15804
1831        4.04809
1831        4.06937
1831      0.0471648
1831        1.19639
1831         1.9736
1831        5.60692
1831        2.22278
1831        1.07027
1831         6.0339
1831       0.327627
1831        5.09906
1831        2.24578
1831        3.44159
1831          2.099
1831        3.83411
1831        2.68181
1831        1.12617
1831        4.24935
1831         3.9156
1831        5.54635
1831        1.03913
1831        2.85792
1831       0.817178
1831       0.343121
1831        4.36486
1831        4.21848
1831       0.729491
1831        2.17779
1831        4.89556
1831       0.803527
1831       0.278265
1831       0.251184
1831        3.15458
1831        2.38082
