1458        5.28174
1458        1.74122
1458        2.42456
1458        5.40548
1458        3.68743
1458        2.05606
1458        5.51803
1458        2.28175
1458         1.6314
1458        1.78034
1458       0.529539
1458        3.16293
1458        2.16887
1458        5.22215
1458       0.397297
1458       0.475638
1458        5.48001
1458        2.37859
1458        4.10225
1458         3.5574
1458        3.80652
1458        2.85459
1458        2.76389
1458        2.00972
1458       0.711093
1458          6.188
1458        2.68398
1458        3.79164
1458        2.66707
1458          2.107
1458        5.00814
1458        1.66645
1458         3.9876
1458        4.33429
1458        6.19055
1458        5.30352
1458        4.04267
1458        4.18807
1458      0.0236086
1458        4.13542
1458        5.70578
1458       0.947315
1458        1.11344
1458        4.29903
1458        4.54787
1458        1.68603
1458        1.01922
1458       0.439895
1458         3.8651
1458         5.2173
1458        5.75898
1458        6.18955
1458        4.99965
1458        1.17484
1458        5.90556
1458        1.85364
1458        2.01067
1458     0.00878885
1458        2.74596
1458        6.13743
1458        5.04735
1458        5.97636
1458         5.3428
1458        1.76535
1458        2.69467
1458        6.01961
1458        2.72126
1458        3.29425
1458        2.34613
1458        3.14758
1458        2.48362
1458         2.6378
1458        2.16808
1458        3.42517
1458        5.57598
1458         5.0888
1458         2.5163
1458         1.7426
1458       0.081579
1458        2.37547
1458       0.738978
1458        3.52327
1458         1.7596
1458        4.74842
1458        3.58961
1458        3.91926
1458        1.21084
1458       0.989901
1458        1.85312
1458        3.60211
1458        4.36897
1458        2.57509
1458        3.70134
1458        4.80179
1458       0.134252
1458        2.27532
1458        5.72531
1458        2.64474
1458        2.58468
1458        1.88916
1458        0.25796
1458        2.67501
1458        1.99938
1458       0.530361
1458       0.614451
1458        5.75011
1458         6.2789
1458        1.77175
1458        1.80501
1458        2.19909
1458        2.62645
1458        4.89733
1458        6.05703
1458         6.1698
1458        0.25175
1458        4.16886
1458        4.87779
1458        5.35311
1458          1.872
1458        3.12898
1458        1.47602
1458       0.778736
1458        4.45504
1458        3.39372
1458       0.634786
1458       0.058343
1458        1.51864
1458        2.10554
1458         2.8031
1458      0.0507495
1458        2.21909
1458        5.82955
1458        5.26115
1458        5.88794
1458       0.971293
1458        5.52173
1458        6.23749
1458     0.00260418
1458        2.08292
1458        3.70513
1458        4.21747
1458        5.06703
1458        2.45091
1458        5.48034
1458        3.48209
1458     0.00937839
1458        1.95443
1458       0.561819
1458        5.44992
1458        5.70098
1458       0.534432
1458       0.532039
1458        1.87509
1458        3.17401
1458        1.96321
1458        3.60706
1458       0.395373
1458        1.12972
1458        4.92095
1458        5.38978
1458        3.07934
1458        6.06198
1458        0.47426
1458        5.57474
1458        2.52205
1458        2.05728
1458         2.9047
1458        5.25919
1458         1.8401
1458        1.94158
1458         5.0604
1458        1.24068
1458        5.60912
1458        5.10997
1458        0.63351
1458         6.0053
1458        5.59652
1458        3.73059
1458        4.31407
1458         3.7694
1458        5.89186
1458        1.02382
1458        1.64336
1458        6.09519
1458        5.72787
1458        2.98869
1458       0.636189
1458        4.90803
1458        3.23049
1458        3.94171
1458        5.29589
1458        2.43027
1458        2.65039
1458        6.18063
1458        6.10258
1458        2.78505
1458        2.41277
1458         5.7816
1458       0.970527
1458        3.77393
1458        1.76956
1458        1.88594
1458        3.33424
1458        1.03446
1458        2.72304
1458        3.80745
1458        5.97196
1458        2.32064
1458        6.14586
1458         5.8464
1458          2.444
1458        6.17596
1458        6.09534
1458        3.87197
1458        4.57584
1458        2.86705
1458        1.78317
1458       0.713758
1458        3.21835
1458        4.77412
1458        5.64577
1458        2.59123
1458          3.614
1458        4.21775
1458         6.1955
1458       0.327658
1458        6.02899
1458        2.88379
1458        5.75615
1458       0.231287
1458         6.1996
1458        1.89368
1458        3.34345
1458        1.05605
1458        4.85102
1458       0.106451
1458        5.93416
1458        2.38701
1458        6.16558
1458        4.00884
1458         2.4539
1458       0.930849
1458        5.13602
1458         5.7832
1458        2.99908
1458        5.76181
1458        5.35521
1458        1.68255
1458        3.22699
1458        4.94294
1458        6.14271
1458       0.326825
1458        2.48567
1458       0.127943
1458        1.79479
1458         5.3585
1458       0.632152
1458        2.08196
1458        6.14091
1458        2.15178
1458        1.83305
1458        5.18682
1458        3.20833
1458          4.253
1458        3.88252
1458        1.74718
1458        1.83974
1458       0.153075
1458        2.40125
1458        0.10758
1458        5.01876
1458        5.72266
1458        4.30162
1458       0.249116
1458        2.69307
1458        1.78764
1458       0.610523
1458        1.08499
1458        3.27415
1458        6.06046
1458        3.70132
1458       0.263848
1458        1.27939
1458        3.49407
1458       0.934644
1458       0.170533
1458        5.03218
1458        2.86775
1458        1.23136
1458       0.354265
1458        3.42556
1458        5.62503
1458        2.76705
1458        2.84143
1458        1.71746
1458        4.95754
1458       0.832643
1458       0.467374
1458       0.710067
1458        5.32484
1458        3.20623
1458        3.76933
1458       0.486543
1458      0.0456074
1458        3.57276
1458        4.72093
1458       0.398844
1458         5.5344
1458        2.99705
1458        3.87885
1458        4.28003
1458        2.36059
1458       0.836947
1458        2.09102
1458        6.27451
1458        3.32378
1458        1.86659
1458          6.198
1458        2.42734
1458        4.77397
1458        5.43627
1458        2.62095
1458        5.80221
1458        5.77809
1458        3.51842
1458         6.1182
1458        6.07564
1458        5.03207
1458         1.8532
1458        6.14061
1458        4.93009
1458        5.93275
1458        2.85679
1458        2.91373
1458         6.0133
1458        4.48501
1458        3.32608
1458         3.0893
1458        4.46051
1458        2.78901
1458        0.37757
1458        2.17517
1458        5.45758
1458        2.79469
1458        1.67623
1458        2.16292
1458         6.2817
1458        3.82243
1458         4.4095
1458        1.41989
1458        5.06889
1458          3.732
1458         4.6527
1458        5.22877
1458        5.47715
1458        1.54055
1458        2.56789
1458        1.86082
1458        2.99502
1458         4.3334
1458        2.45784
1458        2.90618
1458        0.90699
1458        3.12289
1458       0.596043
1458         1.6218
1458        4.78948
1458         3.2264
1458        6.01695
1458        5.83153
1458        1.08988
1458        5.54554
1458        5.53952
1458       0.676319
1458        2.08624
1458        0.28578
1458       0.821013
1458        4.75763
1458        5.95945
1458        3.27915
1458        5.95299
1458       0.887792
1458        3.45882
1458        3.00699
1458        1.99079
1458        4.79702
1458        5.28721
1458        1.57853
1458        1.45413
1458        5.77163
1458         3.3995
1458        2.84751
1458        3.88384
1458      0.0171596
1458        4.75397
1458       0.305321
1458        1.67258
1458        2.41995
1458        5.25896
1458        5.58156
1458        6.02844
1458        5.29742
1458        2.08927
1458        5.15657
1458        4.98583
1458        3.33459
1458        1.17809
1458        1.75129
1458        5.01323
1458        4.91158
1458        3.43802
1458        5.60622
1458        5.47416
1458        1.64373
1458       0.931627
1458        6.05867
1458         5.9984
1458       0.239427
1458       0.303768
1458         5.5662
1458        6.11523
1458        5.09077
1458        5.03447
1458        5.41299
1458        1.60434
1458       0.810815
1458         2.3356
1458         3.4106
1458        2.13271
1458        4.99852
1458       0.447512
1458        5.88614
1458          3.004
1458        3.72589
1458        3.52307
1458      0.0641494
1458         1.9226
1458        2.68969
1458        3.82422
1458       0.143037
1458        2.66227
1458        5.88051
1458        3.05124
1458        2.90074
1458        2.56417
1458        2.36187
1458        2.20139
1458        3.95919
1458       0.453513
1458        2.57402
1458       0.802454
1458        2.96763
1458        5.73611
1458        4.94237
1458        6.19086
1458        1.71516
1458       0.883406
1458        6.05828
1458         5.8906
1458      0.0239945
1458        2.70624
1458        2.32325
1458        2.98876
1458       0.705248
1458         2.0965
1458        4.91173
1458        2.41465
1458        6.16498
1458        5.77784
1458        1.57071
1458        3.25798
1458        2.18542
1458        1.09833
1458        2.93449
1458       0.764299
1458        2.27777
1458        3.07028
1458        2.62754
1458        4.20678
1458        2.01964
1458        2.12467
1458       0.782592
1458        2.62493
1458        5.65972
1458        2.32802
1458        2.69285
1458        5.95082
1458        5.31786
1458        2.37104
1458        1.29818
1458       0.552006
1458       0.124143
1458        2.94987
1458       0.482004
1458        5.53549
1458        1.87213
1458        6.13716
1458        2.64622
1458        5.92033
1458         5.8503
1458          5.511
1458        1.45164
1458        3.25094
1458        2.08808
1458        3.62051
1458        2.19049
1458        1.26428
1458          5.909
1458        3.04797
1458        3.74279
1458        1.47245
1458        2.25506
1458        6.16474
1458        5.87656
1458        1.74166
1458       0.568554
1458        2.35058
1458       0.623358
1458        1.69012
1458        6.10066
1458        4.59392
1458        4.92294
1458        5.51019
1458        1.70796
1458        2.58908
1458        6.17911
1458        5.65653
1458        2.44115
1458        5.48474
1458       0.702432
1458       0.537754
1458        4.84851
1458        2.79654
1458        4.59134
1458        3.06772
1458        5.66253
1458        3.05589
1458        3.80547
1458        2.75146
1458        2.76068
1458        2.03067
1458        4.73826
1458       0.359924
1458         2.6693
1458        3.61032
1458        3.14288
1458        2.22889
1458        1.93186
1458         1.5313
1458        5.97706
1458        1.94992
1458        6.10808
1458        2.28996
1458         2.5458
1458        2.09826
1458        5.38278
1458        1.06818
1458        2.94914
1458        2.88405
1458          3.416
1458      0.0404785
1458       0.452045
1458        5.00326
1458        2.51464
1458        4.50736
1458        1.66444
1458        3.81148
1458        5.42603
1458        6.17973
1458         6.1439
1458        5.61425
1458        5.96472
1458       0.766242
1458       0.828896
1458      0.0191011
1458        2.69859
1458        5.54059
1458        2.65087
1458        6.13727
1458        5.62004
1458        1.75544
1458         5.3023
1458        2.11889
1458         0.5475
1458        1.88929
1458        2.25099
1458        1.63402
1458        3.41519
1458        3.57869
1458        2.03297
1458        2.04034
1458        2.76288
1458        1.95927
1458        4.91937
1458        5.58761
1458        3.41993
1458        2.43813
1458        3.49509
1458        3.20062
1458        3.22383
1458      0.0915227
1458        5.15811
1458        2.96674
1458        1.76741
1458        4.64584
1458        5.67734
1458        5.32091
1458        5.84918
1458        2.72503
1458        3.21345
1458        2.68406
1458        3.80916
1458        3.63654
1458       0.993174
1458        5.26229
1458        5.72296
1458        3.39339
1458        2.33129
1458        0.83549
1458        5.04066
1458       0.695991
1458        5.69234
1458         3.3232
1458        6.16791
1458      0.0642842
1458        1.27375
1458       0.906235
1458        4.72346
1458        2.14699
1458        5.60727
1458        1.18552
1458        5.20375
1458        2.71482
1458        5.66805
1458        4.93614
1458        3.58072
1458        3.24117
1458        1.12678
1458        5.09611
1458        6.12679
1458        2.90833
1458       0.358526
1458        3.02106
1458        2.60503
1458        2.82922
1458        1.89156
1458        1.88055
1458         5.2847
1458         3.0783
1458         1.9716
1458       0.297234
1458      0.0420332
1458        2.41829
1458        4.19834
1458        3.83669
1458        4.69069
1458        3.36372
1458        2.34582
1458          1.351
1458       0.993964
1458         2.0711
1458        3.38508
1458        5.16658
1458        5.43108
1458       0.506636
1458        2.11546
1458        2.29415
1458        3.28657
1458        1.59119
1458        2.94608
1458        2.17926
1458        1.07549
1458       0.328618
1458        2.66203
1458        2.73468
1458        3.22991
1458        3.53021
1458        2.48501
1458        5.72355
1458        4.82363
1458        2.43173
1458        5.21314
1458        1.17025
1458        2.12126
1458        2.07598
1458        2.12217
1458        3.72864
1458       0.512916
1458        5.44617
1458        3.67063
1458       0.102154
1458       0.582796
1458        5.85632
1458        2.22466
1458        4.43373
1458         5.5286
1458        1.15885
1458        5.19126
1458        3.68253
1458        2.25511
1458        4.72411
1458        5.95195
1458        3.11769
1458        3.99184
1458         3.8869
1458        4.78927
1458        2.29313
1458        1.69037
1458        5.07117
1458         1.3178
1458      0.0274514
1458        2.90152
1458        3.64737
1458        1.81433
1458       0.752437
1458        2.83503
1458        3.24203
1458        2.53053
1458        2.91089
1458      0.0372452
1458         0.1671
1458        0.54215
1458        5.76425
1458        4.08174
1458        5.86626
1458         1.8151
1458        5.37583
1458      0.0402258
1458        2.98939
1458        1.96662
1458        5.76169
1458        2.50623
1458        5.34966
1458        5.90654
1458        2.51706
1458        5.70095
1458        5.57663
1458        2.96747
1458        3.01237
1458        2.83139
1458        4.83242
1458        4.23646
1458       0.582697
1458        3.69016
1458        6.04942
1458        4.50642
1458        1.67852
1458        5.73882
1458        6.27619
1458        6.16831
1458       0.299628
1458        1.74214
1458        5.91136
1458         2.3666
1458        3.59469
1458       0.889443
1458         4.5357
1458      0.0930038
1458        1.87742
1458        5.05267
1458        5.60046
1458        1.31213
1458        2.84365
1458      0.0471947
1458        2.58994
1458        3.13801
1458       0.401634
1458         1.8617
1458         1.1278
1458        5.70406
1458        1.95446
1458        5.60201
1458        1.06846
1458        3.95078
1458        2.91891
1458        4.47246
1458       0.948291
1458        1.03787
1458        1.99163
1458        2.22214
1458        5.60674
1458        6.06742
1458        3.03445
1458        2.64834
1458        2.04373
1458        5.55142
1458        2.88052
1458        5.46731
1458        6.12841
1458        5.53487
1458        1.89069
1458        1.13578
1458        5.86414
1458        2.36151
1458        1.40645
1458       0.796455
1458        1.48565
1458        5.36964
1458        2.43751
1458       0.937413
1458        3.00985
1458       0.620797
1458        3.42832
1458        2.37958
1458        2.63163
1458         3.2059
1458       0.192755
1458        5.52855
1458        2.27951
1458        5.73232
1458        5.36242
1458        5.40601
1458        3.93201
1458       0.246575
1458        5.08882
1458        1.60511
1458        5.99901
1458        2.83342
1458        5.33348
1458        3.70631
1458        5.48732
1458        3.31668
1458        2.16453
1458        4.63751
1458        4.70861
1458        3.44813
1458        2.58571
1458       0.581521
1458        2.32927
1458        5.33064
1458        2.16783
1458        1.56427
1458       0.335186
1458        1.72518
1458        4.44196
1458        2.90489
1458        2.76451
1458        2.68249
1458        1.89685
1458        2.13865
1458        1.73618
1458       0.752279
1458        4.27405
1458      0.0649831
1458        2.90676
1458        2.53422
1458         3.0795
1458       0.406812
1458        3.38879
1458        2.59896
1458         2.9104
1458        5.84497
1458        1.78551
1458       0.161189
1458       0.652117
1458          1.893
1458         3.0441
1458        3.93984
1458        5.67329
1458         2.9395
1458        6.01083
1458        1.78743
1458       0.725848
1458        5.07601
1458          3.209
1458        2.86174
1458       0.989699
1458        0.55384
1458       0.314441
1458        2.84973
1458        5.36479
1458        5.60978
1458        6.22282
1458         5.8929
1458       0.593697
1458         6.0317
1458      0.0458782
1458        3.10446
1458        2.12842
1458       0.115226
1458       0.461217
1458         3.9332
1458        5.87692
1458       0.583283
1458        2.70102
1458       0.474516
1458        1.43134
1458        1.91592
1458        4.89482
1458        3.54985
1458        3.32205
1458         2.2353
1458        2.53482
1458        1.90442
1458        2.79233
1458        2.96554
1458        2.32067
1458         2.3193
1458        1.83049
1458        1.40634
1458        5.35361
1458       0.503591
1458         1.1315
1458        3.55777
1458          5.889
1458        3.08912
1458        1.95559
1458        2.87575
1458       0.199768
1458        0.28476
1458        5.06006
1458        2.83551
1458        5.49802
1458        3.55139
1458        6.16625
1458        1.70309
1458        5.47563
1458        3.38928
1458          2.131
1458        1.61342
1458        5.64149
1458        2.27493
1458        2.59864
1458        5.56734
1458        4.01503
1458        1.91905
1458        5.85002
1458        2.62353
1458        2.37089
1458        3.16151
1458         5.4843
1458        6.10084
1458        0.24329
1458        3.80633
1458        3.02648
1458        2.74938
1458        2.49122
1458        5.58382
1458        3.41347
1458        5.73878
1458      0.0124801
1458        1.88917
1458        2.19435
1458        5.59623
1458        5.26153
1458        5.83681
1458       0.669637
1458        1.22725
1458         3.2931
1458         3.1025
1458       0.455019
1458          2.929
1458        1.81166
1458        5.66195
1458        5.84746
1458        1.56762
1458        5.50363
1458        5.76925
1458        3.09209
1458         2.5403
1458        2.56238
1458        3.25402
1458        4.65799
1458        5.82173
1458        2.87788
1458         6.1638
1458        5.86946
1458        2.64583
1458       0.578427
1458        2.75223
1458        5.26863
1458         5.8335
1458       0.775815
1458        3.13476
1458       0.825026
1458        5.96837
1458        1.62252
1458         2.1456
1458        4.43511
1458        1.91337
1458        2.32289
1458       0.340875
1458        3.95186
1458        5.45054
1458        2.66554
1458        5.48786
1458        2.69746
1458        4.50254
1458        5.70744
1458        2.83393
1458         5.9276
1458       0.312314
1458        6.21208
1458        2.30479
1458        3.15935
1458          5.567
1458       0.134186
1458         2.6576
1458        5.02577
1458        5.55893
1458       0.362563
1458        5.39853
1458       0.735169
1458        2.99642
1458        1.54942
1458        5.56225
1458        2.82986
1458        2.82711
1458      0.0639332
1458        4.97739
1458        2.48367
1458        2.40987
1458        4.41929
1458         3.1589
1458        5.97066
1458         1.3729
1458         5.2369
1458         5.4272
1458       0.208209
1458         5.2988
1458        6.02463
1458        4.96091
1458        2.57572
1458        1.59739
1458       0.875361
1458         1.9795
1458        2.80319
1458        5.77531
1458         6.1095
1458       0.878714
1458        4.36293
1458        2.16782
1458        1.69372
1458        2.97164
1458        1.12259
1458        3.45668
1458        2.04186
1458        3.08393
1458        6.09466
1458        3.06847
1458       0.602611
1458         1.1309
1458        5.76742
1458        6.04841
1458        2.23438
1458        5.53931
1458        5.88615
1458        4.19633
1458        4.59399
1458        2.62113
1458        2.63437
1458        5.77276
1458        1.24139
1458        3.45772
1458        5.75232
1458         2.0108
1458         3.7081
1458       0.274908
1458        3.63869
1458        3.02741
1458        2.65388
1458       0.192715
1458        4.18903
1458       0.199081
1458        5.52731
1458        4.10117
1458        3.06467
1458        5.11892
1458        3.41356
1458        6.03326
1458        3.47561
1458         2.0878
1458        5.33505
1458        3.31083
1458        2.12489
1458        2.71275
1458       0.378689
1458        4.62646
1458        6.08313
1458         6.0929
1458       0.395679
1458        2.39279
1458        1.27304
1458        3.99577
1458       0.820748
1458        4.00585
1458        6.27388
1458        1.76676
1458       0.292444
1458        5.88198
1458         2.6192
1458        5.97198
1458       0.260256
1458        6.18077
1458        3.52027
1458        1.39463
1458        3.58193
1458        5.73743
1458        3.22174
1458         1.7984
1458        4.25472
1458       0.465999
1458        4.03583
1458        1.81475
1458        1.16845
1458        6.18707
1458        3.82542
1458        2.17513
1458       0.437202
1458         5.6708
1458       0.155216
1458        5.90809
1458        5.03177
1458        3.65313
1458         6.0358
1458        1.97926
1458        2.32041
1458        4.82318
1458       0.142833
1458       0.495531
1458        1.41946
1458        3.75075
1458        3.49964
1458        4.98883
1458        3.07804
1458        4.78076
1458        5.32005
1458       0.614221
1458        1.66162
1458        5.04115
1458        2.83877
1458        1.29114
1458        2.66961
1458       0.690308
1458         1.6737
1458        2.44494
1458        2.75931
1458        2.97943
1458        3.38959
1458        3.02976
1458        4.33085
1458        6.02903
1458       0.408936
1458        2.53809
1458        5.17933
1458        2.19019
1458       0.401887
1458        4.75281
1458        5.34095
1458        2.32325
1458        1.53103
1458        2.58313
1458         2.6481
1458        1.42625
1458        3.69009
1458        2.36521
1458         2.5497
1458        5.63886
1458         5.5042
1458        4.24055
