1405        3.61177
1405        3.68719
1405         1.4479
1405       0.926447
1405        3.05772
1405        4.76085
1405        5.67116
1405         3.6599
1405        1.58608
1405        4.98299
1405       0.618161
1405        2.46776
1405         4.2654
1405        4.16003
1405        4.34673
1405        1.30503
1405        4.97731
1405        5.18784
1405      0.0380337
1405       0.536635
1405        4.25001
1405       0.625236
1405        2.29726
1405         3.8262
1405        2.54702
1405        4.32737
1405        3.08243
1405        4.01275
1405         1.2679
1405        1.75492
1405        6.01137
1405        2.37568
1405        4.10963
1405        4.47213
1405        2.28142
1405        5.93382
1405        3.84333
1405        2.09365
1405        5.69092
1405        4.78764
1405       0.697946
1405      0.0247035
1405        4.02415
1405        3.19751
1405        5.87775
1405        4.13325
1405        5.23348
1405        4.36911
1405         4.0115
1405        3.34671
1405        4.61445
1405        5.78432
1405        1.45666
1405        4.68503
1405        1.18747
1405        1.06095
1405        5.69876
1405        3.89808
1405        5.67626
1405        5.39258
1405        5.31831
1405      0.0154781
1405        4.84659
1405        6.22297
1405         2.8091
1405       0.606052
1405        6.20211
1405        5.25421
1405        4.67873
1405        5.27551
1405        4.25363
1405        2.71023
1405        5.95472
1405        1.55549
1405        1.72448
1405        1.27272
1405        4.34937
1405        5.86548
1405       0.545041
1405      0.0814793
1405        5.97175
1405        3.94378
1405       0.967571
1405       0.857595
1405         4.5366
1405        0.40279
1405        1.61793
1405        5.32908
1405        1.30798
1405         6.0896
1405        5.21967
1405        3.59344
1405        2.54404
1405       0.398821
1405        4.33311
1405        1.98677
1405        5.59169
1405        3.32241
1405         1.3435
1405       0.983934
1405        2.14999
1405        3.64173
1405        5.90398
1405        3.74661
1405        5.23325
1405        4.23621
1405        3.41203
1405       0.432884
1405        1.83972
1405        4.52137
1405        1.18673
1405        2.35624
1405        0.19727
1405        3.74973
1405       0.972757
1405        5.41283
1405       0.129788
1405        2.53183
1405        5.14188
1405        3.10962
1405        3.67523
1405      0.0780215
1405        3.88241
1405        4.38115
1405       0.888207
1405        4.33216
1405         5.7119
1405        2.27993
1405        4.91202
1405        5.19119
1405        2.95609
1405        4.93626
1405        1.75517
1405        5.05099
1405         3.5538
1405         4.4271
1405         5.3464
1405        5.05367
1405         1.9947
1405       0.372495
1405        2.02093
1405        5.02386
1405        6.15184
1405        4.02587
1405        1.75146
1405        5.14149
1405        1.22115
1405        3.99276
1405        5.93575
1405        1.46783
1405        3.09265
1405       0.994829
1405       0.414229
1405       0.018461
1405        3.36293
1405        5.49245
1405       0.866668
1405        4.63002
1405        2.81192
1405     0.00344971
1405        4.15989
1405        2.25365
1405        5.38976
1405        3.92294
1405        1.64863
1405        3.72267
1405        1.58349
1405        2.53667
1405         2.9945
1405       0.994467
1405        1.11132
1405        2.11179
1405       0.805161
1405        1.18584
1405        4.77909
1405        2.86683
1405        1.79153
1405        3.11953
1405         3.5253
1405         5.1914
1405       0.706949
1405        1.34489
1405       0.533464
1405        3.44959
1405        2.41086
1405        4.71684
1405        1.58546
1405        4.39497
1405        2.84764
1405        4.08198
1405        2.24026
1405        5.23285
1405        1.92308
1405        4.58283
1405        2.46045
1405         2.0769
1405         1.0094
1405        5.51785
1405        5.14348
1405        4.46556
1405        6.00092
1405        2.37867
1405        4.38201
1405        2.05021
1405        4.24331
1405        1.60727
1405        1.17569
1405        2.95708
1405       0.574265
1405         5.2822
1405        2.20688
1405        0.94598
1405       0.638752
1405        4.63344
1405        4.18651
1405      0.0835556
1405       0.741537
1405           4.47
1405        3.70384
1405        3.22429
1405        4.16225
1405       0.992676
1405        4.35555
1405        4.07237
1405        3.13689
1405        1.15277
1405        3.86757
1405        3.44284
1405        3.29817
1405        2.95466
1405         1.8547
1405        5.83615
1405        2.48009
1405       0.476713
1405        5.15022
1405         2.2577
1405        2.20507
1405       0.217961
1405        4.21389
1405         4.1282
1405        4.52251
1405        6.11253
1405        3.66892
1405        4.47605
1405        4.25023
1405       0.570703
1405        4.83289
1405        1.36147
1405         4.5414
1405         5.3242
1405        1.43124
1405        4.03677
1405        2.79447
1405        4.36347
1405        2.17932
1405        4.53331
1405        5.03607
1405       0.910375
1405        4.62197
1405       0.761411
1405        3.68625
1405        4.43816
1405        4.05018
1405        6.27718
1405          1.721
1405          0.549
1405        6.01372
1405      0.0400954
1405        1.94578
1405        2.29904
1405        5.69603
1405       0.236625
1405       0.967783
1405        5.35643
1405        2.85388
1405        6.04012
1405        3.44345
1405        1.63712
1405        5.67465
1405        2.42399
1405         4.7477
1405        1.86936
1405        5.35446
1405        3.99683
1405        3.88213
1405        1.48174
1405        4.47068
1405        2.13195
1405        1.12891
1405        4.25576
1405        4.55429
1405        2.52221
1405        4.01396
1405        3.46541
1405        2.96542
1405       0.625968
1405        3.91084
1405        3.66688
1405        1.35587
1405        1.22675
1405        4.84139
1405        1.99355
1405        4.06665
1405        4.35832
1405        1.82012
1405       0.444109
1405        1.78902
1405       0.932966
1405        1.70401
1405         1.3125
1405      0.0884444
1405        3.52583
1405        3.76207
1405        3.79081
1405        6.08817
1405        5.11849
1405        3.96783
1405        3.67426
1405        2.81288
1405        3.98399
1405       0.219183
1405        3.17221
1405        3.91776
1405        1.20736
1405        1.51445
1405        2.76984
1405        3.39028
1405        2.39634
1405        3.56919
1405        3.03352
1405        2.67976
1405        3.61321
1405        4.46773
1405       0.236047
1405        1.41324
1405        1.05719
1405        1.45168
1405        4.80548
1405        1.78934
1405        2.93886
1405       0.247052
1405        1.44522
1405         2.8758
1405        6.26559
1405        6.13791
1405        5.86371
1405        1.91822
1405        4.17526
1405       0.592688
1405        5.63491
1405         1.6021
1405        4.17716
1405        5.23672
1405        4.34784
1405        1.76678
1405      0.0733761
1405        1.45722
1405        2.74589
1405       0.204359
1405      0.0885302
1405        2.62071
1405        4.91633
1405       0.122105
1405        0.49086
1405        2.33678
1405        4.62674
1405          6.133
1405        3.75133
1405        5.56004
1405        5.12467
1405        4.95598
1405       0.934992
1405         4.9635
1405        3.85388
1405        3.56045
1405      0.0501466
1405        5.93764
1405        5.07806
1405        1.48733
1405        3.72043
1405        5.15955
1405        4.34087
1405        4.83772
1405        4.93898
1405        5.69673
1405        5.72653
1405        2.77278
1405        2.92596
1405        2.14086
1405        2.23059
1405        2.79961
1405        2.21606
1405        6.24636
1405         5.4831
1405         3.9026
1405        2.37419
1405        3.53796
1405        5.01675
1405        3.77533
1405        4.88746
1405        0.55431
1405        2.90293
1405        2.59596
1405        2.54937
1405        4.84311
1405        5.16565
1405        1.55414
1405       0.271744
1405       0.206168
1405        3.99929
1405        1.84175
1405        4.18426
1405       0.861358
1405        4.70229
1405         1.7689
1405         6.0389
1405        1.97567
1405        2.24807
1405        1.98586
1405         4.0415
1405        4.84631
1405        4.02583
1405        5.01347
1405        2.65995
1405        4.19741
1405       0.727123
1405        1.64883
1405        4.72611
1405       0.813565
1405        5.17479
1405        3.48093
1405        4.54692
1405        5.02025
1405       0.315301
1405        2.14578
1405        4.86534
1405         3.8665
1405        4.23262
1405        1.90454
1405        1.51995
1405        5.26094
1405         1.3474
1405        5.20788
1405        0.65063
1405       0.617381
1405         4.2152
1405        3.26778
1405         4.5805
1405        1.16805
1405        5.80305
1405        1.98037
1405        1.37724
1405        3.87026
1405         5.6745
1405        1.20459
1405        3.98512
1405        0.23012
1405       0.727337
1405        1.67435
1405        5.71493
1405        2.42782
1405        1.34714
1405        2.64727
1405        5.36826
1405        2.55201
1405        3.06373
1405        3.03512
1405        3.43601
1405        3.82068
1405        3.99341
1405        3.79611
1405        5.24882
1405        4.00575
1405        1.88945
1405        4.37196
1405        3.65373
1405       0.352839
1405       0.378736
1405       0.188238
1405      0.0929724
1405        4.59877
1405        3.48191
1405        1.63473
1405        1.99536
1405        4.08608
1405        3.52431
1405        3.89195
1405        3.67062
1405         1.2971
1405        3.82859
1405        3.97037
1405        4.00033
1405          3.494
1405        2.33147
1405        4.64093
1405       0.960854
1405        5.93328
1405        5.42673
1405        1.55341
1405       0.959818
1405        5.73081
1405        2.67282
1405        3.87067
1405        2.01277
1405        1.27694
1405        3.61476
1405       0.913811
1405        3.90488
1405        4.33534
1405        4.97346
1405        4.33361
1405        3.89814
1405        4.04915
1405        5.30288
1405        4.32715
1405        1.71311
1405         4.4185
1405        1.70669
1405        3.80894
1405        1.05888
1405        4.93296
1405        3.06585
1405       0.523692
1405        3.22041
1405        5.83918
1405        2.65428
1405        3.75824
1405        4.78442
1405        2.86961
1405         5.0606
1405       0.243203
1405        6.04557
1405       0.468001
1405        1.07879
1405        2.34717
1405        4.24099
1405        6.11991
1405        5.67263
1405        4.73295
1405       0.906759
1405        3.72796
1405       0.794209
1405        1.62431
1405        5.78597
1405        1.59809
1405        4.56983
1405        1.35897
1405        5.96153
1405        5.64485
1405        2.71135
1405       0.458281
1405        3.48409
1405        5.18341
1405        1.86139
1405        2.64949
1405        2.13859
1405        4.27157
1405        1.45772
1405        2.55079
1405         4.6425
1405        1.15225
1405        4.06776
1405       0.160738
1405       0.292073
1405        1.88506
1405       0.438665
1405        1.49699
1405        4.61366
1405         4.7789
1405        1.95923
1405        5.06992
1405        3.53289
1405        3.92643
1405        1.49179
1405        6.18394
1405      0.0761648
1405        6.25925
1405         5.0604
1405        5.34689
1405       0.174866
1405        0.19204
1405        1.06664
1405        4.71349
1405        5.88583
1405        5.84412
1405        5.50763
1405        1.76726
1405         5.7659
1405         2.1638
1405        4.95013
1405         4.0204
1405        5.64685
1405        5.52924
1405        5.64609
1405         4.5894
1405         5.4061
1405        4.15987
1405       0.857661
1405        2.94878
1405        3.56305
1405        5.73133
1405         1.2904
1405       0.977215
1405       0.742909
1405        4.96586
1405        2.65849
1405        5.68954
1405        5.48282
1405         3.0605
1405         5.0502
1405        4.66203
1405        1.94215
1405        5.90702
1405       0.262204
1405        4.64453
1405        4.23837
1405        4.31336
1405        1.26271
1405        1.09914
1405        4.23033
1405         3.7609
1405        2.39091
1405         4.4649
1405      0.0410706
1405        4.88494
1405        3.96315
1405        4.66137
1405        5.60359
1405        4.09015
1405        3.87278
1405        5.85546
1405        1.02041
1405        4.84889
1405        5.08973
1405        1.99184
1405        4.18082
1405        4.72983
1405        4.24082
1405        4.18102
1405         1.5396
1405        4.13509
1405         3.5228
1405        2.13174
1405        2.80352
1405       0.339661
1405        1.78408
1405        1.63856
1405        1.21279
1405        3.38795
1405        1.80923
1405        4.21954
1405        4.65413
1405        3.81668
1405        5.71013
1405        2.96997
1405        2.56255
1405        2.64737
1405        5.43834
1405        3.32216
1405        4.43593
1405      0.0666862
1405        4.85505
1405        5.43274
1405        1.72039
1405        6.13391
1405         0.6745
1405        1.31364
1405         1.4066
1405        1.59517
1405        1.63705
1405        5.25401
1405        4.61696
1405        2.35546
1405       0.410801
1405        5.12904
1405        1.87096
1405        4.90463
1405       0.892221
1405        4.47466
1405        4.08839
1405        1.44315
1405      0.0380764
1405        5.62644
1405        4.88589
1405        5.52534
1405       0.692797
1405       0.506636
1405        3.94964
1405        2.11994
1405        3.60492
1405        1.64181
1405        4.08067
1405        5.60599
1405        1.58019
1405         5.3843
1405        5.97083
1405        3.10551
1405        4.21568
1405        5.25747
1405        3.47941
1405        3.54641
1405         3.7734
1405        2.80616
1405        5.24938
1405       0.489746
1405        5.09832
1405        6.04423
1405       0.816346
1405        2.47654
1405       0.727212
1405       0.842275
1405         3.4587
1405        3.10863
1405        4.76953
1405        3.38415
1405        2.77854
1405        4.33945
1405        1.13432
1405        1.29225
1405       0.489135
1405         4.8861
1405        1.50853
1405        2.59508
1405       0.780729
1405        2.66584
1405        2.13342
1405        3.36441
1405       0.426365
1405        1.01395
1405        1.08454
1405        1.60589
1405        1.55857
1405        1.76933
1405        1.08213
1405        5.34875
1405        5.32337
1405        2.18211
1405        1.56806
1405        4.45526
1405        2.15648
1405        3.12623
1405        2.73226
1405        1.55986
1405         1.0023
1405        3.20967
1405        4.69038
1405        2.64307
1405        4.16037
1405        5.62177
1405       0.942579
1405       0.620277
1405       0.294948
1405        3.02724
1405        3.28971
1405        3.18818
1405        3.71452
1405        2.44078
1405        6.04066
1405        2.20805
1405        3.96502
1405         3.1559
1405        3.34157
1405        4.12374
1405        5.20774
1405        1.14913
1405        2.04488
1405        3.74648
1405        2.22205
1405        1.52694
1405       0.629689
1405       0.677431
1405        2.34759
1405        3.80439
1405        3.28923
1405        4.68259
1405        3.90598
1405        2.77616
1405        5.58994
1405        4.02378
1405        2.32365
1405        2.11658
1405       0.331072
1405        5.38188
1405        2.40243
1405        1.74805
1405       0.218255
1405        5.02506
1405        3.58436
1405         2.2648
1405        4.30139
1405        3.52151
1405         4.0818
1405         3.4215
1405        4.56651
1405         0.9504
1405        3.01685
1405        3.71996
1405        5.27364
1405        2.56974
1405         3.6883
1405       0.738168
1405        5.50189
1405        4.08571
1405        2.90829
1405        4.58802
1405       0.956513
1405        3.12847
1405        6.24499
1405       0.740554
1405        3.74049
1405        0.96314
1405        1.72123
1405        1.66123
1405         1.9628
1405        4.95572
1405        1.25892
1405        2.70764
1405        2.31606
1405       0.810752
1405        1.81007
1405       0.294015
1405        4.78161
1405         5.2962
1405       0.493101
1405        1.92849
1405        5.16531
1405       0.644363
1405        1.36453
1405        6.05114
1405        5.28366
1405        1.14424
1405        4.49979
1405        3.22634
1405        4.04304
1405        2.96306
1405         5.2582
1405       0.259257
1405        2.49592
1405        1.26573
1405         6.0373
1405        3.98205
1405        5.15574
1405        4.74397
1405        1.16041
1405       0.590105
1405       0.945114
1405        1.19357
1405        1.17511
1405       0.491631
1405        5.09028
1405        5.27365
1405       0.851656
1405        1.90664
1405        5.65106
1405        5.84033
1405        5.13483
1405        1.69532
1405        3.14827
1405       0.274253
1405        3.33318
1405        5.55379
1405        1.56091
1405        6.03284
1405        5.35631
1405        5.03632
1405          1.204
1405        4.19226
1405        3.59521
1405       0.968659
1405        3.77735
1405         4.7468
1405       0.752619
1405         6.1068
1405        0.35709
1405         1.1262
1405        2.97945
1405        4.74351
1405         5.1491
1405        6.12283
1405        5.21113
1405        1.01041
1405        1.61694
1405        3.01131
1405        1.23909
1405         4.8672
1405        5.57211
1405        4.74737
1405       0.813676
1405        3.01293
1405           5.02
1405        2.05692
1405        3.50143
1405        5.19804
1405        2.37783
1405      0.0732808
1405        3.96108
1405        2.42063
1405        5.23929
1405        1.83123
1405        4.83979
1405        1.30339
1405        5.86201
1405        1.32745
1405        6.22044
1405        1.73749
1405        2.76151
1405        2.73593
1405        4.64886
1405         4.6365
1405        4.67139
1405         2.3976
1405        1.21947
1405        5.40547
1405        3.31368
1405        5.87063
1405        3.60022
1405        5.16718
1405        4.77093
1405        3.42914
1405         5.2165
1405        2.08286
1405        1.73075
1405       0.844157
1405        5.37921
1405        4.50867
1405        4.14174
1405        1.80508
1405        2.96782
1405       0.259555
1405       0.357026
1405        4.79876
1405        2.75755
1405        5.35436
1405        2.41093
1405       0.929107
1405       0.224769
1405        6.22455
1405        0.58887
1405         2.0489
1405       0.708952
1405       0.966391
1405        4.65817
1405        4.16017
1405       0.169789
1405        3.92356
1405        1.10308
1405        5.56727
1405        1.24755
1405        4.73508
1405        5.88083
1405       0.434803
1405        2.82394
1405        5.11979
1405         4.7263
1405        2.01169
1405        4.11911
1405         2.9501
1405        3.86108
1405        4.09717
1405        3.49068
1405         5.0146
1405        1.02227
1405        1.62427
1405         2.7244
1405        3.28599
1405        1.90109
1405       0.882961
1405        1.60798
1405        5.15654
1405        5.75123
1405        2.33986
1405        4.81683
1405        5.63106
1405        5.89666
1405        4.04952
1405        1.08153
1405        0.88006
1405       0.501399
1405        3.03715
1405       0.366562
1405       0.917124
1405        4.22398
1405        1.38487
1405        2.54089
1405        5.05255
1405        5.02535
1405        5.39315
1405       0.484514
1405       0.314488
1405       0.800731
1405        1.09731
1405        6.19339
1405        4.72728
1405        2.46803
1405        1.36221
1405        2.88032
1405        1.51316
1405        5.97114
1405         4.6785
1405        3.00159
1405        4.51556
1405        0.32928
1405        2.46438
1405        1.60074
1405       0.162977
1405        1.22241
1405        3.61621
1405        2.68499
1405        5.09333
1405       0.255064
1405        2.03611
1405        5.20704
1405        3.72154
1405        1.51321
1405        4.65261
1405        4.17267
1405        2.53123
1405        3.18316
1405        1.12077
1405        1.47394
1405        3.97959
1405        2.59459
1405        2.47585
1405        3.63392
1405        5.64025
1405        6.24832
1405        5.79746
1405       0.116333
1405          1.309
1405        4.18787
1405        2.90506
1405         6.1632
1405        5.23027
1405        3.24599
1405        3.29293
1405        1.28856
1405        1.33475
1405        5.44372
1405        2.28258
1405        3.77613
1405        4.75976
1405     0.00634743
1405       0.525232
1405        2.04968
1405       0.673492
1405        1.91782
1405         5.9755
1405        1.51107
1405        4.12142
1405        4.03596
1405         4.2101
1405       0.476799
1405        1.29283
1405        2.29606
1405        3.69022
1405        3.90082
1405       0.824347
1405         3.5647
1405        0.19044
1405        5.40757
1405         1.1004
1405       0.439018
1405        2.23606
1405        5.24626
1405       0.447487
1405        3.08045
1405        3.85584
1405        1.80156
1405        1.61265
1405        4.59401
1405        1.02277
1405       0.731997
1405        3.54017
1405      0.0805416
1405        1.07192
1405        2.31393
1405        2.24789
1405        3.30529
1405        4.18718
1405        2.38134
1405        1.34749
1405        5.49156
1405        1.39802
1405       0.558887
1405        4.80204
1405        1.36229
1405       0.654437
1405        4.09831
1405        5.11893
1405        1.31131
1405        5.77764
1405        1.78031
1405       0.929128
1405         4.1458
1405        1.87455
1405        3.76272
1405        5.93245
1405       0.212832
1405        2.75234
1405        5.08351
1405        1.97847
1405        4.90501
1405        1.87173
1405        1.71202
1405        4.76964
1405        4.80428
1405        2.51518
1405        1.60591
1405       0.786146
1405        2.58012
1405        4.65524
1405        1.15894
1405         2.9489
1405        1.06331
1405        3.79952
1405        1.97021
1405        6.25235
1405        2.27808
1405        3.19769
1405        1.25223
1405        5.92751
1405        4.19801
1405       0.185706
1405        2.16389
1405         4.1947
1405        5.41099
1405        3.80959
1405        5.74653
1405      0.0151312
1405        1.07935
1405        5.53339
1405        3.88149
1405        5.12864
1405         1.7693
1405        3.43486
1405        1.95208
1405        1.51274
1405        4.89995
1405       0.811977
1405        4.95887
1405        1.48015
1405        2.44009
1405        4.56228
1405         3.6615
1405        1.83757
1405       0.975626
1405        1.18414
1405        1.25032
1405        4.51133
1405       0.427959
1405       0.675331
1405        2.45018
1405        3.72782
1405        2.51186
1405        1.49997
1405        4.51583
1405        5.25686
1405         4.2618
1405        5.99113
1405       0.580984
1405        3.61877
1405        3.89258
1405        2.57708
1405        1.17993
1405        4.15938
1405        1.74162
1405        5.07989
1405        1.67962
1405        4.47361
1405         4.7492
1405        2.04625
1405        1.60534
1405        2.41371
1405        2.81877
1405        3.60964
1405          6.104
1405       0.374688
1405        3.38203
1405        1.57031
1405        3.03981
1405         5.6674
1405       0.494434
1405        5.56244
1405        4.13758
1405        5.36709
1405       0.956733
1405        5.86801
1405       0.981369
1405        5.39972
1405        5.00894
1405       0.386414
1405        5.76923
1405        2.87292
1405        3.82375
1405         3.6137
1405         4.0598
1405         1.3563
1405        5.21621
1405        4.34184
1405        3.49493
1405       0.190595
1405       0.987125
1405        5.05301
1405         4.2355
1405        1.80829
1405       0.314795
1405        1.43562
1405        5.26863
1405        5.58395
1405        5.13465
1405        1.19359
1405        3.44951
1405        0.12497
1405        2.46247
1405        4.91845
1405        1.36324
1405        3.18146
1405        1.56325
1405        0.55984
1405        3.67743
1405        4.76812
1405        2.53852
1405        1.30337
1405         5.2615
1405         1.8895
1405         2.4669
1405        1.28062
1405         2.0917
1405        4.30051
1405       0.515466
1405        1.05196
1405        4.90031
1405      0.0700748
1405        2.30867
1405       0.741646
1405        5.21853
1405        2.37139
1405        1.80553
1405        5.32682
1405        2.73768
1405        4.83576
1405        2.59014
1405       0.374599
1405        2.51532
1405        1.56812
1405         4.4021
1405        1.55555
1405        3.87427
1405        3.24428
1405        4.71512
1405       0.291251
1405        2.38011
1405        4.19614
1405        0.82419
1405         1.5202
1405        4.73058
1405        3.92799
1405        2.50233
1405        4.21357
1405        4.06014
1405        3.26151
1405        6.00467
1405        1.87751
1405       0.796146
1405       0.506051
1405       0.499203
1405        6.20075
1405        6.12284
1405         5.3635
1405         4.8581
1405        5.34206
1405        1.62969
1405        1.05065
1405       0.710247
1405        5.82341
1405        0.80529
1405        5.59077
1405        1.23688
1405       0.830278
1405       0.594834
1405        4.35572
1405        1.91235
1405        4.35431
1405         1.9942
1405        4.54443
1405        4.24672
1405        2.29084
1405        1.49302
1405        4.13127
1405       0.167167
1405        4.09395
1405         4.4889
1405        4.97111
1405        6.03081
1405        4.90201
1405        4.86444
1405        5.43482
1405        2.16729
1405       0.280418
1405        2.84486
1405        1.71205
1405          4.476
1405       0.589745
1405        5.71802
1405         5.7244
1405        4.82627
1405        3.86663
1405        4.69899
1405        5.48282
1405       0.418104
1405        1.16662
1405        2.89791
1405        4.74534
1405       0.513119
1405        3.49867
1405       0.695921
1405        1.14566
1405        3.55842
1405        4.49334
1405       0.959579
1405        4.22734
1405       0.815893
1405        5.11838
1405        2.89306
1405        1.81465
1405        2.19535
1405        5.47047
1405         1.5482
1405        1.70574
1405         2.4378
1405        3.87021
1405        4.60546
1405       0.222986
1405        3.00789
1405         2.9655
1405        3.18545
1405        4.83453
1405      0.0550566
1405       0.983081
1405        5.25772
1405        3.13688
1405        4.19107
1405         5.3872
1405        4.36647
1405        3.23856
1405        2.55189
1405        1.29253
1405        5.30315
1405        4.05071
1405        4.17977
1405        5.21393
1405       0.834052
1405        5.95061
1405        3.36193
1405        3.19598
1405        0.79352
1405        4.13949
1405        2.29432
1405        3.37503
1405        5.39282
1405        1.68967
1405        6.14261
1405        2.52343
1405        0.57979
1405        3.15797
1405       0.702807
1405        3.84498
1405        2.71514
1405        2.79501
1405         2.5245
1405        5.97068
1405        4.09876
1405        1.04466
1405       0.783131
1405        5.69558
1405        4.67213
1405        3.24425
1405        2.53493
1405        3.12795
1405        3.12224
1405        4.66676
1405        4.35665
1405        4.20724
1405        2.73348
1405       0.686213
1405       0.130973
1405        4.63679
1405        1.10784
1405        3.81637
1405        3.64945
1405        4.03629
1405        5.73462
1405        1.42905
1405       0.332939
1405        3.72436
1405      0.0521356
1405         4.3726
1405        4.37457
1405        4.76429
1405        4.20405
1405        2.82484
1405        0.89316
1405        3.06193
1405         3.7621
1405          4.932
1405        2.62365
1405        2.26824
1405        2.18647
1405        4.56149
1405        1.99792
1405        6.15149
1405        1.12136
1405         4.9346
1405       0.443784
1405        5.34991
1405        1.88091
1405        2.21397
1405        5.05578
1405        2.58491
1405        3.43971
1405        6.17287
1405        5.38998
1405      0.0234911
1405        3.79839
1405        5.98933
1405        1.97762
1405        3.42038
1405        3.65781
1405        1.36668
1405        3.14109
1405        3.29264
1405        5.00292
1405        2.19762
1405       0.610236
1405        5.93911
1405        5.80906
1405        5.17433
1405        4.28263
1405        6.25419
1405          3.548
1405        4.92703
1405        3.69692
1405        6.06994
1405        2.97529
1405        4.67831
1405       0.357092
1405        1.50987
1405        4.65434
1405        2.77516
1405        1.81834
1405        1.68097
1405        1.90205
1405        6.19213
1405        1.70504
1405        3.27948
1405        2.02395
1405        5.51891
1405        5.10021
1405         4.9985
1405        4.22415
1405        4.52201
1405        5.95259
1405         5.6907
1405         1.6902
1405        2.15809
1405        5.58113
1405        5.13977
1405        1.86271
1405        3.59428
1405        0.27322
1405        1.46039
1405        1.65634
1405        1.06345
1405        2.56027
1405        1.47578
1405        2.61007
1405        4.40178
1405        4.52163
1405        5.97622
1405        1.43222
1405        2.69721
1405        4.25703
1405        4.46367
1405       0.294681
1405        2.06938
1405        1.03977
1405        3.96367
1405         1.6444
1405        4.33943
1405        5.15906
1405        1.76122
1405        4.07198
1405        6.28143
1405        3.13118
1405        3.20251
1405        5.80964
1405        4.60633
1405       0.908171
1405         3.9993
1405        4.50126
1405       0.957618
1405        2.85325
1405        3.33335
1405      0.0542835
1405        1.27191
1405        2.96959
1405        4.35864
1405       0.154188
1405        5.12526
1405        3.40755
1405        5.80859
1405        5.10124
1405        2.53853
1405        4.60794
1405        1.02524
1405       0.615327
1405        5.00096
1405        5.30982
1405         6.1115
1405        1.47503
1405        4.47561
1405       0.301928
1405        3.25092
1405       0.433354
1405         4.4556
1405        3.92047
1405        2.70459
1405        3.57495
1405        6.17665
1405        2.20498
1405        4.47506
1405       0.260382
1405        1.83395
1405        2.53016
1405        3.41381
1405        4.05432
1405        4.43337
1405         4.3987
1405        6.10078
1405        2.12619
1405        3.39912
1405        3.48584
1405        1.95416
1405        1.01357
1405       0.189091
1405        3.31119
1405        5.34907
1405       0.286157
1405        2.17948
1405       0.981676
1405        4.01469
1405        1.98584
1405        2.81061
1405        1.03179
1405       0.874954
1405       0.510277
1405       0.228268
1405        1.31765
1405        4.42424
1405        5.16725
1405        1.57782
1405        2.67394
1405        3.00615
1405        3.01222
1405        2.15534
1405         1.0976
1405       0.559223
1405      0.0087335
1405        4.73835
1405        4.04761
1405        6.11974
1405        1.43652
1405        4.78149
1405        3.45412
1405        5.00514
1405         5.0749
1405        1.08304
1405        1.46523
1405        4.81058
1405        4.55629
1405        1.13024
1405         3.6932
1405        1.16014
1405        3.87964
1405        1.89674
1405        1.36268
1405       0.756787
1405        5.51326
1405      0.0687693
1405        3.25072
1405        3.32904
1405        3.59485
1405        5.07997
1405        1.17184
1405         4.0941
1405       0.911642
1405        4.57892
1405        1.14935
1405        3.45716
1405        4.36469
1405        2.49864
1405        1.84688
1405          4.194
1405        4.73833
1405        1.57664
1405        4.51274
1405        1.88919
1405         5.4173
1405        4.12192
1405        1.34608
1405         5.6558
1405        5.38323
1405        5.45162
1405        2.37219
1405        3.88033
1405        3.10452
1405        4.45814
1405        2.86184
1405       0.256334
1405        1.12412
1405       0.845021
1405        2.94959
1405        2.72988
1405        3.12911
1405        4.41241
1405         2.0892
1405        4.73941
1405        5.54994
1405        1.54951
1405        3.13811
1405        4.06471
1405         2.0921
1405        4.38765
1405        4.79308
1405        2.23981
1405       0.639262
1405        4.49433
1405        1.31187
1405        4.42774
1405       0.435383
1405        1.03908
1405        2.08544
1405        4.72946
1405        3.14216
1405        3.48968
1405       0.798306
1405        0.45718
1405        3.46244
1405        2.98689
1405         3.2703
1405        5.56038
1405        2.15778
1405        1.57658
1405        2.25373
1405        5.20854
1405        4.67655
1405        3.02084
1405        1.09762
1405        4.67102
1405       0.849547
1405      0.0204437
1405        5.26515
1405        3.17602
1405        5.61158
1405        3.16636
1405       0.709644
1405        3.87162
1405        1.76996
1405        3.44303
1405        4.81036
1405        6.12523
1405       0.227895
1405       0.507295
1405        4.61151
1405        4.57656
1405          2.882
1405        1.38629
1405        5.00946
1405        4.31736
1405        1.55076
1405      0.0863314
1405        2.13342
1405        2.54826
1405        2.94099
1405        2.11193
1405        4.99952
1405        5.88662
1405       0.780488
1405        4.34551
1405         3.8561
1405       0.144495
1405       0.577855
1405        3.49093
1405        3.11865
1405        4.06226
1405        5.52953
1405        5.67835
1405        4.72753
1405       0.669751
1405        1.22969
1405       0.207072
1405        3.29204
1405        4.61452
1405        1.06627
1405        5.12282
1405        5.07413
1405        1.45737
1405        4.38034
1405        1.28448
1405        2.26095
1405         3.1017
1405       0.872621
1405        3.94891
1405         0.8969
1405       0.981451
1405        5.23458
1405      0.0967747
1405        4.21963
1405       0.650261
1405        1.99925
1405        4.33317
1405        1.13063
1405        3.84309
1405         2.2842
1405         1.9108
1405        2.96498
1405        4.65394
1405        3.66077
1405        4.60101
1405        5.42526
1405        5.30015
1405        2.49389
1405       0.491057
1405        0.22197
1405        4.10503
1405        4.07702
1405        2.29486
1405        3.86013
1405         6.1749
1405        3.73668
1405       0.574922
1405        5.49834
1405         1.0217
1405        4.48783
1405        3.22776
1405        1.15899
1405        2.90162
1405        3.28932
1405        3.22108
1405        4.70545
1405        3.10703
1405        3.25488
1405        1.91394
1405        5.94054
1405        0.94849
1405       0.375538
1405         1.1127
1405       0.233288
1405        5.39031
1405        4.98288
1405        2.16154
1405       0.705007
1405         4.0789
1405        4.21885
1405        4.12502
1405        3.35675
1405        2.03954
1405        6.07222
1405        1.54965
1405       0.500383
1405       0.992812
1405      0.0844673
1405        4.31271
1405        4.75672
1405        1.67378
1405        4.32516
1405        4.43045
1405        4.88729
1405        3.44224
1405       0.912192
1405        2.77334
1405        4.24503
1405         4.2054
1405        2.50661
1405        4.25493
1405        1.65283
1405        1.04227
1405        3.80539
1405        3.93087
1405        2.73731
1405        6.16199
1405        4.56592
1405        3.82334
1405        2.53796
1405       0.567482
1405        4.61064
1405        3.67586
1405        4.85092
1405        3.49716
1405        3.98661
1405       0.351456
1405        4.88028
1405        4.37225
1405        3.16893
1405       0.431768
1405        3.18709
1405        3.85017
1405        3.81485
1405        2.48473
1405         6.1214
1405        2.86648
1405       0.224076
1405        3.81511
1405        1.73286
1405        5.10641
1405         4.6458
1405        3.48057
1405        6.08081
1405        3.94855
1405        4.93934
1405       0.784211
1405       0.989049
1405        5.11024
1405       0.900374
1405        3.76718
1405        1.93082
1405        3.75814
1405        3.90018
1405        5.68939
1405       0.792469
1405        5.94188
1405       0.861019
1405        1.14063
1405       0.345233
1405        2.43755
1405        1.66654
1405      0.0194374
1405        5.29809
1405       0.461153
1405        5.58308
1405        5.84019
1405        5.94876
1405        4.40314
1405        4.57492
1405        5.47037
1405        6.15313
1405        6.06488
1405        2.29148
1405        5.91807
1405        1.09974
1405        4.79167
1405        4.61434
1405        2.12343
1405        4.51428
1405       0.933153
1405        4.29994
1405        3.05515
1405        1.31269
1405        3.62632
1405        2.70474
1405        4.66462
1405        1.03141
1405        2.44247
1405        6.24847
1405        1.04444
1405        6.07592
1405           2.81
1405         1.1041
1405        3.57475
1405        1.09875
1405        1.06386
1405        3.80767
1405        5.75659
1405        2.91345
1405        1.25536
1405        4.22213
1405       0.738073
1405         4.2311
1405        1.92625
1405        2.47333
1405       0.903657
1405        4.78388
1405        3.54597
1405        1.57018
1405        2.59176
1405        5.70295
1405       0.764723
1405        5.09285
1405         3.6116
1405        2.12679
1405        1.26972
1405        3.85061
1405        1.00664
1405        2.20174
1405        5.38966
1405       0.236041
1405        5.11083
1405        1.85688
1405        2.39289
1405        1.42897
1405        4.21608
1405        5.83651
1405        1.63806
1405        4.02924
1405        1.52388
1405        1.32249
1405         3.2057
1405       0.720972
1405        6.26428
1405        3.57539
1405        1.31364
1405         3.6798
1405        2.25449
1405        4.50678
1405       0.862574
1405         5.2351
1405        1.18209
1405        4.21628
1405        1.40935
1405        3.17252
1405        4.51179
1405        3.43597
1405        4.87201
1405        1.45514
1405        6.09124
1405       0.661803
1405         1.2233
1405        2.61327
1405        0.22512
1405        2.75444
1405        1.91159
1405        5.07937
1405        2.39949
1405       0.611081
1405        3.48487
1405       0.947977
1405        1.61784
1405        4.69178
1405         2.1516
1405        5.14082
1405       0.435188
1405        3.82342
1405        4.08953
1405        1.51984
1405        3.08441
1405        5.07926
1405        4.55713
1405        3.61516
1405        2.90259
1405        3.15075
1405        3.94514
1405        4.02417
1405        4.44162
1405        2.47945
1405        4.71081
1405        1.92428
1405        4.74518
1405        1.98919
1405        4.23445
1405       0.837072
1405        2.44552
1405        5.37752
1405        1.10594
1405        1.29277
1405        5.54598
1405        3.41207
1405       0.516337
1405         1.9389
1405        4.21184
1405        6.13865
1405        1.22683
1405       0.613976
1405       0.364966
1405        4.05168
1405       0.616304
1405        2.83291
1405        4.17828
1405        1.53332
1405       0.241943
1405        6.22449
1405        1.80341
1405        3.16277
1405        5.03744
1405        4.84072
1405        2.13208
1405        5.09755
1405        1.44762
1405        5.17471
1405        1.50204
1405        1.63592
1405        4.71883
1405        4.11202
1405        3.46833
1405        5.05627
1405       0.428602
1405        4.85942
1405       0.288803
1405        4.58697
1405        5.25344
1405        4.57081
1405       0.818385
1405        1.15196
1405        1.83702
1405        4.31565
1405        5.93565
1405        5.31088
1405      0.0538644
1405        1.40426
1405        3.80182
1405         1.5458
1405        5.84173
1405        4.65502
1405        2.00271
1405        3.32713
1405       0.246377
1405        1.60595
1405        3.17336
1405        1.82175
1405         2.6435
1405        0.88597
1405        1.86887
1405        3.66356
1405        1.09013
1405        4.87637
1405         2.4734
1405       0.975889
1405        1.41589
1405        4.99233
1405         1.0766
1405        1.15653
1405        4.19173
1405        4.70978
1405        1.08024
1405       0.151721
1405        4.92903
1405        3.86507
1405        6.05094
1405        5.45587
1405        4.25425
1405        1.84293
1405        3.91394
1405        5.85426
1405        1.40278
1405        2.54926
1405        6.27965
1405        1.80614
1405        1.51625
1405       0.827407
1405        2.56517
1405        1.61552
1405       0.544765
1405        4.58966
1405        2.57935
1405        4.77672
1405       0.348728
1405        1.85587
1405        3.20805
1405        3.07494
1405        1.49627
1405       0.540394
1405        2.23994
1405        3.98261
1405        5.87144
1405        1.52918
1405        3.20404
1405        5.43586
1405        5.05808
1405        4.32225
1405        1.43062
1405        1.77796
1405        4.72114
1405        1.37461
1405       0.821751
1405        3.34944
1405        2.00903
1405        4.62147
1405        1.87235
1405        3.41609
1405        5.81038
1405       0.668922
1405       0.676084
1405        1.38509
1405        5.94568
1405         3.0106
1405          4.103
1405        1.03025
1405       0.136256
1405        2.66587
1405        5.53913
1405       0.628823
1405       0.857301
1405       0.977249
1405        3.95677
1405       0.609816
1405         3.6031
1405        3.58682
1405        5.62081
1405        0.79621
1405        3.34792
1405        3.47733
1405        1.45086
1405        1.48296
1405          3.997
1405        2.84365
1405        3.98292
1405      0.0163277
1405        5.78001
1405       0.371099
1405        5.84248
1405        5.44004
1405        5.04822
1405        5.75416
1405       0.833827
1405       0.196881
1405        4.26298
1405         1.1245
1405       0.200621
1405        2.51058
1405        0.82569
1405        1.12496
1405         3.9376
1405        2.75267
1405       0.364681
1405        3.51294
1405        2.29994
1405        4.72947
1405       0.134427
1405        3.15938
1405        6.01559
1405           5.68
1405        5.15263
1405        4.25852
1405     0.00827931
1405        2.18296
1405        4.19235
1405        1.09027
1405        3.90105
1405        4.67712
1405        4.68086
1405        5.09785
1405        4.25697
1405        3.23223
1405        4.01022
1405        4.28427
1405        4.70987
1405        5.52764
1405        1.85707
1405        1.29588
1405        1.78323
1405        2.17139
1405        1.33086
1405       0.298123
1405       0.643015
1405        3.95597
1405        5.87672
1405        3.34083
1405        5.71454
1405        2.09559
1405        5.74745
1405        2.33707
1405        1.67805
1405        1.82864
1405        1.94051
1405       0.747582
1405        1.83691
1405        4.90859
1405        3.76564
1405        4.97828
1405        3.08287
1405        3.50374
1405        4.40327
1405        5.53356
1405        5.58916
1405       0.815525
1405        1.47893
1405        5.21207
1405       0.521214
1405        3.65653
1405        2.92014
1405        4.93211
1405        1.98817
1405        3.06997
1405        1.04783
1405        2.18286
1405        3.21634
1405        5.23541
1405        1.40348
1405        4.41185
1405        1.83941
1405        6.16485
1405        2.30759
1405         5.5558
1405        1.73078
1405        4.59387
1405        4.83232
1405        2.96017
1405        4.66348
1405        4.20388
1405       0.990423
1405        1.82329
1405         2.8681
1405       0.678447
1405        4.57367
1405        2.13729
1405       0.478802
1405        3.70072
1405       0.881217
1405      0.0648055
1405        0.60065
1405       0.811771
1405        5.44225
1405       0.292169
1405        2.93829
1405        3.68246
1405        4.43643
1405        4.62906
1405       0.920806
1405        1.55085
1405       0.468256
1405        2.24032
1405        3.09671
1405        2.10081
1405        1.49839
1405        1.03023
1405        4.70929
1405        3.03083
1405        3.97412
1405        5.05219
1405        1.08419
1405        3.82024
1405      0.0591253
1405       0.932856
1405        2.24302
1405        4.91134
1405        1.49273
1405         3.2984
1405        1.39458
1405        4.16249
1405        1.89847
1405        4.87804
1405        4.39412
1405        1.19908
1405        4.42905
1405        4.42048
1405        5.00147
1405        5.96762
1405        1.01174
1405       0.622833
1405        2.97557
1405        5.07614
1405         2.3365
1405        2.65443
1405        3.71671
1405        1.54038
1405        2.98109
1405      0.0675292
1405        3.11399
1405        4.68331
1405         2.7021
1405        0.26228
1405        1.94879
1405        5.93099
1405        4.96229
1405        1.75996
1405        1.40214
1405        1.80351
1405        3.68924
1405        4.86266
1405        1.16917
1405        2.69147
1405        2.56752
1405        1.36266
1405        4.00686
1405        5.90521
1405        1.02034
1405        4.57666
1405        2.85765
1405      0.0625503
1405       0.135621
1405       0.979139
1405        3.80137
1405       0.495385
1405        3.64538
1405        1.47146
1405         1.4841
1405        6.09031
1405         4.7316
1405        4.01777
1405       0.310234
1405        6.14979
1405        2.82938
1405         1.9492
1405         3.7216
1405        3.63436
1405         4.5234
1405       0.426198
1405         2.2071
1405        4.78165
1405        5.65981
1405        4.53441
1405        2.69005
1405        3.38696
1405        4.22072
1405        1.55895
1405        3.63562
1405       0.232959
1405        5.02472
1405        4.14099
1405        3.66901
1405       0.869323
1405         1.5914
1405        0.64004
1405         5.6269
1405        5.55405
1405       0.690895
1405        1.05838
1405        5.62212
1405        4.48964
1405       0.352791
1405        3.58078
1405        5.97603
1405        5.43471
1405        4.40138
1405        3.83442
1405        4.20457
1405        4.98677
1405        2.54348
1405        3.35354
1405        2.13217
1405        1.49181
1405         4.2503
1405        5.62429
1405        1.69067
1405        4.75969
1405      0.0678113
1405        4.75446
1405        4.09434
1405       0.738333
1405        4.08442
1405        2.24815
1405        5.43227
1405        5.94937
1405         3.7004
1405        3.62631
1405        3.42134
1405        1.56295
1405        1.40276
1405        1.57393
1405        1.02658
1405        6.06697
1405       0.447431
1405        1.36672
1405        4.11746
1405       0.736333
1405        2.99627
1405        3.99287
1405       0.238042
1405        4.24542
1405        2.34322
1405        5.56289
1405        4.14518
1405       0.677632
1405        4.30094
1405         3.3802
1405       0.537991
1405        2.80526
1405       0.860865
1405        3.59329
1405       0.178385
1405        1.50436
1405        4.94792
1405        6.06205
1405       0.527484
1405        5.84941
1405        1.66296
1405        5.59603
1405         1.1074
1405        3.37104
1405        1.90378
1405        3.61142
1405        5.95759
1405       0.544222
1405        0.63804
1405        3.12218
1405        4.53105
1405        3.80846
1405        3.05853
1405        4.73271
1405        3.83221
1405        2.42167
1405      0.0550888
1405        1.89224
1405        5.59625
1405       0.611181
1405        6.26565
1405        3.57778
1405        6.23931
1405      0.0798106
1405         6.2702
1405        4.49039
1405        5.43724
1405       0.082971
1405        1.07226
1405        1.25198
1405        2.62178
1405        4.80554
1405        3.33719
1405        1.28361
1405        5.13915
1405       0.543099
1405        6.09836
1405        3.36019
1405        4.31461
1405        4.23736
1405        5.60222
1405        3.86636
1405        6.21885
1405      0.0635798
1405        3.96184
1405        5.36109
1405        2.76726
1405       0.423437
1405        3.74147
1405         2.8129
1405        1.83689
1405        2.53148
1405        1.72356
1405       0.708157
1405        1.11705
1405       0.194373
1405       0.114648
1405       0.961901
1405        4.21197
1405        1.55647
1405       0.732522
1405         5.6906
1405        4.37276
1405       0.630446
1405        5.38812
1405        5.76828
1405        3.78691
1405       0.724656
1405        4.29072
1405        4.74333
1405       0.617991
1405        4.96504
1405        1.18813
1405        3.86114
1405        4.64883
1405        5.91173
1405        1.82118
1405        2.36018
1405       0.422244
1405        1.14604
1405        1.31842
1405        2.46781
1405         4.4865
1405        1.43695
1405        4.99366
1405        4.93089
1405        3.93256
1405        1.45995
1405        4.95087
1405        3.64392
1405        1.86329
1405        5.22949
1405        2.13959
1405        4.26065
1405        1.53183
1405        1.98452
1405        4.50507
1405        4.72264
1405        4.04709
1405        3.40781
1405        3.87148
1405       0.780657
1405        3.62239
1405        2.65808
1405        5.25573
1405        1.78365
1405        3.40453
1405        5.90921
1405         1.4212
1405        2.96037
1405        1.67167
1405        4.82192
1405        5.19151
1405        3.98965
1405         2.8908
1405        4.19703
1405        1.05251
1405        1.78659
1405        1.56032
1405        5.39887
1405        5.26343
1405        3.73275
1405        2.03545
1405         3.0642
1405        3.15949
1405        2.50972
1405        2.17803
1405        1.16147
1405         4.9668
1405        0.15897
1405        2.10056
1405        3.01067
1405        5.71535
1405        2.68632
1405        3.33572
1405        4.14626
1405        2.11279
1405        3.40959
1405        2.29797
1405        4.86233
1405        4.36874
1405        1.15747
1405        4.55725
1405       0.620354
1405        3.93834
1405        1.21842
1405        3.49129
1405        0.69379
1405         3.9645
1405        5.01438
1405        4.15147
1405        4.43269
1405        1.75168
1405        5.54404
1405        1.62242
1405         1.9689
1405        1.90515
1405         3.1123
1405        1.13195
1405       0.873495
1405        4.53833
1405       0.671837
1405        0.21348
1405         3.1782
1405        5.64119
1405        4.31268
1405        4.60142
1405        4.52428
1405       0.469694
1405         1.4123
1405        4.99125
1405        4.35211
1405        4.58055
1405        6.00958
1405        1.12399
1405        2.02884
1405        1.43174
1405        4.50376
1405        4.36906
1405        4.97309
1405         4.9583
1405        2.47979
1405        4.04724
1405        4.98902
1405        2.41284
1405        4.18386
1405       0.739515
1405         1.3144
1405        4.15925
1405       0.963344
1405       0.776062
1405         4.2456
1405        3.25028
1405      0.0185731
1405        1.49897
1405        4.56583
1405        3.44792
1405        5.17672
1405        2.52675
1405        4.94632
1405        3.60408
1405        1.41708
1405        4.53448
1405        5.49136
1405        2.01715
1405        4.25755
1405        4.91494
1405         2.2013
1405        5.47213
1405        4.60814
1405         1.3022
1405        3.75592
1405         3.2701
1405        3.31582
1405       0.139779
1405        5.06672
1405        3.36886
1405        1.15563
1405        4.23635
1405        5.82048
1405        3.70692
1405        1.32194
1405        1.60757
1405      0.0952509
1405        5.98157
1405         2.6162
1405       0.648403
1405        4.58726
1405        4.33024
1405        2.87281
1405        3.76506
1405        4.30851
1405         6.0549
1405       0.474855
1405        5.63212
1405        4.62413
1405       0.534381
1405        1.55131
1405        4.24617
1405        4.67728
1405        3.11728
1405        1.38408
1405        3.05084
1405        3.71603
1405        1.18702
1405        1.26755
1405        5.25112
1405        6.00131
1405        4.32164
1405        5.45878
1405        2.23467
1405        3.64058
1405        4.50028
1405       0.880318
1405        6.26743
1405        2.96066
1405        1.02974
1405       0.792924
1405        2.12275
1405        4.49181
1405        4.67313
1405        2.66555
1405       0.308232
1405        1.94435
1405        3.92035
1405        4.56489
1405       0.827992
1405          4.955
1405        4.58443
1405        6.17915
1405        1.34254
1405         3.1683
1405      0.0752367
1405        3.62661
1405        2.16982
1405        6.18595
1405        2.10561
1405        3.94366
1405        5.33345
1405       0.456615
1405        5.60606
1405         2.1441
1405        0.56941
1405        3.36319
1405        2.05431
1405        3.01848
1405        1.26925
1405        4.38052
1405        1.60917
1405      0.0540771
1405        4.40221
1405       0.323759
1405       0.605598
1405        4.02245
1405        2.86306
1405      0.0129126
1405         1.4857
1405        1.04339
1405       0.313331
1405        1.04934
1405        5.61365
1405        3.85799
1405        5.56708
1405        1.07781
1405        1.76199
1405        4.78482
1405       0.316152
1405       0.939075
1405        4.61597
1405       0.100112
1405        3.87559
1405        3.31996
1405        1.70404
1405        4.30324
1405        4.43552
1405        1.24039
1405        2.97146
1405        5.63333
1405        1.95486
1405       0.552657
1405        1.51128
1405        4.54269
1405        1.28299
1405        5.59087
1405         1.3206
1405        5.00875
1405         3.0076
1405       0.260872
1405        6.08825
1405        1.02356
1405          3.222
1405        3.16741
1405         4.1516
1405        5.68579
1405        1.43236
1405        1.55495
1405        2.71624
1405        5.78357
1405        4.34514
1405       0.550094
1405        1.39131
1405        2.83188
1405        2.39078
1405       0.876104
1405        2.20357
1405        3.18552
1405        1.72549
1405       0.792089
1405        5.57006
1405        0.49772
1405        2.36296
1405         5.1471
1405        5.75288
1405       0.876071
1405        4.75711
1405        5.38608
1405        5.19205
1405        6.23528
1405        3.03152
1405        1.73962
1405       0.928711
1405        1.17709
1405        4.32004
1405       0.808404
1405       0.189991
1405         5.0586
1405        2.02808
1405       0.156368
1405       0.824905
1405        4.61816
1405        2.54659
1405        2.84862
1405        4.24638
1405       0.762248
1405        1.63746
1405        1.39385
1405        2.51585
1405        4.16626
1405        3.48611
1405        6.09476
1405        5.34342
1405        1.34701
1405        1.18512
1405        3.04365
1405      0.0047053
1405        2.05746
1405        4.35334
1405        4.93011
1405       0.124096
1405        3.33327
1405         3.9122
1405        5.91977
1405        2.21216
1405        3.28201
1405        1.07276
1405        2.19235
1405        0.88848
1405        5.64027
