1137       0.187886
1137       0.477007
1137        5.72248
1137        3.11425
1137       0.853973
1137        3.33722
1137        1.06462
1137        3.84339
1137        2.13974
1137        4.26696
1137        5.52597
1137      0.0303449
1137        5.96052
1137       0.997243
1137        3.89141
1137        3.95862
1137         3.7286
1137        2.28158
1137        1.59774
1137        2.41608
1137        1.85394
1137        3.51777
1137        3.80666
1137        5.13541
1137         1.3888
1137        6.12013
1137        2.50848
1137        1.68248
1137        4.38911
1137        5.19657
1137        2.98175
1137        5.96623
1137        2.78448
1137      0.0786589
1137       0.807505
1137         2.7682
1137        3.02314
1137        3.27162
1137        2.69596
1137        1.98995
1137       0.183828
1137        1.44959
1137        2.31822
1137         2.5388
1137          5.544
1137        4.96731
1137        3.03673
1137        4.02544
1137        5.15276
1137       0.611828
1137        2.89853
1137        4.16261
1137        2.83744
1137        1.89801
1137       0.268025
1137        4.56211
1137        4.60927
1137        3.31558
1137        1.85866
1137         5.5739
1137        0.09431
1137        3.72328
1137      0.0947661
1137        3.03224
1137        2.01513
1137        5.72435
1137        4.02428
1137        6.08951
1137         4.4415
1137        1.12463
1137        5.98105
1137        6.06656
1137        2.90784
1137         2.6118
1137       0.794891
1137        4.22667
1137        3.97855
1137        4.28827
1137        2.79416
1137        5.78744
1137        1.88718
1137        1.56113
1137        5.18783
1137        1.62718
1137        6.03061
1137        4.09628
1137        6.06625
1137        2.99953
1137        4.60618
1137        5.86416
1137        5.59554
1137        5.93311
1137        5.96858
1137        1.05688
1137        1.90535
1137        3.50184
1137       0.107328
1137       0.569876
1137        6.14454
1137        2.37928
1137        2.33318
1137        3.14968
1137        1.03581
1137        2.44745
1137        6.07468
1137        5.19747
1137        4.24739
1137        1.89214
1137        2.12046
1137         4.8798
1137      0.0772943
1137        2.15453
1137        5.68206
1137        5.73115
1137        3.67202
1137        1.45838
1137        1.36118
1137         1.8869
1137        3.83085
1137        1.57098
1137        2.63627
1137        3.62694
1137        3.45885
1137        6.16278
1137        3.28591
1137        2.43189
1137       0.869369
1137         1.0106
1137        6.16956
1137        3.10909
1137        6.25135
1137         6.1198
1137        4.70908
1137       0.410131
1137         3.7315
1137         2.2027
1137         5.7609
1137        2.15244
1137        5.67416
1137        4.02894
1137       0.296345
1137        2.70897
1137        5.09053
1137        5.70846
1137       0.290322
1137       0.652773
1137        0.86124
1137        4.30889
1137        5.91154
1137        0.55454
1137         5.7992
1137        3.97471
1137       0.585558
1137        4.10865
1137        0.17468
1137        3.78293
1137        4.61842
1137        5.30865
1137         2.6605
1137        3.10336
1137        3.24965
1137        5.15354
1137        5.83855
1137        1.51157
1137        6.12179
1137        2.97892
1137        3.02698
1137        2.17913
1137        6.04128
1137       0.935429
1137        2.31234
1137        1.90002
1137        2.97973
1137       0.554712
1137       0.778414
1137       0.016558
1137        5.14521
1137       0.338367
1137        5.20803
1137        2.35349
1137        5.05768
1137        5.18737
1137        0.29649
1137        2.75442
1137        5.49608
1137        4.00894
1137        3.00606
1137       0.234126
1137        4.07712
1137         1.3013
1137         2.1968
1137        3.90747
1137        2.26461
1137        5.21716
1137        1.00161
1137        3.07427
1137        3.75263
1137      0.0103564
1137        2.60939
1137        6.26284
1137         4.2163
1137        1.25226
1137       0.634043
1137         1.6091
1137        5.39165
1137       0.671762
1137        5.78268
1137        2.48894
1137        5.03675
1137        1.15231
1137        5.66012
1137        1.88668
1137        4.52849
1137        5.55367
1137        4.97378
1137        1.40596
1137        4.57356
1137        1.05481
1137        5.96299
1137           2.35
1137        5.22279
1137        6.24958
1137        5.55613
1137        3.50413
1137        3.69776
1137          4.265
1137        5.81676
1137        2.72786
1137        1.52439
1137        1.74635
1137         6.2038
1137        5.28785
1137        5.71356
1137         1.2591
1137        5.70017
1137        2.48618
1137        5.02343
1137        4.93397
1137        5.58653
1137        6.02225
1137      0.0370228
1137        1.87437
1137        6.10755
1137       0.761146
1137        2.73672
1137        4.75492
1137        3.10192
1137        5.26136
1137        3.17334
1137        4.72606
1137       0.260504
1137        1.00955
1137       0.589669
1137         3.8549
1137        4.04619
1137        3.40503
1137        2.64066
1137        4.38141
1137        1.56179
1137       0.124216
1137        4.02097
1137        5.16025
1137        4.28543
1137       0.313305
1137        2.08224
1137        5.99677
1137        1.39591
1137        3.16688
1137        1.04395
1137        2.21663
1137        1.02153
1137        4.43649
1137       0.294237
1137        3.63934
1137        5.51252
1137        4.46887
1137        2.80112
1137        3.21295
1137        2.84105
1137        5.77691
1137        5.99772
1137        1.81811
1137       0.247628
1137         5.2046
1137        5.26892
1137        6.17046
1137        4.14404
1137        3.52852
1137       0.107283
1137        5.75293
1137        5.38292
1137        2.71795
1137         1.1335
1137        5.49508
1137       0.813322
1137         3.5553
1137        5.10888
1137        2.84361
1137        5.45327
1137        3.54467
1137        3.33702
1137        1.20263
1137        2.44957
1137        2.65886
1137        1.48143
1137        3.47673
1137        2.26007
1137       0.495717
1137        1.57663
1137        4.26412
1137       0.593359
1137        3.37114
1137        1.20078
1137        6.24414
1137        2.59939
1137        2.78893
1137        6.05649
1137       0.446856
1137       0.125742
1137        3.46542
1137        2.50911
1137         6.0604
1137        3.70208
1137        3.45064
1137       0.280903
1137        3.62628
1137        5.71973
1137        4.67535
1137        6.27661
1137        2.34407
1137        4.96617
1137        5.25513
1137       0.252517
1137        3.49571
1137        2.35199
1137        3.71368
1137       0.687474
1137        3.11371
1137        2.83798
1137       0.328316
1137       0.593352
1137        1.54332
1137        6.26123
1137        5.82874
1137        5.38016
1137       0.334023
1137       0.010061
1137        4.88088
1137        2.87963
1137         6.1191
1137         5.4964
1137        6.07833
1137         3.4712
1137        3.61698
1137        4.25163
1137         5.1763
1137       0.332242
1137        1.84791
1137        5.59187
1137        3.66362
1137        6.18921
1137        3.01825
1137        1.83428
1137        2.92512
1137        1.66502
1137        2.94133
1137        3.55924
1137        4.12708
1137        2.84759
1137      0.0734954
1137        2.48548
1137         5.4359
1137        5.73465
1137        2.56796
1137        5.74903
1137        5.58389
1137        2.67374
1137        2.82455
1137        4.26319
1137        5.28181
1137        2.45595
1137        4.04089
1137        3.71067
1137        5.00613
1137        2.27593
1137         6.1754
1137        4.55182
1137        3.80884
1137       0.533646
1137       0.157821
1137       0.206606
1137        1.47186
1137        5.11975
1137        5.99005
1137        6.02763
1137        2.63175
1137        3.57368
1137       0.352491
1137       0.337235
1137        2.14781
1137        5.17012
1137        1.74969
1137        1.39451
1137      0.0234035
1137        4.85163
1137        4.29617
1137        5.35845
1137        1.49696
1137       0.031832
1137         5.2636
1137        2.99726
1137        5.42476
1137        6.16463
1137        4.78983
1137       0.372946
1137        3.14133
1137        6.27677
1137       0.032858
1137        2.47375
1137        4.65433
1137        1.34762
1137        1.97798
1137        5.69562
1137       0.206211
1137        5.39757
1137       0.205205
1137        1.00004
1137        6.18762
1137        5.38589
1137        1.02639
1137        3.15915
1137        2.99432
1137        3.79929
1137        4.51167
1137         4.8437
1137        3.04296
1137        2.57529
1137       0.156459
1137        6.14478
1137        2.63248
1137         2.2217
1137       0.769059
1137          2.168
1137       0.252216
1137       0.713645
1137         4.6273
1137       0.178739
1137       0.326005
1137        3.40064
1137        5.23813
1137        4.48811
1137        5.66492
1137        2.75586
1137        1.53051
1137        4.77158
1137        6.02127
1137        2.65865
1137        5.48547
1137        2.30619
1137       0.853562
1137        3.58895
1137        6.08828
1137        3.59067
1137        3.71851
1137        2.81926
1137        3.74568
1137        4.00075
1137        2.32565
1137        2.77167
1137        4.91595
1137         5.7488
1137        6.25544
1137        4.35308
1137        2.71283
1137        3.26575
1137        2.50306
1137        3.24944
1137        2.80276
1137          1.911
1137        5.37634
1137         5.8649
1137        4.35365
1137        2.90896
1137        2.89795
1137        3.53187
1137      0.0286191
1137        2.26235
1137       0.823572
1137        1.07817
1137      0.0222489
1137        2.78445
1137        4.81538
1137        1.68432
1137         1.5514
1137       0.717082
1137        2.04878
1137        4.59851
1137        6.22711
1137       0.294343
1137       0.384293
1137        2.75646
1137       0.336637
1137        1.12488
1137        5.71245
1137        1.92194
1137        2.75507
1137       0.935826
1137        2.50976
1137        1.67565
1137        2.83489
1137          4.471
1137        5.27931
1137         3.1349
1137        3.17864
1137        6.24747
1137       0.119972
1137        4.27784
1137         1.6668
1137        4.91411
1137         4.3787
1137        2.41115
1137        5.53376
1137        4.04435
1137        1.53429
1137        1.06752
1137        4.27801
1137         3.0065
1137        3.80569
1137        1.94828
1137        4.23277
1137         5.1961
1137        5.05776
1137        2.55813
1137        3.33205
1137        2.70208
1137        1.78139
1137        0.74161
1137        1.82986
1137       0.528149
1137       0.226224
1137        5.92924
1137        3.03373
1137        6.00486
1137         2.5746
1137        3.66045
1137        6.15837
1137        5.90287
1137        5.86489
1137        3.45873
1137       0.411873
1137        4.06574
1137        5.62165
1137       0.129267
1137        1.75031
1137        5.39394
1137         5.0666
1137        5.82458
1137        2.18246
1137       0.521314
1137        2.52361
1137         3.9438
1137        5.01846
1137        6.28086
1137        1.12089
1137        2.77375
1137        2.37441
1137        5.98879
1137         2.7535
1137        5.83477
1137       0.596354
1137        3.89299
1137        4.89996
1137        2.42789
1137        5.68815
1137       0.554185
1137        2.52659
1137        5.15501
1137        3.00394
1137        3.01789
1137        6.05867
1137        6.07046
1137         2.6291
1137        3.91093
1137       0.795164
1137        5.17154
1137         3.0294
1137        6.27517
1137        3.01427
1137        3.27349
1137        1.98932
1137        3.29434
1137        4.82345
1137        6.10938
1137      0.0267325
1137        2.99609
1137        5.11467
1137       0.483404
1137        2.43199
1137       0.359537
1137        4.96939
1137        6.24877
1137        1.87004
1137        5.61559
1137        5.24516
1137        1.91168
1137        3.19179
1137        1.85023
1137         3.3629
1137        2.39055
1137       0.755515
1137       0.241415
1137        3.00252
1137        3.42363
1137        2.30555
1137         4.2243
1137       0.347574
1137        3.80218
1137        1.91798
1137        3.21027
1137        4.63381
1137        4.67471
1137        2.58154
1137        3.14254
1137        3.32984
1137        1.65992
1137        3.36572
1137        1.75591
1137        2.31478
1137        3.18571
1137       0.773452
1137        0.84397
1137        5.69419
1137       0.487229
1137        3.12246
1137        1.02239
1137        5.70657
1137         5.4952
1137        2.01486
1137        4.93453
1137        3.49987
1137        5.78919
1137        1.67439
1137        3.39757
1137        5.28912
1137        3.47684
1137        4.39041
1137        2.64134
1137        5.47733
1137        2.65528
1137        1.77187
1137        4.22049
1137        1.85645
1137        5.78247
1137        6.06335
1137        5.69122
1137        5.00848
1137        1.97177
1137        5.75499
1137        1.71331
1137       0.904974
1137        2.38626
1137        3.41352
1137        2.63057
1137        2.17557
1137        2.28213
1137        2.00253
1137       0.538272
1137        2.12594
1137        2.96711
1137         6.2345
1137        3.21655
1137        5.85802
1137        2.81624
1137         5.6786
1137        6.27378
1137        3.99485
1137        2.00462
1137        1.61676
1137         5.4139
1137        2.37378
1137        2.77563
1137       0.090149
1137        2.73598
1137        4.54714
1137        2.71273
1137        5.42654
1137        3.08581
1137        1.27169
1137        2.86637
1137        3.81752
1137        6.13861
1137        2.10377
1137        6.03675
1137        4.64035
1137         2.5365
1137        5.20363
1137        5.97858
1137        1.98286
1137       0.907644
1137        6.08967
1137        1.54045
1137        5.67143
1137        5.75244
1137       0.417842
1137        5.06837
1137        5.05041
1137        5.02725
1137        4.90059
1137        2.84444
1137         6.1466
1137        5.88721
1137        3.86322
1137        3.61469
1137        3.54673
1137        2.32778
1137        1.33974
1137        1.07478
1137       0.458822
1137        5.34235
1137        2.51599
1137        6.24948
1137        6.02847
1137        1.35763
1137         1.0885
1137        1.21312
1137        1.63256
1137        5.42561
1137        6.01361
1137        3.24704
1137        6.08699
1137        1.69557
1137        6.11971
1137        2.92926
1137        5.99177
1137       0.501414
1137        5.67805
1137       0.208998
1137       0.658875
1137        5.46851
1137          1.322
1137        4.70536
1137        2.25194
1137       0.324071
1137        4.78722
1137       0.188457
1137         1.4603
1137        1.13994
1137        2.24486
1137        5.41729
1137       0.613458
1137        0.92251
1137        5.49164
1137        5.76841
1137        1.76979
1137        2.78115
1137       0.427076
1137        3.40405
1137        3.43414
1137        1.89018
1137        3.68096
1137        2.38103
1137       0.120239
1137        1.23617
1137        5.68162
1137        3.68183
1137        0.89392
1137        5.85097
1137       0.212113
1137        6.14427
1137       0.450095
1137        3.92595
1137        1.07492
1137        2.90479
1137        5.77683
1137         2.4864
1137        2.41123
1137        2.56268
1137         1.8125
1137        6.01721
1137         2.5268
1137         1.6595
1137       0.478051
1137          5.208
1137       0.725692
1137        2.02275
1137        3.42397
1137        5.84711
1137        5.23615
1137        1.86016
1137        1.89433
1137        6.19393
1137        2.61535
1137         5.6633
1137       0.643509
1137         1.5945
1137       0.105311
1137        2.68065
1137        3.15583
1137        1.50236
1137        2.01127
1137       0.551948
1137       0.767207
1137        3.46778
1137        5.39112
1137       0.701757
1137         2.3567
1137        4.49716
1137        5.09423
1137       0.599078
1137         6.0172
1137        6.13704
1137        5.70235
1137        5.98604
1137        5.36906
