1120        5.65116
1120         3.8195
1120        1.31674
1120       0.686279
1120        0.87252
1120        5.44596
1120        6.19256
1120       0.672439
1120        1.53862
1120        5.91736
1120        6.01864
1120       0.615503
1120        2.52978
1120       0.215981
1120        2.16156
1120       0.962214
1120        3.85935
1120        3.89492
1120        3.44234
1120        3.28649
1120        1.78954
1120        5.60282
1120          4.341
1120        5.16684
1120        3.86161
1120       0.522999
1120        4.32595
1120        4.38701
1120        3.23667
1120       0.134131
1120        4.98511
1120        5.24241
1120        2.34575
1120        5.85139
1120       0.554731
1120        1.94072
1120         6.1947
1120         4.4335
1120         1.9816
1120        2.32248
1120        1.85764
1120        3.19741
1120        4.87445
1120        4.13823
1120        2.57102
1120       0.954027
1120        5.43891
1120        2.34168
1120        3.98127
1120       0.234718
1120        3.46433
1120        3.43305
1120        2.14359
1120        3.84184
1120        4.44268
1120        3.60077
1120       0.819535
1120         2.5227
1120        2.27308
1120        4.99382
1120        3.80763
1120        1.10267
1120         5.3261
1120        3.30797
1120        4.02626
1120        2.94659
1120       0.977504
1120        5.67774
1120        3.28291
1120       0.507056
1120        5.34836
1120        2.03071
1120       0.662097
1120        5.36758
1120        5.01658
1120        6.25227
1120        4.40189
1120        2.37452
1120        3.63503
1120        2.32305
1120        5.66107
1120        3.51816
1120         2.2875
1120        4.26594
1120        3.65773
1120       0.236131
1120        3.52339
1120        5.25367
1120        2.93443
1120        4.64601
1120        3.60156
1120       0.290591
1120         4.9865
1120         4.1575
1120        5.46964
1120        2.58655
1120        5.46609
1120       0.103364
1120        1.53452
1120        3.71035
1120        2.22595
1120        1.39693
1120        2.86867
1120        2.56587
1120        6.27547
1120        3.18952
1120        4.97405
1120        5.21247
1120        5.11306
1120        3.62655
1120        2.80362
1120          2.183
1120        2.36984
1120        2.90131
1120        6.22815
1120        1.40764
1120        3.20294
1120        5.23521
1120       0.270035
1120        1.54729
1120        3.30103
1120        3.59347
1120        5.69667
1120        2.51475
1120        2.47202
1120         2.1772
1120        4.83084
1120        6.16704
1120        5.85156
1120        5.84223
1120        6.11931
1120        3.74501
1120         2.2961
1120       0.501455
1120       0.886814
1120        2.74487
1120        3.13767
1120        2.61302
1120        2.95898
1120       0.234207
1120        2.61671
1120        4.98205
1120        5.89823
1120        3.86339
1120      0.0719753
1120        3.43163
1120        4.49941
1120        5.85668
1120        5.73676
1120      0.0265047
1120        4.23432
1120         5.8773
1120        3.60507
1120        5.78982
1120        2.11854
1120         3.5762
1120        5.92738
1120          2.341
1120        1.60131
1120        5.02961
1120       0.420336
1120        3.83751
1120        3.82451
1120         5.9205
1120        2.21927
1120        5.84983
1120       0.387537
1120        5.82208
1120         5.3834
1120        1.39116
1120        3.66837
1120        5.49285
1120        5.79845
1120        1.64124
1120         3.1148
1120        5.31753
1120        3.81985
1120        4.22784
1120        3.50305
1120       0.079084
1120        3.05938
1120        5.47824
1120       0.552391
1120        5.99282
1120        2.85633
1120        1.30144
1120        3.20536
1120        2.49002
1120        1.27497
1120        3.35953
1120        2.55756
1120        5.49612
1120        4.07989
1120        3.61848
1120        2.00089
1120        1.02355
1120       0.112066
1120        2.02084
1120        2.93232
1120         3.6603
1120        6.07138
1120        2.66663
1120       0.741161
1120        2.78864
1120        1.65915
1120        5.05335
1120         5.9747
1120        5.56811
1120        1.07996
1120        3.72785
1120        5.92366
1120        5.23228
1120        3.05276
1120       0.322255
1120        2.79681
1120        2.88122
1120       0.905668
1120        3.01286
1120        5.94778
1120        3.59559
1120        1.75214
1120        3.75699
1120       0.605993
1120        5.42654
1120        5.74013
1120        2.84869
1120       0.670225
1120        2.86948
1120        4.88375
1120        4.23229
1120      0.0797003
1120         4.5116
1120        2.47623
1120        4.40265
1120        4.23777
1120        3.70968
1120        4.02113
1120        2.91047
1120        1.33058
1120        6.26011
1120      0.0718767
1120        5.57188
1120        4.01633
1120      0.0467049
1120        1.53892
1120        1.42842
1120      0.0823215
1120        6.08968
1120        3.10594
1120        2.73689
1120        5.69002
1120        2.31833
1120        2.02114
1120        3.81396
1120        1.80501
1120        4.53305
1120        5.38047
1120        2.68122
1120        1.59003
1120        5.75047
1120        4.02881
1120        1.59667
1120       0.894225
1120        3.58891
1120        5.08829
1120        3.65795
1120        1.98063
1120       0.387862
1120        6.13306
1120         2.7867
1120        3.93481
1120            1.3
1120          2.566
1120       0.645781
1120        3.25093
1120         3.6323
1120         2.3859
1120        5.50894
1120        3.51498
1120       0.878939
1120        6.09724
1120        4.41849
1120       0.625224
1120       0.951638
1120         3.3277
1120        5.14111
1120        5.80811
1120        3.71791
1120         2.9928
1120        3.15786
1120        2.05704
1120        2.34446
1120        5.30425
1120        6.19615
1120        2.84284
1120        1.06305
1120        5.18414
1120         4.5312
1120        2.71628
1120        5.86793
1120        1.42636
1120        5.88813
1120         3.8203
1120        5.94082
1120        3.30556
1120        4.72287
1120        6.14254
1120       0.087174
1120        4.88623
1120        4.56876
1120        2.91786
1120        3.26833
1120        3.20915
1120        2.68807
1120        5.83245
1120        2.11569
1120        1.35642
1120        6.01937
1120        2.57932
1120         4.1782
1120        3.62635
1120         6.2754
1120       0.237509
1120        2.74464
1120        5.05419
1120        3.39864
1120        5.79215
1120        5.45711
1120       0.229077
1120        4.22607
1120        3.31383
1120        2.54383
1120        5.90582
1120        4.60429
1120        6.24113
1120        2.16853
1120        5.98418
1120        4.61125
1120        4.92664
1120        5.47239
1120        2.60654
1120        3.04031
1120         2.3755
1120        3.13022
1120       0.442563
1120       0.757518
1120       0.287673
1120        3.09166
1120        5.85118
1120        5.14269
1120        3.70231
1120        3.14024
1120        5.48877
1120        2.03331
1120        3.91198
1120       0.081399
1120        2.92149
1120        1.93927
1120        3.27392
1120        5.50244
1120        6.20394
1120       0.643905
1120        5.86089
1120        5.67158
1120        5.93143
1120        1.52746
1120        1.36329
1120         5.5949
1120         3.3823
1120        2.30607
1120        2.10225
1120        1.35468
1120       0.454681
1120        6.00743
1120        1.95344
1120        1.20493
1120        1.25063
1120       0.534868
1120        3.32995
1120        6.19937
1120      0.0428236
1120        2.19546
1120       0.595815
1120        3.10224
1120       0.481082
1120        5.27178
1120        5.14033
1120        6.25159
1120        3.87303
1120        1.83779
1120        4.73072
1120       0.977501
1120        1.98647
1120        0.62939
1120         3.1538
1120        2.80165
1120         5.3299
1120        3.90981
1120         5.9479
1120        4.40546
1120        3.07817
1120        6.05876
1120        3.32039
1120        3.38397
1120        6.15964
1120        3.96792
1120       0.467216
1120        2.67348
1120        5.86544
1120        1.23327
1120        5.52853
1120        5.46667
1120        1.24163
1120        3.35703
1120         2.8689
1120        2.30961
1120        5.29724
1120        1.10393
1120        4.45879
1120        2.95852
1120        3.19801
1120        5.58876
1120        6.14586
1120        2.64847
1120        5.51302
1120        5.98353
1120        1.06134
1120        3.78346
1120        0.43345
1120       0.592551
1120        2.89544
1120        5.31483
1120        5.59243
1120         3.7369
1120        3.88176
1120         2.9944
1120        1.86226
1120       0.399369
1120        2.71215
1120        1.71261
1120        5.56325
1120        5.25081
1120        0.42106
1120        3.49584
1120        1.53505
1120        2.16232
1120       0.580417
1120          3.101
1120        3.93911
1120        2.52742
1120        1.42265
1120        2.33603
1120          3.554
1120       0.479655
1120        2.68459
1120        5.10184
1120        3.07603
1120       0.920504
1120        3.68648
1120        1.21237
1120        3.44094
1120       0.755648
1120        1.15153
1120        2.63216
1120        1.80803
1120        5.39047
1120        6.12682
1120        3.01879
1120           6.15
1120        3.02751
1120       0.705727
1120        3.24496
1120       0.933259
1120         1.8762
1120        2.98805
1120        4.35745
1120        4.34194
1120         5.8238
1120        3.30961
1120        5.66133
1120        3.81843
1120        2.85882
1120        2.32554
1120        3.03792
1120        3.30865
1120        2.42552
1120        5.35017
1120        6.02762
1120        3.59996
1120          4.849
1120        5.76405
1120        3.07728
1120        3.12047
1120        3.08602
1120        4.49736
1120        3.62079
1120        4.29709
1120        2.19426
1120        1.13774
1120       0.464673
1120        2.14604
1120     0.00850985
1120       0.315535
1120        3.64232
1120        4.53805
1120       0.302809
1120        4.99071
1120        3.17531
1120        4.78607
1120        6.13022
1120       0.136674
1120        5.18351
1120        6.08724
1120        3.43663
1120        4.09964
1120        0.20913
1120        4.36732
1120        3.38798
1120      0.0765815
1120       0.624451
1120        5.48579
1120         1.1865
1120        3.39589
1120        2.31082
1120        5.06767
1120        5.97985
1120        2.77239
1120        3.83178
1120       0.697716
1120         1.4165
1120        0.34541
1120        2.50548
1120        1.29871
1120        2.06543
1120        3.41479
1120        5.95837
1120        3.96541
1120        4.79864
1120        6.03193
1120      0.0422876
1120        4.98837
1120        5.66136
1120        5.58841
1120        4.64795
1120         6.0587
1120        2.78265
1120       0.408901
1120        1.03114
1120        2.32844
1120        3.01924
1120        2.36106
1120        6.00332
1120         1.5619
1120        1.21847
1120        2.43777
1120       0.317278
1120          3.834
1120        3.78155
1120        5.50537
1120        3.02364
1120         3.1924
1120        4.56719
1120         5.0471
1120       0.268137
1120       0.884932
1120        2.95449
1120        3.93331
1120        4.21366
1120        0.81126
1120       0.176256
1120        6.19553
1120        5.22083
1120        1.45784
1120        1.46632
1120        1.72201
1120        1.36861
1120       0.327408
1120        3.49826
1120        2.01933
1120      0.0115962
1120        2.32775
1120        3.77858
1120        3.44287
1120        3.77175
1120        5.56407
1120        1.96716
1120       0.658687
1120        2.79506
1120      0.0388438
1120        3.09084
1120        2.65324
1120        2.88706
1120        6.26696
1120        6.28006
1120        4.94865
1120        2.46506
1120        3.15965
1120        3.53433
1120          2.459
1120        3.32608
1120        2.21957
1120        0.31523
1120       0.459207
1120        5.16048
1120        2.34762
1120       0.290969
1120        3.27768
1120        1.65748
1120        2.13345
1120        1.87595
1120       0.886291
1120       0.212894
1120        4.50542
1120        2.15715
1120        3.09285
1120        1.91375
1120         6.1367
1120        3.23615
1120        6.05781
1120         1.0303
1120        1.99346
1120        3.51297
1120        3.45321
1120       0.441993
1120        3.94844
1120        3.28269
1120        3.37142
1120        2.23635
1120        3.03596
1120        2.17071
1120         0.6538
1120       0.722627
1120        4.63607
1120        2.54983
1120       0.943329
1120         2.1991
1120        3.07989
1120         2.6729
1120        6.09035
1120        5.38338
1120        3.95318
1120        3.79919
1120        3.35908
1120        2.81125
1120        5.58657
1120        2.36708
1120        3.13609
1120        5.52107
1120       0.636055
1120       0.842677
1120        2.22143
1120       0.860737
1120       0.552004
1120        0.06745
1120        2.78622
1120        3.91335
1120        3.06662
1120        6.02245
1120        4.32544
1120        5.42356
1120        5.11169
1120      0.0016408
1120        6.05749
1120        1.74661
1120        2.02667
1120        2.79127
1120        4.62258
1120        3.38174
1120        5.37294
1120        5.29535
1120       0.573369
1120        2.20321
1120        3.50738
1120        3.06504
1120        5.54457
1120        5.10194
1120       0.602718
1120       0.654392
1120        1.24527
1120       0.137817
1120        1.01728
1120        3.79316
1120        2.69414
1120         2.8737
1120        3.43258
1120        2.79224
1120        3.09668
1120        0.55083
1120        5.54079
1120        3.20141
1120        3.48546
1120        3.10948
1120        4.12797
1120        2.55477
1120        3.80269
1120        1.75203
1120        3.44507
1120       0.364785
1120          1.588
1120        2.22495
1120        1.37417
1120        0.46271
1120        2.96939
1120        5.85624
1120        6.18129
1120      0.0631911
1120        3.59962
1120        3.45954
1120        2.41544
1120        5.78807
1120        1.06741
1120        3.37113
1120        6.04797
1120       0.366407
1120        5.93462
1120        4.54855
1120        3.06242
1120        5.04687
1120        4.63354
1120        3.04802
1120         5.7907
1120        5.86492
1120        1.53222
1120       0.416531
1120        5.04135
1120        4.49464
1120        3.29951
1120        2.51204
1120        1.85304
1120        2.91439
1120       0.383875
1120        1.53766
1120        4.83987
1120       0.320563
1120        1.37706
1120        4.12216
1120       0.899313
1120         3.6122
1120        4.56823
1120        0.55101
1120        4.24506
1120       0.514982
1120        2.04051
1120        3.48993
1120        5.04543
1120        3.28049
1120       0.193444
1120        2.05183
1120        3.22465
1120        3.59674
1120        6.00765
1120       0.104036
1120        3.64293
1120        5.49946
1120        5.08236
1120          4.974
1120       0.579418
1120        5.81745
1120        0.30973
1120        5.56201
1120        2.38877
1120        5.69914
1120        3.46436
1120        1.84875
1120        3.25561
1120        3.79133
1120        1.16207
1120        1.43271
1120        3.27394
1120        6.16887
1120        3.60742
1120       0.192342
1120        3.61485
1120      0.0813012
1120         3.5186
1120        3.62366
1120        3.56107
1120        5.16173
1120        2.00857
1120        3.51269
1120        2.20605
1120         2.7348
1120        2.02317
1120        3.38874
1120        1.42734
1120        6.20503
1120        4.29831
1120        5.33756
1120        5.74239
1120        2.19594
1120        3.78486
1120        6.02999
1120        3.16476
1120       0.140962
1120        3.53545
1120        3.27574
1120        1.14247
1120        3.89352
1120       0.948634
1120        5.54308
1120        2.48659
1120         2.1535
1120        5.48717
1120        5.72679
1120        2.46577
1120        4.79447
1120        6.00202
1120          5.002
1120       0.151703
1120        5.16715
1120        1.55691
1120         3.2817
1120        3.55092
1120        6.16294
1120        3.24238
1120       0.492809
1120        1.60156
1120        3.05396
1120       0.080801
1120        5.55704
1120        5.82987
1120        6.07816
1120        4.28996
1120        6.02668
1120        1.31584
1120        6.05451
1120        2.01452
1120        5.82024
1120         5.6692
1120       0.798341
1120        1.03054
1120         3.0482
1120        2.86661
1120        3.83684
1120       0.330984
1120        1.07202
1120       0.721752
1120        3.84108
1120       0.748981
1120        3.92598
1120        4.02497
1120       0.467144
1120        1.13259
1120        4.01233
1120        4.01342
1120        3.16273
1120        2.81822
1120        3.18438
1120        3.75679
1120       0.197188
1120        6.16739
1120        3.37083
1120       0.473084
1120        5.22467
1120        1.02014
1120        3.96433
1120       0.818736
1120        2.33476
1120        1.25795
1120         2.2761
1120        5.14361
1120        3.60085
1120        6.23615
1120       0.593422
1120       0.214852
1120       0.795464
1120        4.90603
1120        3.93054
1120        5.77101
1120        2.52826
1120        3.24139
1120       0.201087
1120        4.32131
1120        4.16614
1120        1.16028
1120        1.02299
1120        5.24484
1120        6.28086
1120      0.0325989
1120        2.27233
1120        2.94681
1120        2.15485
1120        6.20542
1120        2.77483
1120        4.61079
1120        2.36762
1120       0.123051
1120        2.33108
1120         2.9543
1120        3.26007
1120        6.12136
1120        4.26837
1120        3.42384
1120        5.05899
1120        3.24199
1120        4.83918
1120        1.24353
1120        5.16243
1120         2.8996
1120       0.468679
1120        3.74802
1120        2.85666
1120        3.24428
1120        2.10802
1120        5.41097
1120       0.168009
1120       0.918984
1120        4.97489
1120        5.80021
1120        2.79182
1120        0.89277
1120        5.00989
1120        3.16461
1120        3.27431
1120        3.20239
1120        3.46043
1120        5.63361
1120       0.878293
1120        2.52196
1120        2.52398
1120        3.79008
1120       0.962638
1120        2.89201
1120        3.12235
1120       0.141219
1120        4.25215
1120        3.12319
1120        1.26171
1120         1.4751
1120       0.978128
1120        3.95016
1120       0.630875
1120       0.385157
1120       0.105161
1120        2.90647
1120        3.84556
1120       0.167377
1120         5.9211
1120        5.99192
1120        4.66928
1120        2.86801
1120        3.49722
1120       0.713095
1120         2.6876
1120      0.0168607
1120        3.81063
1120        1.67728
1120        3.94231
1120        3.40622
1120        1.11813
1120        3.30583
1120       0.227503
1120        3.46149
1120       0.358437
1120       0.541814
1120        3.70848
1120        3.84157
1120        2.12634
1120        2.80421
1120        5.50356
1120        0.17746
1120        2.59804
1120        2.72953
1120        4.16604
1120        5.93443
1120        3.94305
1120        5.04631
1120        5.95497
1120        2.93043
1120        3.92491
1120         2.0493
1120        4.67093
1120        2.23508
1120        5.45405
1120        4.30574
1120         4.0375
1120        3.54193
1120        1.42391
1120        4.95703
1120        5.39935
1120        5.57334
1120        6.23999
1120         3.8546
1120        5.90405
1120          2.454
1120       0.106173
1120        5.89193
1120        1.15386
1120       0.705838
1120        3.71606
1120        3.36711
1120       0.301247
1120        3.60385
1120       0.351361
1120        3.38526
1120        4.26759
1120        5.17283
1120          4.053
1120        2.23708
1120        2.03452
1120        3.72294
1120        2.06661
1120        3.68649
1120       0.278884
1120         5.6004
1120         5.5269
1120        1.27693
1120        5.78307
1120       0.277747
1120        2.34171
1120       0.448094
1120          1.873
1120         2.8001
1120        5.85216
1120        3.76506
1120        5.83688
1120        3.35637
1120        3.51603
1120        1.70346
1120        5.81383
1120       0.877547
1120        5.35434
1120        2.56903
1120        6.26239
1120        4.72503
1120        2.16271
1120        6.22436
1120        0.02973
1120        2.31038
1120        5.27073
1120        5.90749
1120        2.47652
1120        2.94831
1120        3.99666
1120        6.03323
1120         2.0115
1120        5.93245
1120        2.49839
1120        5.60218
1120        3.83042
1120       0.573261
1120        3.73029
1120        3.87688
1120        3.79537
1120         5.0978
1120         3.4168
1120         6.1644
1120       0.742072
1120        6.25196
1120       0.986965
1120        3.14169
1120        1.86105
1120        5.27353
1120        5.98396
1120        1.99491
1120        4.09406
1120        5.95736
1120        2.21427
1120       0.443612
1120       0.829319
1120        6.11701
1120        3.00684
1120        6.27403
1120        3.18596
1120        3.07557
1120        2.04614
1120        3.18682
1120        1.28371
1120        2.86395
1120         3.3796
1120        4.66041
1120        5.66176
1120       0.511295
1120        3.44066
1120        5.85807
1120        6.15692
1120        2.71041
1120        3.09292
1120      0.0694337
1120        3.11396
1120       0.297415
1120       0.549404
1120        1.43024
1120        2.38437
1120         6.0896
1120        1.36904
1120         3.2946
1120        6.26025
1120        5.70223
1120       0.434017
1120       0.379594
1120        2.73514
1120        5.34603
1120        5.16946
1120        2.96864
1120        0.88096
1120        2.55596
1120        3.42126
1120        4.64599
1120      0.0860926
1120       0.119907
1120       0.228057
1120        4.83239
1120        5.11714
1120        5.13747
1120       0.653651
1120       0.926238
1120       0.520257
1120        5.50864
1120        4.07338
1120        5.65132
1120        4.46891
1120        2.09128
1120        4.36688
1120        3.36318
1120       0.281425
1120         1.7465
1120        6.08178
1120      0.0777956
1120        3.79055
1120        3.94728
1120         4.4162
1120        1.74542
1120       0.621768
1120        4.80942
1120         3.3323
1120        4.15457
1120        3.05662
1120        2.06288
1120        2.36886
1120        2.02643
1120         5.0787
1120        3.57782
1120        2.92954
1120        5.00108
1120       0.554786
1120        3.55297
1120        5.26763
1120        5.58176
1120        5.30877
1120        5.91101
1120        3.76931
1120        3.01791
1120        3.95754
1120        1.69354
1120        6.08744
1120        4.52802
1120        1.89325
1120        6.21875
1120        2.78946
1120        5.66597
1120        2.78689
1120        1.02113
1120       0.338832
1120       0.224278
1120        3.99444
1120        4.38545
1120       0.529035
1120        2.69854
1120        2.43368
1120        5.03285
1120        3.97947
1120       0.696836
1120         5.6376
1120        6.18745
1120         6.1041
1120        6.13266
1120        1.21954
1120        1.70285
1120        2.03389
1120        3.61899
1120       0.137013
1120         3.0729
1120        2.80462
1120        1.67107
1120        1.99336
1120       0.594094
1120        4.86609
1120        5.84665
1120        1.29112
1120       0.397259
1120       0.628533
1120        5.53752
1120         2.7314
1120        2.49559
1120         2.6255
1120        3.25924
1120        2.56415
1120        4.49015
1120        4.08118
1120        6.07759
1120        2.61163
1120        4.02899
1120     0.00893637
1120        1.10992
1120        1.06651
1120       0.171411
1120        2.48538
1120        5.62652
1120        3.08718
1120        2.92815
1120        5.51461
1120       0.262872
1120        5.16238
1120        6.18857
1120        2.65684
1120        5.42647
1120        1.24419
1120        5.69796
1120        1.27168
1120        5.12852
1120        2.87018
1120        4.21716
1120       0.846685
1120        1.68412
1120        3.59243
1120        4.59271
1120        3.40081
1120       0.353111
1120        2.63206
1120        2.50695
1120        2.95145
1120        1.27978
1120       0.236971
1120        3.83401
1120       0.975608
1120        2.64683
1120        3.43894
1120        2.76203
1120       0.546038
1120        3.16959
1120        5.55012
1120       0.840667
1120        4.23951
1120        2.31914
1120        5.86638
1120        2.55952
1120        2.30352
1120        5.77878
1120         1.8615
1120        1.03323
1120         3.1511
1120        3.67114
1120        3.61885
1120       0.334795
1120        4.48505
1120         3.1134
1120        2.09268
1120        4.43859
1120       0.132176
1120        2.91927
1120        2.59318
1120        5.91105
1120        4.07864
1120        2.20806
1120        5.86084
1120        3.20829
1120        6.02629
1120       0.365575
1120       0.942489
1120       0.254761
1120        3.08624
1120        1.81785
1120        2.70344
1120        2.47503
1120        5.32576
1120        3.89564
1120        1.44799
1120        2.33751
1120        3.15707
1120        4.68589
1120        1.47531
1120        5.06476
1120        6.06924
1120        1.81533
1120       0.859723
1120       0.488817
1120        1.78382
1120        2.84914
1120         3.1062
1120       0.986608
1120        5.83927
1120        4.59632
1120        3.69627
1120        2.54007
1120        3.23105
1120        1.08323
1120        3.57955
1120        3.59226
1120       0.700102
1120        5.32197
1120        4.73225
1120       0.121979
1120        2.36727
1120        4.30798
1120         2.9623
1120        4.97267
1120        3.54702
1120        2.44506
1120        5.49999
1120       0.443955
1120       0.526907
1120        3.97983
1120        5.44395
1120        1.12978
1120        6.26408
1120        1.04037
1120        3.10016
1120        3.37176
1120        3.12763
1120        3.76531
1120        4.41909
1120        2.13036
1120        5.92771
1120        4.97255
1120        2.21418
1120        5.58734
1120        6.13392
1120        3.04866
1120        2.31188
1120        2.40152
1120        3.29887
1120        1.20378
1120        5.74163
1120        2.72475
1120        3.48976
1120        4.19752
1120        5.33848
1120       0.459017
1120         1.1113
1120        2.88052
1120        2.84985
1120        1.11864
1120       0.538749
1120        3.09927
1120        3.23167
1120        2.66376
1120       0.557742
1120        2.70434
1120       0.213601
1120       0.565133
1120        4.43406
1120        3.82968
1120       0.626932
1120        1.47915
1120         3.7788
1120        5.58972
1120        3.95774
1120        2.62323
1120        3.95498
1120        1.54859
1120        4.28163
1120        4.39852
1120        1.03293
1120       0.967582
1120         3.6763
1120        4.14675
1120        3.46749
1120        4.95775
1120        2.97809
1120        3.29909
1120        4.47321
1120       0.571564
1120        5.62063
1120        4.72362
1120        5.20348
1120         6.0778
1120        2.27129
1120        1.70187
1120        5.55325
1120       0.972771
1120        5.64111
1120        5.82286
1120       0.335931
1120       0.813954
1120        2.23947
1120       0.866629
1120        1.16676
1120       0.507536
1120        4.39764
1120       0.598673
1120        1.22273
1120        5.73517
1120        6.24846
1120         4.1024
1120        2.74943
1120        4.44484
1120        2.94168
1120        5.54961
1120        3.77028
1120        3.52549
1120       0.967351
1120        3.15515
1120        1.97132
1120        4.73592
1120        5.89183
1120        4.62952
1120        2.02609
1120        1.11968
1120       0.213058
1120        5.04172
1120        2.73701
1120    0.000152326
1120        3.43072
1120        6.12854
1120        2.18695
1120         1.5533
1120        3.52139
1120       0.214101
1120        1.03306
1120        5.32244
1120        4.16359
1120        2.39877
1120        4.79813
1120        4.02662
1120        3.89279
1120        3.09002
1120        3.62602
1120        2.89864
1120       0.234282
1120        4.36027
1120        4.22381
1120        6.19091
1120       0.499734
1120        2.63537
1120      0.0151765
1120        3.56835
1120         3.2161
1120       0.180349
1120         3.8393
1120        2.81328
1120        2.30054
1120         2.9189
1120        4.26619
1120        2.50831
1120       0.329407
1120        2.68463
1120        2.02891
1120         3.6051
1120        3.07251
1120       0.560778
1120        3.67313
1120        4.99876
1120        6.18472
1120        2.50049
1120        2.41982
1120       0.353298
1120        3.10978
1120         3.2238
1120        3.44161
1120        2.19264
1120        3.15121
1120        2.58509
1120        4.62157
1120        3.56253
1120       0.944048
1120        2.88926
1120        1.20993
1120        2.82153
1120         5.5551
1120        2.94699
1120        2.00068
1120        0.81715
1120        2.58136
1120        5.20243
1120        4.70196
1120       0.741822
1120         4.6984
1120        4.12817
1120        2.58408
1120        4.29604
1120      0.0272749
1120        4.30655
1120        1.25462
1120        4.18242
1120        4.81206
1120        4.06897
1120        3.98168
1120       0.212215
1120         3.4655
1120        6.22781
1120        4.92849
1120        3.31935
1120        2.77896
1120        6.18761
1120        2.21832
1120        3.64677
1120        4.94658
1120        6.05614
1120       0.265495
1120        1.31951
1120        2.74678
1120        2.67247
1120        2.90265
1120        1.45822
1120       0.484165
1120        6.11424
1120        3.91307
1120        5.85549
1120        1.54043
1120        2.57817
1120        5.82941
1120       0.393583
1120        4.14315
1120        5.26255
1120        6.00327
1120     0.00484271
1120        6.11164
1120       0.268429
1120        5.88006
1120        3.34632
1120        5.71877
1120        3.71749
1120        3.68676
1120        2.75009
1120       0.372451
1120        4.68686
1120        3.33018
1120        5.84427
1120        1.01718
1120        4.24257
1120        1.51923
1120        1.10701
1120        5.04062
1120       0.315339
1120       0.375039
1120        4.36183
1120         4.7936
1120        3.06118
1120         6.1391
1120        5.82191
1120        3.27922
1120        1.54833
1120          3.166
1120       0.378868
1120        1.82311
1120        1.88315
1120        1.75676
1120        2.60782
1120        5.83946
1120        2.93569
1120        3.32697
1120        3.14027
1120        2.47881
1120        2.05682
1120        2.13383
1120        1.54328
1120        4.65815
1120        0.60334
1120        1.08667
1120         5.7434
1120        3.09308
1120        5.64721
1120        3.34795
1120        3.07473
1120        5.29959
1120       0.768774
1120        4.74118
1120       0.931162
1120        2.72866
1120        3.40953
1120        5.96053
1120        3.09034
1120        2.77468
1120        5.44269
1120        1.39941
1120        2.93456
1120       0.305571
1120        2.83519
1120        3.59039
1120       0.105055
1120        4.62415
1120       0.394618
1120        1.18968
1120        4.22307
1120        4.73682
1120        5.92185
1120         6.2436
1120        2.35555
1120        5.89186
1120        5.92845
1120        3.01822
1120       0.268158
1120        2.77014
1120        3.74653
1120        5.78453
1120        2.38186
1120        4.12753
1120        2.02625
1120       0.649532
1120        4.04881
1120        4.73007
1120        5.00551
1120        6.24792
1120        2.20432
1120         2.0059
1120        1.12755
1120         2.9653
1120        5.93906
1120        1.57701
1120       0.304272
1120        2.73444
1120         3.3498
1120        1.47605
1120        1.77578
1120        1.84795
1120       0.610472
1120        3.45768
1120        6.24022
1120        6.14186
1120        1.41606
1120        2.22384
1120        0.99642
1120        4.63785
1120        1.69744
1120        2.75631
1120       0.349457
1120        3.32222
1120        1.59118
1120        3.49275
1120        5.78127
1120        3.75922
1120         2.1453
1120        5.12129
1120        2.00823
1120        3.99402
1120       0.842969
1120        2.53471
1120         3.6549
1120        5.65612
1120        6.25034
1120      0.0433026
1120        3.71041
1120        3.51074
1120       0.410198
1120        2.40405
1120       0.583063
1120        2.88212
1120        2.74109
1120        1.06456
1120        1.05417
1120        6.25512
1120        4.24198
1120        2.48128
1120        5.24289
1120        4.53733
1120       0.230333
1120       0.436357
1120       0.525949
1120        4.80927
1120        4.89329
1120        1.17887
1120        1.02451
1120         2.3081
1120      0.0830371
1120        5.77031
1120       0.337999
1120        3.41672
1120         5.3274
1120       0.240317
1120        3.20357
1120        2.01877
1120        5.87586
1120        2.75472
1120        5.78645
1120         2.3163
1120        3.53632
1120        2.16363
1120        1.38161
1120        5.17195
1120        5.42753
1120        4.39008
1120        3.62931
1120        3.45559
1120        5.39206
1120         5.3373
1120        3.13455
1120        3.93633
1120       0.455752
1120        5.68487
1120        4.06185
1120        2.61707
1120        0.75642
1120        1.22832
1120       0.389834
1120        1.95486
1120        2.16077
1120        5.49151
1120         2.2309
1120       0.110574
1120        3.21697
1120       0.530456
1120         3.4507
1120        2.03843
1120      0.0100787
1120        5.20404
1120        1.35063
1120         2.3324
1120        4.65015
1120        6.06098
1120        1.63178
1120     0.00127044
1120        3.04667
1120        3.71065
1120       0.868194
1120        1.72205
1120        3.46519
1120        1.54383
1120        2.03434
1120       0.411591
1120        3.82869
1120        5.45349
1120        3.41272
1120        3.80944
1120       0.253198
1120        5.08254
1120        4.96436
1120       0.840776
1120       0.733255
1120        6.13789
1120        3.73029
1120        3.18967
1120        5.53413
1120        2.71594
1120        6.01566
1120       0.163018
1120        4.12292
1120        3.32173
1120       0.458495
1120      0.0376418
1120        4.51774
1120         5.0932
1120         2.2951
1120        3.07957
1120        6.28172
1120       0.486439
1120        5.48801
1120        4.91411
1120        5.67104
1120        3.41325
1120        5.44613
1120       0.138617
1120      0.0820801
1120        6.10551
1120       0.725624
1120        2.91387
1120        3.62239
1120        3.63261
1120        5.94715
1120        5.00726
1120        5.97708
1120        5.92457
1120        4.50979
1120        3.10529
1120        5.66274
1120        3.04254
1120        5.66486
1120        2.00659
1120        1.61843
1120        3.27677
1120        3.67072
1120        2.35243
1120        5.70871
1120        2.25933
1120        2.08248
1120        4.33822
1120        5.64152
1120       0.851678
1120        2.71563
1120        2.97467
1120        6.26524
1120        5.78251
1120        2.22046
1120        1.54832
1120        4.41928
1120        3.37974
1120       0.656618
1120        2.00184
1120        2.16807
1120        5.67515
1120       0.767683
1120        4.82075
1120        4.35541
1120         2.8118
1120        2.73047
1120        3.75174
1120        3.13999
1120        0.30329
1120        3.66758
1120        6.15671
1120       0.461161
1120       0.404292
1120        2.57998
1120        2.09083
1120        2.42473
1120       0.477543
1120        2.23171
1120        1.82107
1120        4.20925
1120        4.00828
1120      0.0880925
1120        2.90963
1120        4.42981
1120         1.1084
1120        1.99148
1120       0.495043
1120       0.238683
1120        4.12776
1120        4.11928
1120        3.21671
1120        2.78191
1120        5.95921
1120        3.20243
1120        5.93863
1120        5.86917
1120        3.02003
1120       0.848691
1120        5.90551
1120        5.73184
1120        5.86228
1120       0.658313
1120        5.20375
1120        2.34127
1120        6.23475
1120        3.86892
1120       0.734775
1120        5.46354
1120        5.51315
1120        2.39937
1120        2.88198
1120        3.64605
1120        1.40286
1120         5.5695
1120     0.00971279
1120        2.11738
1120        0.23021
1120        5.13473
1120        1.04364
1120       0.983561
1120        3.49245
1120        1.04247
1120       0.221299
1120         0.5921
1120        3.01682
1120        3.89146
1120        5.27949
1120         1.1256
1120        4.84313
1120        5.53783
1120        1.25308
1120        3.39346
1120        4.44252
1120        5.66423
1120        2.93711
1120        5.99954
1120        2.69685
1120        3.56527
1120        3.66703
1120        5.92439
1120        3.22164
1120        3.32052
1120        1.68416
1120        4.99685
1120        2.59245
1120       0.443681
1120       0.238745
1120        2.87654
1120        6.20959
1120        5.38493
1120        2.22068
1120        5.52435
1120        4.85584
1120        2.23376
1120        3.16814
1120        5.55364
1120        4.89866
1120       0.338841
1120         5.0773
1120         3.9657
1120        2.63055
1120        1.01914
1120        2.80837
1120        5.30895
1120        3.61824
1120         3.3755
1120        2.03273
1120        5.70949
1120        3.18546
1120       0.307625
1120       0.156121
1120     0.00880961
1120        2.37204
1120        5.45368
1120        6.06094
1120        5.68076
1120        5.53406
1120         2.8714
1120         5.3358
1120        2.92574
1120      0.0593024
1120       0.585782
1120        5.53187
1120       0.335738
1120        1.57594
1120        4.36652
1120        3.13023
1120         3.0389
1120        1.88446
1120         2.3948
1120        6.06308
1120        6.10305
1120       0.654581
1120       0.981152
1120       0.441655
1120        4.45484
1120        2.23924
1120        3.59718
1120        5.79637
1120        2.15271
1120        1.91665
1120        4.04594
1120       0.126375
1120        3.92307
1120        5.95376
1120         5.4943
1120         3.8491
1120        2.89617
1120        5.43469
1120        6.14713
1120         5.9659
1120        6.22152
1120        5.09353
1120       0.635628
1120        6.00549
1120        4.07396
1120        2.76882
1120        6.06725
1120        2.22386
1120        1.17206
1120        3.73899
1120       0.434044
1120        2.51812
1120       0.218772
1120        4.29606
1120        2.88294
1120        1.42549
1120        2.62154
1120        4.40467
1120        4.15505
1120        5.30257
1120        5.26625
1120       0.108052
1120        2.28862
1120        3.91051
1120        2.94359
1120        5.50247
1120        5.94647
1120        2.07905
1120        4.26556
1120          0.535
1120        2.94584
1120       0.991527
1120        4.32016
1120        2.09181
1120        3.42683
1120        1.51374
1120         2.3665
1120         3.8376
1120        3.63506
1120        3.65447
1120         5.7995
1120       0.127865
1120        2.34522
1120        2.15594
1120        6.03545
1120        3.79087
1120        3.02358
1120         1.1101
1120        4.02057
1120        5.99558
1120      0.0966967
1120        2.39846
1120        4.48371
1120        5.39749
1120        5.50321
1120        5.83792
1120        5.76515
1120        5.81473
1120        3.11316
1120        2.09121
1120       0.978894
1120        2.74395
1120        5.63477
1120        5.80215
1120        5.49508
1120       0.449183
1120        2.41939
1120       0.921482
1120       0.182268
1120        4.26382
1120        3.49811
1120        4.24437
1120        6.26954
1120        5.43072
1120       0.475027
1120        4.70487
1120        5.51764
1120       0.919605
1120        6.10597
1120        5.51624
1120         6.1305
1120        3.32477
1120       0.401835
1120         1.8726
1120         1.3972
1120        4.55947
1120        5.68914
1120        5.26017
1120        5.38744
1120        1.23381
1120        3.16759
1120        1.56438
1120        5.83398
1120        5.27361
1120        5.74863
1120        4.43466
1120        1.88741
1120        2.94777
1120        4.20648
1120        3.49165
1120        5.95499
1120         2.7966
1120        2.36972
1120        4.36911
1120        4.51733
1120        6.24095
1120        3.47112
1120         4.5985
1120        2.53534
1120        2.77178
1120        4.33058
1120        2.97178
1120        2.52724
1120        2.33748
1120        0.76112
1120         3.5364
1120      0.0656144
1120        2.91114
1120         5.4101
1120        5.19739
1120       0.629109
1120        2.47868
1120         1.3925
1120        5.80768
1120        4.93536
1120        5.65846
1120        6.20353
1120      0.0326362
1120        6.07936
1120       0.377152
1120        5.64123
1120        2.44912
1120        1.70492
1120        6.23347
1120        4.89641
1120         4.1127
1120        2.43306
1120        3.84443
1120        5.78783
1120        6.17373
1120        2.26148
1120        2.25962
1120         5.3676
1120        5.83299
1120       0.120728
1120       0.640764
1120        1.33431
1120        1.22951
1120         1.7544
1120        3.63158
1120        3.54023
1120        3.03602
1120      0.0577209
1120        3.47036
1120        5.16589
1120       0.226442
1120         2.7946
1120        3.55757
1120        1.57692
1120        4.78594
1120        6.22478
1120       0.303251
1120        4.97814
1120        3.91528
1120        1.43611
1120        2.89264
1120        4.42143
1120        2.63085
1120       0.342649
1120       0.421372
1120        4.57751
1120        6.12937
1120       0.899704
1120        3.10376
1120        3.73255
1120        2.98602
1120        2.18211
1120        2.29447
1120         5.5977
1120       0.871015
1120        5.65997
1120        2.59803
1120        4.27881
1120        5.75939
1120        2.76749
1120        1.07028
1120         3.2667
1120         1.4128
1120        3.01372
1120          2.257
1120        5.94762
1120        4.70452
1120        5.58847
1120        6.23597
1120        2.56668
1120       0.998906
1120        6.27359
1120        3.93617
1120        3.03603
1120        0.93828
1120         2.6634
1120       0.326185
1120       0.189389
1120        1.98213
1120        6.23308
1120         2.1025
1120        5.64573
1120        3.17808
1120        3.25717
1120        2.63421
1120         2.5141
1120        2.50091
1120        3.56871
1120       0.488404
1120        1.40177
1120        2.91237
1120        3.64292
