1419         4.9921
1419        2.14629
1419        5.50175
1419        4.92987
1419        3.17398
1419        1.95655
1419        5.51247
1419        2.97248
1419        5.57069
1419         1.6939
1419       0.526132
1419        6.20075
1419         5.6376
1419        2.76936
1419        2.05357
1419        3.55045
1419        3.05439
1419        3.09733
1419        6.08154
1419        1.62029
1419        5.05131
1419        5.28151
1419        2.38148
1419        1.70246
1419          5.951
1419        2.82513
1419      0.0195051
1419        3.06414
1419        2.62102
1419        6.24254
1419        5.26126
1419        2.43787
1419        2.38942
1419        5.57556
1419        5.43172
1419        1.23902
1419        5.19119
1419       0.126661
1419        2.56564
1419        2.91013
1419        5.85112
1419        4.45635
1419        2.47703
1419        1.33096
1419        4.74338
1419        1.39427
1419          2.303
1419         3.1733
1419        5.59776
1419        3.02114
1419        1.21603
1419           1.09
1419         5.9424
1419        2.84283
1419        4.85701
1419        2.11419
1419        5.34522
1419         4.8711
1419        5.29278
1419        2.23082
1419        3.58113
1419        2.29467
1419        3.28461
1419        4.18699
1419        5.28056
1419        5.84862
1419       0.811964
1419        3.64573
1419        5.76648
1419        5.46714
1419        5.62304
1419       0.293783
1419       0.312614
1419        2.02966
1419       0.105306
1419        6.01242
1419         6.2378
1419        4.02183
1419        4.66719
1419        5.55906
1419      0.0467039
1419        5.18534
1419        4.01806
1419        3.31758
1419        1.58708
1419        3.23784
1419        3.91516
1419        5.77131
1419        6.12178
1419        1.30611
1419        4.59565
1419        2.07969
1419        5.61625
1419        5.41681
1419        2.24224
1419        3.47029
1419       0.486028
1419      0.0505142
1419        1.30758
1419        6.17652
1419        5.98949
1419        4.46818
1419        2.94198
1419        2.28159
1419        2.45563
1419        5.30766
1419        2.20368
1419       0.866538
1419        5.25019
1419        2.15639
1419       0.383211
1419        1.00525
1419       0.380759
1419        5.35959
1419        1.91951
1419        3.81498
1419        5.99391
1419        2.90881
1419        5.73642
1419       0.615402
1419         6.0988
1419        3.10501
1419        3.85127
1419         4.7321
1419        1.34356
1419         2.6965
1419         2.1101
1419        3.73267
1419        4.60944
1419        3.92065
1419        2.69807
1419        1.80036
1419        6.25306
1419       0.438395
1419        5.94077
1419          2.332
1419        2.96293
1419        2.13503
1419        3.83368
1419        2.30247
1419        2.73987
1419        5.13936
1419        4.60283
1419         0.2466
1419          4.582
1419        3.26272
1419        0.76131
1419        6.12218
1419        3.57446
1419        2.58842
1419        3.50045
1419        5.95616
1419        1.74744
1419        6.28082
1419       0.247623
1419        3.92838
1419        2.23005
1419        3.20524
1419        2.32932
1419        4.91725
1419        4.88853
1419        4.15273
1419        2.33232
1419        3.13121
1419        4.94394
1419        5.66936
1419        4.82046
1419        2.65247
1419        1.86889
1419        2.18019
1419        1.84619
1419           1.27
1419       0.894934
1419        6.17138
1419        2.99356
1419        3.63666
1419        5.36119
1419        1.55985
1419        2.54386
1419        5.31764
1419        5.27464
1419        1.41123
1419        2.40278
1419        3.19023
1419         1.7035
1419        2.24821
1419         1.3358
1419        1.84623
1419        1.70219
1419          6.094
1419         1.7132
1419        4.51685
1419        4.61803
1419        2.55673
1419        3.96061
1419       0.987196
1419        2.57126
1419         1.5308
1419        3.32066
1419       0.753836
1419        3.14918
1419       0.559631
1419        4.37428
1419        3.92913
1419        4.09515
1419        2.86958
1419        3.79818
1419        3.62239
1419        3.54799
1419        4.76773
1419        5.48032
1419        5.31225
1419        4.76991
1419        2.70932
1419        3.62221
1419       0.475666
1419        2.61654
1419        2.19735
1419        4.12051
1419        1.04556
1419        2.90802
1419       0.672651
1419        2.87155
1419        4.63548
1419        1.54995
1419        1.83714
1419        5.90508
1419        5.99715
1419        3.81162
1419        1.57395
1419        5.03378
1419        3.01172
1419         2.7736
1419        6.17168
1419        0.47653
1419        4.28537
1419        4.97874
1419         2.8108
1419        5.48299
1419       0.508971
1419        3.45347
1419        6.08315
1419        1.89864
1419        3.65114
1419         6.0047
1419        2.52681
1419        3.32449
1419        5.98403
1419        4.88249
1419        2.98804
1419        3.98969
1419        2.26763
1419        5.89101
1419        5.59589
1419        5.29567
1419        5.88097
1419        2.00688
1419        4.34512
1419         5.5178
1419        1.38817
1419        2.82194
1419         2.9478
1419         5.5835
1419        2.86126
1419        4.21629
1419        1.53388
1419        6.10067
1419        6.07734
1419        2.95792
1419        1.56685
1419        2.22936
1419       0.456781
1419        2.04502
1419        5.87639
1419        5.01999
1419        2.61856
1419       0.653781
1419        4.62846
1419        2.91346
1419        5.65953
1419       0.300073
1419        5.56039
1419       0.174774
1419        5.64052
1419        1.90613
1419        2.16865
1419        1.52986
1419        2.29467
1419     0.00441962
1419        4.48902
1419        1.45485
1419        5.03639
1419         5.3057
1419        5.15533
1419        3.97226
1419        3.32437
1419        1.71077
1419        3.72411
1419        5.60096
1419        5.41792
1419        2.26882
1419        1.63188
1419        2.59266
1419        2.74502
1419        4.60523
1419        4.03007
1419        3.17721
1419        3.89487
1419        5.09681
1419        5.03396
1419        2.98408
1419        5.84768
1419        1.13427
1419          4.973
1419        4.05479
1419        2.25536
1419        6.16438
1419       0.304317
1419        5.13169
1419        5.11594
1419         5.8183
1419        2.32353
1419        5.63014
1419       0.554575
1419        1.96212
1419        2.65781
1419      0.0531572
1419        2.45865
1419        2.47764
1419        0.24683
1419        1.32938
1419       0.101811
1419         1.4366
1419          2.747
1419        2.94037
1419        2.60774
1419        1.75335
1419        5.42351
1419        4.51971
1419        2.84172
1419        5.99762
1419       0.165254
1419        4.82406
1419        1.08389
1419        4.47723
1419        3.69138
1419        1.26974
1419       0.912257
1419        2.98738
1419      0.0495517
1419        5.73071
1419        2.92133
1419        3.68968
1419        3.22805
1419        3.01937
1419        4.71899
1419       0.201578
1419        1.55818
1419        5.94577
1419        2.31547
1419        2.71075
1419        3.11094
1419       0.178521
1419        2.98511
1419        2.48907
1419        5.42333
1419        1.37373
1419        2.56751
1419        3.13404
1419          2.539
1419        3.03147
1419        3.96121
1419        4.76106
1419        1.76004
1419        1.85284
1419        0.87383
1419        6.28249
1419         5.5484
1419        2.40448
1419        3.20559
1419        4.67772
1419        5.64619
1419        4.57607
1419        4.62469
1419        5.35432
1419        1.50682
1419        3.08898
1419       0.112171
1419       0.854923
1419        0.62466
1419        5.81505
1419        3.04655
1419        3.56693
1419        2.69526
1419        1.43518
1419         3.2182
1419        5.17089
1419        1.38031
1419        2.00643
1419        5.44034
1419        2.20586
1419        2.10932
1419        5.79075
1419        2.56976
1419        4.85557
1419        0.28217
1419        2.18145
1419       0.838683
1419        3.59573
1419         5.8395
1419        3.94823
1419        1.65299
1419        1.39255
1419     0.00690771
1419       0.188011
1419        2.12477
1419        2.27601
1419         5.7264
1419        5.40044
1419       0.146922
1419        2.81721
1419        3.75796
1419        2.77117
1419        6.06039
1419        3.11399
1419       0.611725
1419        1.51585
1419        2.14215
1419       0.481506
1419        5.84771
1419         1.9699
1419        2.13473
1419        1.11729
1419        2.00573
1419         5.7869
1419         5.7513
1419        4.11508
1419         5.9128
1419        1.94302
1419        4.94634
1419        6.19346
1419        2.11087
1419        2.84516
1419        2.52435
1419        2.81876
1419       0.923357
1419       0.939925
1419        2.67908
1419         5.4771
1419        2.64236
1419        5.85384
1419       0.185608
1419        3.97377
1419        1.75513
1419       0.367324
1419        6.17226
1419        4.45706
1419        4.74068
1419       0.781783
1419        2.61945
1419        1.21395
1419        0.60581
1419        4.85909
1419        1.91111
1419        3.75196
1419        4.57575
1419        3.05619
1419        4.90476
1419        6.02452
1419        3.17162
1419        1.97987
1419        3.37722
1419        3.84386
1419         2.4396
1419        2.86226
1419        5.27508
1419        1.36184
1419        2.03703
1419        2.99427
1419       0.140989
1419        2.26095
1419        4.80246
1419        2.17949
1419        1.54153
1419        2.45775
1419        3.86193
1419        1.16105
1419        2.41181
1419        1.35719
1419        2.11237
1419        3.66139
1419        1.52986
1419        2.37811
1419        6.13253
1419         2.2136
1419        5.96383
1419         2.1155
1419        5.30791
1419        5.00404
1419         2.4807
1419        6.05544
1419        6.10649
1419        2.10267
1419        5.86872
1419       0.894572
1419        3.11414
1419        2.02819
1419       0.285527
1419        1.48083
1419        1.71559
1419        1.98109
1419       0.881432
1419        3.90421
1419        3.42528
1419        4.71095
1419        3.12508
1419         2.6425
1419        5.72795
1419        5.94524
1419        2.41836
1419        5.28858
1419        4.76954
1419        2.66034
1419        5.39483
1419        3.22267
1419        1.22233
1419        3.15967
1419       0.151214
1419        5.90184
1419        2.02823
1419        3.89799
1419        2.84274
1419        6.07031
1419        5.91101
1419        3.96359
1419        2.13997
1419        1.95337
1419      0.0759029
1419         5.9548
1419        2.42925
1419        2.20428
1419        5.57669
1419        3.48559
1419        2.73089
1419       0.869676
1419        3.33218
1419        2.09762
1419        2.60598
1419        3.30012
1419        2.84639
1419        6.24636
1419       0.573119
1419       0.459198
1419        1.85212
1419      0.0935699
1419        5.70185
1419        2.83207
1419       0.660325
1419        5.42094
1419        3.24692
1419        5.95626
1419        2.09958
1419        6.21325
1419        1.78821
1419       0.683811
1419        5.27601
1419        5.15452
1419        6.16588
1419        2.74134
1419         4.4378
1419        3.22386
1419        1.15481
1419        4.85504
1419        3.82827
1419        2.11256
1419         1.4424
1419        5.25263
1419          1.897
1419        3.01099
1419        2.15566
1419        3.05849
1419        1.60162
1419        3.56656
1419        5.84472
1419         3.2056
1419        1.44694
1419        3.18706
1419        3.06369
1419        2.42973
1419        5.99467
1419        5.91226
1419        4.84821
1419        3.50928
1419        6.14711
1419        5.19534
1419        4.77219
1419        1.74044
1419         5.4279
1419       0.196722
1419        2.07072
1419        2.84837
1419        4.65383
1419        2.16535
1419        1.27917
1419        1.66505
1419      0.0907467
1419        3.11716
1419       0.133536
1419        4.56275
1419        1.04387
1419       0.885845
1419         1.6471
1419        5.75875
1419        1.81993
1419        6.24823
1419        2.24965
1419        3.71391
1419      0.0530579
1419        1.24592
1419        2.84817
1419        2.89889
1419        3.34447
1419        2.20987
1419        2.43798
1419        4.74164
1419        5.09396
1419       0.314355
1419       0.177021
1419        6.08779
1419        5.36845
1419        3.16587
1419        2.94849
1419         3.4505
1419        1.99307
1419        2.31569
1419        6.13944
1419        5.99915
1419        2.89122
1419        5.27558
1419        1.73941
1419        1.46604
1419       0.626092
1419        4.42418
1419        6.16355
1419        2.15657
1419        5.80462
1419        5.04571
1419       0.187822
1419         5.4861
1419        5.43151
1419        1.34548
1419       0.585275
1419        2.74443
1419        4.70098
1419        3.29179
1419        3.22201
1419        5.41254
1419        1.51723
1419        3.22273
1419        6.08904
1419        1.76679
1419        1.91254
1419        1.00258
1419         5.1051
1419        2.37796
1419        2.66548
1419        1.88618
1419        6.25529
1419        2.48307
1419       0.568256
1419       0.479142
1419       0.204637
1419        3.66252
1419        5.98803
1419        5.86247
1419        5.28188
1419        2.78743
1419         2.9432
1419        2.06031
1419        5.78223
1419         4.9371
1419        4.22092
1419        2.67102
1419        5.19272
1419        3.81894
1419        1.56475
1419        5.15674
1419        2.98276
1419        4.16544
1419        5.62552
1419      0.0136761
1419       0.252296
1419        2.87849
1419        1.81324
1419        4.97869
1419        3.24878
1419        1.63848
1419        2.20065
1419        1.58569
1419         1.6529
1419        5.25469
1419        4.96209
1419         6.1957
1419        3.03534
1419       0.791307
1419        3.41169
1419        5.51374
1419         1.8556
1419        2.80077
1419        2.99482
1419        5.40801
1419        1.73995
1419        5.10454
1419        3.39904
1419       0.147599
1419        2.38689
1419         1.8863
1419       0.533724
1419        1.99418
1419         1.6316
1419        5.64793
1419        3.84627
1419        4.55674
1419        5.57977
1419       0.841754
1419        6.21834
1419        4.02476
1419        3.33701
1419        1.26987
1419        2.12539
1419        1.89689
1419        4.61429
1419        1.84441
1419        6.20508
1419        2.37989
1419        1.76707
1419        2.80288
1419        1.37459
1419        3.69446
1419        2.92824
1419       0.997826
1419         5.4282
1419        3.51186
1419        2.33651
1419        5.78562
1419        5.66213
1419         3.0531
1419        4.42079
1419         6.0586
1419        5.37809
1419        5.34836
1419        1.48376
1419        2.42781
1419        5.08803
1419          4.253
1419        1.35351
1419        5.99733
1419        1.64149
1419        2.14915
1419        2.52347
1419        6.15118
1419        2.30817
1419        4.41031
1419        2.01974
1419        6.19496
1419        2.94175
1419       0.435591
1419         2.7156
1419        1.84342
1419          2.609
1419        4.77061
1419        4.10212
1419        5.35203
1419        2.70457
1419        2.31813
1419        6.25395
1419       0.801009
1419        5.43658
1419        2.18618
1419        4.85107
1419        3.52358
1419        5.36201
1419        2.68775
1419        2.30445
1419        3.44331
1419        2.53191
1419         4.7773
1419         6.1299
1419        5.82015
1419        5.72181
1419        4.82123
1419        5.62977
1419         2.7946
1419        2.71091
1419        3.04729
1419        2.99659
1419         4.0452
1419        4.81212
1419        1.74464
1419        1.58153
1419        5.61598
1419        3.82535
1419        5.33346
1419        1.02577
1419        6.09373
1419        2.76108
1419        4.02103
1419        1.65497
1419       0.181161
1419        6.27875
1419        1.86438
1419        5.65122
1419        5.63332
1419        2.65396
1419        3.32648
1419        4.32407
1419        4.85131
1419        5.00955
1419        1.57493
1419        5.60543
1419        6.00436
1419        5.49321
1419       0.383545
1419        5.11026
1419        5.14828
1419        5.57942
1419        1.41253
1419        6.18537
1419        4.01533
1419        2.77668
1419        2.91261
1419        2.73398
1419       0.322677
1419        3.17252
1419       0.733434
1419       0.115968
1419        1.11997
1419        5.76535
1419        3.74312
1419        2.90872
1419        1.23963
1419      0.0770109
1419       0.185259
1419        1.10637
1419        2.62209
1419      0.0108497
1419        4.68972
1419        5.38455
1419        5.91723
1419        2.38801
1419        6.20173
1419        0.39503
1419        2.64545
1419        4.30632
1419        3.19748
1419        2.59997
1419      0.0149823
1419        2.97223
1419        3.59331
1419        2.58957
1419        6.27089
1419        3.04657
1419        5.09639
1419        6.25048
1419        3.42348
1419         4.4257
1419         3.6266
1419        1.89098
1419       0.810423
1419        2.59893
1419        3.02115
1419        3.28121
1419        2.69996
1419        2.95764
1419        6.21085
1419        2.87544
1419         2.4071
1419       0.731091
1419        1.81687
1419       0.860625
1419        2.14951
1419        3.52354
1419        5.84179
1419        1.95225
1419        2.74137
1419        2.25655
1419        4.16331
1419      0.0984042
1419        5.88567
1419        4.53907
1419        4.33955
1419        2.33523
1419        5.34618
1419        2.04869
1419        2.14947
1419        3.33042
1419        1.03785
1419        4.95685
1419        2.18526
1419       0.669548
1419        3.30685
1419      0.0354418
1419        2.88362
1419        3.07599
1419        5.74748
1419        4.70526
1419        2.61557
1419        4.25604
1419        1.90881
1419        3.69963
1419        2.94143
1419        2.50649
1419        3.26526
1419        3.03953
1419        2.42965
1419       0.716758
1419        3.80325
1419        5.23181
1419        2.18785
1419       0.290642
1419        2.68339
1419        5.61146
1419        6.10838
1419        5.10542
1419        5.03776
1419        4.86395
1419        3.43892
1419       0.985985
1419        4.73388
1419        3.09239
1419        4.65081
1419        3.04749
1419       0.349045
1419        4.69776
1419         5.4659
1419         2.7683
1419       0.314412
1419      0.0921519
1419        1.59001
1419       0.228776
1419        6.07987
1419        2.99573
1419        5.23711
1419         1.9676
1419        2.38232
1419        4.68504
1419        2.72599
1419       0.402659
1419        5.37048
1419       0.457081
1419       0.666506
1419        5.77695
1419        4.83135
1419        4.67439
1419         5.7429
1419        2.05512
1419         5.4054
1419        2.72599
1419        6.09283
1419        4.45563
1419        3.03299
1419        4.37124
1419        3.03141
1419        6.26619
1419        6.05706
1419       0.422557
1419        6.12089
1419        5.71704
1419        6.06407
1419        4.88235
1419        3.28838
1419        5.08243
1419        2.25744
1419        5.61677
1419         6.2404
1419        4.64687
1419         4.9533
1419         1.7334
1419        2.16263
1419       0.718628
1419        5.73755
1419       0.507182
1419        0.70567
1419       0.825492
1419        4.54279
1419         3.9494
1419          1.961
1419        3.11195
1419        2.20101
1419      0.0977889
1419        5.34139
1419        3.44123
1419        2.75014
1419       0.390308
1419         3.1407
1419        2.48442
1419      0.0213179
1419        2.02282
1419         2.0381
1419        1.69114
1419         5.7725
1419        4.41036
1419        5.95346
1419        1.52582
1419         6.2672
1419        6.13244
1419        5.43428
1419        5.16589
1419        4.91823
1419        3.03374
1419        2.17809
1419        4.43557
1419        3.91682
1419        1.08811
1419        5.10125
1419        1.60293
1419        2.90936
1419         6.0229
1419        4.07472
1419        5.85835
1419       0.289738
1419        3.02342
1419        3.30439
1419       0.115522
1419        3.37877
1419        2.99096
1419        2.75606
1419        5.30663
1419        4.53124
1419         5.9671
1419        5.26364
1419        1.51539
1419        5.22836
1419        4.76224
1419        5.75217
1419        2.90416
1419        6.27614
1419        2.62982
1419        5.97364
1419        3.84565
1419        5.82269
1419        5.95862
1419        4.89623
1419        4.97462
1419        3.60065
1419        1.45864
1419        2.45363
1419        3.60098
1419        3.19453
1419        5.38057
1419        1.44213
1419        5.04358
1419        5.36944
1419        2.58436
1419        1.90781
1419        5.34011
1419        3.02489
1419        6.02403
1419        5.87917
1419        5.76457
1419        5.80548
1419        4.10834
1419        1.18472
1419        1.75004
1419        3.38054
1419         5.3536
1419        3.11841
1419         1.8704
1419       0.489648
1419        3.07406
1419        3.40428
1419        2.29124
1419        2.70214
1419         5.8334
1419        5.86045
1419       0.122591
1419        3.05705
1419        5.80119
1419        5.41307
1419        2.59508
1419        4.03965
1419      0.0594339
1419        6.13288
1419        5.52571
1419        4.92491
1419        4.97316
1419          6.178
1419       0.905221
1419        4.94313
1419        2.91394
1419        2.88842
1419        1.57346
1419        1.38073
1419        3.73164
1419        5.94079
1419        5.33939
1419        1.82841
1419         1.9024
1419        2.34323
1419        4.60029
1419       0.353704
1419       0.305646
1419       0.432753
1419        5.86417
1419        2.17962
1419      0.0251506
1419        3.27176
1419         6.1522
1419        4.68056
1419       0.328478
1419      0.0802853
1419        4.79479
1419       0.409608
1419       0.614333
1419        4.71297
1419      0.0670585
1419        2.73527
1419        2.93975
1419        5.76315
1419         2.3101
1419        1.07173
1419       0.606765
1419        5.63245
1419        3.07168
1419        4.07107
1419        5.21211
1419        4.93537
1419        1.45928
1419        4.17077
1419        5.26298
1419        3.80826
1419        3.27454
1419         2.2869
1419        5.50099
1419        5.33293
1419        4.23441
1419        2.84492
1419        2.73226
1419        5.90219
1419        4.98286
1419        6.27333
1419       0.120169
1419         3.3168
1419        6.27727
1419        2.35517
1419       0.339843
1419       0.399644
1419        1.98023
1419       0.624828
1419        5.47667
1419        1.26601
1419        1.42181
1419        5.48887
1419        1.95379
1419        1.70505
1419        3.21202
1419        2.22906
1419        4.36668
1419       0.480392
1419        3.84929
1419        3.48318
1419       0.371781
1419        1.37217
1419        5.56085
1419        4.40129
1419        4.46727
1419        1.65884
1419        1.72914
1419        5.58715
1419        3.22797
1419        5.08702
1419        3.26145
1419        2.85104
1419        5.79883
1419        6.03078
1419        4.33607
1419        1.71023
1419        4.72802
1419        5.19279
1419        3.33357
1419        2.60387
1419        2.25041
1419        2.69606
1419     0.00559416
1419        4.95565
1419        5.23537
1419        1.89041
1419        2.27591
1419        2.70708
1419        2.55164
1419        3.62144
1419        5.25311
1419        0.67944
1419        1.80599
1419        1.99023
1419        4.79771
1419        5.73243
1419        1.93765
1419        5.54779
1419        3.74716
1419         3.6927
1419         5.4952
1419        3.42657
1419       0.632379
1419        2.60289
1419        1.36029
1419        4.99366
1419       0.938201
1419        4.97795
1419        1.90956
1419        3.29874
1419        3.23632
1419        5.58908
1419        5.46842
1419        1.21728
1419        2.62033
1419        0.17272
1419        3.09703
1419        6.27281
1419       0.751356
1419       0.339023
1419        5.78058
1419        2.91703
1419        1.92688
1419        0.53194
1419        2.98728
1419        4.72608
1419        5.17919
1419        6.19037
1419        4.30583
1419        3.90037
1419        5.89553
1419         2.6548
1419        1.81739
1419       0.173317
1419        5.32175
1419        2.16791
1419        3.04455
1419        2.63589
1419        2.62468
1419         6.1285
1419        1.75056
1419        5.74119
1419        5.89424
1419        4.83114
1419         2.2964
1419        6.23017
1419        2.53768
1419        5.98202
1419        2.06922
1419       0.199794
1419        6.07796
1419         3.5207
1419       0.763246
1419       0.173882
1419        3.84848
1419        5.71153
1419        6.16298
1419        1.28338
1419       0.442371
1419        1.85928
1419        5.62252
1419         6.0804
1419        2.22599
1419        2.52428
1419        2.36557
1419        2.53242
1419        2.06822
1419        2.83806
1419        6.21425
1419       0.380151
1419        5.36654
1419        4.44415
1419        2.03875
1419        5.91884
1419        4.63649
1419        2.05293
1419         5.8129
1419        4.75362
1419       0.546962
1419        1.38919
1419        6.19228
1419        4.78875
1419        5.93194
1419        3.08199
1419        5.15522
1419        3.79899
1419      0.0636019
1419        1.22536
1419        4.87544
1419        5.92362
1419         4.9549
1419        5.34977
1419        4.21315
1419        2.27769
1419        5.24364
1419        6.01728
1419       0.556358
1419        5.43069
1419        5.28558
1419      0.0107018
1419        5.61979
1419       0.739084
1419        2.95705
1419        5.51741
1419      0.0598136
1419        4.01327
1419        2.67333
1419        4.74514
1419        5.96607
1419        1.23945
1419        4.93833
1419         6.0758
1419        2.33007
1419       0.667872
1419        2.37194
1419        1.95422
1419        0.73251
1419        2.96759
1419        3.37754
1419        2.02543
1419         4.6185
1419        1.71186
1419        2.80632
1419        2.23185
1419         3.0773
1419       0.470367
1419         5.4658
1419        1.95935
1419        5.26542
1419        2.02978
1419        4.13887
1419        2.76733
1419       0.219923
1419      0.0494023
1419        3.86681
1419        2.68103
1419        2.52511
1419        4.72439
1419        2.43003
1419       0.166159
1419        4.54074
1419        4.78885
1419        2.80925
1419         4.1237
1419        3.84174
1419        5.38095
1419        5.49074
1419       0.634844
1419        3.91201
1419        5.87513
1419        0.14931
1419        2.81655
1419        3.22028
1419        5.49195
1419        3.33216
1419        1.99482
1419        2.67773
1419        2.27503
1419        6.08276
1419        2.07193
1419        3.12861
1419        1.48454
1419        2.23518
1419        2.30301
1419        3.85568
1419        2.30177
1419        1.44921
1419        3.04604
1419        5.08399
1419       0.192386
1419        3.85995
1419        1.11505
1419       0.951636
1419        5.54566
1419        4.56839
1419        5.85471
1419        5.44854
1419        3.78499
1419        5.59682
1419        5.80568
1419        2.21583
1419        0.69075
1419        3.40621
1419        5.58266
1419        2.87426
1419        3.49047
1419        6.20552
1419        3.77708
1419        4.34958
1419        3.16818
1419        5.26927
1419        4.54807
1419        1.28127
1419        2.64454
1419        2.20415
1419        2.38744
1419        3.17712
1419        5.97508
1419        2.34799
1419        2.19206
1419        4.42766
1419        4.99094
1419       0.455867
1419        3.16646
1419        2.51216
1419        2.45878
1419        3.49977
1419        5.41847
1419        5.13528
1419        3.15819
1419        2.34814
1419        3.74059
1419        5.36691
1419        3.01377
1419        2.28965
1419       0.644853
1419       0.028944
1419        6.17981
1419        6.20398
1419        5.75784
1419        5.85185
1419       0.974596
1419        5.97419
1419        3.89996
1419        1.22247
1419        4.14045
1419        5.43889
1419        5.96571
1419        3.58046
1419       0.246971
1419        5.51053
1419        5.89401
1419        5.06419
1419        4.93561
1419        4.46718
1419        2.66136
1419         1.8919
1419        5.83954
1419        3.96368
1419        2.63123
1419        2.31004
1419        2.51434
1419        4.40419
1419         0.8924
1419        4.99757
1419        1.02865
1419        5.26756
1419       0.056088
1419        3.96559
1419        5.82483
1419        4.60711
1419        4.02424
1419         3.8161
1419         3.2137
1419        2.56193
1419        3.51278
1419        5.98811
1419       0.267379
1419        5.40005
1419       0.219902
1419        4.63081
1419        2.79894
1419        5.86272
1419        4.05691
1419       0.517386
1419       0.313999
1419        5.62964
1419        5.82174
1419       0.772846
1419        1.81201
1419        1.29225
1419        5.36086
1419        2.22312
1419        4.55982
1419        5.54024
1419        3.05883
1419        3.73564
1419        4.71845
1419        2.91141
1419        5.93339
1419        2.37499
1419        4.98791
1419        6.06513
1419        4.51289
1419        2.93931
1419        3.18299
1419        5.80617
1419        2.67738
1419        5.96548
1419        2.55524
1419        3.00415
1419        1.22008
1419        1.76584
1419        2.47909
1419        5.04501
1419        2.97222
1419        1.56377
1419        2.25574
1419         5.0414
1419        1.27147
1419       0.373702
1419        1.69673
1419        3.42922
1419        3.18632
1419        1.11502
1419        5.49974
1419       0.659075
1419        2.40049
1419         1.3424
1419         1.9114
1419        1.31755
1419        3.67615
1419        5.25814
1419        3.32812
1419        3.10381
1419        1.30856
1419         1.7728
1419        5.07354
1419         5.6345
1419        6.04192
1419        3.11522
1419        5.34734
1419        3.16309
1419        3.04174
1419        5.39176
1419        3.30624
1419       0.505688
1419        3.17794
1419        1.79552
1419        4.72313
1419         4.8581
1419         4.2736
1419        1.89053
1419        3.44887
1419        1.04518
1419        6.04387
1419        2.65143
1419        3.71825
1419        2.45886
1419        2.21548
1419        3.62146
1419        4.45994
1419        4.51283
1419        5.56707
1419        5.07843
1419        6.22694
1419        2.03041
1419        4.30044
1419       0.910441
1419        4.42678
1419        4.31732
1419        2.46328
1419        2.12774
1419        2.68697
1419        4.24723
1419        4.68087
1419        1.48301
1419        5.82519
1419        1.68604
1419         3.4767
1419        5.25745
1419        1.62078
1419        1.42309
1419        1.71635
1419        6.13105
1419        3.69509
1419        2.29013
1419        2.28333
1419         5.5335
1419        3.25586
1419        3.88795
1419        5.46955
1419         1.6475
1419        1.76363
1419       0.859947
1419        2.89583
1419         5.0358
1419        1.52002
1419       0.103703
1419        4.48969
1419        5.41251
1419       0.404067
1419        4.06204
1419        4.80402
1419        1.57704
1419        5.65084
1419         1.5309
1419        2.60886
1419        3.57167
1419        4.35906
1419        1.82793
1419        4.39238
1419        2.99045
1419        1.21084
1419        2.59213
1419        2.82367
1419        4.02003
1419        5.35443
1419        4.68788
1419        5.10909
1419        3.07292
1419        6.03092
1419        3.44251
1419        3.06297
1419        2.77546
1419       0.731454
1419         5.8994
1419        6.27069
1419        1.86015
1419      0.0219171
1419        5.43828
1419        2.03401
1419       0.844424
1419        1.93192
1419        4.52992
1419        4.46386
1419       0.260304
1419       0.256281
1419        3.63033
1419        5.18912
1419        5.42433
1419        2.22195
1419       0.485729
1419        2.91603
1419        5.22973
1419        6.02498
1419        1.93916
1419        5.52526
1419       0.344063
1419        3.47127
1419        1.93514
1419        6.25715
1419        2.70447
1419         5.4225
1419        2.81857
1419        2.54831
1419       0.314473
1419        1.64256
1419        5.92529
1419        3.00676
1419        5.05095
1419       0.588749
1419        1.49973
1419        3.93007
1419        5.13878
1419         5.7447
1419        5.46868
1419        6.17115
1419        5.41045
1419        0.89367
1419        5.52343
1419       0.400264
1419        0.52372
1419       0.657835
1419        2.02069
1419        5.84841
1419        1.77342
1419       0.399771
1419        5.65006
1419        5.28711
1419         4.5797
1419       0.126987
1419        4.44525
1419        3.40556
1419        3.33214
1419        5.44458
1419        4.53694
1419         5.2365
1419        5.65414
1419        2.55555
1419        5.62753
1419        4.08486
1419       0.647727
1419        2.51627
1419         3.7636
1419       0.526273
1419        4.85493
1419        2.70342
1419        1.76519
1419       0.926021
1419       0.864822
1419        2.53291
1419        5.37711
1419        3.45138
1419        2.34616
1419        2.40568
1419        5.96674
1419         5.4965
1419        3.53839
1419       0.707464
1419        2.51833
1419        3.30824
1419        5.26115
1419        5.44986
1419        4.33618
1419        2.71721
1419        1.90311
1419        1.86485
1419        4.03194
1419        4.54225
1419        6.16764
1419        5.53792
1419         1.1199
1419        5.75269
1419        5.40248
1419        4.82896
1419        4.25924
1419       0.841006
1419        5.57015
1419        3.80505
1419        3.65379
1419        5.25912
1419        5.91219
1419        4.94608
1419        0.69873
1419        3.19378
1419        3.09442
1419       0.147035
1419        5.99792
1419        3.48956
1419        5.50794
1419        2.17214
1419       0.413679
1419        1.33125
1419         2.5523
1419        5.60529
1419        1.99021
1419        2.10944
1419       0.499046
1419        5.68804
1419        2.58775
1419        5.27224
1419        4.50504
1419        3.00029
1419        3.09033
