1964        4.57645
1964         2.2569
1964         3.1476
1964        5.09186
1964        1.01711
1964        3.57442
1964        0.62414
1964          4.652
1964        4.23555
1964       0.140096
1964        5.67923
1964       0.455526
1964       0.847588
1964       0.314888
1964        5.49807
1964        3.16346
1964        4.79359
1964        1.47254
1964       0.663906
1964        1.52085
1964        0.07209
1964        2.81353
1964        1.14842
1964        1.15707
1964        4.92009
1964        5.00137
1964        3.05921
1964      0.0140725
1964        2.81949
1964       0.597193
1964        3.08345
1964        1.18133
1964        3.21832
1964        3.33956
1964        1.72068
1964        4.58751
1964        5.96113
1964       0.871509
1964        6.18245
1964        6.19856
1964         1.0281
1964       0.628013
1964        3.11126
1964        6.22393
1964        4.80504
1964       0.730688
1964        1.61719
1964        2.72296
1964        5.18072
1964        5.36542
1964        3.60566
1964        4.68751
1964        2.76835
1964          4.546
1964        0.82414
1964           4.05
1964         3.8157
1964        4.49249
1964        2.71463
1964        3.55788
1964          4.403
1964       0.236161
1964       0.455654
1964       0.489407
1964        3.73952
1964        4.77209
1964       0.472171
1964        5.69763
1964        1.55052
1964        1.87684
1964       0.694944
1964        1.56801
1964        1.17822
1964        3.37255
1964        1.18577
1964        5.39679
1964        3.15277
1964         3.8528
1964        4.22645
1964        1.28308
1964        3.86487
1964       0.930795
1964        4.11372
1964         5.9241
1964         2.7692
1964       0.392529
1964       0.438614
1964        1.79245
1964        1.95113
1964        3.73812
1964        2.47576
1964        4.20241
1964        3.08644
1964        4.80231
1964        3.35439
1964        2.80027
1964        4.02481
1964        2.41298
1964        3.32489
1964        3.29184
1964        3.90506
1964         1.6079
1964        3.41295
1964        6.04222
1964      0.0959636
1964       0.757333
1964      0.0388245
1964       0.119823
1964         3.3423
1964        3.84006
1964        3.82037
1964        1.92802
1964         3.8429
1964       0.959549
1964        3.45626
1964         3.6424
1964        4.28491
1964        1.75246
1964        4.10006
1964        1.19024
1964        4.75943
1964        6.14039
1964        5.80346
1964        5.51306
1964        1.14265
1964        4.13055
1964        2.07435
1964        3.86531
1964        5.13357
1964        3.40619
1964        6.04273
1964        2.19543
1964        1.40033
1964        5.48359
1964        5.69986
1964       0.236256
1964       0.760482
1964        4.13804
1964       0.418563
1964        3.12372
1964        2.58453
1964        2.25735
1964        1.43892
1964        5.42768
1964        1.04732
1964        6.27122
1964        1.62691
1964        3.33309
1964        5.45545
1964        3.55381
1964        3.97357
1964        3.41833
1964        5.54973
1964        4.13625
1964        2.24395
1964      0.0860049
1964        3.21858
1964       0.796891
1964       0.707543
1964        5.41558
1964        0.79419
1964        1.11926
1964        3.83016
1964        1.44209
1964        3.99972
1964        3.62275
1964        4.98049
1964        1.14827
1964        3.91424
1964        3.47815
1964        5.58008
1964        3.22747
1964        2.81731
1964        4.28575
1964        4.25927
1964        2.76671
1964        4.14405
1964        3.35518
1964        4.27842
1964       0.995972
1964        2.80474
1964        4.84841
1964        2.69345
1964       0.579597
1964        5.61944
1964        1.02686
1964        4.42489
1964        1.43058
1964        2.05667
1964        4.60914
1964        4.18218
1964        3.66406
1964       0.439339
1964        3.19292
1964        3.08363
1964         5.3042
1964       0.728463
1964        1.08444
1964        4.76805
1964        3.04664
1964        1.56015
1964        4.60681
1964        1.54224
1964        5.98626
1964        2.97786
1964       0.359289
1964         2.9606
1964      0.0943726
1964        5.33516
1964        1.73966
1964        4.97743
1964       0.676716
1964        2.41699
1964      0.0312525
1964       0.885258
1964        4.07642
1964        2.04351
1964        1.51868
1964        6.20708
1964        4.14785
1964       0.755648
1964       0.340671
1964        1.65787
1964          3.954
1964        3.62059
1964        4.49755
1964       0.120209
1964        5.42643
1964       0.313104
1964        3.05232
1964        1.88001
1964        5.93688
1964        5.12571
1964        1.58631
1964       0.790634
1964        1.58048
1964        2.09508
1964        1.82689
1964        4.39589
1964        6.01095
1964        3.80597
1964        4.32934
1964       0.410786
1964       0.915641
1964        2.12524
1964      0.0789074
1964        3.87244
1964        5.02314
1964         4.6425
1964      0.0558754
1964        3.81452
1964       0.413291
1964        1.38406
1964        3.14709
1964       0.283406
1964       0.285647
1964        3.91362
1964        3.93327
1964       0.381288
1964        5.51296
1964        3.50962
1964        5.26526
1964        3.06404
1964        2.03941
1964       0.763379
1964          1.988
1964        5.99307
1964        3.87899
1964         1.6274
1964        3.69581
1964         3.3311
1964        1.43076
1964        1.48131
1964         4.9245
1964        0.30236
1964        1.60476
1964       0.755251
1964        3.06089
1964        4.09154
1964        2.51598
1964        3.34439
1964        3.44822
1964        3.12611
1964        3.48821
1964        2.61621
1964        1.34687
1964       0.191883
1964      0.0547737
1964        3.78136
1964        2.64298
1964        4.93395
1964        1.27673
1964       0.530997
1964        1.14415
1964        1.09147
1964       0.300993
1964        2.88904
1964        3.29776
1964       0.780277
1964        2.07788
1964       0.629268
1964        5.99389
1964      0.0995394
1964       0.633837
1964        0.84713
1964        5.80343
1964         4.4387
1964       0.493954
1964        5.23971
1964        3.40273
1964       0.977869
1964         4.0323
1964        3.66682
1964        3.79718
1964        5.78902
1964        5.49916
1964        1.66483
1964        2.44255
1964       0.525245
1964       0.393394
1964        4.17308
1964        4.10939
1964        2.09649
1964        2.39358
1964        3.33176
1964        3.68385
1964       0.706683
1964        5.23257
1964      0.0527411
1964        5.62107
1964       0.556541
1964        3.35263
1964       0.220611
1964        6.23654
1964        4.30153
1964        4.39734
1964       0.272741
1964       0.842121
1964        3.87142
1964        3.46059
1964       0.779262
1964        5.22897
1964       0.475399
1964       0.766029
1964       0.600218
1964        1.15338
1964      0.0677945
1964       0.768281
1964       0.590186
1964        3.64154
1964         2.7035
1964        3.23317
1964         1.0179
1964       0.750096
1964        2.40529
1964         6.0167
1964         3.9711
1964       0.151288
1964        3.93835
1964        4.23776
1964       0.797163
1964        4.01805
1964       0.484492
1964        4.24999
1964        4.65714
1964        4.06908
1964        5.74339
1964        3.71699
1964        3.54407
1964        5.09642
1964        2.50816
1964        3.49362
1964        4.07016
1964        1.00011
1964        2.95885
1964        3.96949
1964        6.08101
1964       0.984799
1964        6.27336
1964        1.43361
1964        3.14768
1964       0.534534
1964         3.0307
1964        4.04374
1964        4.25109
1964        4.24832
1964        5.97683
1964       0.321688
1964        1.24602
1964        3.31325
1964        2.21384
1964        1.08463
1964       0.501732
1964        1.49196
1964        4.29065
1964        5.10612
1964        1.00108
1964        5.79871
1964        3.94111
1964         3.7726
1964        2.74444
1964         2.8622
1964         2.0281
1964       0.294516
1964        3.75119
1964        3.56124
1964      0.0161043
1964        1.14143
1964        3.24856
1964        3.59243
1964       0.919447
1964        3.44845
1964       0.187603
1964         1.3336
1964        6.03179
1964       0.888847
1964       0.202916
1964        3.03565
1964        2.10251
1964        1.33804
1964        4.28513
1964        3.25971
1964        1.14213
1964        3.61774
1964        1.38181
1964        3.15611
1964       0.630951
1964          2.166
1964        1.11015
1964        5.80343
1964       0.603745
1964       0.374593
1964        4.25232
1964        2.42843
1964        4.20725
1964      0.0938113
1964       0.630868
1964        1.11017
1964       0.345965
1964        5.92174
1964     0.00854217
1964       0.178146
1964      0.0315599
1964       0.727552
1964       0.926183
1964       0.827553
1964        2.95568
1964        2.70087
1964       0.573019
1964        1.97613
1964        1.99112
1964        4.98216
1964        1.31353
1964        3.89871
1964        2.73979
1964            5.3
1964       0.726038
1964        2.67953
1964        4.22966
1964         5.8985
1964        4.02576
1964        4.42344
1964        0.78425
1964        4.44833
1964        4.21741
1964        0.26719
1964        6.16135
1964       0.990639
1964        5.24909
1964        3.82359
1964        1.41274
1964        4.04194
1964        3.19391
1964        4.03315
1964        5.84815
1964        5.92084
1964        3.63376
1964        3.70863
1964        3.84747
1964        2.11239
1964        1.96684
1964        5.21008
1964        5.00356
1964        3.48155
1964         2.3107
1964         4.0444
1964         5.5981
1964        6.26595
1964         3.0143
1964        1.72216
1964       0.405164
1964        5.97045
1964        5.98322
1964        4.77067
1964       0.142902
1964        4.26732
1964        3.73724
1964       0.768478
1964        1.85636
1964       0.232099
1964       0.791886
1964       0.964438
1964        4.97271
1964        4.23119
1964        4.95893
1964        1.26574
1964        5.91729
1964        2.09651
1964        1.15589
1964       0.646381
1964        4.13323
1964        5.61954
1964        1.43218
1964        2.30752
1964        5.73413
1964       0.763694
1964        4.74929
1964       0.149001
1964        3.36495
1964         4.3309
1964        4.47725
1964       0.156161
1964        3.70644
1964        1.69954
1964        1.72494
1964        1.25453
1964         1.9684
1964        2.63135
1964        4.48779
1964        2.93949
1964       0.843764
1964        4.21163
1964        4.11409
1964        1.94946
1964        1.78244
1964        1.26361
1964        1.58675
1964        3.41624
1964        6.11108
1964        3.88929
1964        4.21518
1964        4.51956
1964       0.409801
1964        3.10664
1964        6.04819
1964        2.72873
1964        4.12647
1964        3.98684
1964       0.965077
1964       0.072973
1964        4.71544
1964        4.23248
1964       0.169985
1964         3.2288
1964        2.06457
1964        2.16171
1964        1.04136
1964        3.56459
1964        0.17472
1964        2.69968
1964      0.0737318
1964        3.76486
1964        3.70732
1964        1.23362
1964        4.43379
1964      0.0524199
1964        1.34698
1964        2.05517
1964        2.40374
1964        2.55958
1964         3.8241
1964        6.25806
1964       0.982982
1964       0.644143
1964        1.14079
1964        4.41072
1964        4.77065
1964        2.57888
1964        5.97498
1964        3.68414
1964        3.34237
1964        3.96197
1964        3.27357
1964        6.22745
1964        5.13492
1964        3.49133
1964        3.78871
1964        4.19782
1964        2.74256
1964        2.02647
1964        1.14067
1964        1.08884
1964        2.79605
1964         3.7351
1964         4.6861
1964       0.944504
1964        3.41518
1964        3.62695
1964        0.31263
1964        1.51257
1964       0.900924
1964        3.77734
1964      0.0105076
1964       0.976844
1964        1.39498
1964       0.671658
1964        4.41185
1964        1.60268
1964        3.20857
1964        5.92279
1964       0.287144
1964        1.30216
1964        3.65829
1964        5.61561
1964        2.60223
1964        4.00102
1964       0.333553
1964       0.566853
1964        3.21147
1964       0.852276
1964         5.4604
1964        4.58137
1964       0.928925
1964        6.23401
1964       0.121541
1964        3.86062
1964        1.01299
1964       0.312282
1964        4.54676
1964        1.20984
1964        4.97691
1964        3.44896
1964        2.73772
1964       0.241742
1964        3.05599
1964        1.42295
1964        0.34205
1964        3.09121
1964       0.174463
1964        5.57416
1964        4.80063
1964        4.59617
1964        1.26559
1964        3.73182
1964        3.78256
1964        5.42836
1964        2.24645
1964        3.46477
1964       0.080673
1964        4.53376
1964       0.918114
1964       0.923212
1964        2.65614
1964        3.01412
1964       0.991879
1964        1.72824
1964       0.258628
1964         1.1026
1964        1.97921
1964         5.4937
1964       0.468605
1964       0.642969
1964       0.649027
1964        1.44121
1964        1.34772
1964        2.67034
1964        4.35257
1964        1.18653
1964        3.25824
1964        2.45079
1964       0.892801
1964        3.22877
1964        5.98459
1964        6.02777
1964       0.182271
1964        3.18673
1964        1.88884
1964       0.617491
1964        4.17198
1964        1.29963
1964        3.43618
1964        1.73616
1964         1.4322
1964        2.15468
1964       0.335751
1964        5.84192
1964        3.80607
1964        1.14597
1964          3.546
1964        3.30028
1964        2.20355
1964         1.0682
1964        2.16451
1964       0.416671
1964        2.17836
1964        3.52038
1964        5.63115
1964      0.0167807
1964        5.14651
1964        2.39469
1964       0.448553
1964        1.64612
1964        5.10103
1964        3.86563
1964        4.33771
1964        1.10207
1964        1.75748
1964        4.85131
1964        4.34535
1964        3.07049
1964        1.39977
1964        3.89414
1964         0.3243
1964      0.0167748
1964       0.203092
1964       0.727902
1964        1.20558
1964        3.17842
1964        2.94234
1964        2.70336
1964        3.58542
1964        3.91061
1964       0.752311
1964        3.52072
1964        1.20259
1964        1.13551
1964        3.62801
1964      0.0490825
1964        4.20049
1964        1.16368
1964        3.73333
1964        2.19252
1964        3.53619
1964        5.11559
1964       0.265714
1964        3.71844
1964         4.4043
1964        2.82809
1964        3.09734
1964        0.95233
1964      0.0324906
1964        2.98283
1964       0.812613
1964        2.84956
1964        3.12073
1964        5.55831
1964        5.31065
1964        5.63013
1964       0.722846
1964        6.08609
1964        5.98893
1964        4.54631
1964       0.796426
1964        5.75401
1964        6.20779
1964       0.464644
1964        3.72542
1964       0.962521
1964        3.71833
1964       0.826185
1964       0.939807
1964        4.32385
1964        3.99672
1964        5.79746
1964         4.5691
1964        1.04474
1964      0.0767352
1964        2.00361
1964        2.62315
1964       0.609861
1964        3.00958
1964        5.41639
1964        5.32054
1964        3.45042
1964        5.25671
1964        4.29497
1964        4.04258
1964        3.27536
1964        1.67952
1964        4.51057
1964        2.97547
1964         1.3761
1964        3.67644
1964       0.434585
1964        0.39165
1964        2.49744
1964        1.29904
1964        2.00665
1964        2.00476
1964        2.45625
1964        3.34194
1964         1.5978
1964        4.80359
1964        1.72386
1964        1.61194
1964        3.17251
1964        1.04949
1964          2.996
1964       0.165823
1964         3.4829
1964        2.60973
1964        0.44634
1964       0.184025
1964        3.85307
1964        3.08848
1964        4.42066
1964       0.672119
1964        2.06688
1964        3.82162
1964        6.24818
1964       0.504295
1964        5.86267
1964        5.99371
1964        4.13502
1964       0.877896
1964       0.286497
1964        1.82722
1964       0.787715
1964        1.88524
1964       0.902174
1964        4.69565
1964        1.89099
1964        4.10935
1964        1.17109
1964       0.412208
1964        4.64305
1964        4.22215
1964        4.78184
1964        3.20292
1964       0.926212
1964        0.34755
1964       0.637116
1964        4.19643
1964       0.312077
1964        1.00655
1964        4.64651
1964        4.44109
1964        4.85951
1964          3.498
1964      0.0179663
1964        4.80015
1964       0.216727
1964       0.196041
1964        3.17202
1964        1.92086
1964        2.87767
1964        3.50033
1964       0.685881
1964        1.75477
1964        2.26261
1964       0.247749
1964        6.21247
1964        4.58313
1964        3.93396
1964         3.6402
1964        4.14731
1964        4.15405
1964        1.92353
1964        5.25466
1964        3.26711
1964        3.73579
1964        3.18046
1964        2.37679
1964       0.645136
1964        3.80203
1964        2.59402
1964        3.78207
1964       0.712047
1964        1.40383
1964        2.68756
1964        1.04219
1964        5.58218
1964        3.39723
1964        6.05401
1964        3.86339
1964        3.27494
1964        1.12897
1964        1.50639
1964        0.62667
1964        5.89417
1964        4.71155
1964         5.8044
1964        1.83226
1964        5.48486
1964        1.53122
1964        1.42711
1964        1.77093
1964       0.626513
1964       0.200453
1964       0.580317
1964        2.99439
1964        5.03371
1964        5.81953
1964        4.15634
1964        2.11875
1964        3.77859
1964        2.86636
1964        3.95328
1964        4.21654
1964       0.413086
1964        2.46707
1964       0.301727
1964        5.31805
1964       0.112465
1964        5.31351
1964        4.16308
1964       0.497427
1964        4.34575
1964       0.510643
1964        5.96267
1964         3.7542
1964        5.12093
1964        4.32236
1964        5.15439
1964        3.57781
1964        5.34872
1964        5.16407
1964       0.484018
1964        4.69527
1964        3.56047
1964        4.49354
1964        2.48237
1964       0.936576
1964        5.92622
1964       0.605381
1964        4.43641
1964        3.29421
1964         2.6679
1964        1.82613
1964        3.38714
1964        3.68463
1964        5.64101
1964       0.995923
1964         4.5965
1964        4.73248
1964       0.613535
1964        2.91084
1964        3.50048
1964       0.182359
1964        1.48751
1964        2.44317
1964        6.14744
1964        5.92015
1964        6.08599
1964        3.55746
1964        5.55216
1964         3.9482
1964        3.53578
1964       0.141116
1964         1.0524
1964        6.24211
1964        4.17651
1964       0.908361
1964        5.90567
1964        4.10987
1964       0.741234
1964        2.05903
1964        3.58699
1964        2.79734
1964        6.13424
1964       0.693478
1964        3.17877
1964         4.0346
1964        2.42455
1964       0.139365
1964        3.77466
1964       0.794573
1964       0.656148
1964        5.44484
1964        1.61032
1964      0.0818438
1964       0.962344
1964        2.88556
1964      0.0189381
1964       0.183205
1964        6.23396
1964       0.379574
1964         5.9151
1964        1.49518
1964        6.24873
1964        3.20963
1964        1.62544
1964        3.84529
1964        3.92227
1964       0.304736
1964        4.16603
1964        1.51021
1964       0.514255
1964        1.57433
1964        6.26102
1964        4.33266
1964        6.14892
1964        1.26325
1964        1.16091
1964       0.762872
1964         1.1924
1964       0.784011
1964        3.70087
1964         5.0985
1964        4.54224
1964        5.05515
1964        5.64697
1964        2.64541
1964        2.51442
1964        6.25913
1964        2.84732
1964        3.59702
1964        4.88778
1964        2.06948
1964        0.80647
1964         5.8989
1964        1.51625
1964         5.2179
1964        5.56767
1964       0.846461
1964        1.55248
1964       0.326773
1964        3.60608
1964        4.61717
1964        1.42874
1964        3.95972
1964        0.87067
1964         1.5244
1964        3.77669
1964        4.21658
1964        2.65804
1964        5.60405
1964        5.01053
1964       0.651238
1964      0.0489612
1964        5.90647
1964        3.86436
1964         5.6713
1964        2.94237
1964        4.93999
1964         4.1626
1964       0.369028
1964         1.1451
1964        1.23268
1964        3.54458
1964        1.09795
1964         4.4769
1964        6.22018
1964        3.24766
1964        4.87428
1964        3.76581
1964        4.97402
1964        4.28609
1964        2.96444
1964        3.33949
1964        4.98043
1964        5.85492
1964        5.96057
1964        4.77893
1964        5.90586
1964        4.54506
1964        0.29218
1964        4.55681
1964        0.70557
1964       0.129525
1964        2.28955
1964        3.46308
1964        4.61291
1964        4.32642
1964        0.63809
1964        3.91776
1964        5.93233
1964        2.33521
1964        3.51898
1964         3.1756
1964        3.84681
1964        6.10148
1964        3.52251
1964        3.57491
1964        0.27405
1964        3.43753
1964       0.366378
1964       0.957352
1964        1.59694
1964        5.76556
1964        4.45752
1964        2.74367
1964        4.61594
1964        4.33521
1964        3.96938
1964        2.71138
1964        1.04193
1964        3.28501
1964        2.72282
1964        3.53868
1964        1.05322
1964        2.37312
1964        1.23817
1964        1.98286
1964        3.56279
1964       0.721436
1964         1.1861
1964        3.76614
1964        3.99507
1964        1.01273
1964      0.0906431
1964        5.37291
1964        4.48604
1964        3.25465
1964        6.00914
1964      0.0393615
1964        3.91955
1964        1.89563
1964        1.14042
1964        2.07715
1964        6.07878
1964        3.93738
1964        1.87039
1964       0.787132
1964        5.88019
1964        1.38227
1964        3.44513
1964        5.42255
1964        3.20937
1964        3.56252
1964        1.54184
1964       0.352854
1964        4.33199
1964         4.2023
1964        5.22159
1964         5.7448
1964       0.518874
1964       0.960189
1964        3.83534
1964         1.0818
1964        1.04524
1964        6.22791
1964        2.46031
1964        5.87614
1964        2.84049
1964        4.87082
1964        3.87812
1964        3.90157
1964         2.6274
1964        4.54638
1964        2.56318
1964       0.654736
1964       0.105349
1964        1.37739
1964        1.43673
1964         4.6534
1964         4.1443
1964        5.46772
1964        2.51916
1964        5.62922
1964         3.8514
1964        4.94446
1964         3.7923
1964        5.64062
1964       0.950288
1964        6.24259
1964        1.45373
1964       0.513118
1964        4.00002
1964        3.04382
1964        4.63207
1964        5.82721
1964        3.14739
1964        2.79841
1964        0.42739
1964        5.96736
1964        3.53592
1964         3.8165
1964        1.75018
1964        3.18859
1964        3.69322
1964        4.65688
1964        5.87628
1964        5.19886
1964        2.06639
1964        1.20441
1964       0.555843
1964        1.84314
1964        1.17805
1964        4.51309
1964       0.534864
1964        0.92927
1964        2.84777
1964       0.860634
1964         3.6634
1964       0.763757
1964        3.87461
1964       0.525212
1964         3.7266
1964        5.81394
1964        3.57127
1964        1.34596
1964        4.00671
1964        4.66196
1964        1.22368
1964        1.02684
1964        6.20352
1964        6.15464
1964        2.48969
1964        3.37164
1964        3.32302
1964        3.04072
1964        3.29451
1964        5.39819
1964       0.315362
1964         1.7582
1964       0.577075
1964         1.1826
1964        2.78288
1964        4.65356
1964         0.5158
1964        1.37572
1964       0.128427
1964        3.12803
1964         1.8492
1964        6.22913
1964        4.04391
1964        4.43755
1964        1.97821
1964        1.33379
1964        2.24366
1964       0.157447
1964       0.866522
1964       0.837866
1964        6.26139
1964        5.23147
1964       0.261264
1964        6.21043
1964        1.93531
1964        4.30677
1964        3.57363
1964       0.875368
1964        3.91544
1964        2.68559
1964        4.71679
1964       0.369641
1964        3.35904
1964         2.7362
1964        3.89316
1964        4.20586
1964        3.62283
1964        3.84463
1964       0.206075
1964        4.42398
1964        2.85642
1964        2.96691
1964         4.0055
1964       0.669434
1964       0.732128
1964        3.04519
1964        1.15809
1964       0.263512
1964         2.6657
1964        1.33466
1964        5.54173
1964        2.76165
1964        3.77135
1964      0.0873019
1964        5.16253
1964        2.78907
1964        3.85744
1964      0.0811748
1964        2.47156
1964         3.0642
1964     0.00636537
1964       0.210054
1964        1.35626
1964         6.1566
1964       0.663104
1964        1.40469
1964      0.0114324
1964        3.53691
1964        1.86289
1964        4.38545
1964         2.4913
1964        2.95172
1964        5.83927
1964        1.25715
1964        3.83471
1964        2.35867
1964        4.47417
1964        4.22673
1964        1.20366
1964        3.75032
1964       0.411148
1964       0.681828
1964        1.31896
1964        1.44258
1964        3.81382
1964         1.7653
1964        2.12886
1964        2.88831
1964       0.468367
1964         5.9315
1964        5.55909
1964        5.15771
1964       0.364116
1964       0.858297
1964        2.42655
1964        2.15195
1964        3.85639
1964        3.20841
1964        2.67092
1964        3.34751
1964         5.9654
1964        4.31028
1964       0.166563
1964        3.20278
1964       0.921035
1964        5.76173
1964        6.13141
1964       0.242167
1964        4.00598
1964       0.408836
1964        3.81637
1964        6.22602
1964        3.35072
1964        5.87791
1964        1.34593
1964        5.68102
1964        3.44186
1964        2.91657
1964        6.20352
1964        1.31306
1964       0.398377
1964       0.137262
1964       0.787686
1964       0.759695
1964        1.36398
1964       0.478922
1964        1.88274
1964       0.246389
1964        3.19941
1964        5.41071
1964        2.93753
1964        4.69961
1964        1.27104
1964        4.01958
1964        6.12441
1964        5.65803
1964        4.11809
1964        2.17709
1964        1.10628
1964        3.84144
1964         3.1625
1964       0.628024
1964        1.32432
1964        4.08095
1964        1.68522
1964        6.06125
1964        3.15786
1964        1.45341
1964       0.815234
1964         3.5491
1964        3.59114
1964        3.94023
1964        5.64817
1964        1.20894
1964        1.26574
1964        1.29601
1964        6.06573
1964        5.46355
1964        4.30523
1964        1.74435
1964        2.28056
1964        1.76475
1964       0.274728
1964        3.71674
1964        5.42736
1964        1.08221
1964       0.480235
1964       0.271787
1964        1.34823
1964        5.16359
1964         3.9999
1964        4.01574
1964         3.2018
1964        5.72606
1964        1.42523
1964         3.3145
1964        3.94705
1964        5.18794
1964        2.05306
1964       0.593625
1964       0.195648
1964        1.29801
1964        4.05107
1964         2.0855
1964        4.49532
1964        4.58068
1964         4.0567
1964        4.15482
1964        5.91914
1964        2.67476
1964       0.977809
1964       0.724823
1964       0.900632
1964       0.609562
1964        2.72915
1964        3.02596
1964        3.47301
1964        4.47632
1964       0.651155
1964        1.47397
1964        4.10408
1964        2.62414
1964         2.7719
1964       0.803361
1964        1.25566
1964        4.99761
1964        2.98995
1964        3.12866
1964        0.96156
1964        1.38306
1964       0.239135
1964       0.386793
1964        2.74326
1964       0.390756
1964        5.92235
1964        1.13087
1964        5.88134
1964        1.79964
1964        1.09434
1964        5.06903
1964        4.15483
1964        3.14695
1964        3.37711
1964        1.39312
1964        4.52922
1964        3.72436
1964        1.89573
1964       0.853662
1964         4.5892
1964       0.745715
1964       0.881426
1964       0.101695
1964       0.867371
1964       0.536183
1964      0.0738259
1964       0.334762
1964       0.501531
1964        3.04813
1964      0.0456393
1964       0.041802
1964        3.42141
1964        1.63441
1964        4.43115
1964         2.6676
1964        3.66576
1964        4.00729
1964        2.99329
1964       0.491987
1964        0.67226
1964        4.87662
1964        3.58977
1964        5.88821
1964        2.06329
1964        3.47885
1964       0.813478
1964       0.412991
1964        1.83091
1964        3.98601
1964        3.61443
1964        2.76071
1964        2.99574
1964       0.802668
1964        4.99337
1964        2.38261
1964       0.266965
1964        1.71485
1964        1.10572
1964       0.283793
1964        2.56444
1964        4.83172
1964        3.44928
1964        5.33936
1964        3.80855
1964        6.26192
1964        3.29124
1964        5.02153
1964        1.17534
1964       0.316873
1964        4.04061
1964        5.67032
1964        2.45128
1964        5.74248
1964        6.02985
1964        4.61773
1964        5.77058
1964        1.83078
1964        3.72798
1964        1.19772
1964        3.25509
1964         1.3233
1964        5.04102
1964       0.251814
1964        1.04267
1964        3.41478
1964        1.41418
1964        3.48148
1964        1.84323
1964       0.586203
1964        3.12067
1964         2.6082
1964        2.60523
1964       0.764917
1964        3.02126
1964       0.448039
1964        4.41016
1964        2.50385
1964        5.28113
1964       0.160407
1964        5.57412
1964        1.39264
1964         6.2343
1964        3.84467
1964         5.1944
1964        2.49541
1964          3.332
1964        4.31246
1964        3.91109
1964        5.83849
1964        1.78459
1964        2.13054
1964        2.87356
1964       0.424287
1964        3.09581
1964        1.72034
1964        1.68749
1964        0.45979
1964       0.374402
1964       0.231432
1964       0.667995
1964      0.0341875
1964        3.09366
1964       0.433334
1964        1.22748
1964       0.118753
1964       0.250158
1964       0.934559
1964        1.43955
1964        1.53225
1964        5.43909
1964       0.728722
1964        5.95154
1964         4.3997
1964         5.2745
1964        4.45624
1964        3.47673
1964        3.34894
1964        5.11757
1964        5.98462
1964       0.202932
1964         2.5258
1964       0.499887
1964       0.316846
1964         3.1074
1964         2.4763
1964       0.836211
1964        3.45454
1964        1.19645
1964        5.72608
1964        4.67787
1964        2.81344
1964       0.522411
1964        4.40574
1964        3.67106
1964        3.27242
1964        4.25393
1964       0.905903
1964        4.19026
1964        1.59234
1964        6.09364
1964        2.52059
1964       0.517542
1964        1.95648
1964         2.1423
1964        5.96947
1964       0.350227
1964       0.105012
1964        2.52945
1964        3.57232
1964        6.11856
1964       0.778451
1964       0.834286
1964        3.86193
1964        2.69671
1964        4.39066
1964        2.86834
1964        2.96233
1964        3.90112
1964        1.28553
1964        3.99786
1964        5.73267
1964        6.17745
1964       0.825971
1964        4.32945
1964         3.6657
1964        4.04891
1964        6.11661
1964        1.22296
1964        3.22075
1964        4.83947
1964        1.29193
1964         2.9213
1964        2.70178
1964        4.86569
1964         4.8603
1964        5.29677
1964        4.18851
1964        3.46719
1964         3.2776
1964        4.04822
1964       0.158843
1964        4.12861
1964        3.76513
1964        5.54507
1964        3.66043
1964       0.560573
1964        3.81944
1964       0.832572
1964       0.956135
1964       0.500302
1964         0.8963
1964        3.65691
1964        3.78677
1964         2.8214
1964        3.95486
1964        3.46562
1964        2.12827
1964       0.506675
1964        5.11012
1964        4.08061
1964        3.69961
1964        5.13399
1964        1.32722
1964       0.818639
1964       0.973707
1964       0.520591
1964        5.59046
1964         4.4493
1964        2.05155
1964        0.14663
1964        3.55888
1964       0.549911
1964        6.18041
1964       0.771445
1964       0.338504
1964        3.90153
1964          1.528
1964        3.09506
1964       0.871287
1964        3.90725
1964        3.33938
1964        3.75329
1964        1.12917
1964         3.0979
1964        1.64032
1964        1.37053
1964         1.6209
1964        5.26228
1964       0.195394
1964        2.96931
1964        5.89608
1964        2.22301
1964        4.11307
1964        0.73153
1964        2.31599
1964        3.05442
1964        2.95041
1964        4.95138
1964        4.29962
1964       0.124086
1964        3.00322
1964       0.451632
1964        3.42237
1964        1.08916
1964        4.20713
1964        3.88857
1964        5.23813
1964        5.82757
1964       0.393921
1964        4.33221
1964        3.48847
1964       0.522313
1964       0.775098
1964       0.191282
1964        3.35051
1964        2.72976
1964         4.1099
1964          2.862
1964        3.84716
1964       0.159148
1964        1.05192
1964        2.81018
1964        4.12971
1964        4.64524
1964        3.38172
1964        3.30793
1964       0.830421
1964        2.76209
1964       0.703941
1964        4.03926
1964       0.450907
1964        4.02511
1964        4.03248
1964       0.748806
1964        4.96249
1964        3.89968
1964       0.714805
1964         1.4481
1964        0.47952
1964        4.20971
1964        6.06277
1964        4.28397
1964       0.636013
1964          3.767
1964        3.24127
1964        3.96735
1964        1.94137
1964      0.0431365
1964        3.84624
