1191       0.170617
1191         2.6979
1191        1.86741
1191      0.0121592
1191       0.193348
1191        3.95869
1191         5.2266
1191        4.09925
1191       0.537268
1191         4.0261
1191        4.36446
1191        3.11528
1191        1.24403
1191        3.55358
1191        1.24023
1191      0.0947652
1191        1.45565
1191        3.60656
1191        3.81239
1191        5.92368
1191        5.46982
1191       0.254944
1191       0.171163
1191        5.94192
1191        6.24768
1191        2.93507
1191        0.38387
1191       0.889225
1191       0.132116
1191        0.81826
1191        5.57101
1191        3.99411
1191        6.23982
1191        4.90793
1191         1.2046
1191       0.943615
1191        1.78238
1191         5.4673
1191        3.43103
1191        3.49883
1191         3.1169
1191       0.824616
1191        3.85161
1191         4.2373
1191       0.766246
1191       0.119294
1191        4.39543
1191       0.807694
1191        3.24061
1191        2.89958
1191        1.59605
1191         1.6651
1191        4.17431
1191        5.46602
1191        6.25204
1191        4.74925
1191       0.563141
1191       0.288385
1191        0.64208
1191        1.71239
1191        1.04155
1191       0.628968
1191        5.35815
1191        5.62477
1191        2.15041
1191        3.58334
1191        3.00447
1191        0.64813
1191        3.12417
1191        3.41577
1191       0.928867
1191        2.31349
1191        1.32882
1191        4.60079
1191        1.13779
1191        3.21916
1191        3.49023
1191       0.939202
1191        2.50183
1191        3.45514
1191        2.18291
1191         2.0306
1191        3.22907
1191        2.71261
1191        1.12956
1191         5.8845
1191        3.93088
1191        1.59911
1191       0.194089
1191        5.15296
1191        4.02886
1191        2.08856
1191        5.55876
1191        4.14166
1191       0.315408
1191        1.01072
1191       0.332461
1191        5.73794
1191        2.36308
1191        3.27626
1191        1.67186
1191        1.35864
1191        6.05993
1191        3.91344
1191        6.10066
1191        5.55702
1191        4.26644
1191        5.08003
1191        1.80926
1191        3.95566
1191        5.62415
1191        3.46105
1191        2.60713
1191        3.76374
1191        4.54028
1191        5.24884
1191        6.17823
1191         3.4809
1191        3.36325
1191        3.57772
1191        1.86874
1191        3.25401
1191        2.34313
1191        2.60295
1191        5.74911
1191        3.57776
1191        3.28313
1191        3.71802
1191        3.23094
1191        4.89721
1191        2.96473
1191       0.249123
1191       0.546955
1191        1.45592
1191       0.721741
1191        5.43029
1191        5.88796
1191       0.119331
1191        1.82088
1191       0.967704
1191       0.475064
1191         3.9398
1191        4.85783
1191        2.71179
1191        4.36289
1191        2.42846
1191        3.43678
1191        1.01485
1191        1.51526
1191         4.0413
1191        0.59033
1191         4.3558
1191        3.23715
1191        2.80145
1191        3.47005
1191       0.197396
1191        3.14038
1191        2.43969
1191        1.36392
1191        2.85171
1191        1.23491
1191       0.738946
1191       0.279606
1191        4.38035
1191        3.86434
1191        4.77346
1191        1.46593
1191        2.30147
1191        3.24414
1191        1.73691
1191       0.535204
1191        1.26621
1191        2.87499
1191        3.10096
1191        4.57401
1191         1.0911
1191        3.46143
1191         4.7584
1191        4.27583
1191        4.16949
1191       0.809997
1191        1.39051
1191        2.79467
1191        1.02065
1191        3.71213
1191         4.4704
1191        3.96773
1191        3.62341
1191        4.18079
1191         4.8241
1191         4.7607
1191         3.5822
1191        3.81064
1191        4.53165
1191        4.19899
1191      0.0770618
1191        2.48566
1191        4.17458
1191       0.604981
1191        2.62747
1191        4.24629
1191       0.156588
1191        1.36048
1191        5.93721
1191       0.887203
1191         3.8985
1191        1.46175
1191        3.29759
1191        3.98834
1191       0.257306
1191        3.35403
1191        5.62885
1191        5.20979
1191        2.74335
1191        4.25897
1191        3.79893
1191        4.66665
1191        4.45547
1191        1.40016
1191        5.12894
1191        5.27554
1191       0.915951
1191        6.06265
1191        1.28761
1191       0.677748
1191        6.14674
1191        4.21846
1191       0.483668
1191        3.05412
1191        1.98282
1191        3.05294
1191       0.825398
1191         2.6215
1191       0.419239
1191        5.31401
1191       0.256065
1191        1.18585
1191        4.23519
1191        3.52804
1191        4.41088
1191       0.932322
1191        5.90243
1191        4.88792
1191        5.19381
1191         1.0709
1191       0.152213
1191        5.29856
1191        3.89692
1191        2.43938
1191        5.95168
1191        5.97168
1191        3.61704
1191      0.0895305
1191        1.59356
1191          2.269
1191        3.51068
1191        0.16667
1191        5.95958
1191       0.440527
1191        3.20968
1191       0.852876
1191        3.44198
1191        5.97741
1191        4.43278
1191       0.107413
1191        2.63896
1191       0.400778
1191       0.459079
1191        3.67431
1191         2.7645
1191        5.06218
1191        1.73427
1191         3.2786
1191        3.54253
1191        4.51631
1191        4.02724
1191       0.574952
1191        6.24878
1191        3.74543
1191        2.37276
1191       0.941984
1191        4.04127
1191        5.83983
1191         3.1962
1191        2.75043
1191        3.94276
1191        4.80296
1191        3.24263
1191        5.92849
1191       0.472441
1191        3.73022
1191        2.42428
1191       0.896723
1191         2.2836
1191        5.53202
1191        4.46655
1191        4.54524
1191       0.982566
1191       0.801351
1191       0.418585
1191       0.368131
1191        3.01214
1191        6.20673
1191         3.6877
1191       0.601957
1191       0.128447
1191        4.06419
1191        3.38316
1191        1.39028
1191        4.12043
1191        4.17917
1191       0.670785
1191        4.84218
1191        1.37431
1191        2.58947
1191        4.84896
1191       0.510484
1191       0.614962
1191       0.284196
1191        1.76411
1191        3.16451
1191        5.71881
1191       0.711104
1191        3.52959
1191        4.29212
1191        3.14974
1191        1.37422
1191        6.04954
1191        1.54008
1191         6.0814
1191        1.15908
1191        6.06679
1191        5.73774
1191        4.60636
1191        0.80093
1191        3.47122
1191       0.494515
1191        5.64433
1191       0.750265
1191        3.25489
1191        5.64605
1191        4.35525
1191        5.81455
1191       0.485767
1191        2.51558
1191         3.3101
1191        2.20381
1191       0.657157
1191        6.16888
1191        5.26122
1191        4.25517
1191        3.20118
1191        6.03258
1191        4.87231
1191         4.0739
1191        3.25077
1191        3.35783
1191         3.3304
1191        6.11457
1191        4.60158
1191        1.70467
1191        4.02596
1191        3.69213
1191        3.14884
1191       0.573463
1191        3.89917
1191        2.10281
1191        4.92394
1191        5.91545
1191        2.13441
1191        1.44163
1191          4.754
1191        3.14449
1191        1.58619
1191        3.57438
1191        3.26132
1191        1.45575
1191       0.219027
1191        2.20527
1191        4.34257
1191         1.3474
1191        1.80917
1191       0.135026
1191        3.00948
1191        5.71349
1191        3.36778
1191        4.57985
1191         5.3353
1191       0.436875
1191        2.97408
1191        3.69285
1191        5.64306
1191        2.01816
1191        4.84322
1191        3.35331
1191        3.75777
1191        1.25608
1191        4.49441
1191        2.71397
1191       0.166855
1191        1.88055
1191        1.84778
1191        1.18316
1191        6.03053
1191        5.49645
1191        3.05387
1191        4.66768
1191        3.65382
1191         2.6146
1191        4.23366
1191        3.84696
1191        3.54823
1191        3.36537
1191        3.30423
1191        5.87129
1191        1.05068
1191        4.86296
1191        4.14035
1191        5.18339
1191       0.834088
1191         4.5281
1191         2.3408
1191        2.97856
1191        3.07635
1191        1.94982
1191        4.80631
1191        3.09548
1191       0.949477
1191        3.29197
1191         0.1621
1191        4.22854
1191       0.870902
1191        3.77836
1191        4.50637
1191        5.53909
1191       0.360469
1191        1.90557
1191         3.1914
1191        3.32326
1191        6.08388
1191         4.4486
1191        1.59361
1191        3.77141
1191        4.11816
1191        3.72277
1191       0.921056
1191        2.43664
1191        5.38531
1191        0.29776
1191        2.45123
1191        3.83151
1191        1.06339
1191       0.820595
1191        3.90312
1191        5.80525
1191        1.22107
1191        1.79699
1191        5.81343
1191        3.08351
1191       0.623129
1191        3.97681
1191        3.11115
1191        0.17993
1191        1.57147
1191       0.338847
1191        3.44369
1191        1.17376
1191        1.09393
1191        4.37203
1191         3.5342
1191        1.18777
1191        1.53587
1191        3.46126
1191       0.450632
1191        4.02008
1191        3.04233
1191        5.68579
1191        4.66516
1191        3.10514
1191        3.58249
1191       0.872341
1191        6.13032
1191        3.66192
1191         5.9013
1191        5.56289
1191         2.7072
1191        2.61385
1191        5.84403
1191        4.17962
1191          4.278
1191        5.23648
1191        6.11112
1191        4.72364
1191        3.68903
1191        3.48584
1191        1.15333
1191         3.6025
1191        3.16861
1191          5.079
1191        3.31173
1191        3.32698
1191         2.4448
1191        2.70953
1191        2.90479
1191        3.91082
1191        4.10873
1191        2.56636
1191        3.40038
1191        5.66457
1191        1.54193
1191        4.31193
1191        3.51425
1191        4.14272
1191        4.26552
1191          2.722
1191        4.10118
1191        6.27008
1191        3.76744
1191        1.66981
1191        1.18993
1191        4.23459
1191        3.23452
1191        2.72155
1191        3.81313
1191       0.199479
1191       0.818038
1191        2.19627
1191        4.09742
1191        4.33293
1191        2.38911
1191        5.49874
1191       0.853649
1191        1.18022
1191       0.921016
1191        1.44857
1191       0.917309
1191       0.227896
1191        0.23149
1191        4.81177
1191        3.11268
1191       0.444925
1191        1.91536
1191       0.492213
1191      0.0407036
1191       0.983242
1191        3.50656
1191        1.74848
1191        0.37452
1191         4.0267
1191       0.604287
1191        1.37219
1191       0.525111
1191        1.62883
1191       0.712585
1191        2.60588
1191       0.968146
1191        3.49324
1191        4.75472
1191        5.78235
1191        2.27617
1191         0.4678
1191        1.51686
1191        1.16346
1191        3.06421
1191       0.932495
1191      0.0962328
1191        2.91275
1191        3.19561
1191        2.24914
1191        1.37924
1191        3.49978
1191        1.24783
1191       0.567114
1191        1.24058
1191        1.71642
1191        3.55947
1191         2.7982
1191        3.75336
1191        1.73111
1191        2.76019
1191        4.44584
1191        1.37314
1191        5.51726
1191        3.99343
1191        1.20482
1191        6.07955
1191       0.350668
1191        2.89407
1191        4.98644
1191        1.13414
1191        2.65561
1191        5.75665
1191        4.69128
1191       0.610864
1191        6.00141
1191        3.29738
1191        1.37079
1191        2.83729
1191        5.76792
1191        1.82093
1191        1.93527
1191       0.199447
1191         4.3451
1191       0.611997
1191        3.98111
1191        3.70625
1191        3.24164
1191        2.12169
1191        5.87336
1191        1.75449
1191       0.633262
1191       0.222152
1191       0.425664
1191        4.45137
1191         4.5899
1191        2.67693
1191        3.40241
1191        3.90642
1191        1.80845
1191       0.754416
1191        6.09652
1191        4.76293
1191        4.33381
1191        6.23424
1191        1.08473
1191        3.52649
1191         4.0681
1191        4.40091
1191       0.306479
1191         1.3094
1191        5.75418
1191        2.10828
1191       0.744985
1191        1.49539
1191       0.164463
1191        1.37465
1191        3.91926
1191        6.21102
1191         3.7111
1191       0.451973
1191       0.704087
1191        4.02583
1191       0.740926
1191       0.451494
1191       0.566027
1191        5.42603
1191        5.81519
1191        3.36692
1191        6.03779
1191       0.300483
1191        4.69038
1191        5.86538
1191       0.876296
1191        4.53782
1191         4.6651
1191     0.00868934
1191        3.78776
1191        3.85576
1191       0.639485
1191       0.920089
1191        2.06014
1191        3.21792
1191        6.12323
1191        1.46483
1191        5.54074
1191        3.06703
1191        4.06767
1191       0.959472
1191        2.31503
1191        4.08537
1191       0.405975
1191        6.01176
1191        2.67995
1191        4.86956
1191       0.686985
1191         4.8059
1191       0.848197
1191       0.847585
1191        1.62253
1191        3.23353
1191        5.11947
1191        5.58763
1191       0.349809
1191        1.02619
1191        3.67216
1191        1.32376
1191        6.23691
1191        6.02875
1191        4.53074
1191        3.75061
1191        1.16184
1191        1.76021
1191       0.258147
1191        2.89757
1191        3.93067
1191        3.58227
1191        4.43544
1191        2.61773
1191       0.133531
1191        1.22712
1191        3.78005
1191         5.0115
1191       0.595555
1191        1.49141
1191        1.02957
1191         1.9975
1191       0.740782
1191       0.416262
1191        5.65998
1191        4.14503
1191        1.97239
1191        2.52518
1191        6.06833
1191        5.40113
1191         2.3189
1191        4.82427
1191        0.43927
1191       0.850863
1191        4.23809
1191        5.63386
1191       0.130082
1191        3.42432
1191        3.71699
1191         3.4935
1191       0.684184
1191       0.911065
1191        3.91343
1191       0.741851
1191       0.594528
1191       0.662749
1191        5.11614
1191      0.0204648
1191      0.0228138
1191        3.20017
1191        2.64836
1191        4.01713
1191        3.59984
1191        2.50502
1191        4.54331
1191        4.33962
1191        3.79786
1191        3.97312
1191        5.48424
1191         3.1839
1191        1.63283
1191       0.739654
1191        3.94215
1191        3.83864
1191      0.0792769
1191        3.99316
1191        3.34357
1191         5.6881
1191        5.14885
1191        6.18443
1191        3.99588
1191        3.09261
1191         5.5853
1191        1.09068
1191       0.651134
1191        3.55127
1191       0.620474
1191        6.21965
1191        1.09197
1191        1.10964
1191        3.92519
1191        2.90224
1191         3.9232
1191        4.00208
1191        4.39791
1191        3.01017
1191        1.20807
1191        2.72087
1191        2.86309
1191        5.44574
1191       0.338644
1191        4.36681
1191        5.44554
1191        0.92057
1191       0.531518
1191       0.295166
1191        1.42633
1191        4.31212
1191       0.222774
1191       0.628484
1191        2.98581
1191         1.5983
1191        3.50799
1191        1.06779
1191        2.36126
1191        3.15638
1191        1.18007
1191        6.19395
1191        1.56311
1191       0.281517
1191       0.991044
1191        3.24002
1191        1.17622
1191        1.46199
1191       0.123182
1191        0.31561
1191        5.71007
1191      0.0976051
1191        6.12833
1191       0.445195
1191        3.10322
1191       0.148538
1191        2.79859
1191         5.6179
1191        4.95641
1191      0.0338722
1191         2.8763
1191        3.56358
1191        5.54807
1191        6.12384
1191        4.58109
1191        3.67521
1191        4.14064
1191        5.99463
1191        1.34663
1191         1.3448
1191       0.605758
1191        3.56204
1191        1.43886
1191        1.26267
1191      0.0953085
1191       0.391005
1191      0.0714394
1191        3.37907
1191       0.841194
1191        6.27929
1191        5.08881
1191         5.9534
1191        3.61216
1191        4.64757
1191       0.996715
1191      0.0950869
1191         5.6521
1191        3.72702
1191         3.9035
1191       0.293967
1191        3.20206
1191        1.08916
1191        4.59284
1191        1.98199
1191        2.67752
1191        6.10428
1191        2.59403
1191       0.518158
1191        3.09625
1191         1.4285
1191        5.47116
1191        1.06256
1191       0.750023
1191         2.6117
1191        3.51248
1191        5.45416
1191        5.65753
