1491          4.376
1491        5.84818
1491        6.08109
1491        0.97133
1491         4.3267
1491       0.344728
1491        5.17137
1491        1.75038
1491        2.96594
1491       0.912877
1491      0.0369346
1491        6.15812
1491        5.48638
1491        3.50194
1491        1.33268
1491        5.01166
1491        6.14093
1491       0.551307
1491        5.89328
1491        5.51411
1491        1.94167
1491        1.62698
1491       0.352145
1491        1.11101
1491        1.53428
1491        0.26169
1491        5.32966
1491        0.77051
1491        5.66818
1491        1.95882
1491        2.41813
1491       0.846534
1491        1.42399
1491      0.0492516
1491        2.07428
1491        1.60652
1491        2.79008
1491       0.414781
1491        4.68392
1491        5.94607
1491        4.64171
1491        3.44345
1491        2.93179
1491         3.5855
1491       0.486267
1491         3.9716
1491        6.09948
1491       0.788358
1491        1.00679
1491        2.41546
1491        3.78973
1491       0.953142
1491         1.7231
1491       0.175699
1491        3.08858
1491        4.64442
1491        3.43038
1491        5.15834
1491       0.706762
1491        3.64071
1491        3.65788
1491        6.09379
1491        6.02482
1491       0.437682
1491        4.43676
1491        3.93362
1491       0.339099
1491       0.521204
1491        2.40431
1491        1.90538
1491         2.4238
1491        5.45908
1491       0.546299
1491        5.12472
1491        1.51752
1491        3.89523
1491        5.58803
1491           2.27
1491        1.91431
1491        3.63584
1491        5.71992
1491        3.22108
1491        1.80673
1491        3.32753
1491       0.749802
1491        2.59217
1491       0.593904
1491        4.09047
1491         4.5951
1491        2.68268
1491        4.19546
1491        3.27549
1491        2.09881
1491        6.24638
1491        4.94882
1491        3.64876
1491         3.5652
1491        5.49217
1491        3.10223
1491       0.488014
1491        2.90537
1491        4.13549
1491        0.66513
1491        3.51721
1491        3.78272
1491         6.2159
1491        3.20357
1491        1.08504
1491        1.75355
1491        1.30597
1491        4.16088
1491        6.07561
1491        4.70822
1491       0.625073
1491       0.306317
1491        4.97545
1491         5.5237
1491        1.50287
1491       0.246382
1491        2.15902
1491         2.4558
1491        4.31728
1491        5.42169
1491        3.36163
1491        5.41945
1491         5.3972
1491        2.79674
1491        2.48649
1491        1.85578
1491        6.02142
1491        3.98196
1491        2.09442
1491        3.39509
1491        2.21957
1491        3.00306
1491        1.03742
1491       0.378646
1491      0.0137536
1491        6.17808
1491        5.00863
1491        5.57965
1491         4.4564
1491        2.94994
1491         4.1577
1491        4.05694
1491        2.40087
1491        2.78079
1491        0.51326
1491        1.71461
1491       0.820003
1491        2.45799
1491        2.45935
1491        4.30716
1491        1.41352
1491        3.76765
1491        3.20035
1491        1.00587
1491        4.68493
1491        5.46551
1491        2.51124
1491        4.51602
1491       0.180332
1491        5.22091
1491        3.64124
1491        4.02577
1491       0.459108
1491        2.55346
1491       0.729431
1491        3.71937
1491        2.50425
1491        1.34265
1491        5.41978
1491         6.2023
1491        5.66858
1491       0.196453
1491       0.337728
1491         4.4318
1491        2.26452
1491        2.00139
1491        5.06287
1491        4.46943
1491        3.40757
1491         3.8758
1491        4.34502
1491          5.974
1491       0.375181
1491        4.55487
1491        6.16515
1491        2.86162
1491        3.75897
1491        2.67016
1491        1.25848
1491       0.265007
1491        4.64124
1491        5.42299
1491        4.36345
1491        3.26671
1491        2.68259
1491        4.80804
1491        2.65587
1491        2.32705
1491        1.52981
1491        4.69381
1491       0.993458
1491        3.73045
1491        3.65247
1491        5.60563
1491         5.9104
1491        3.45248
1491        3.98035
1491        5.91151
1491        3.67338
1491        3.63729
1491        1.10715
1491      0.0850932
1491        4.47346
1491        2.62408
1491        4.70562
1491        5.89761
1491        6.06877
1491        2.16723
1491        1.74401
1491        4.32137
1491        4.67093
1491       0.353583
1491        4.28779
1491        4.32663
1491       0.908641
1491        4.20055
1491        2.82643
1491        6.16529
1491        1.19769
1491        3.63898
1491        5.28719
1491        4.13451
1491        2.46447
1491        5.28847
1491       0.563116
1491        5.29575
1491        5.33971
1491        2.57257
1491        4.12717
1491        4.94301
1491         4.0957
1491        2.45841
1491       0.370351
1491        3.13298
1491       0.178121
1491        1.67727
1491       0.252535
1491         3.6344
1491        4.55996
1491        2.27989
1491        3.71568
1491        0.02426
1491        5.12087
1491        5.47215
1491       0.373659
1491       0.449491
1491       0.196406
1491         5.0333
1491        5.25645
1491        3.66019
1491        5.67154
1491        5.29299
1491        3.77328
1491        4.36827
1491        4.90831
1491        2.17582
1491        3.02176
1491        3.27432
1491        3.57277
1491        3.62692
1491       0.185095
1491        6.27251
1491        3.92931
1491        1.99107
1491        4.84661
1491        5.48131
1491        2.43152
1491        3.18895
1491        3.99852
1491       0.619405
1491        3.21026
1491        6.22905
1491        1.37423
1491        2.69931
1491        1.39252
1491        3.40921
1491        1.07923
1491         2.3922
1491        1.07058
1491        3.00689
1491        5.52833
1491        3.90364
1491        5.92271
1491        6.22611
1491        3.50824
1491        4.18159
1491        5.75122
1491        5.93016
1491        2.31075
1491       0.434606
1491       0.811076
1491       0.522416
1491        5.23961
1491        1.22875
1491       0.726669
1491        3.16491
1491         2.4446
1491        3.47687
1491        6.16071
1491        3.70488
1491        0.20815
1491       0.668623
1491        3.10505
1491        2.98019
1491        3.61157
1491        1.02397
1491       0.283951
1491        3.04295
1491        2.73488
1491        2.65778
1491        3.14835
1491        1.53543
1491          4.836
1491        3.64615
1491        4.84838
1491        6.06088
1491        1.77233
1491        6.08376
1491        3.68095
1491        3.23297
1491        1.40398
1491        1.33278
1491       0.222628
1491        2.97862
1491        5.25125
1491       0.457049
1491        1.76468
1491         3.5454
1491        3.13451
1491        5.11525
1491        2.18171
1491        2.98343
1491        0.40126
1491        2.75356
1491        1.95567
1491        2.22085
1491        3.86485
1491         2.3402
1491        2.56354
1491        1.76663
1491        5.23662
1491         5.6082
1491       0.944572
1491        1.99791
1491         1.3602
1491       0.646956
1491        5.31356
1491        2.15307
1491         4.3206
1491        5.52327
1491      0.0843748
1491        3.07201
1491        3.50923
1491        6.18443
1491        3.85512
1491         3.0807
1491       0.174885
1491       0.861526
1491        4.45589
1491        5.24024
1491        3.64052
1491        2.63465
1491         2.8097
1491        1.24214
1491        4.21995
1491         3.5606
1491       0.656319
1491         2.7008
1491        2.87881
1491        2.49206
1491        4.08096
1491       0.666298
1491        3.21684
1491       0.953533
1491        2.20374
1491        2.52051
1491        2.90963
1491       0.576893
1491        1.11667
1491         1.0841
1491       0.468797
1491        5.80822
1491        3.50048
1491        5.37154
1491       0.377587
1491        5.26265
1491        4.13917
1491        5.76954
1491        1.02377
1491        1.61848
1491         3.6474
1491        6.11564
1491        1.62909
1491         2.4921
1491       0.528435
1491        4.99732
1491         4.5404
1491        6.09197
1491        4.76727
1491        3.93401
1491        1.13476
1491        5.89129
1491        3.36165
1491       0.877157
1491        5.84587
1491        4.07321
1491        1.97325
1491        3.61496
1491       0.486792
1491       0.459759
1491        1.67861
1491        1.88027
1491      0.0266382
1491        5.85634
1491       0.522404
1491       0.688991
1491        3.51296
1491       0.676246
1491        2.03326
1491        4.09714
1491        3.46232
1491        1.27711
1491     0.00972636
1491        4.61116
1491        2.04689
1491        2.04067
1491         2.9007
1491        6.03333
1491        5.54647
1491        1.50408
1491        5.51896
1491        5.40408
1491        3.59444
1491         2.3422
1491        4.81886
1491        2.33161
1491        2.38767
1491      0.0741594
1491       0.899838
1491      0.0297849
1491        5.05806
1491        5.86494
1491        6.27348
1491        3.97908
1491        2.98323
1491       0.821011
1491        1.51753
1491        2.41545
1491        5.93588
1491        5.76894
1491        3.96573
1491       0.696448
1491      0.0346137
1491        5.11975
1491       0.875624
1491         2.0108
1491        1.71984
1491        4.37556
1491        1.72371
1491        3.20463
1491       0.585914
1491        3.54943
1491       0.108498
1491        1.35431
1491       0.274096
1491        4.17444
1491        2.32509
1491        1.07741
1491        4.77495
1491         3.4243
1491         3.1809
1491        2.37724
1491        0.53967
1491        0.78562
1491        1.36591
1491        4.24626
1491        1.69289
1491       0.119507
1491        6.24246
1491        5.56144
1491        5.89253
1491         4.8992
1491        2.76847
1491        3.42675
1491        6.04997
1491         4.0933
1491        5.59246
1491       0.598618
1491        1.49834
1491        1.21591
1491        2.63804
1491        2.60478
1491        2.31054
1491         4.4512
1491      0.0635376
1491        1.52242
1491        5.64876
1491        2.66608
1491        3.64208
1491        4.22985
1491        2.34595
1491        5.99513
1491        1.73656
1491       0.620546
1491        4.62487
1491         0.6061
1491        6.20075
1491        6.02518
1491          2.841
1491        3.40174
1491        3.14608
1491        2.50804
1491        6.05016
1491        5.55245
1491        2.78127
1491        6.06718
1491        1.26953
1491       0.718504
1491        1.33955
1491        2.32542
1491         3.8012
1491        2.39616
1491       0.425795
1491        4.22728
1491        5.82584
1491        5.64924
1491        3.12394
1491         4.0805
1491        3.52548
1491        1.64391
1491        5.64799
1491        5.36259
1491        2.82005
1491        3.61393
1491        3.29312
1491        5.16583
1491        5.74658
1491         3.1084
1491        5.25058
1491         2.0516
1491        3.30655
1491        1.14644
1491         3.5509
1491        2.28212
1491        2.96826
1491        3.47857
1491        1.65575
1491        2.68401
1491        1.20063
1491        3.26133
1491        1.04809
1491        5.02385
1491        2.75137
1491       0.848729
1491        3.14819
1491        4.52712
1491        6.09381
1491        5.67568
1491        3.44451
1491        5.56426
1491        1.38896
1491        3.34803
1491        2.13383
1491        3.13588
1491         1.1955
1491        4.70928
1491        2.37528
1491        4.10297
1491        4.07187
1491        2.09773
1491         5.4062
1491        4.76447
1491        5.79282
1491        4.59999
1491       0.195552
1491        6.03483
1491        2.40364
1491        3.30063
1491        2.14241
1491        4.36634
1491        3.42492
1491        5.81302
1491        1.84657
1491        3.01291
1491        3.21118
1491       0.925428
1491        3.83253
1491        1.09687
1491        3.72765
1491       0.514094
1491        3.53217
1491       0.236378
1491        4.55303
1491        2.41282
1491        5.88024
1491        4.80104
1491       0.806657
1491        3.23163
1491         5.4985
1491        5.70307
1491        5.69382
1491       0.891471
1491        3.47369
1491        3.09029
1491        3.99305
1491        3.32907
1491        2.20338
1491        2.73954
1491        2.00747
1491      0.0199261
1491        3.55392
1491        2.88843
1491        2.92635
1491        1.58569
1491        3.39463
1491        2.96643
1491        2.61416
1491        3.30109
1491        6.18222
1491       0.682739
1491        3.82956
1491        4.25305
1491        3.34183
1491        3.96987
1491        1.22141
1491        1.70453
1491      0.0173138
1491        2.48955
1491        4.27828
1491        5.97468
1491        1.21904
1491        4.77354
1491        5.29148
1491       0.888193
1491        2.47838
1491        3.40648
1491        2.31697
1491        5.77333
1491        2.46253
1491        2.16629
1491        5.24089
1491        1.45901
1491        5.67229
1491        6.05043
1491         4.9853
1491        3.43625
1491       0.769836
1491        1.86501
1491        3.96431
1491       0.052593
1491       0.747155
1491        3.13196
1491         1.4204
1491        5.54595
1491        2.41188
1491        3.54314
1491        5.01147
1491       0.865212
1491         3.3783
1491       0.798543
1491        4.49508
1491        3.66782
1491       0.315565
1491       0.642847
1491       0.142181
1491        6.10145
1491        2.26571
1491        3.33995
1491       0.379126
1491       0.834673
1491        2.99249
1491        4.94165
1491         3.5123
1491       0.956954
1491        4.56338
1491        3.11979
1491       0.835061
1491        1.66418
1491      0.0881899
1491       0.879137
1491        3.40546
1491         2.8383
1491        5.82699
1491      0.0832517
1491      0.0893634
1491        3.55669
1491        4.10878
1491        6.13312
1491        3.92635
1491        5.78588
1491        0.12688
1491       0.549962
1491        2.69409
1491        2.46676
1491       0.515601
1491        4.94319
1491        0.89618
1491        5.82695
1491        0.27871
1491        2.37543
1491        2.30511
1491       0.770473
1491        2.15781
1491        2.54307
1491        2.84557
1491        2.00465
1491        6.15977
1491        3.49172
1491        2.32163
1491        3.96362
1491        5.66731
1491       0.688463
1491        1.67431
1491        5.83835
1491        5.88302
1491        4.09805
1491        2.91232
1491        2.73721
1491       0.652915
1491        4.32912
1491        3.27023
1491        4.78982
1491         3.8038
1491       0.308202
1491         4.9997
1491        3.08595
1491       0.448205
1491        1.93289
1491        3.99001
1491       0.245348
1491        3.44079
1491       0.888586
1491        1.73578
1491        3.12367
1491         3.5436
1491        2.57658
1491        1.16979
1491       0.665386
1491        2.15766
1491         3.4173
1491        1.43224
1491       0.363068
1491       0.868472
1491       0.533222
1491        5.96403
1491        2.26878
1491        5.61142
1491        2.88452
1491        4.09469
1491        3.42727
1491        3.33163
1491        2.98977
1491        1.25043
1491        6.05263
1491        5.04795
1491        4.31625
1491       0.299697
1491        4.77599
1491        4.08645
1491       0.715171
1491        5.01211
1491        2.17436
1491         3.7715
1491      0.0565014
1491       0.713408
1491        4.52673
1491        2.93683
1491         4.4472
1491        1.19044
1491       0.460846
1491       0.392241
1491        2.97467
1491        5.51525
1491        6.19442
1491       0.645832
1491        1.69407
1491         1.0162
1491         5.1774
1491        0.58122
1491        5.46437
1491        3.65349
1491       0.498213
1491        5.67808
1491       0.809091
1491       0.450371
1491        4.11051
1491        3.96245
1491       0.676264
1491        5.26953
1491        2.79186
1491        2.01359
1491        4.57856
1491        3.48508
1491        6.17128
1491        4.25148
1491        1.45739
1491        5.94772
1491        3.65242
1491        2.12504
1491        3.04008
1491        2.77281
1491       0.536904
1491        6.28105
1491        3.09258
1491          5.311
1491        2.55714
1491        5.74256
1491        4.40414
1491          5.577
1491       0.200768
1491        4.46662
1491       0.233241
1491        6.01971
1491        1.34715
1491        1.77053
1491        2.71417
1491        2.29325
1491        5.93131
1491      0.0359517
1491        3.74327
1491        2.72631
1491        1.69968
1491        0.31136
1491        5.18068
1491        5.38424
1491         2.7007
1491       0.671223
1491        3.88557
1491        4.39195
1491       0.339272
1491        5.98723
1491        2.12492
1491      0.0525932
1491        3.94908
1491        3.84522
1491         3.6186
1491        2.05398
1491        4.62619
1491        5.77637
1491        4.89132
1491        6.01451
1491        4.55519
1491        3.80593
1491        2.64246
1491        3.55205
1491        3.69734
1491        2.75607
1491         2.9842
1491        4.96967
1491        4.21069
1491        4.15785
1491        1.51841
1491        5.39638
1491        2.63702
1491        3.12889
1491        3.54475
1491        5.82536
1491        4.38493
1491        5.50966
1491      0.0557535
1491        4.21385
1491       0.207673
1491        3.20182
1491        3.28736
1491        3.57891
1491        4.97034
1491       0.335435
1491        5.47612
1491       0.901371
1491         3.2551
1491        4.29351
1491        1.75162
1491        4.59792
1491       0.147647
1491        4.97938
1491        1.40195
1491        4.18673
1491        1.54769
1491      0.0589178
1491        1.68843
1491        3.26697
1491        1.24697
1491        1.98061
1491        5.56652
1491        5.38799
1491       0.890959
1491        3.39781
1491          3.573
1491        1.69873
1491        5.23645
1491        1.55245
1491        1.22063
1491      0.0626691
1491        5.27334
1491       0.713952
1491       0.972029
1491        2.92838
1491        1.05911
1491        3.20456
1491       0.900246
1491        3.70762
1491        4.42558
1491        1.40532
1491        5.78494
1491       0.708762
1491        1.41494
1491        5.36675
1491       0.723742
1491        2.96058
1491         1.0402
1491        3.29131
1491        2.68169
1491        2.45522
1491        3.15189
1491        1.89368
1491        3.76647
1491        5.18001
1491        5.51683
1491       0.586369
1491        6.08914
1491         5.3261
1491       0.666946
1491        2.19312
1491        3.98399
1491        4.87218
1491       0.802762
1491        6.18533
1491        1.73311
1491        3.52478
1491        2.82481
1491         2.2494
1491        2.40848
1491      0.0965441
1491        4.72629
1491         5.3813
1491       0.370929
1491        4.90473
1491        3.91055
1491        1.20127
1491        5.07252
1491        3.95729
1491        4.97589
1491        2.76373
1491        5.70906
1491        2.74124
1491         5.5235
1491         5.6689
1491        3.11817
1491        2.65994
1491        5.49078
1491       0.182669
1491        3.25311
1491        5.19709
1491       0.927779
1491        3.33675
1491        3.81019
1491        2.14071
1491      0.0871694
1491        4.03897
1491       0.507462
1491        4.14138
1491        3.81676
1491        3.12021
1491        5.35031
1491        1.65843
1491         5.7794
1491        1.62742
1491        6.10795
1491        3.93248
1491       0.815799
1491        2.20749
1491        1.08789
1491        3.89191
1491       0.686993
1491        1.22403
1491       0.119862
1491       0.586662
1491     0.00905169
1491       0.475734
1491       0.460105
1491        1.20872
1491        1.12834
1491        4.09765
1491       0.128488
1491        1.95393
1491       0.068522
1491         4.3574
1491        1.98869
1491        6.18905
1491        2.50041
1491        5.03901
1491         4.7272
1491        5.85333
1491        4.46473
1491       0.331111
1491       0.631148
1491        6.27382
1491        3.50672
1491        5.88764
1491        3.52013
1491       0.986698
1491        2.17555
1491        3.37541
1491        4.82161
1491        3.53373
1491        2.98889
1491        2.22451
1491       0.298679
1491        2.10831
1491        3.28266
1491        2.90733
1491        3.12133
1491        4.10917
1491        3.59654
1491        1.92241
1491        2.79045
1491        4.00413
1491        3.24186
1491        3.76948
1491         3.2724
1491        1.63159
1491        2.70323
1491        3.68537
1491       0.505728
1491         2.4213
1491        1.41705
1491       0.666976
1491        4.35108
1491        1.48006
1491         5.3273
1491       0.393945
1491         2.7961
1491        1.23417
1491        1.72499
1491         6.2599
1491         5.1085
1491        3.81899
1491        3.70093
1491        2.66261
1491        2.94268
1491        5.32341
1491        3.20316
1491       0.966133
1491        1.28284
1491        5.57588
1491        1.63398
1491        3.32952
1491       0.654905
1491        6.03185
1491        2.10482
1491       0.823239
1491        4.23582
1491        2.38197
1491        5.41899
1491        2.96601
1491        4.16597
1491        5.78593
1491        0.79978
1491         2.2375
1491        5.90551
1491        2.40008
1491        1.74277
1491        2.60999
1491        2.70261
1491        5.36817
1491         3.2712
1491        5.87193
1491        1.63641
1491       0.528514
1491      0.0911071
1491         3.7842
1491        2.05198
1491       0.191502
1491        5.55155
1491        2.53589
1491        2.63325
1491         4.9382
1491        3.40721
1491        4.76787
1491        6.10247
1491        4.27141
1491       0.477682
1491        5.02541
1491         6.1383
1491        3.31092
1491        3.42308
1491        6.01173
1491        3.01908
1491       0.684678
1491        4.67324
1491       0.466726
1491        3.98792
1491        5.43305
1491        5.06085
1491        2.82379
1491          4.818
1491       0.314986
1491        4.05218
1491        4.10971
1491        0.76291
1491        2.27531
1491       0.779428
1491        5.84838
1491        1.37526
1491        4.10215
1491        4.72774
1491       0.924407
1491        4.98726
1491        1.39613
1491         3.5533
1491         5.1933
1491        1.38194
1491        2.88656
1491        2.14114
1491        3.39464
1491       0.354351
1491          2.647
1491        4.31023
1491        3.45758
1491        5.16039
1491        2.89938
1491        4.45747
1491       0.931587
1491         1.1262
1491        0.63291
1491       0.370164
1491        4.77245
1491        2.66435
1491        5.33107
1491        5.56146
1491        5.97331
1491        5.43063
1491        1.75905
1491        3.16308
1491        5.95003
1491       0.796246
1491        4.62536
1491        6.10277
1491        1.29343
1491       0.531085
1491        2.24776
1491        1.41332
1491        5.74295
1491        3.74808
1491       0.544905
1491       0.295293
1491        1.32103
1491        4.63564
1491       0.199732
1491      0.0338769
1491       0.556477
1491        4.01802
1491         5.5258
1491        3.96675
1491        4.77727
1491       0.110814
1491         4.5286
1491       0.650818
1491        2.77984
1491        1.10704
1491        2.83277
1491       0.058715
1491        4.07047
1491        1.66765
1491       0.374573
1491        6.27623
1491       0.105516
1491          5.604
1491        3.26719
1491        3.28217
1491        1.81996
1491        2.81486
1491          1.936
1491        5.54498
1491        3.67703
1491        3.29728
1491        3.98199
1491        3.07609
1491        6.06313
1491        2.37083
1491        3.67646
1491        3.46475
1491       0.166058
1491        3.16779
1491        3.94539
1491        2.63069
1491        3.83416
1491        2.00364
1491        3.81484
1491        1.58813
1491        1.15255
1491         4.3496
1491        3.72535
1491        2.32678
1491        4.01752
1491        5.92819
1491        5.14696
1491        1.21475
1491       0.134239
1491      0.0638572
1491        2.92877
1491         5.0399
1491        3.75967
1491        4.49424
1491        3.87835
1491       0.693376
1491       0.182135
1491        6.20301
1491        0.97242
1491       0.862005
1491       0.620749
1491        3.68194
1491        4.13595
1491       0.245087
1491        1.05733
1491        4.22607
1491        5.33054
1491       0.586075
1491        0.30376
1491        3.64832
1491      0.0461594
1491        1.33002
1491        2.09304
1491        2.93826
1491        4.82405
1491        3.37973
1491        2.84991
1491        1.74012
1491       0.810829
1491        4.67025
1491        1.95524
1491        3.37563
1491        0.42396
1491        3.23551
1491       0.850476
1491        5.84592
1491       0.682679
1491        1.42129
1491       0.892964
1491        5.45813
1491        4.22501
1491        0.22248
1491        4.74712
1491       0.728324
1491        5.56306
1491         5.1639
1491        5.51628
1491         3.0446
1491        3.67539
1491        1.51076
1491        3.05199
1491        4.43612
1491       0.420041
1491        3.20527
1491        6.09758
1491        6.04713
1491        2.54592
1491        4.65124
1491        4.82272
1491       0.318814
1491       0.290259
1491        4.91719
1491        3.68464
1491        6.08234
1491        4.25487
1491        2.98543
1491       0.809934
1491        3.63915
1491        3.48056
1491        2.95291
1491        5.72312
1491       0.604186
1491        2.47954
1491          3.411
1491         1.2194
1491       0.697854
1491        4.12612
1491        1.32032
1491        5.76253
1491         2.3895
1491         5.6372
1491        5.60403
1491        2.22674
1491        2.92825
1491        5.58343
1491        4.94549
1491       0.385761
1491       0.221557
1491        2.72128
1491        2.17157
1491        3.28255
1491        5.64852
1491        4.53292
1491        2.58633
1491       0.478129
1491          2.734
1491        4.09331
1491        2.10218
1491        5.94448
1491        3.06868
1491       0.100155
1491       0.175155
1491        1.58139
1491        1.83259
1491        1.04675
1491        6.04976
1491        2.70031
1491        3.03055
1491        4.00638
1491         4.2876
1491       0.361349
1491        4.42889
1491         4.8723
1491        2.83324
1491        1.21238
1491        3.84893
1491        5.09725
1491        0.47212
1491        1.05961
1491        6.16603
1491        5.08188
1491        1.92661
1491       0.472685
1491        3.62736
1491        4.62733
1491        2.11843
1491        1.57439
1491        4.79801
1491        5.35343
1491        6.13501
1491        6.02879
1491        4.75371
1491       0.276698
1491          2.884
1491        5.31435
1491       0.839389
1491         3.8036
1491        2.11495
1491        4.55304
1491        4.62958
1491        4.17866
1491        1.74441
1491        1.12924
1491        1.51172
1491         6.2667
1491        1.25749
1491        3.01136
1491        2.79532
1491        3.98464
1491         1.2271
1491        4.71215
1491         6.0399
1491        5.25045
1491        3.76703
1491       0.551715
1491       0.202739
1491        4.21196
1491        2.37286
1491         2.8401
1491        5.94372
1491        2.44852
1491        1.39209
1491        5.55325
1491        5.33432
1491        3.75702
1491        5.56186
1491        4.41734
1491        6.05814
1491        3.80782
1491        3.18079
1491        5.99293
1491        5.79679
1491        5.73046
1491        2.32917
1491        4.91554
1491        3.93293
1491       0.940734
1491        1.58024
1491        3.01632
1491        2.86189
1491        1.80466
1491        3.69724
1491       0.259369
1491        1.63719
1491       0.691858
1491         3.3119
1491        2.77444
1491        3.49449
1491        1.27994
1491        2.94838
1491        5.84657
1491        0.77319
1491        2.93087
1491        5.51797
1491         3.9355
1491        3.58056
1491        4.36273
1491        3.94327
1491        2.53502
1491         3.4602
1491       0.446154
1491        3.83807
1491        1.21722
1491        5.95061
1491        2.65125
1491        4.24562
1491        5.29664
1491        2.78112
1491        1.96189
1491        4.29842
1491        3.18047
1491         2.2802
1491        2.18144
1491        3.45678
1491        0.77341
1491        3.21984
1491         3.3717
1491        1.21232
1491        2.89345
1491        4.04354
1491        3.87231
1491        5.78488
1491       0.324836
1491        1.06253
1491        2.10251
1491        5.96367
1491        5.61906
1491        2.47714
1491        2.89066
1491         3.3923
1491        4.05035
1491        3.53406
1491      0.0325359
1491       0.481953
1491         0.9189
1491       0.804525
1491         3.5706
1491      0.0185693
1491        5.45378
1491        4.56712
1491        6.24747
1491        5.03734
1491        1.85449
1491        2.80919
1491        3.95026
1491        6.07639
1491        1.56338
1491     0.00359854
1491        5.03663
1491        4.27689
1491        6.12153
1491        0.42925
1491       0.267829
1491        4.07895
1491        2.78923
1491         5.1398
1491        2.41879
1491        5.96014
1491        1.89845
1491       0.913471
1491        3.62347
1491       0.999756
1491       0.637945
1491        2.26584
1491       0.325471
1491       0.849578
1491       0.263821
1491         5.4206
1491        5.45398
1491        4.32988
1491         1.1186
1491       0.183551
1491        5.47884
1491       0.298921
1491        2.55556
1491        6.26253
1491        3.94976
1491        4.40268
1491        4.90914
1491        1.49058
1491        1.73176
1491         1.8887
1491        3.08931
1491      0.0127992
1491       0.437447
1491        4.78014
1491        2.67643
1491        5.50458
1491        5.10914
1491        3.82102
1491        2.68928
1491        3.06489
1491        1.33313
1491        1.46831
1491        6.00086
1491        1.76953
1491        2.21473
1491        5.56194
1491        3.63618
1491        1.25351
1491        2.62859
1491        4.72414
1491        4.87241
1491        2.12143
1491        4.32046
1491        2.43551
1491        1.69058
1491       0.263846
1491       0.186872
1491        6.20058
1491        3.46128
1491       0.717117
1491        1.89782
1491        3.84534
1491      0.0167434
1491        1.54234
1491        4.81138
1491        5.61791
1491       0.735833
1491        4.62998
1491        2.58743
1491        2.97831
1491         1.6229
1491         5.8638
1491         5.6734
1491        3.12978
1491       0.390907
1491        4.45612
1491        3.38683
1491        4.36275
1491         4.9622
1491        2.94734
1491         1.9846
1491        4.02011
1491        3.07799
1491        4.76549
1491        1.86756
1491        6.14035
1491        3.42542
1491        2.12184
1491        3.43014
1491      0.0775951
1491        5.32887
1491         4.7087
1491        6.20103
1491       0.854759
1491        4.33424
1491         3.2665
1491        2.40755
1491       0.996699
1491        4.23883
1491        2.30626
1491        1.05707
1491      0.0132609
1491       0.630235
1491        4.89249
1491        3.33408
1491          1.166
1491        2.43641
1491          2.942
1491        1.16251
1491        2.94348
1491        6.18835
1491      0.0839966
1491        5.59302
1491       0.312937
1491        3.97506
1491         3.5578
1491       0.691559
1491         1.4999
1491       0.806957
1491         0.7019
1491        5.74215
1491        2.00077
1491        3.33278
1491       0.347836
1491        3.92406
1491        3.73763
1491        3.36295
1491        5.18759
1491        3.91297
1491       0.974068
1491        2.39871
1491        4.25273
1491        2.97717
1491       0.184712
1491         6.1764
1491       0.868441
1491        1.32228
1491        3.46855
1491          3.377
1491         5.1802
1491        6.15772
1491        4.08331
1491         6.1523
1491        3.18017
1491        1.76915
1491        1.46056
1491       0.811584
1491        2.97359
1491        4.10813
1491        6.25313
1491        3.72026
1491        1.63733
1491        6.23353
1491        3.26729
1491        4.20168
1491        3.19277
1491        2.52565
1491        3.21283
1491        4.88482
1491        4.85948
1491       0.418595
1491         3.1388
1491        3.19915
1491       0.303669
1491        4.06617
1491        3.21143
1491        2.88431
1491       0.935949
1491        6.18228
1491       0.144184
1491        2.21468
1491        5.03153
1491        3.09101
1491        3.39765
1491        3.60482
1491       0.924358
1491        4.56322
1491         4.0528
1491        3.47823
1491         4.6823
1491        5.25165
1491        5.71742
1491         3.8816
1491        5.16688
1491        3.90174
1491        5.93637
1491       0.908263
1491        5.80822
1491        2.53967
1491          1.846
1491       0.263695
1491        6.13904
1491         3.0006
1491       0.832846
1491        5.32296
1491        5.13736
1491      0.0682067
1491        4.25402
1491        3.90542
1491        3.00342
1491        2.63073
1491       0.320332
1491        1.13866
1491        5.83246
1491       0.763345
1491        1.38668
1491        5.19631
1491        1.26981
1491         1.7011
1491          4.411
1491        1.66441
1491        4.26221
1491       0.773124
1491        3.04255
1491        2.71425
1491        5.99501
1491         3.7008
1491       0.778208
1491        3.23939
1491        6.14252
1491        5.74707
1491        2.04451
1491        4.89593
1491        2.88882
1491        4.14184
1491         4.3337
1491       0.102829
1491        3.70854
1491        2.09478
1491       0.513855
1491        3.90656
1491        1.08045
1491        4.04645
1491        0.82885
1491         5.4092
1491        3.81723
1491        3.91095
1491        3.31245
1491       0.297992
1491        5.54115
1491         1.8959
1491       0.708957
1491      0.0505814
1491        3.57413
1491        3.72507
1491        2.43367
1491       0.790085
1491        1.70007
1491        5.65134
1491        1.19431
1491        1.86249
1491        5.92806
1491         2.8565
1491        3.60027
1491       0.471201
1491        3.23374
1491       0.180227
1491        3.79494
1491        4.52117
1491           5.84
1491        5.09883
1491        0.52834
1491        5.30825
1491        3.53295
1491          1.327
1491        3.16481
1491         3.0643
1491        2.77208
1491        1.92765
1491       0.213903
1491        5.57004
1491        5.82931
1491        3.09402
1491        1.52203
1491        1.24282
1491        4.18054
1491        3.25611
1491       0.645312
1491       0.161425
1491        3.57269
1491        1.09544
1491        4.63872
1491       0.273823
1491       0.667763
1491        1.84531
1491        3.93389
1491        4.83828
1491       0.559837
1491        5.25562
1491       0.326898
1491        4.94753
1491        1.14028
1491        6.00014
1491        3.99523
1491        3.05906
1491        2.70031
1491        3.13515
1491         1.3887
1491        4.82737
1491       0.726399
1491        3.78789
1491        1.80519
1491        2.84085
1491        3.60442
1491        2.62179
1491        3.09602
1491        5.97895
1491         1.3451
1491        0.27377
1491        4.54246
1491       0.644726
1491         6.1636
1491       0.281264
1491        2.86559
1491        2.20497
1491        1.09047
1491       0.441698
1491       0.790752
1491       0.185497
1491       0.737351
1491       0.689258
1491        6.02216
1491        1.39479
1491        1.06517
1491         5.9977
1491        6.19914
1491       0.165826
1491        3.17447
1491        2.56872
1491      0.0484599
1491        4.80482
1491        4.33782
1491        5.33382
1491        4.45673
1491        3.28814
1491       0.111669
1491        6.02079
1491        3.12034
1491        3.52992
1491        2.26887
1491        6.01992
1491        5.61851
1491        6.10178
1491        3.50662
1491        5.97693
1491        0.56671
1491        4.76058
1491        1.94906
1491       0.419478
1491        5.66273
1491        6.15166
1491        2.38372
1491        4.07055
1491        1.20735
1491       0.211299
1491       0.265078
1491        5.92999
1491        5.46842
1491       0.731673
1491        4.39791
1491        6.15024
1491      0.0620735
1491        3.19273
1491        6.21764
1491        4.61316
1491        1.53394
1491        5.94542
1491        1.72319
1491        5.35678
1491        4.02452
1491       0.416181
1491        0.43731
1491        3.28769
1491        2.73732
1491        3.21217
1491        5.38888
1491        2.65578
1491        5.40702
1491        5.73303
1491        5.26071
1491        4.66818
1491        1.34782
1491        1.15412
1491        0.32817
1491        4.68774
1491        5.69701
1491        1.94301
1491       0.824109
1491        3.74924
1491        1.82968
1491        5.13252
1491         1.8381
1491        4.66997
1491         3.8364
1491         5.9997
1491        2.49729
1491        5.37522
1491        1.75097
1491        6.22807
1491        1.47938
1491        3.25607
1491       0.610153
1491        4.57978
1491        3.16339
1491        5.48614
1491         5.0864
1491       0.879693
1491        4.75064
1491        2.81729
1491        5.24796
1491        6.06351
1491        4.85689
1491        4.96233
1491        2.89438
1491         1.6917
1491       0.661977
1491       0.636149
1491        2.86344
1491        0.85178
1491        4.23486
1491        1.73664
1491         6.0007
1491        4.46746
1491        4.26004
1491        1.15614
1491        2.57418
1491        4.26933
1491        6.13629
1491        3.40469
1491       0.982895
1491       0.697489
1491        4.49137
1491        4.35322
1491         2.1646
1491        4.21321
1491       0.704101
1491        4.36236
1491        4.22842
1491        1.04913
1491        1.90868
1491       0.136793
1491        1.92356
1491        3.95533
1491       0.690641
1491       0.437519
1491       0.925787
1491         5.7458
1491        2.37857
1491         1.6588
1491         3.0296
1491       0.275249
1491        3.91141
1491       0.554271
1491        5.37061
1491       0.473733
1491        3.48169
1491        2.67518
1491        2.02688
1491         2.0915
1491        3.85822
1491        4.77898
1491        3.04752
1491        1.02429
1491        1.10776
1491         3.0888
1491        3.74976
1491        2.27381
1491        5.35657
1491        1.17117
1491         5.6916
1491        4.11428
1491       0.111681
1491       0.671902
1491       0.947808
1491        0.85893
1491        3.01255
1491        2.11085
1491       0.862114
1491        5.79537
1491        1.41876
1491       0.341471
1491        3.60719
1491        1.14855
1491        3.40689
1491       0.596689
1491        4.79773
1491        2.19626
1491        3.24004
1491       0.428449
1491        5.96948
1491        2.49328
1491        5.73895
1491        3.52673
1491        4.06547
1491        4.19429
1491        6.17868
1491        3.09207
1491        3.22436
1491        6.16257
1491        2.58708
1491         4.1345
1491        6.09595
1491        4.03286
1491        6.15071
1491        4.95302
1491        2.99872
1491        5.91889
1491        1.11614
1491      0.0296017
1491        2.07295
1491        2.80788
1491        0.44724
1491      0.0599021
1491        3.65975
1491         6.2425
1491        4.18963
1491       0.831109
1491        3.85743
1491        2.56628
1491        4.45355
1491        3.34706
1491        3.13199
1491       0.549767
1491        4.97116
1491        3.53206
1491        1.30066
1491        5.41882
1491        1.72371
1491        2.78286
1491          4.606
1491       0.950033
1491       0.497694
1491        4.02223
1491        1.13844
1491        2.88283
1491        2.34835
1491       0.676939
1491        1.36502
1491        3.30761
1491       0.575511
1491        2.92975
1491        1.18222
1491        2.75751
1491        3.11595
1491        5.22089
1491        1.40423
1491       0.361035
1491        1.70445
1491        5.85886
1491        3.95443
1491        5.66173
1491        4.70716
1491        2.91199
1491        5.23562
1491        1.31625
1491        3.07404
1491        5.17818
1491        1.42381
1491       0.588816
1491        5.41846
1491       0.892568
1491        3.32905
1491         1.1825
1491       0.389521
1491       0.678605
1491        2.56126
1491        3.47937
1491       0.383569
1491       0.195958
1491        3.01454
1491        1.90877
1491       0.585228
1491        4.88392
1491        1.41302
1491        3.41881
1491        5.79236
1491        3.12017
1491        0.97074
1491        1.40802
1491        4.35003
1491        6.12529
1491        3.73352
1491        1.64773
1491        3.98965
1491        4.69211
1491        1.15621
1491        3.53729
1491         6.1449
1491        5.57975
1491        1.70839
1491        5.20098
1491        5.05709
1491        5.69404
1491        4.53077
1491        2.80544
1491        4.91585
1491       0.872772
1491        2.26242
1491        2.21226
1491        2.64928
1491        5.59624
1491        5.52111
1491        1.08097
1491         3.2761
1491       0.116692
1491        5.87581
1491        5.01415
1491        5.01718
1491        5.43153
1491        3.03399
1491       0.710764
1491        5.93403
1491        2.31704
1491         3.6153
1491        4.75763
1491        2.67915
1491       0.769687
1491        2.36423
1491        5.91794
1491        6.27094
1491        5.27459
1491         5.7419
1491        1.77619
1491         2.2735
1491        1.91421
1491        4.68092
1491        1.80787
1491        4.90036
1491        5.85758
1491       0.716099
1491        4.35318
1491        3.41724
1491         4.2734
1491        3.06924
1491        3.72526
1491        2.34803
1491         4.5438
1491       0.938636
1491        2.94778
1491        4.66189
1491        1.00342
1491       0.438412
1491        3.36593
1491        5.56047
1491       0.615261
1491        3.80393
1491         5.5942
1491        4.56635
1491        5.70182
1491        5.42423
1491        5.58559
1491       0.810691
1491        5.39363
1491        1.59507
1491         4.2223
1491         1.7676
1491        3.97852
1491         2.0249
1491       0.313709
1491        1.75508
1491       0.175069
1491        5.33605
1491      0.0241996
1491       0.590266
1491       0.549411
1491        4.36193
1491        3.38263
1491        2.55933
1491        5.19419
1491        2.84409
1491        3.88495
1491        5.94151
1491        2.75006
1491        3.60874
1491        5.39798
1491        5.48255
1491        3.06822
1491         0.7073
1491        3.30023
1491        2.86827
1491        2.77297
1491        0.39021
1491       0.137312
1491        5.45157
1491         5.7967
1491        4.84923
1491        3.69341
1491        5.47751
1491         2.4729
1491     0.00854258
1491        3.43501
1491          6.195
1491        1.50944
1491        1.89076
1491        2.59385
1491        1.72304
1491       0.155087
1491        2.88353
1491        2.58789
1491        1.65883
1491        3.32188
1491        2.89242
1491         5.2717
1491       0.368735
1491        3.11412
1491        5.82367
1491        2.94901
1491        2.47141
1491        2.85687
1491        6.08153
1491        5.03813
1491        1.15437
1491        4.41262
1491        2.27082
1491        1.10429
1491        3.74343
1491        3.06194
1491        2.44503
1491        5.78933
1491        5.83932
1491        5.77492
1491        5.86217
1491        3.47178
1491        2.15232
1491        4.97024
1491        3.38225
1491        1.79991
1491        3.34864
1491        3.72954
1491        0.17043
1491       0.117597
1491       0.284144
1491        4.12897
1491         5.4704
1491        1.83609
1491        6.06006
1491        2.24119
1491        1.34805
1491        3.81608
1491        5.82576
1491        2.73225
1491        2.49147
1491       0.848615
1491       0.962175
1491        5.25271
1491       0.802658
1491        0.91813
1491        1.91213
1491        4.92352
1491        3.37896
1491        6.25715
1491        3.64488
1491        3.03426
1491        3.45213
1491        2.19379
1491        5.26333
1491        3.56151
1491        4.66812
1491        1.94081
1491        2.35578
1491        3.35326
1491        3.32297
1491        3.75168
1491        4.50203
1491        2.94604
1491        5.44125
1491        3.51257
1491        5.74395
1491        6.21211
1491       0.747281
1491        2.13941
1491        3.69565
1491        3.49212
1491       0.733419
1491        1.88547
1491        5.47819
1491        1.90516
1491        4.56734
1491        4.26032
1491       0.621073
1491      0.0963817
1491        3.86185
1491        4.15616
1491       0.248387
1491        6.09864
1491        3.73899
1491        5.85147
1491        3.52274
1491        4.28868
1491        5.50063
1491        2.95249
1491        3.62949
1491        1.04176
1491        3.91922
1491        2.30652
1491        3.03896
1491        1.17098
1491        2.44532
1491         4.2279
1491         1.4434
1491       0.836463
1491        2.94663
1491        5.70159
1491        5.73364
1491        3.53577
1491        2.89371
1491        6.08185
1491        5.20322
1491        1.37394
1491        3.21308
1491         1.6837
1491        3.21304
1491        1.27953
1491        4.72267
1491        2.95248
1491       0.556896
1491        2.07717
1491        3.30223
1491        4.86991
1491        2.10352
1491         1.9454
1491        1.25383
1491        1.39036
1491        4.41434
1491       0.426714
1491        3.93324
1491        2.33677
1491        5.55577
1491        3.81426
1491       0.468252
1491        4.45878
1491       0.259625
1491        5.76598
1491        5.67163
1491        4.50839
1491        2.25979
1491      0.0433045
1491        1.38312
1491         2.2136
1491        5.77452
1491        3.31325
1491        2.81058
1491       0.475236
1491         6.1967
1491        4.82219
1491        1.53414
1491        0.15197
1491       0.750677
1491        1.40366
1491       0.399367
1491        5.85893
1491        1.64993
1491        1.07833
1491         4.3247
1491        6.02845
1491        2.48999
1491        4.60888
1491        3.48484
1491        4.79261
1491       0.479226
1491        3.74179
1491        3.55072
1491        5.90095
1491       0.185547
1491         2.5276
1491        2.73122
1491        3.13125
1491        5.79759
1491        3.10407
1491        1.28942
1491        1.98566
1491       0.772813
1491        5.74491
1491        3.56418
1491        3.08006
1491       0.958915
1491        3.99407
1491       0.387904
1491        4.55181
1491       0.564188
1491        2.41512
1491        2.50619
1491        1.71003
1491        3.46823
1491        4.14027
1491       0.594615
1491       0.853495
1491        2.59642
1491        4.04345
1491       0.126489
1491        3.07179
1491        3.61528
1491        3.41941
1491        2.61616
1491        6.18515
1491         4.6116
1491        5.03466
1491        1.89379
1491        2.16396
1491        4.37907
1491        1.64376
1491        4.60802
1491        4.47902
1491         2.4252
1491        5.04838
1491        3.18176
1491        0.47083
1491        3.63263
1491        5.75651
1491        1.88695
1491       0.348431
1491        3.96944
1491        4.15257
1491        3.74325
1491       0.324853
1491        2.07283
1491        3.43111
1491        2.67514
1491        4.19147
1491       0.296323
1491        1.94429
1491       0.138988
1491        3.56941
1491        4.80062
1491        4.57242
1491       0.781831
1491        3.84263
1491        1.51472
1491        1.33761
1491        3.25055
1491        5.74062
1491        2.10373
1491        0.89836
1491        2.35957
1491       0.797367
1491        1.10094
1491       0.916002
1491        1.96301
1491        3.96138
1491        3.09448
1491        6.12957
1491        5.05798
1491        2.75803
1491        1.26231
1491      0.0430434
1491        2.22092
1491        5.77217
1491        5.67835
1491        1.52464
1491        2.96685
1491       0.190777
1491       0.580116
1491        2.17679
1491        4.12779
1491        4.08544
1491        6.23041
1491       0.911352
1491       0.407967
1491        3.19733
1491        1.24027
1491        1.31838
1491       0.789498
1491        4.66953
1491        3.19568
1491        6.21157
1491        1.64794
1491        5.90308
1491        2.71541
1491        3.04078
1491        1.37536
1491       0.840509
1491        4.05324
1491        3.80112
1491        1.22975
1491        5.65456
1491       0.310033
1491        5.51725
1491        4.75617
1491        1.81234
1491        3.51874
1491       0.942286
1491        5.65066
1491        2.73728
1491        3.17098
1491        6.25227
1491        5.11974
1491        6.08102
1491        3.16975
1491        2.47842
1491        4.16637
1491        4.19615
1491        4.87641
1491        3.52409
1491         4.9118
1491        2.22913
1491         1.4608
1491         1.5118
1491         5.3552
1491        5.46287
1491        2.10727
1491        0.78364
1491         4.7627
1491        4.66668
1491        1.99054
1491        1.66884
1491       0.759529
1491        1.99082
1491        2.47234
1491        5.76819
1491        1.14772
1491       0.967738
1491        4.92463
1491       0.792421
1491        0.11709
1491        5.95461
1491        1.45554
1491        1.93288
1491        1.09727
1491        2.65164
1491        2.15173
1491        5.05645
1491        6.25885
1491        2.64839
1491        2.92843
1491        1.04972
1491        3.97406
1491       0.226266
1491         4.8642
1491       0.221202
1491       0.327577
1491        2.07377
1491        4.84114
1491        6.04193
1491       0.610985
1491        3.00713
1491        4.73912
1491        1.63833
1491        2.78333
1491       0.700112
1491        4.24939
1491       0.689107
1491        3.12275
1491       0.248547
1491         5.8194
1491        4.11434
1491         5.8958
1491         5.4102
1491        1.48112
1491      0.0428081
1491       0.204719
1491        5.17042
1491        3.69507
1491        4.01216
1491       0.963084
1491        4.96966
1491        4.44126
1491        5.47051
1491        3.27162
1491        4.09915
1491       0.336828
1491        1.87301
1491        3.52665
1491       0.184872
1491        4.60658
1491        2.71305
1491       0.583895
1491        1.57234
1491        6.03145
1491        1.21218
1491        1.09166
1491         2.9744
1491        2.94221
1491         6.2374
1491        3.16809
1491       0.625977
1491       0.556372
1491        6.18761
1491        5.96072
1491         3.4402
1491         4.1646
1491        3.18916
1491         1.5883
1491        1.97125
1491        3.35259
1491        3.84163
1491        4.92053
1491         3.2171
1491        4.91804
1491        3.00209
1491        6.08317
1491        3.43103
1491        3.71953
1491        2.53495
1491       0.798335
1491       0.190601
1491        3.86645
1491         2.4827
1491        4.68732
1491        3.54321
1491        3.63545
1491        3.75659
1491         2.5829
1491        1.62222
1491       0.142319
1491         2.8379
1491        6.22407
1491        5.53895
1491        1.84626
1491        2.95262
1491        1.40332
1491        2.48595
1491        2.09665
1491        5.83182
1491        0.50113
1491        3.23475
1491       0.941292
1491        1.90409
1491        2.80403
1491        5.78378
1491        2.65741
1491        5.18119
1491        4.84008
1491        3.71577
1491        1.43012
1491        1.86572
1491      0.0440381
1491        4.69979
1491        2.95091
1491       0.849002
1491        4.58434
1491        5.76497
1491        5.98211
1491        4.21547
1491        2.10003
1491        1.00645
1491        4.87178
1491        4.61109
1491       0.037771
1491      0.0940316
1491        5.68505
1491        2.71743
1491        2.51267
1491       0.184259
1491       0.159685
1491        6.08922
1491        4.96598
1491        3.20224
1491        6.04734
1491        3.72682
1491      0.0333731
1491        2.43726
1491        4.95508
1491        0.19522
1491         0.9179
1491        0.87463
1491        5.83191
1491        5.69231
1491        5.19872
1491        3.14919
1491        2.92593
1491         1.5833
1491         3.7636
1491        3.29055
1491          6.082
1491       0.311747
1491        4.86215
1491        3.54042
1491        1.57674
1491        3.62613
1491        3.77991
1491        2.99515
1491        1.43952
1491        3.02034
1491         3.5514
1491       0.502574
1491        3.20208
1491        3.74453
1491        3.21055
1491        3.50043
1491        6.25085
1491        2.03417
1491       0.170259
1491        2.31407
1491       0.927333
1491        4.38227
1491        1.29465
1491        1.01603
1491        5.57997
1491        3.61925
1491       0.406726
1491        0.86964
1491        5.85064
1491       0.902131
1491       0.931757
1491        0.44039
1491        4.84539
1491       0.579378
1491        2.57036
1491        3.05033
1491       0.906298
1491        3.03613
1491        6.07777
1491        3.60563
1491        5.44811
1491         3.0933
1491        3.14841
1491        2.50597
1491        5.98165
1491       0.389258
1491       0.178449
1491         5.6695
1491        3.74008
1491        6.15476
1491        4.40446
1491        6.21006
1491        1.20326
1491          2.539
1491        6.23368
1491        4.41129
1491       0.833918
1491        1.69506
1491        2.07279
1491        5.42448
1491        4.57604
1491        4.18651
1491        6.24403
1491        6.21994
1491        4.49386
1491        0.58754
1491        1.58246
1491        5.22151
1491        4.09528
1491        3.36593
1491       0.833973
1491        3.30808
1491        2.00156
1491          4.688
1491        5.87315
1491        3.69273
1491        1.57166
1491        6.11947
1491        2.24513
1491         1.0428
1491         3.7378
1491        2.28393
1491        4.51929
1491        4.30909
1491        1.72826
1491        4.48971
1491        5.44827
1491        6.09446
1491       0.111177
1491       0.530406
1491        5.49574
1491       0.318422
1491        6.25361
1491        0.45207
1491       0.439448
1491        1.78074
1491       0.320068
1491        5.27917
1491        5.47908
1491        5.23502
1491       0.898598
1491        5.16442
1491        2.82268
1491         4.3004
1491        1.46276
1491       0.815952
1491        4.28596
1491        3.93714
