1707        4.23602
1707        4.01276
1707        4.84825
1707        4.71528
1707        6.16611
1707         3.1993
1707        1.34125
1707        4.99683
1707        5.29255
1707        1.65524
1707          3.969
1707        4.47588
1707        3.15321
1707        1.09017
1707      0.0518367
1707        1.09644
1707        4.15674
1707       0.481005
1707        3.89416
1707       0.724218
1707        1.31909
1707        2.00571
1707       0.605963
1707        1.55562
1707        1.57775
1707        4.49383
1707        4.79003
1707        3.21823
1707       0.708561
1707        1.10808
1707        2.44368
1707        4.67371
1707        3.91806
1707        3.17262
1707       0.217727
1707        4.52291
1707        3.20294
1707        2.38332
1707       0.976846
1707        1.26655
1707        3.50954
1707        5.36775
1707        5.92118
1707        3.95255
1707        3.25098
1707         4.1473
1707         4.6568
1707        5.47816
1707        1.27959
1707        3.39625
1707        3.57321
1707       0.901966
1707        5.15815
1707        5.66267
1707         3.3689
1707         3.3855
1707         5.9607
1707        1.10289
1707        5.58756
1707        1.68127
1707        5.81032
1707       0.500007
1707        4.20638
1707        3.58259
1707        4.91524
1707        5.57826
1707       0.208444
1707        4.03329
1707       0.135586
1707         5.7867
1707        5.45802
1707        2.99179
1707        1.65166
1707       0.861296
1707       0.855718
1707       0.974635
1707        5.54626
1707        3.28532
1707        2.89528
1707       0.532838
1707         4.1656
1707        3.53762
1707        4.56806
1707        5.89558
1707        4.97162
1707        6.16472
1707        2.84993
1707        4.74512
1707        4.56741
1707        2.13381
1707        5.39857
1707        4.47004
1707        1.46538
1707       0.474469
1707        4.46442
1707       0.965692
1707       0.944771
1707       0.992581
1707        3.01108
1707        1.34322
1707       0.555107
1707        3.39932
1707        2.63297
1707        6.22606
1707        3.35433
1707       0.335715
1707        6.04702
1707        2.32663
1707        0.82925
1707        5.06891
1707        5.97293
1707       0.628748
1707        3.62851
1707         5.1114
1707        3.50583
1707        3.73118
1707        2.33676
1707        2.68112
1707        4.79172
1707        1.38265
1707       0.501331
1707        6.01016
1707        4.44243
1707       0.147626
1707        4.39548
1707      0.0881346
1707        3.62605
1707        3.38032
1707        2.35875
1707        3.29187
1707        1.08692
1707        2.61815
1707        5.65649
1707        6.02902
1707        2.84923
1707        5.01853
1707       0.937584
1707        1.34761
1707        1.99569
1707        4.00369
1707        3.29446
1707        1.62611
1707        3.74145
1707        5.56738
1707        1.80058
1707          2.327
1707        4.20255
1707       0.653747
1707        2.48444
1707        2.40748
1707        2.13959
1707        6.24449
1707        4.88383
1707        2.55629
1707        2.46171
1707        5.81643
1707        1.77173
1707        5.88085
1707        6.19299
1707        4.06769
1707        5.57192
1707        1.80821
1707         1.8043
1707        3.76488
1707        2.14686
1707        2.95429
1707        2.42551
1707        2.66645
1707        2.81968
1707        4.59362
1707       0.559318
1707        2.54453
1707        5.30833
1707        6.08349
1707        2.34911
1707        5.30067
1707        1.74695
1707        4.75822
1707        5.08181
1707        5.31878
1707        3.89152
1707        5.21817
1707        3.76841
1707        5.80225
1707       0.165336
1707        1.73793
1707       0.207515
1707         5.7495
1707         3.2976
1707        6.18053
1707        4.08718
1707       0.177977
1707        6.06094
1707       0.528596
1707        3.25021
1707        0.31524
1707        3.83558
1707        5.70118
1707        2.70833
1707        1.98079
1707       0.288483
1707        1.96637
1707         3.5597
1707        5.55813
1707        2.66073
1707        2.94547
1707        1.13446
1707        5.21636
1707        1.43314
1707        0.27563
1707        2.51339
1707        5.84375
1707        2.66932
1707       0.184381
1707        2.96779
1707        3.06885
1707        5.30545
1707        2.45164
1707       0.273124
1707         1.7315
1707        5.35901
1707        3.39064
1707        1.85763
1707        3.39603
1707         4.5438
1707       0.297468
1707        4.41741
1707        5.51602
1707        1.70337
1707        1.28457
1707        5.81854
1707      0.0266491
1707         5.1832
1707       0.221753
1707        0.79843
1707       0.012852
1707       0.857914
1707        3.06821
1707        4.16158
1707        3.38377
1707        6.02635
1707        4.22468
1707       0.427188
1707         6.0719
1707        2.29799
1707        3.85788
1707        4.94532
1707        3.45166
1707        2.43112
1707        1.97127
1707        3.87393
1707        2.51902
1707        3.27255
1707        5.32648
1707        2.02299
1707        0.21199
1707       0.310037
1707        1.66736
1707       0.756247
1707        3.20814
1707        6.04008
1707        4.27641
1707        3.86614
1707       0.984617
1707        4.27556
1707        2.91346
1707       0.135273
1707        4.63408
1707        5.68502
1707        4.99631
1707        4.28334
1707        1.43874
1707        1.82194
1707        5.63237
1707        4.78493
1707        3.29081
1707         5.0216
1707        4.41391
1707       0.734915
1707        6.10175
1707        1.21928
1707        2.42013
1707        2.85423
1707        3.52334
1707        1.57786
1707       0.445529
1707       0.379759
1707        4.28164
1707        2.34735
1707        3.25379
1707       0.559787
1707         4.3995
1707        3.12399
1707        4.63884
1707        1.15115
1707       0.209547
1707        5.64252
1707        5.90669
1707        1.72098
1707        6.24249
1707         5.9806
1707        3.40733
1707         5.2936
1707        4.36768
1707        1.39372
1707        3.48932
1707        5.11824
1707        4.90189
1707      0.0939854
1707        4.48612
1707        1.73986
1707        5.26623
1707        3.10095
1707          2.874
1707         3.2288
1707        4.77989
1707        2.26796
1707        3.22398
1707         2.0346
1707        3.44371
1707        3.14242
1707        4.56604
1707         1.6045
1707        3.09114
1707        3.50979
1707        3.53347
1707        1.76277
1707        3.57599
1707        2.95778
1707        5.66416
1707        4.45304
1707       0.832022
1707        3.07111
1707        0.41858
1707        5.72827
1707         4.0003
1707        3.40164
1707        6.14699
1707        3.09802
1707       0.213061
1707        2.72499
1707        2.96089
1707       0.312252
1707      0.0972845
1707        3.94862
1707       0.764354
1707        0.61495
1707         3.7682
1707         2.6003
1707         6.2164
1707        1.21923
1707        5.75365
1707        3.54355
1707       0.263178
1707        3.95066
1707          3.152
1707        4.46506
1707        5.59098
1707         3.0246
1707        5.26215
1707        0.23627
1707         6.2246
1707        3.40216
1707       0.633377
1707        2.59038
1707       0.420337
1707        6.26678
1707        1.31538
1707        2.05324
1707        1.48403
1707        1.44231
1707       0.921472
1707        1.01021
1707         4.1466
1707       0.767128
1707         2.2501
1707       0.661048
1707        2.21935
1707        5.95364
1707        2.81596
1707        5.89103
1707       0.549708
1707       0.914628
1707        3.10377
1707        2.90241
1707        2.24968
1707        1.70892
1707       0.336911
1707         3.9286
1707         4.8778
1707        5.57305
1707        2.48373
1707        5.57431
1707        1.70357
1707        3.17654
1707         6.1379
1707        3.29413
1707        1.68518
1707        6.04097
1707        5.75684
1707        3.35129
1707        0.66982
1707        4.84602
1707        5.72582
1707        1.77149
1707        6.21145
1707        5.60322
1707       0.475364
1707        3.57385
1707        2.20991
1707       0.372803
1707        3.37423
1707       0.119115
1707        1.51527
1707        3.91609
1707        6.06946
1707        1.48891
1707       0.499482
1707        4.41973
1707        6.18388
1707        1.24989
1707        3.45285
1707        3.78363
1707        2.59372
1707        1.62401
1707       0.857278
1707        1.83577
1707        6.02021
1707        4.41678
1707        3.91787
1707        1.77855
1707       0.587114
1707       0.544519
1707       0.758388
1707        6.07099
1707        2.50541
1707        2.48017
1707        3.19739
1707        3.61941
1707       0.065233
1707        2.59785
1707        4.20711
1707        1.60068
1707        6.19259
1707        2.03346
1707        1.86968
1707       0.324708
1707        3.95827
1707        3.10043
1707        5.18524
1707        2.17684
1707         3.5361
1707        2.72787
1707        4.91517
1707        5.86805
1707        3.13346
1707        5.94506
1707        3.88862
1707        5.20227
1707        4.17561
1707        3.23902
1707        4.30731
1707      0.0820985
1707        2.40699
1707        4.37485
1707        1.32983
1707         6.0522
1707        1.01012
1707         5.4925
1707        3.25324
1707        3.04307
1707       0.557072
1707        5.95384
1707        2.85329
1707        2.54927
1707        5.05498
1707        3.37462
1707        3.14041
1707        3.24717
1707        5.73877
1707        4.51236
1707         3.5309
1707        2.33211
1707        5.99997
1707        2.82687
1707        5.75017
1707      0.0714798
1707        5.95741
1707        2.56091
1707        6.03525
1707        5.03338
1707        3.08998
1707        4.06294
1707        5.25375
1707        0.39681
1707       0.581548
1707        3.91394
1707        5.06074
1707        1.56164
1707        1.08065
1707        2.79784
1707       0.300713
1707        3.27432
1707        5.59297
1707        5.02083
1707        2.62866
1707         2.3599
1707        2.77806
1707        2.59217
1707        5.58561
1707        3.29814
1707        4.15181
1707        3.65091
1707        3.27339
1707       0.379966
1707       0.337437
1707       0.745969
1707        2.48838
1707        5.27828
1707        1.94556
1707       0.597688
1707        4.91983
1707        3.02915
1707        4.89724
1707       0.881979
1707        2.64021
1707        0.52844
1707        5.45975
1707        0.46799
1707        6.02858
1707        3.79827
1707       0.442958
1707        3.10193
1707        2.67525
1707        2.62028
1707        3.43505
1707        3.37472
1707        2.84856
1707        2.53722
1707       0.913785
1707        5.85787
1707        1.55853
1707        2.61331
1707        3.56867
1707        6.09415
1707       0.972195
1707        5.10389
1707        5.80536
1707        6.05695
1707       0.149808
1707        5.92992
1707        2.90665
1707        4.88541
1707        2.62757
1707        1.14082
1707       0.363851
1707       0.750037
1707       0.701491
1707        5.69125
1707        1.73195
1707        3.15677
1707        2.44805
1707        5.75518
1707        6.18957
1707        1.12322
1707        3.45867
1707        5.61943
1707        3.57589
1707        2.23573
1707        2.71191
1707        3.04157
1707        2.20472
1707        0.34159
1707       0.160323
1707         2.8847
1707        6.19923
1707        4.25457
1707        2.64743
1707        4.99665
1707        2.69211
1707        5.89662
1707     0.00439831
1707        6.21121
1707        5.93719
1707        4.46078
1707        3.51176
1707        3.91347
1707        3.39118
1707        3.98743
1707        2.08865
1707        1.14399
1707       0.153991
1707       0.494862
1707        3.90595
1707       0.887372
1707        2.27451
1707        6.09952
1707        4.62555
1707         3.4139
1707        3.97239
1707        4.71873
1707        3.66107
1707        1.09894
1707       0.337298
1707        1.45447
1707        4.45394
1707        2.90634
1707      0.0746237
1707        3.72686
1707        1.98873
1707        1.64194
1707        3.35117
1707        4.98931
1707        2.95016
1707        1.07871
1707        1.41664
1707        2.97939
1707        5.01571
1707        5.86129
1707        1.61394
1707       0.872226
1707        3.09845
1707        4.18055
1707        5.42832
1707        2.63585
1707         3.8178
1707        3.88352
1707        3.01978
1707        1.77647
1707        1.75438
1707        5.35539
1707        2.03938
1707        3.45589
1707        3.86663
1707        1.19935
1707        4.39031
1707        5.93757
1707        5.79555
1707        3.73834
1707        4.51612
1707        4.10667
1707        4.92331
1707        2.67007
1707        5.84927
1707        0.12265
1707         2.5218
1707        4.66451
1707        1.76369
1707        5.68775
1707        2.56738
1707        5.99127
1707       0.401161
1707        2.00663
1707       0.416704
1707        1.02854
1707       0.482112
1707        3.41912
1707        6.21923
1707        3.83008
1707        2.61727
1707        4.00641
1707        1.66628
1707        5.86345
1707        3.08505
1707        1.02667
1707        5.45333
1707        3.43825
1707        1.15347
1707        2.21665
1707        2.62324
1707        2.93335
1707        2.65471
1707        2.71118
1707       0.358466
1707        1.08063
1707       0.330083
1707        3.52535
1707         5.7803
1707        3.07905
1707        5.36272
1707        1.21362
1707        4.19955
1707        5.33491
1707        1.50304
1707       0.244057
1707        3.66092
1707         2.0336
1707        6.20222
1707       0.927657
1707        3.37843
1707        2.71508
1707        5.13439
1707        4.93099
1707       0.928111
1707        2.85866
1707       0.939422
1707        2.73582
1707        2.91761
1707        1.60563
1707        1.04905
1707         3.5899
1707        5.98643
1707        1.25871
1707        2.46124
1707        1.06595
1707       0.759646
1707        1.83578
1707        1.38741
1707        1.57164
1707        3.07595
1707        5.68959
1707         5.1075
1707        6.23126
1707        3.58586
1707        2.59182
1707        3.30994
1707        3.11605
1707        5.17754
1707       0.184637
1707       0.738794
1707        5.12385
1707        2.53026
1707        5.16032
1707      0.0984472
1707        3.10462
1707        4.13162
1707        4.83007
1707        2.50842
1707        1.31631
1707        3.34433
1707         3.3812
1707        3.60269
1707        4.05545
1707        3.53015
1707      0.0449651
1707        5.69989
1707        1.02492
1707        2.22345
1707        6.26836
1707        2.21658
1707        5.52239
1707        6.07766
1707        4.55382
1707        2.39505
1707        0.46056
1707      0.0531565
1707        4.73913
1707        2.30005
1707        3.58886
1707        3.34641
1707        5.80525
1707        2.74008
1707        2.76115
1707        2.39723
1707        4.79028
1707        5.04012
1707       0.363078
1707        2.79267
1707        5.13285
1707       0.216145
1707        4.50668
1707        3.70362
1707         2.9551
1707         2.7734
1707       0.221731
1707        4.07666
1707        4.13093
1707        5.98005
1707        5.64485
1707        4.10617
1707        4.32329
1707       0.292366
1707        3.40201
1707       0.698039
1707        3.18454
1707        2.10106
1707        1.46785
1707        4.04366
1707        5.02291
1707        2.72942
1707        2.09922
1707        6.23157
1707        3.31289
1707       0.639012
1707        2.49682
1707        2.35673
1707        3.52333
1707        4.12795
1707       0.605047
1707        3.13029
1707        4.71226
1707        5.98964
1707        3.36289
1707      0.0465408
1707          5.045
1707        5.31501
1707       0.196474
1707        5.94256
1707        3.16932
1707        5.13374
1707       0.836683
1707        2.33138
1707       0.500829
1707      0.0764355
1707       0.614143
1707        6.20967
1707        4.24294
1707       0.321996
1707        1.63195
1707        5.51786
1707        2.91639
1707        2.52539
1707        6.22819
1707        1.94813
1707        4.60679
1707        3.99953
1707        3.03665
1707        3.00185
1707        6.07305
1707        2.64372
1707        2.78812
1707        5.82047
1707        1.20646
1707        6.17232
1707        0.16582
1707        2.43708
1707        2.75598
1707        3.16055
1707        3.67926
1707        4.03267
1707        2.36989
1707        4.58528
1707       0.808002
1707        5.33455
1707        4.64173
1707        3.70088
1707        5.41014
1707         3.0963
1707        6.10787
1707        4.69947
1707        2.05289
1707        4.74263
1707        3.94764
1707        1.03371
1707        3.97296
1707        5.87918
1707        1.03217
1707         2.6845
1707        5.30854
1707       0.311836
1707        2.23706
1707       0.614028
1707        4.24589
1707        2.27694
1707        4.24352
1707        4.60617
1707        5.00114
1707        5.95238
1707       0.581962
1707        3.78937
1707        3.67821
1707        4.91429
1707        6.05997
1707        1.61266
1707        2.82058
1707        3.53073
1707         4.6972
1707        2.73089
1707        3.36117
1707        5.97165
1707        3.39304
1707       0.381006
1707        3.75775
1707        1.01086
1707         5.9023
1707        2.30064
1707        1.04244
1707       0.570053
1707       0.778533
1707        6.09591
1707        2.16435
1707        2.77926
1707        3.12541
1707        1.38854
1707       0.709468
1707        3.60812
1707        6.27473
1707        1.03368
1707        5.56203
1707        5.84189
1707        4.51305
1707         2.6387
1707       0.179383
1707        4.90493
1707        3.72845
1707        1.28907
1707        1.57174
1707        6.02359
1707        0.20186
1707        2.13075
1707       0.171461
1707        5.77459
1707        6.01183
1707        3.71212
1707      0.0675548
1707        6.18904
1707        3.02571
1707       0.791436
1707        3.45443
1707        5.22063
1707         5.8706
1707        5.34973
1707        3.31853
1707        3.16231
1707         3.8815
1707        2.02822
1707        3.27824
1707       0.349398
1707        5.73087
1707         4.8942
1707        3.40468
1707        3.00014
1707        2.10694
1707       0.416428
1707      0.0387877
1707        3.53344
1707        3.18146
1707        2.91915
1707         2.4516
1707        4.25014
1707        3.05874
1707         6.0632
1707      0.0988229
1707        5.94355
1707        2.76428
1707        3.47068
1707        4.35624
1707        1.32651
1707          3.234
1707         5.0274
1707       0.631063
1707        3.03596
1707        1.30002
1707        5.72383
1707        3.58611
1707        3.79371
1707       0.980727
1707       0.613977
1707       0.087716
1707        3.83408
1707        3.48601
1707        5.29349
1707        1.48379
1707        4.39362
1707        5.84856
1707        3.14199
1707        3.03831
1707       0.849376
1707        3.26699
1707        6.21386
1707        1.26317
1707        5.76759
1707        5.66423
1707        3.70315
1707        5.66862
1707       0.566225
1707        1.16464
1707        2.77765
1707        2.23568
1707         2.8862
1707      0.0283583
1707        3.89444
1707        2.67096
1707      0.0288936
1707        6.00892
1707        6.21517
1707        4.54321
1707       0.119965
1707        3.55486
1707        1.53756
1707       0.151807
1707        3.66097
1707        3.48763
1707        5.78275
1707       0.110382
1707        4.50819
1707        1.69773
1707       0.234963
1707        2.85575
1707        4.77284
1707        1.82579
1707       0.829401
1707        4.62279
1707       0.594703
1707         6.0455
1707        3.90036
1707        2.24569
1707        5.87674
1707        5.81638
1707        5.61704
1707        1.52468
1707        4.37463
1707        5.44776
1707        6.23054
1707       0.828387
1707       0.489302
1707       0.337166
1707        5.34924
1707         6.2268
1707        5.45616
1707       0.227878
1707        3.23189
1707        5.36519
1707        3.91759
1707        2.57761
1707        6.08334
1707         3.6638
1707        4.71084
1707        6.02131
1707        5.80767
1707         2.0433
1707        6.07907
1707        4.83054
1707         1.8434
1707        3.20343
1707        5.54451
1707        5.05073
1707         5.5935
1707         2.0421
1707        2.79813
1707       0.691816
1707        2.18081
1707        4.40869
1707       0.026407
1707       0.682413
1707        3.00925
1707        5.13846
1707        2.01827
1707        5.16622
1707        4.10083
1707        1.35459
1707        6.06555
1707        1.69118
1707        3.48836
1707        3.22281
1707        3.44037
1707       0.237288
1707        1.35471
1707        6.27387
1707        3.21542
1707      0.0583998
1707        3.57063
1707        2.46305
1707        6.01196
1707        4.41222
1707       0.377146
1707        3.83842
1707        1.91607
1707        2.08674
1707        5.86383
1707       0.081888
1707        4.98758
1707        3.47867
1707        2.01191
1707          3.543
1707        5.07667
1707        3.07376
1707        1.16945
1707        3.04558
1707        6.11993
1707        5.27302
1707        2.09828
1707       0.634545
1707         3.1928
1707       0.939523
1707        5.68202
1707        1.07959
1707        3.95958
1707        1.05587
1707        1.76279
1707        1.32811
1707        5.91118
1707       0.533363
1707         2.9575
1707         5.9717
1707       0.559016
1707       0.298695
1707        3.21694
1707        3.97625
1707        3.52592
1707        6.09112
1707        5.67823
1707        5.16841
1707        3.20034
1707        5.91838
1707        3.44957
1707        5.53096
1707        1.07054
1707       0.230225
1707         0.7769
1707        2.79987
1707        3.44829
1707       0.414175
1707        3.66845
1707        6.00879
1707        4.25061
1707        2.81812
1707        2.32651
1707        2.69867
1707       0.299251
1707        3.94901
1707        3.52957
1707        5.92347
1707        2.88678
1707       0.863169
1707        3.50558
1707      0.0624569
1707        1.62483
1707         4.1591
1707        4.50707
1707        3.63499
1707        4.22432
1707         5.4661
1707       0.867578
1707        5.51568
1707        3.90538
1707        3.38596
1707        2.21993
1707        0.83091
1707         2.7884
1707        2.65482
1707         2.6414
1707        4.23858
1707        2.37415
1707        5.29118
1707        4.62985
1707        4.18484
1707        5.22911
1707        3.29395
1707        4.70343
1707        4.26623
1707        3.95089
1707         5.7477
1707        2.79944
1707       0.614075
1707        2.91245
1707        2.09186
1707        5.64638
1707       0.850161
1707       0.711303
1707       0.707319
1707        6.18042
1707        2.06652
1707        2.38146
1707        2.86922
1707        3.35244
1707        3.91885
1707        1.80859
1707        4.60827
1707        4.42563
1707        5.05825
1707        6.23518
1707        2.78681
1707        5.67404
1707       0.285598
1707        2.48343
1707        1.87874
1707        2.29475
1707         3.0467
1707        2.51736
1707        5.89787
1707        3.05712
1707        2.53011
1707        3.31253
1707         1.8005
1707        4.66879
1707        3.33276
1707        5.42735
1707        2.74296
1707        4.35991
1707        4.68378
1707        4.87245
1707        3.47059
1707        3.86543
1707        2.55621
1707        4.97437
1707        6.00091
1707        2.22808
1707        4.53091
1707       0.480539
1707        2.52582
1707        4.72094
1707        5.96167
1707       0.521828
1707       0.722882
1707        5.99928
1707       0.677592
1707      0.0156099
1707        1.65749
1707        2.81917
1707        2.58222
1707        4.38759
1707        2.23767
1707        6.06736
1707       0.396419
1707        3.33388
1707       0.180369
1707        1.56049
1707          6.095
1707        2.72967
1707        1.36216
1707        1.95841
1707        0.44934
1707        6.20163
1707        5.77453
1707        2.53403
1707        0.53977
1707      0.0239133
1707         4.0962
1707       0.998089
1707        2.92305
1707        3.41668
1707        2.11864
1707        3.75375
1707        2.67666
1707        3.37034
1707        5.97383
1707        5.47928
1707        3.47556
1707        2.33162
1707        6.06643
1707        2.86331
1707        2.25205
1707        4.80643
1707        3.64554
1707       0.513534
1707      0.0134169
1707        4.03668
1707        3.97241
1707        3.04213
1707        1.48154
1707        3.10871
1707        2.10874
1707        5.39585
1707        5.77441
1707        2.56727
1707        5.39224
1707        2.93606
1707        3.88757
1707        5.63265
1707        6.07527
1707       0.278563
1707        4.68712
1707        3.70318
1707        6.05344
1707        5.30588
1707        5.38402
1707        2.37808
1707        1.61462
1707        5.48975
1707        5.83193
1707        6.13888
1707        5.67832
1707        5.70659
1707      0.0691774
1707        3.12339
1707        4.56399
1707       0.416049
1707        5.97952
1707        3.92763
1707       0.673238
1707        0.88365
1707        3.50466
1707        5.20996
1707        5.85809
1707        2.91572
1707        3.11411
1707       0.623878
1707       0.678062
1707       0.315842
1707        1.04384
1707        3.88214
1707        3.20402
1707        5.11155
1707        0.18218
1707        3.55456
1707        5.12727
1707        4.92225
1707        1.35289
1707        3.41734
1707        4.35995
1707        3.54141
1707       0.103436
1707        3.15143
1707        2.37378
1707        2.89424
1707        2.88905
1707        4.53847
1707        5.60721
1707        3.91491
1707      0.0356802
1707        2.59257
1707        1.96223
1707        3.51183
1707         2.0652
1707        4.05811
1707        5.69934
1707        0.75597
1707        5.14906
1707        6.15388
1707        4.36587
1707        5.43591
1707        2.57294
1707        5.28405
1707        5.94097
1707        3.13534
1707        3.81095
1707        2.02696
1707        1.28074
1707        5.03979
1707        3.46084
1707        2.94828
1707         2.0946
1707        5.20626
1707        1.08913
1707         6.0221
1707        4.59808
1707        1.17794
1707         4.6042
1707       0.531489
1707        2.41687
1707        6.19329
1707        3.14399
1707        3.20415
1707        2.96989
1707        3.43198
1707        3.94506
1707        1.39823
1707        3.84827
1707        2.28412
1707       0.805535
1707        1.93577
1707        1.03904
1707        5.59014
1707        4.07784
1707        5.07676
1707        2.66526
1707        2.22831
1707        4.71335
1707        6.21174
1707        3.35731
1707        2.72969
1707        2.45591
1707        3.36521
1707       0.773998
1707        1.67485
1707       0.302721
1707        5.61245
1707        6.23774
1707        4.08611
1707       0.825176
1707       0.915082
1707        5.99962
1707        3.58111
1707        5.89275
1707       0.710481
1707        4.43506
1707       0.586971
1707        5.65598
1707        2.39999
1707       0.279809
1707        3.66682
1707        1.07517
1707        6.16288
1707        5.72701
1707       0.715077
1707        2.36537
1707        6.07907
1707        1.58023
1707         2.1911
1707       0.418842
1707       0.130384
1707        1.12511
1707        3.02428
1707        2.92488
1707        5.04605
1707        4.56886
1707         2.4133
1707         2.4197
1707        5.17189
1707        3.49264
1707        2.56299
1707       0.848709
1707       0.563708
1707       0.699884
1707        1.37343
1707        4.15433
1707        5.63847
1707        3.84519
1707       0.341111
1707        4.62371
1707        6.02036
1707       0.797559
1707        4.99082
1707        2.32556
1707        4.45434
1707        5.90771
1707        5.86818
1707        0.96176
1707        2.54866
1707        2.62743
1707        2.26675
1707        6.23073
1707        6.23213
1707        4.12998
1707        2.98621
1707        3.69251
1707        3.20388
1707        2.81494
1707       0.809171
1707        4.23607
1707        1.41383
1707        3.51541
1707        5.41706
1707        4.01239
1707        4.08937
1707        3.02385
1707        2.65481
1707        3.33984
1707        3.75304
1707        5.86556
1707         2.2731
1707        3.66027
1707        4.95172
1707        4.34639
1707        5.60819
1707       0.101768
1707         4.8379
1707       0.331784
1707        5.48473
1707        4.06363
1707        4.00177
1707        2.36265
1707        5.42459
1707        5.56085
1707        2.85183
1707        2.33355
1707        2.95611
1707         4.5576
1707        5.37484
1707        3.67482
1707        5.78118
1707        6.20674
1707        3.09965
1707        0.24032
1707        2.58754
1707        2.87054
1707        1.39052
1707           1.55
1707         1.3017
1707       0.774454
1707        4.59741
1707         3.9864
1707        5.02111
1707       0.521588
1707      0.0702171
1707        5.25344
1707        0.92562
1707      0.0881848
1707        5.45851
1707        1.68291
1707        6.04766
1707        2.82845
1707        5.82588
1707        0.37097
1707        4.40211
1707        5.33033
1707        5.36006
1707         2.3978
1707        2.12263
1707        3.48757
1707        4.24839
1707        5.14875
1707        1.12094
1707        4.01891
1707        4.33596
1707         1.1679
1707        2.50691
1707        2.23357
1707        2.68767
1707        5.78721
1707        1.18632
1707       0.401184
1707       0.772964
1707        1.07835
1707          2.902
1707        5.74951
1707        1.90329
1707        6.22823
1707        3.63812
1707        6.10432
1707        4.10271
1707        2.58244
1707        5.70809
1707        5.98176
1707        2.85934
1707        6.20573
1707        4.43661
1707        2.21619
1707        4.42913
1707        4.08847
1707         3.3197
1707        1.17326
1707        5.95975
1707        6.05989
1707        5.41056
1707        1.89335
1707        4.61927
1707        3.10892
1707       0.293167
1707        3.24104
1707        2.07076
1707        6.23966
1707       0.710123
1707        4.62279
1707        2.48215
1707        1.10344
1707        4.90502
1707        2.29244
1707       0.805154
1707        3.20033
1707        1.85012
1707       0.868205
1707        3.14304
1707        1.42606
1707         3.8286
1707       0.199452
1707        3.65738
1707        3.41826
1707        1.52149
1707        4.57051
1707        2.00294
1707          2.237
1707        6.14524
1707        1.27638
1707        1.08705
1707        3.54948
1707        2.28018
1707        5.86967
1707        2.57252
1707        4.70706
1707        2.95171
1707       0.579872
1707        5.62195
1707        5.23855
1707        1.59158
1707        6.20659
1707        4.54487
1707        6.13189
1707        6.00189
1707        3.50591
1707        5.08227
1707        5.45762
1707        1.11457
1707        5.48151
1707        6.18047
1707       0.290048
1707        4.85022
1707        3.62792
1707        2.46633
1707        4.00782
1707        1.47548
1707        3.21657
1707       0.228735
1707        5.50909
1707        1.83063
1707        2.68783
1707        1.49752
1707        5.51074
1707       0.392183
1707        6.12727
1707          3.899
1707         4.3461
1707       0.237894
1707        6.01974
1707       0.730868
1707        3.68872
1707        2.12012
1707        5.48046
1707        1.93787
1707        2.77465
1707       0.898547
1707        1.02334
1707        5.86881
1707       0.760773
1707        1.87195
1707        3.36754
1707       0.289747
1707        4.65626
1707        1.12231
1707       0.354203
1707       0.899965
1707        3.11231
1707       0.537776
1707        3.23632
1707        5.93072
1707        5.05338
1707        2.97734
1707        1.61297
1707        3.93601
1707        1.08121
1707        5.42772
1707        5.70599
1707       0.353758
1707        3.66027
1707        1.12834
1707        5.77896
1707       0.138103
1707         5.4928
1707        2.28135
1707        4.60871
1707        5.14916
1707        3.50816
1707        1.40611
1707      0.0734868
1707        3.70526
1707        4.41666
1707     0.00341043
1707        2.52681
1707        0.13207
1707        2.98814
1707        1.21534
1707       0.120326
1707       0.390357
1707        5.39289
1707      0.0289056
1707        2.00225
1707        1.54345
1707         5.4045
1707        4.25758
1707        5.95578
1707        4.28032
1707       0.244492
1707        1.33099
1707        4.57395
1707        6.21725
1707        4.15824
1707        4.76429
1707        5.29046
1707         1.4897
1707       0.151041
1707        4.42404
1707         1.3049
1707        3.58182
1707        3.72573
1707        4.46274
1707        4.86821
1707      0.0919735
1707        2.67394
1707        1.95661
1707        2.59495
1707        3.55313
1707        4.17102
1707        3.60368
1707        3.50626
1707         3.3773
1707        5.55357
1707        3.66025
1707        1.92256
1707        2.85012
1707        6.16379
1707       0.832134
1707        3.04481
1707         3.8827
1707       0.388229
1707        4.86832
1707        4.99807
1707        1.11916
1707       0.204959
1707        5.85122
1707         0.7788
1707        2.55929
1707        3.10435
1707         3.2955
1707        3.03575
1707       0.337778
1707        1.95153
1707       0.501213
1707        4.72342
1707        5.74652
1707         5.5727
1707        2.56894
1707        2.68129
1707        4.88249
1707        1.43302
1707         1.3411
1707       0.447008
1707        5.13849
1707       0.180602
1707        2.56397
1707          3.726
1707         5.9308
1707     0.00429088
1707       0.238574
1707      0.0406356
1707        5.47799
1707         3.9876
1707        5.97991
1707        5.59001
1707       0.372073
1707        2.02614
1707        0.72183
1707        3.52875
1707       0.911188
1707        4.08686
1707        3.29627
1707        4.30389
1707       0.936635
1707        6.07288
1707        5.72801
1707        5.03708
1707        2.69348
1707       0.502043
1707        4.02745
1707        2.56052
1707        2.74278
1707        1.72028
1707       0.513404
1707       0.265136
1707        0.13279
1707       0.780385
1707        3.79531
1707        2.68536
1707        2.81978
1707         2.3303
1707        1.78527
1707        2.99772
1707        5.59667
1707        5.64777
1707        2.37149
1707      0.0915539
1707        4.28864
1707        3.74977
1707        2.43672
1707        2.88376
1707        3.75374
1707       0.660632
1707        1.50296
1707        3.01442
1707        6.02033
1707        5.88717
1707        3.32187
1707        3.51022
1707        2.97369
1707        4.22706
1707       0.379401
1707        2.03629
1707        2.48049
1707        1.72991
1707       0.471703
1707        3.38712
1707        5.91736
1707         5.7713
1707        3.60072
1707       0.101417
1707        4.15251
1707       0.241005
1707        6.17999
1707        5.98847
1707       0.548674
1707        2.95744
1707        2.70663
1707        6.24021
1707       0.225427
1707         3.2571
1707        2.41355
1707        5.74709
1707        1.72921
1707        1.75783
1707        3.58284
1707        3.58499
1707        3.67184
1707        5.02062
1707        5.72854
1707        2.32545
1707      0.0378973
1707        5.82789
1707         2.6861
1707        1.99886
1707       0.230644
1707       0.418586
1707         1.8262
1707       0.869367
1707        1.94265
1707        5.24244
1707       0.257128
1707        5.94606
1707        4.35156
1707       0.431194
1707        1.89347
1707         3.3504
1707        1.27732
1707       0.228088
1707          4.007
1707       0.464943
1707        3.29859
1707        2.36788
1707        5.16326
1707        2.61759
1707          2.288
1707        3.23557
1707        2.57092
1707        2.32903
1707        2.36012
1707        4.26875
1707        3.96552
1707        5.71349
1707        2.22919
1707         5.0364
1707        4.04138
1707        4.54855
1707        5.39777
1707        3.21986
1707        3.49715
1707        1.50865
1707        5.75756
1707        6.22011
1707        2.98432
1707       0.234771
1707         1.9733
1707       0.359578
1707       0.335236
1707         5.2625
1707       0.925609
1707        4.06117
1707        3.50888
1707        4.24604
1707       0.922484
1707        3.74084
1707        2.74962
1707        6.21164
1707        2.23178
1707        4.26126
1707        2.68654
1707        6.04875
1707        6.16537
1707        5.26412
1707        6.17819
1707        1.72143
1707         5.6457
1707        5.42538
1707       0.128797
1707      0.0872831
1707         2.2067
1707        3.29514
1707       0.261555
1707       0.814601
1707        4.98839
1707        4.58864
1707       0.210737
1707        4.92506
1707        1.10027
1707         5.9445
1707        1.72052
1707        3.29249
1707        2.05121
1707        2.80749
1707        3.02912
1707         1.4165
1707        5.39642
1707        2.11653
1707        1.15919
1707        4.67978
1707        2.92113
1707        5.25338
1707       0.955133
1707      0.0131009
1707        3.04601
1707        5.19588
1707        4.71462
1707        1.65212
1707        6.12129
1707       0.185677
1707       0.976189
1707        5.47153
1707        2.92793
1707        5.61926
1707        1.70964
1707        4.05293
1707        3.34441
1707        3.44191
1707       0.177992
1707         2.4382
1707        1.53936
1707         4.9237
1707       0.448262
1707        4.77522
1707        4.54972
1707         1.7091
1707        4.45265
1707        5.13382
1707        2.25832
1707        1.82035
1707         2.0763
1707        3.73499
1707        6.07062
1707        6.18804
1707       0.162512
1707        4.12932
1707        6.24017
1707        2.95452
1707        5.97101
1707        2.06011
1707        3.53274
1707        1.79369
1707        4.96851
1707        4.38409
1707        2.36386
1707        4.25159
1707        6.01308
1707       0.168637
1707        3.92393
1707        3.36526
1707        1.45862
1707        2.50133
1707        3.81246
1707       0.925982
1707        4.41807
1707        1.78546
1707       0.446502
1707       0.586039
1707       0.918541
1707        3.29122
1707       0.185328
1707        6.27488
1707        2.70644
1707       0.175967
1707         2.7092
1707        3.19094
1707        4.21478
1707        2.98489
1707       0.746456
1707       0.165305
1707        1.73392
1707        4.77461
1707        4.05151
1707        5.19867
1707       0.406025
1707        5.76218
1707        1.92516
1707        4.56558
1707         6.2268
1707        2.77028
1707        1.87199
1707      0.0372167
1707        6.13905
1707        1.54205
1707       0.683479
1707       0.657007
1707         2.2252
1707       0.858777
1707        1.72618
1707         3.5444
1707        2.98948
1707        5.56479
1707        2.11861
1707        2.68052
1707        2.16087
1707        1.22011
1707        1.67016
1707        1.06907
1707        5.70925
1707        6.13903
1707       0.900552
1707        5.99082
1707         2.2033
1707         0.3855
1707       0.388996
1707      0.0639586
1707       0.315046
1707       0.724914
1707        1.40545
1707        2.77081
1707        3.75113
1707         3.0701
1707       0.376933
1707        2.97049
1707        3.16429
1707        5.19796
1707        1.10213
1707        4.26835
1707        4.63483
1707        6.08346
1707        2.67569
1707        1.51501
1707        3.38556
1707       0.440116
1707       0.174196
1707        2.38673
1707        2.21094
1707        2.85997
1707        1.35969
1707        2.48191
1707        4.33387
1707        5.25609
1707        3.06499
1707        5.15522
1707         2.8401
1707        4.91843
1707        3.75657
1707        3.16763
1707        2.06376
1707        5.65613
1707         5.9639
1707        4.95225
1707        5.54355
1707         5.6714
1707        5.46135
1707       0.195578
1707        4.15402
1707        4.96181
1707        2.61841
1707         2.4298
1707        3.39541
1707       0.201204
1707        2.51353
1707        1.23157
1707       0.553463
1707        3.25562
1707        2.28749
1707         3.6824
1707        5.16148
1707        3.47803
1707        3.11258
1707        2.08155
1707        2.97216
1707        0.56312
1707        4.34388
1707        3.28159
1707       0.172056
1707       0.393093
1707        4.98153
1707        2.53437
1707        1.48505
1707        5.24497
1707        4.24171
1707        5.21412
1707        3.58537
1707      0.0465856
1707       0.789996
1707        0.96721
1707         5.4137
1707        4.73201
1707        3.48282
1707        5.84326
1707        3.89656
1707      0.0935076
1707        6.05465
1707       0.292445
1707       0.508942
1707         5.5634
1707        3.66725
1707        2.73295
1707        3.00851
1707        3.68613
1707        6.26952
1707        1.50461
1707        5.57293
1707        6.04953
1707        4.66528
1707        2.29006
1707       0.132011
1707         5.6678
1707       0.812636
1707        2.47305
1707       0.754392
1707        6.26435
1707       0.567086
1707        5.58526
1707         2.0267
1707        5.86975
1707        5.06212
1707         3.3476
1707       0.317538
1707        6.11736
1707        4.64777
1707        2.63359
1707      0.0834208
1707        1.87222
1707        3.67175
1707        5.03978
1707        2.90245
1707        3.47722
1707        6.10474
1707        3.05928
1707        1.61081
1707        2.78756
1707        1.32453
1707        0.17655
1707       0.869918
1707        4.03195
1707        2.86457
1707        2.52518
1707        3.32772
1707       0.949907
1707        1.73676
1707        3.38333
1707        3.50397
1707        6.11014
1707        5.30266
1707        6.09366
1707        0.12225
1707        3.70558
1707         1.0873
1707        1.33145
1707        5.70062
1707        3.03161
1707        2.56325
1707        4.49987
1707       0.288725
1707       0.575095
1707        4.98876
1707        4.85174
1707        1.97413
1707       0.212989
1707        2.60354
1707        5.07472
1707       0.737226
1707        2.74819
1707        1.68524
1707        3.52401
1707        0.74118
1707        4.22067
1707        0.42303
1707        2.88773
1707        2.30126
1707        6.14602
1707         5.4968
1707        4.23787
1707        1.30083
1707        2.92356
1707        5.26394
1707        3.08427
1707        5.36062
1707        0.51731
1707        5.71866
1707        6.01955
1707        2.21432
1707        5.99491
1707        6.20953
1707         2.7766
1707        3.15696
1707        2.15694
1707        1.25918
1707        2.71311
1707        5.58233
1707       0.905971
1707        5.74355
1707        1.02292
1707       0.935434
1707       0.781397
1707         1.5896
1707        4.29574
1707         5.1473
1707        3.79424
1707        4.99439
1707        1.63224
1707        1.90513
1707         2.5343
1707        4.52651
1707        5.42903
1707        3.16076
1707        5.94012
1707       0.355193
1707        2.71451
1707        1.38223
1707       0.811922
1707        6.06994
1707        0.60168
1707        5.50289
1707        4.40774
1707        5.31802
1707        4.38964
1707        5.32677
1707        2.63862
1707        3.19283
1707        3.57044
1707       0.850866
1707        5.93275
1707        0.82292
1707        6.09141
1707        3.46714
1707        2.60281
1707       0.253009
1707        2.41547
1707       0.449344
1707        5.97458
1707        6.09426
1707        3.63821
1707        4.94556
1707        2.84998
1707        3.96802
1707        2.69187
1707        2.70313
1707        0.28722
1707        6.25539
1707        3.12845
1707         4.2395
1707        3.69087
1707        2.14668
1707        3.51939
1707        5.48195
1707        1.47235
1707       0.782741
1707        5.97595
1707       0.675175
1707        3.18315
1707        1.56337
1707        6.08114
1707       0.097942
1707        1.25804
1707        3.90614
1707        3.20945
1707        5.98033
1707       0.915849
1707        4.01573
1707        3.49018
1707        5.16108
1707        3.25411
1707        5.76076
1707         6.0668
1707       0.111522
1707        0.74846
1707       0.920674
1707        6.03384
1707        3.27628
1707        1.15621
1707        2.86046
1707         0.1848
1707        5.74342
1707         2.7837
1707        6.13113
1707        3.68726
1707        1.27883
1707        3.24191
1707        3.96007
1707        3.02914
1707        5.25998
1707         2.8846
1707        3.28862
1707        2.10724
1707       0.791697
1707        1.52608
1707        4.49606
1707        2.95599
1707        3.07838
