1050        2.31172
1050        1.70834
1050        3.45528
1050         3.5125
1050        4.30489
1050        1.76547
1050        6.07523
1050        2.80085
1050       0.965322
1050        2.85473
1050        3.32239
1050        4.95347
1050        5.99484
1050        5.69847
1050        4.29868
1050        4.50929
1050        2.88501
1050        5.79388
1050        1.06956
1050        2.49875
1050         6.0786
1050        2.13887
1050        2.68361
1050        3.85176
1050        5.83591
1050        2.70078
1050        1.53942
1050        5.73967
1050        2.40772
1050        4.05387
1050        4.12418
1050        3.25756
1050        3.81274
1050        0.83597
1050        3.61293
1050        1.46855
1050        5.80533
1050        5.44534
1050       0.906598
1050        2.89911
1050        4.16583
1050        4.20482
1050        3.15368
1050        2.42032
1050        4.45482
1050        5.86191
1050        6.00823
1050        4.93448
1050         3.4847
1050        4.16605
1050        1.15924
1050        3.18472
1050        4.19613
1050        2.36434
1050        5.89576
1050       0.827277
1050        5.87452
1050         6.2572
1050       0.394941
1050        3.91983
1050        3.26748
1050        2.56234
1050        5.90841
1050        1.93494
1050        4.13113
1050        4.20131
1050        5.82401
1050        5.99133
1050        5.43873
1050        4.51424
1050        4.97327
1050        5.87876
1050        3.00438
1050        4.02332
1050       0.909963
1050         3.4603
1050         5.7236
1050        2.40078
1050       0.942977
1050        2.60571
1050        3.23521
1050        2.58469
1050        4.54227
1050        4.18517
1050        4.37031
1050       0.814775
1050        5.73388
1050      0.0253405
1050       0.867593
1050        5.66156
1050        4.64235
1050        1.71234
1050        4.24883
1050        3.53138
1050        4.17517
1050       0.340231
1050        2.16918
1050        3.24752
1050        5.21411
1050        4.91855
1050        6.13668
1050       0.659648
1050         1.3526
1050        3.52586
1050        5.54947
1050        2.70125
1050        4.93895
1050        2.01754
1050        3.20149
1050        2.74738
1050        3.78633
1050        2.32133
1050       0.457386
1050        3.17917
1050        5.72656
1050       0.246451
1050        5.14344
1050     0.00050151
1050        3.71996
1050        5.19464
1050        2.66205
1050        4.40148
1050        3.66749
1050        1.72188
1050        3.40651
1050        3.20765
1050        3.85287
1050        4.86241
1050        5.28146
1050        6.05224
1050       0.890992
1050       0.273949
1050        4.95457
1050        2.03004
1050        4.64152
1050        1.88168
1050        3.85532
1050        4.42464
1050        3.70277
1050        3.81899
1050        3.17411
1050       0.612125
1050        5.75536
1050        2.41099
1050       0.822817
1050       0.236966
1050        4.09597
1050        5.91526
1050         4.5566
1050          5.444
1050        1.45367
1050         3.0027
1050        6.26747
1050        1.56815
1050        5.13679
1050       0.022727
1050        2.10919
1050       0.966104
1050        5.09304
1050        1.84786
1050        6.14235
1050        5.20102
1050       0.834233
1050        1.23571
1050        1.97276
1050        1.75292
1050       0.081269
1050       0.839499
1050          1.241
1050         1.9156
1050        4.46192
1050        2.18017
1050       0.492066
1050        6.12631
1050        6.13148
1050        1.89959
1050      0.0868856
1050        5.30904
1050        4.98787
1050        6.01281
1050       0.123198
1050        2.29623
1050        3.60087
1050        4.01792
1050        2.18671
1050        1.52468
1050        3.49021
1050        5.24482
1050       0.147756
1050        5.41667
1050        3.76501
1050        5.33968
1050        5.44543
1050        2.58664
1050        5.05982
1050        2.96541
1050        2.53291
1050        2.33406
1050       0.107192
1050        4.83292
1050        1.62185
1050        2.18258
1050        4.92105
1050        3.55095
1050        5.08842
1050        2.23365
1050        5.23743
1050       0.801803
1050        1.75791
1050        6.07096
1050        2.63369
1050        5.07957
1050      0.0234262
1050        3.13126
1050        4.34925
1050        5.81034
1050        3.45981
1050        1.70148
1050        2.38925
1050        5.70081
1050        2.88891
1050        5.95567
1050       0.239297
1050       0.256485
1050         3.1275
1050       0.560913
1050         4.9511
1050        5.92306
1050        5.10497
1050        6.03029
1050        1.77194
1050        3.43061
1050        5.23493
1050         5.8764
1050        2.60027
1050        3.78683
1050        1.19311
1050        5.54052
1050        6.09166
1050        4.69209
1050        5.45326
1050        6.05386
1050        2.59074
1050        3.60959
1050         4.1167
1050        4.48952
1050        1.78124
1050        4.52062
1050        4.26624
1050        3.19993
1050        1.36022
1050        6.21133
1050        5.89917
1050        3.53319
1050         4.6806
1050        1.73019
1050      0.0137087
1050        2.50214
1050        5.55947
1050        3.46734
1050       0.661268
1050        6.19262
1050        3.69582
1050        3.25181
1050        4.19892
1050        3.74159
1050        5.21064
1050        5.90583
1050        5.79983
1050        2.68237
1050        2.91281
1050       0.138976
1050        6.21762
1050        4.14317
1050        4.35421
1050        5.64666
1050        5.26492
1050        3.93516
1050        4.29741
1050         5.5598
1050        3.26897
1050        3.35941
1050       0.897364
1050        2.48798
1050        2.70322
1050        1.01739
1050        4.78389
1050       0.193639
1050        6.13021
1050        3.78273
1050         2.3653
1050        1.03254
1050        2.74945
1050        5.72956
1050        2.63751
1050        1.70826
1050         2.8944
1050        2.47459
1050        3.50721
1050        1.65177
1050        3.69427
1050        4.85734
1050        1.19359
1050        4.11662
1050        2.31476
1050        4.84517
1050       0.341488
1050        2.42561
1050        2.64557
1050       0.161549
1050        5.33419
1050        1.74761
1050        1.94599
1050       0.069537
1050        5.02283
1050        6.01203
1050        5.77432
1050        2.09322
1050        5.96899
1050      0.0848439
1050       0.399485
1050        4.11802
1050       0.489363
1050        5.96821
1050        2.11143
1050        2.02193
1050        5.19343
1050        6.23043
1050       0.232755
1050        4.01709
1050        2.36545
1050        1.87462
1050        3.20706
1050        5.92806
1050        5.26465
1050        5.68844
1050        1.68554
1050        5.77136
1050        4.04427
1050        5.73369
1050        1.94728
1050        0.35722
1050        5.35844
1050        4.21865
1050        2.99524
1050        5.74644
1050          3.516
1050        2.65906
1050        3.24158
1050        3.56887
1050        2.26549
1050        2.80748
1050       0.226322
1050        2.94659
1050        2.93275
1050        6.16558
1050        2.27894
1050        4.23604
1050        3.96555
1050        3.64805
1050        4.48429
1050        4.66096
1050        1.48173
1050        1.05379
1050        3.83918
1050        4.54648
1050         4.1469
1050        1.26704
1050        2.63567
1050        2.57975
1050        3.28221
1050        2.29594
1050        2.25032
1050         2.7872
1050        2.77173
1050       0.105743
1050        1.89174
1050        1.44002
1050        6.20632
1050      0.0436326
1050        5.96592
1050       0.103341
1050        5.80389
1050        2.51678
1050       0.750761
1050        5.75819
1050       0.631793
1050        2.02432
1050        1.77476
1050        2.93487
1050        0.18182
1050        3.64587
1050        1.63085
1050      0.0826952
1050        3.39773
1050        2.72362
1050        2.71229
1050       0.238812
1050        4.47115
1050        3.17223
1050        1.38122
1050       0.772146
1050        5.28434
1050        2.46336
1050        1.71223
1050        1.72772
1050         4.6234
1050        3.05951
1050        6.26632
1050        3.39288
1050        5.32305
1050        5.67217
1050        5.87548
1050        4.59687
1050        5.13308
1050        5.75404
1050        4.51506
1050       0.482465
1050        3.05127
1050        3.28297
1050        6.03347
1050        4.86261
1050        3.50977
1050        5.70539
1050        2.49428
1050        3.23067
1050       0.684797
1050        1.99613
1050        5.38411
1050        2.02895
1050        3.30961
1050        5.78297
1050        5.89441
1050        1.36517
1050         3.0753
1050        5.41449
1050         5.9987
1050        4.13938
1050         5.7194
1050       0.746872
1050         2.2918
1050        2.86695
1050        3.05705
1050        5.07263
1050        5.69646
1050        4.13973
1050       0.624871
1050         5.9081
1050       0.678691
1050        5.21727
1050        6.22906
1050       0.520898
1050        5.28783
1050        5.70847
1050        5.69469
1050        1.38052
1050       0.133221
1050       0.416041
1050       0.769217
1050       0.710304
1050        2.51389
1050        1.03572
1050        1.68563
1050         2.4864
1050        5.43299
1050        4.21768
1050          1.966
1050        2.45667
1050       0.837938
1050        3.09892
1050        6.07446
1050        1.66804
1050        2.71309
1050       0.428631
1050         3.9318
1050       0.592477
1050        5.69486
1050        2.93257
1050        3.84159
1050        3.24944
1050        4.32491
1050        3.03393
1050        4.63854
1050        2.14002
1050       0.411332
1050        4.81879
1050        5.75002
1050       0.298735
1050        1.89925
1050        3.07532
1050        4.93968
1050       0.629585
1050        3.35638
1050       0.277379
1050       0.275241
1050        2.98992
1050       0.633005
1050         3.0444
1050        5.05917
1050        3.74803
1050        4.07336
1050        2.51479
1050      0.0332948
1050        3.44085
1050       0.195316
1050        3.67904
1050       0.978918
1050           3.41
1050         5.9056
1050        3.61999
1050        1.04157
1050         2.2311
1050        1.14638
1050        6.09523
1050        2.18342
1050        4.98045
1050        6.08391
1050       0.179608
1050        5.20352
1050        4.09439
1050        0.57981
1050       0.730544
1050        1.90288
1050        1.66457
1050        1.60063
1050        4.09601
1050       0.322737
1050        2.90976
1050        2.92277
1050        1.62036
1050      0.0463044
1050        1.18873
1050        6.08876
1050         3.6957
1050        4.07419
1050        3.40926
1050        3.73743
1050        1.30318
1050        1.73923
1050        6.27652
1050       0.314611
1050        2.08962
1050        1.98679
1050        6.25129
1050        1.56737
1050      0.0751203
1050        5.61305
1050        5.77772
1050         5.6947
1050        3.22377
1050        3.74357
1050        4.03706
1050        2.16651
1050        2.25445
1050        2.32482
1050          2.005
1050        1.98166
1050        6.02435
1050       0.957363
1050        1.68059
1050        6.21472
1050        2.45689
1050        2.31379
1050        0.48437
1050        4.87131
1050         2.3177
1050        1.72726
1050        4.67267
1050        3.80194
1050       0.615626
1050        5.41432
1050        4.23419
1050        2.27318
1050        5.83146
1050       0.765901
1050        3.23387
1050        3.32215
1050        2.97793
1050        1.22752
1050        3.92969
1050         2.2501
1050       0.618609
1050        2.04585
1050        4.13828
1050        4.53922
1050       0.272552
1050       0.997471
1050        6.16915
1050       0.847015
1050        2.33771
1050        5.98699
1050        6.00715
1050        3.77984
1050       0.380919
1050        4.79154
1050        3.20515
1050        3.60228
1050         5.9731
1050        0.53821
1050        4.81831
1050         4.9057
1050        3.26829
1050        3.26901
1050       0.112016
1050        5.34234
1050        6.05134
1050        1.35779
1050        2.94113
1050        1.59924
1050        1.12967
1050        5.56975
1050        6.23116
1050        3.87652
1050        2.16459
1050          4.892
1050        4.28436
1050        4.19856
1050        4.07872
1050        2.74425
1050        2.40952
1050      0.0452477
1050        5.56975
1050        6.15159
1050         3.0702
1050        3.63218
1050       0.490656
1050         4.9968
1050       0.660048
1050        1.06751
1050      0.0150166
1050       0.216247
1050        1.93287
1050        2.90018
1050       0.928375
1050        5.75449
1050        2.72275
1050        4.01385
1050        5.03577
1050        2.04429
1050        3.75892
1050        5.46416
1050        5.82487
1050        2.40795
1050        4.62654
1050      0.0922529
1050           5.64
1050        1.95436
1050        2.78677
1050        6.00735
1050         1.1723
1050        3.58987
1050        5.61759
1050         4.7948
1050       0.330647
1050         4.1978
1050       0.456072
1050        4.29639
1050        3.97563
1050        1.93698
1050        2.71987
1050        4.15332
1050        5.89349
1050        2.73988
1050       0.393533
1050        3.87188
1050        4.98014
1050        1.36879
1050        2.75302
1050        3.52756
1050       0.032899
1050        5.85315
1050        4.25979
1050        1.61675
1050       0.256121
1050      0.0975527
1050        6.11285
1050        1.76038
1050        3.21686
1050        6.11943
1050      0.0447118
1050        6.06291
1050        4.78335
1050        4.03455
1050        2.77509
1050        3.95227
1050        2.82481
1050        5.91551
1050        2.78543
1050       0.346274
1050       0.335242
1050        6.07334
1050        5.98049
1050        2.28322
1050         5.3482
1050        2.32954
1050        2.49166
1050       0.536236
1050        6.23057
1050        3.70493
1050        3.95506
1050        4.37577
1050        2.37932
1050       0.348202
1050      0.0688546
1050      0.0181511
1050        5.70216
1050        4.53243
1050        3.12599
1050        3.17086
1050        3.13063
1050        3.35697
1050        4.25108
1050        3.58088
1050        6.08291
1050        4.93602
1050        3.22992
1050      0.0166028
1050        4.49218
1050         4.9344
1050        1.70309
1050       0.598123
1050        3.03659
1050      0.0435058
1050        3.71712
1050         4.6553
1050        1.50708
1050         3.4887
1050        5.49377
1050        4.68359
1050        4.92596
1050        5.90345
1050       0.787279
1050        3.68338
1050        3.52849
1050        1.48641
1050        5.50622
1050       0.272436
1050        5.01973
1050        2.31257
1050        1.06857
1050        2.01239
1050        3.28782
1050        4.35276
1050        3.39674
1050        3.27275
1050       0.221907
1050        4.26592
1050         2.1754
1050       0.455615
1050        5.38355
1050        3.58153
1050        1.10817
1050          3.502
1050        3.27792
1050       0.741511
1050        5.52654
1050       0.500838
1050        3.12419
1050        4.12272
1050        5.70532
1050        5.43562
1050        5.76404
1050        2.67708
1050        5.65123
1050        5.88009
1050        1.72406
1050        5.00391
1050         3.7788
1050        6.14047
1050         1.9448
1050        2.14056
1050        1.34375
1050         3.3025
1050         5.8608
1050        1.18735
1050        2.71194
1050        3.29277
1050        4.06545
1050        3.22081
1050        1.90853
1050        2.78556
1050        2.59888
1050        2.79759
1050        4.08597
1050       0.290195
1050        5.70808
1050        5.45079
1050        2.03338
1050      0.0518266
1050       0.466545
1050        2.91917
1050        5.32383
1050        3.30772
1050       0.436198
1050        2.54039
1050        4.34389
1050        4.20848
1050        1.45573
1050       0.283063
1050        4.48158
1050        1.29831
1050        2.34893
1050        2.62583
1050       0.454656
1050        1.13578
1050        4.13711
1050        1.98361
1050        6.22474
1050       0.868754
1050       0.484518
1050        1.27722
1050        4.89206
1050        5.55397
1050        6.18242
1050         4.1947
1050        5.44938
1050        5.94307
1050        4.57351
1050        4.68594
1050          5.674
1050        1.66266
1050        2.12226
1050        2.76971
1050        4.24746
1050        5.06855
1050        2.18857
1050        5.20717
1050         1.2612
1050        1.09412
1050        1.68094
1050        2.28315
1050        2.77615
1050        3.99028
1050        3.63897
1050         3.5512
1050        2.73991
1050        4.86689
1050        3.52301
1050        1.63733
1050       0.937308
1050         2.3658
1050        3.38445
1050        1.20589
1050        2.32082
1050          2.986
1050        2.70418
1050        2.87638
1050       0.754621
1050       0.797427
1050       0.361736
1050        1.46837
1050         5.0102
1050        0.20363
1050        2.44021
1050        1.15122
1050       0.989984
1050        5.44294
1050        2.81674
1050        3.38503
1050        4.70164
1050        6.15727
1050        2.19923
1050        3.46804
1050       0.916141
1050        4.97611
1050        6.20998
1050        1.50016
1050        2.41569
1050      0.0658205
1050        1.29899
1050        2.42278
1050        2.83345
1050        6.02336
1050        3.56518
1050         3.3185
1050        5.86125
1050        3.39301
1050        5.89829
1050        5.87722
1050       0.624537
1050        3.24123
1050        4.87636
1050        3.73467
1050        3.97333
1050        2.59003
1050        5.77259
1050        5.65968
1050        4.33792
1050        3.03437
1050        3.38571
1050        1.23268
1050         3.8359
1050       0.122393
1050        3.06038
1050        3.71949
1050        1.46283
1050        3.96344
1050       0.715343
1050        2.55738
1050        1.90037
1050        2.13418
1050        3.54225
1050        3.40323
1050        5.37113
1050        3.22117
1050        5.03607
1050       0.223888
1050        5.64521
1050        6.00108
1050       0.599471
1050        1.62309
1050        3.44045
1050       0.486266
1050        1.52198
1050        2.57502
1050        4.79166
1050        2.37408
1050        1.02943
1050         4.1653
1050        1.61324
1050        4.28881
1050        2.87335
1050        2.10137
1050        1.15224
1050       0.266886
1050        6.09438
1050        4.32949
1050        1.46397
1050        2.99624
1050        2.48952
1050        6.01101
1050        3.27099
1050        5.41041
1050        2.00021
1050        2.18958
1050        1.08245
1050        2.53512
1050        2.56261
1050         5.2471
1050        3.59352
1050         2.9469
1050        2.06798
1050        4.96632
1050       0.168279
1050        5.83935
1050         5.3071
1050       0.286395
1050        4.77078
1050        2.79641
1050        3.52382
1050        6.22966
1050        3.72421
1050        5.16678
1050        2.95397
1050        2.80089
1050        2.38922
1050        3.59563
1050        3.81768
1050         1.9215
1050       0.821848
1050          2.632
1050        1.84656
1050        2.40499
1050       0.990791
1050        2.61422
1050          5.572
1050        4.27813
1050        2.15289
1050        2.78162
1050        3.26618
1050        6.23823
1050        1.87411
1050        3.74449
1050        2.08697
1050        2.72642
1050        2.85374
1050       0.452308
1050       0.670371
1050        6.08609
1050        5.57051
1050        5.04452
1050        6.18493
1050        1.24242
1050        5.53518
1050        5.52118
1050         2.7134
1050        3.11461
1050        5.75665
1050        1.51563
1050         3.3405
1050        3.85891
1050        2.91382
1050        3.05672
1050        4.98841
1050        5.30661
1050        6.15786
1050        1.20206
1050        6.09089
1050       0.421554
1050        2.75117
1050        1.96568
1050        2.60627
1050         1.7092
1050        6.13476
1050        1.24548
1050        3.85078
1050       0.610095
1050        2.03112
1050        3.63825
1050        3.65964
1050         2.6711
1050        6.05728
1050        4.39843
1050         6.1841
1050        3.09481
1050        3.21087
1050        3.96854
1050       0.612246
1050        2.85817
1050        6.14681
1050        3.72953
1050        2.05736
1050        5.55782
1050        2.72625
1050        2.42148
1050         3.1259
1050        3.03873
1050        5.81341
1050        4.89768
1050        2.87802
1050        4.75556
1050        1.83966
1050        3.30228
1050        1.90164
1050        5.01747
1050        4.28629
1050        4.82446
1050        4.74452
1050        6.12833
1050       0.346417
1050        5.97262
1050        3.74692
1050       0.502778
1050       0.563594
1050        2.03877
1050        2.86282
1050        5.80351
1050         3.3788
1050        4.06857
1050        5.89208
1050        2.22635
1050       0.634079
1050        1.34932
1050        3.54387
1050        1.68563
1050        4.36491
1050        4.04975
1050        4.98094
1050       0.858244
1050        4.80327
1050        5.39968
1050        2.81492
1050       0.562621
1050        6.25745
1050       0.295026
1050       0.615307
1050        3.52591
1050        2.27179
1050        3.23527
1050       0.535149
1050       0.277199
1050         6.0454
1050        5.71598
1050        5.96859
1050        6.03638
1050        6.12103
1050        2.12486
1050        4.71043
1050        1.86219
1050        6.02543
1050       0.563301
1050        4.64519
1050        5.77839
1050       0.581638
1050       0.341254
1050       0.429574
1050        2.01468
1050        3.62159
1050         1.6961
1050        4.20106
1050       0.760096
1050        5.33046
1050        2.83517
1050        4.41221
1050        1.86846
1050        6.03005
1050        2.77194
1050       0.943408
1050        5.28969
1050       0.354481
1050        3.41512
1050       0.117413
1050        4.51611
1050        6.07172
1050        1.88531
1050       0.509978
1050        1.26938
1050        2.39152
1050        5.59427
1050        5.17101
1050        5.74226
1050        2.76219
1050       0.260414
1050        5.30775
1050        4.82101
1050        2.93032
1050        4.38293
1050        3.11578
1050       0.100232
1050        2.48039
1050        5.68604
1050       0.470338
1050        6.08004
1050        1.67235
1050        5.82229
1050        2.04249
1050        4.23257
1050        5.89269
1050        1.39545
1050        1.77486
1050        4.28067
1050         5.1487
1050        5.09894
1050        5.51249
1050        1.86921
1050        5.54256
1050       0.227525
1050        4.59141
1050        4.29667
1050        1.76504
1050        5.98277
1050       0.496735
1050       0.851352
1050        2.72093
1050        3.37921
1050        4.69728
1050        2.53457
1050        1.06668
1050        5.11193
1050        5.92306
1050        6.15614
1050        5.94935
1050        5.41513
1050        1.98381
1050        3.24366
1050        3.41394
1050        5.41968
1050        1.31544
1050        1.34642
1050        6.19194
1050        2.61553
1050        0.85755
1050         4.0749
1050         1.0388
1050        5.60295
1050        3.03944
1050        3.79754
1050        2.62056
1050        3.49426
1050        2.03615
1050        1.51067
1050        2.27185
1050        5.16446
1050        1.68683
1050        4.39781
1050        4.53568
1050        3.01242
1050       0.383587
1050       0.431754
1050        1.70395
1050      0.0749724
1050       0.242832
1050       0.826968
1050        1.61968
1050        3.94492
1050        5.47283
1050        3.20892
1050        3.45873
1050        5.58065
1050        4.68895
1050        5.74007
1050        1.91634
1050        3.06634
1050        1.46816
1050       0.449478
1050        5.15245
1050        5.59377
1050        3.05071
1050        3.38228
1050         4.4706
1050        5.58786
1050        6.18173
1050        4.64636
1050        4.74423
1050      0.0222324
1050       0.843078
1050       0.546852
1050        3.51555
1050        4.40641
1050        4.55826
1050        3.22657
1050       0.601852
1050        1.37216
1050        5.73725
1050        3.99442
1050        1.52022
1050       0.191385
1050         3.5885
1050        4.06855
1050        2.48254
1050        5.63685
1050        2.29423
1050        6.16813
1050        6.04496
1050       0.275005
1050        2.87244
1050        3.53827
1050        5.73328
1050         4.1718
1050        0.38772
1050        3.11746
1050        2.13651
1050       0.918874
1050        3.14763
1050        4.37161
1050         2.6098
1050        1.47607
1050        2.09204
1050       0.438132
1050       0.349398
1050        2.02656
1050        3.23913
1050        5.14018
1050       0.467045
1050        5.47185
1050         5.0369
1050        5.16902
1050        5.97192
1050       0.776371
1050       0.880585
1050        2.51127
1050        1.28892
1050        3.13899
1050        5.85674
1050        3.68911
1050        3.47002
1050         3.3301
1050       0.601122
1050         4.1518
1050        1.84082
1050        3.32178
1050        3.87724
1050        4.77107
1050        1.68491
1050        2.72617
1050        6.22917
1050        3.88837
1050        3.11625
1050        2.00265
1050        4.63052
1050        1.29176
1050        3.34697
1050         1.4359
1050        3.11699
1050         4.4957
1050        1.02565
1050        3.44787
1050        2.47937
1050        3.05693
1050       0.522074
1050        5.94716
1050         4.6843
1050        3.29681
1050        5.08022
1050        4.12109
1050       0.795476
1050        5.41533
1050        2.28736
1050        2.64625
1050        5.75504
1050         2.9462
1050        3.35008
1050          3.782
1050        4.38458
1050        1.34628
1050       0.383009
1050        5.50911
1050        2.10084
1050        2.68747
1050        5.61006
1050        1.85946
1050       0.465424
1050        5.35894
1050        3.06752
1050        3.22458
1050        3.29344
1050        4.10864
1050        1.40497
1050        1.93808
1050        3.06344
1050         3.0534
1050         6.0512
1050        2.11049
1050        5.98306
1050        6.03306
1050        2.58271
1050        2.72803
1050        3.14824
1050        4.00999
1050        4.46734
1050        1.03722
1050       0.173099
1050        4.56433
1050        2.35073
1050        2.74668
1050        5.79684
1050         3.1199
1050        5.50347
1050        4.98187
1050        5.02375
1050        5.45216
1050        2.17949
1050         5.9999
1050        5.45749
1050        1.94627
1050        3.45607
1050     0.00125494
1050         2.4181
1050        5.45535
1050       0.632421
1050        2.49987
1050        3.98494
1050        1.09658
1050        5.17305
1050        4.24016
1050        1.81747
1050        4.20083
1050       0.545745
1050        3.35916
1050      0.0454725
1050        2.44227
1050       0.236696
1050         1.8262
1050          4.265
1050        2.43545
1050        3.90524
1050        6.21191
1050        3.31523
1050        6.25834
1050        3.22299
1050        5.86519
1050        5.08538
1050        3.62477
1050        2.04671
1050        1.52798
1050        2.82163
1050        6.20969
1050        1.64893
1050         4.1467
1050       0.281067
1050        5.19524
1050        1.89447
1050        1.46365
1050        1.60145
1050       0.299484
1050        1.22467
1050        3.06133
1050         3.0617
1050        6.05996
1050        2.34304
1050        1.55408
1050        1.85765
1050        2.72883
1050        3.31314
1050        5.12276
1050        1.67308
1050        2.36059
1050         2.6207
1050         4.3173
1050        3.70687
1050        3.03389
1050        1.43878
1050       0.309129
1050        3.44533
1050         2.6465
1050       0.260652
1050        5.18489
1050        2.03228
1050        1.18837
1050        3.15481
1050        3.62016
1050        1.47003
1050       0.494925
1050        2.50319
1050        4.11149
1050         4.5131
1050        2.52823
1050        5.40784
1050         2.3705
1050        1.24583
1050        3.31001
1050        3.17404
1050        2.18826
1050        3.23921
1050        4.03576
1050        4.01031
1050        3.06527
1050        1.85366
1050        3.24929
1050        2.40928
1050        1.04194
1050        4.21746
1050         4.0494
1050        5.29621
1050        3.99105
1050        5.99735
1050        5.79966
1050        2.24318
1050        4.43722
1050        3.32331
1050        1.70349
1050       0.170337
1050        2.82627
1050        1.13676
1050         2.9738
1050        1.15773
1050       0.883877
1050        2.28173
1050        5.66713
1050        1.95725
1050        6.24544
1050        1.54812
1050        4.25941
1050        5.58288
1050        1.52233
1050        3.73451
1050       0.417441
1050       0.614499
1050        2.34723
1050        5.08324
1050        5.61716
1050         3.2239
1050        2.39104
1050        4.26039
1050        3.09763
1050       0.739814
1050        4.42419
1050       0.950404
1050         2.4159
1050        3.99087
1050        3.76821
1050       0.356634
1050        2.71647
1050        5.41045
1050        5.36304
1050        3.50512
1050        1.09566
1050        4.59318
1050        2.82076
1050        2.53667
1050        3.56819
1050        3.09618
1050        5.37727
1050        6.03592
1050        5.66267
1050        2.71279
1050        4.92611
1050        3.82008
1050       0.214989
1050        2.47101
1050        2.67071
1050        5.48492
1050        3.43605
1050        6.11859
1050        4.44722
1050        3.15219
1050        5.46688
1050        4.02147
1050        4.09986
1050        6.22214
1050         1.7616
1050        3.30725
1050       0.149913
1050        5.46929
1050       0.317159
1050        2.87246
1050        2.94236
1050        3.46029
1050       0.700675
1050        4.40364
1050         3.6633
1050        4.19378
1050        3.34353
1050        2.07213
1050        6.18495
1050       0.177857
1050        2.16943
1050        4.35228
1050        2.77109
1050        3.56923
1050        6.14705
1050        3.22147
1050        1.69279
1050        5.20851
1050        5.95742
1050        1.70037
1050        6.01628
1050       0.585422
1050        3.63702
1050        2.93876
1050         2.6089
1050        5.59917
1050        5.43419
1050        3.06687
1050        4.84985
1050       0.544434
1050        2.58678
1050        4.67501
1050        1.37922
1050        3.76259
1050        3.25562
1050       0.321242
1050        3.16664
1050        1.23034
1050        0.87116
1050        5.36209
1050        1.46923
1050        4.25092
1050         3.1935
1050       0.787602
1050        5.65107
1050        6.25928
1050        0.38498
1050       0.359318
1050        2.79706
1050        4.20844
1050        3.30544
1050        2.30338
1050        2.78357
1050        5.05728
1050        2.98461
1050        3.22211
1050        2.04649
1050        3.33365
1050         1.0528
1050        5.56855
1050        1.16578
1050         5.7843
1050        5.36512
1050        3.61161
1050        2.66743
1050         2.4695
1050        5.96365
1050        5.26173
1050       0.729772
1050        2.64203
1050       0.841911
1050        5.21444
1050      0.0288714
1050        0.94171
1050       0.939982
1050        5.44284
1050        5.32842
1050        2.21988
1050        3.63517
1050        5.68338
1050        5.68864
1050        3.08388
1050         3.6882
1050       0.273914
1050        1.13648
1050         6.2151
1050        1.79802
1050        3.57711
1050        2.78416
1050      0.0747271
1050        1.65008
1050        5.52128
1050        4.99435
1050        1.71764
1050        1.94081
1050        2.23656
1050         1.7564
1050        4.85685
1050        0.89166
1050        4.52355
1050        1.90415
1050         3.6052
1050        1.19198
1050         3.2452
1050        2.52646
1050        5.07429
1050       0.770061
1050        1.77601
1050       0.289427
1050        2.39069
1050        2.40146
1050        0.94914
1050        1.24225
1050        1.40217
1050        1.98102
1050        3.20033
1050        5.34982
1050        2.32934
1050        3.09214
1050       0.419818
1050        3.78196
1050        3.04503
1050        2.34845
1050        3.46779
1050       0.259571
1050         3.7949
1050       0.569678
1050        2.77639
1050        6.13083
1050        6.06012
1050        3.36703
1050        3.41695
1050        5.01093
1050        1.35066
1050        6.26839
1050        6.02786
1050        1.74186
1050        1.01022
1050        5.10149
1050        5.17133
1050       0.384084
1050        2.78879
1050        3.60628
1050        2.62764
1050        5.04061
1050        3.96383
1050       0.310363
1050         5.1455
1050        5.88457
1050         4.3881
1050        3.29583
1050        1.03934
1050       0.711048
1050        3.84331
1050        2.10857
1050        2.66869
1050         2.2912
1050        4.06003
1050        3.13197
1050        3.52189
1050        4.94545
1050       0.809631
1050       0.670211
1050          2.452
1050        3.22444
1050        4.69909
1050        3.72931
1050        2.20602
1050        3.21377
1050        3.12014
1050        2.19145
1050        4.39578
1050        2.41867
1050        4.16779
1050        3.02159
1050        3.18185
1050        5.92119
1050        2.66621
1050        3.90024
1050         3.0835
1050        1.88458
1050       0.406555
1050        2.05793
1050        1.98398
1050        3.40136
1050        4.36499
1050        4.87462
1050         3.4906
1050        3.85348
1050       0.114684
1050        2.19899
1050        6.01176
1050       0.575119
1050        6.00577
1050        5.80444
1050        3.79065
1050        4.19555
1050        2.14124
1050         5.3329
1050        3.74805
1050        0.55589
1050        3.13513
1050        5.02839
1050       0.340843
1050        1.45426
1050        2.59189
1050        6.01023
1050        2.99401
1050        5.48257
1050        3.52158
1050        5.38351
1050        2.91355
1050       0.477901
1050        3.43823
1050        5.33133
1050        6.21222
1050        5.97168
1050        5.96451
1050        0.26232
1050        5.85707
1050       0.164863
1050        2.89892
1050        6.17091
1050        5.64537
1050        5.25213
1050        3.90873
1050        6.25553
1050        5.42729
1050        3.43355
1050         1.5739
1050        2.83277
1050        3.60555
1050        5.47637
1050        6.27962
1050       0.165838
1050        6.16982
1050        6.15186
1050        2.76428
1050       0.756362
1050        2.81827
1050       0.394043
1050       0.658484
1050        2.37741
1050         5.0948
1050        4.65055
1050        5.45696
1050        3.54847
1050        5.59993
1050        3.41868
1050        5.84253
1050        1.88776
1050        4.90111
1050        4.19534
1050     0.00499876
1050        4.77629
1050        1.99551
1050        2.17431
1050        2.76058
1050        3.54581
1050         1.8913
1050        4.92204
1050         2.0371
1050        4.29745
1050        4.74758
1050        1.04689
1050        2.55164
1050        3.53359
1050        2.75543
1050        6.20699
1050        5.36035
1050        2.60306
1050        2.87793
1050        2.27384
1050        3.52392
1050        6.11675
1050        4.60841
1050       0.519122
1050         5.1973
1050        3.76801
1050        5.16875
1050       0.357249
1050        4.85013
1050        3.19934
1050        2.52057
1050        2.83602
1050        2.48789
1050        5.88479
1050       0.325952
1050           4.83
1050        4.22496
1050        1.64203
1050        1.90124
1050        4.65873
1050        0.56581
1050        3.61045
1050        4.60589
1050        3.27502
1050        5.83028
1050        4.80817
1050        5.74356
1050         5.3752
1050       0.531291
1050        3.91719
1050        2.66182
1050         2.9494
1050        1.16872
1050      0.0850204
1050        1.36634
1050        4.81424
1050        5.88399
1050        1.44971
1050        1.82728
1050        3.67253
1050        3.09653
1050        4.50142
1050        3.63226
1050        5.37537
1050        3.34518
1050       0.817428
1050        2.86326
1050        3.32735
1050        4.00835
1050        4.46389
1050        2.19975
1050       0.532286
1050        2.94433
1050        5.98422
1050        6.14414
1050        2.84754
1050        2.55145
1050        3.67847
1050       0.555925
1050        2.95418
1050         3.2607
1050       0.914374
1050        4.02944
1050        5.97766
1050         4.6434
1050        6.25648
1050         1.5007
1050       0.230707
1050        5.57411
1050        6.19922
1050        3.09588
1050        2.71785
1050        4.39168
1050        4.06541
1050        3.94208
1050         2.8583
1050       0.584348
1050       0.161993
1050       0.155747
1050        2.68764
1050        5.09501
1050        4.51733
1050        2.33762
1050        2.72909
1050        1.28123
1050        6.07477
1050       0.775836
1050        3.90524
1050         2.1437
1050        5.87288
1050        4.44345
1050        3.23167
1050       0.208874
1050       0.329734
1050         3.9717
1050       0.428737
1050     0.00618316
1050        1.92236
1050        5.75613
1050        4.03038
1050        5.78442
1050        2.77527
1050        6.15008
1050        5.98666
1050        2.47887
1050        2.32473
1050        5.77467
1050        2.97331
1050        3.29665
1050        5.41597
1050        6.08322
1050        3.47325
1050       0.268711
1050        2.14128
1050        5.65788
1050        2.23587
1050        0.28473
1050        2.55617
1050        4.99275
1050        3.58048
1050        1.22002
1050       0.310095
1050        1.03577
1050       0.478396
1050        1.49863
1050         4.6924
1050        5.56495
1050        5.84392
1050        5.77115
1050        3.28945
1050        4.41853
1050        4.44149
1050        1.84177
1050        1.21525
1050        2.15962
1050        5.67352
1050        5.55767
1050         2.8073
1050        4.87606
1050        4.02819
1050        3.78889
1050        6.26605
1050         5.7377
1050        4.72428
1050        5.49904
1050        2.33717
1050       0.416649
1050        2.75019
1050        4.19177
1050        5.66733
1050        3.08386
1050        1.18383
1050        3.82706
1050        5.80085
1050      0.0346231
1050         4.6146
1050        4.90784
1050         3.8003
1050        5.98306
1050        1.12579
1050        0.12227
1050        5.92227
1050        3.55415
1050        3.68805
1050        2.30882
1050       0.854586
1050        3.86821
1050       0.918459
1050       0.728217
1050       0.246964
1050        2.70916
1050        6.17687
1050        5.86535
1050         2.5866
1050        2.36038
1050        3.40287
1050        6.23404
1050        4.26195
1050       0.734458
1050        5.40419
1050        1.11488
1050       0.160817
1050        5.49692
1050        2.77488
1050        4.32406
1050         6.1877
1050        3.76246
1050        5.33398
1050       0.634771
1050       0.392649
1050        2.15209
1050        3.84399
1050        1.68927
1050        3.17479
1050        5.91012
1050        1.74186
1050        1.59971
1050        3.64232
1050        5.54408
1050        3.02281
1050        3.39579
1050        2.94074
1050        5.79204
1050       0.755349
1050         1.9776
1050       0.761955
1050       0.799542
1050        2.43587
1050         4.9619
1050        3.17725
1050        5.24171
1050        3.03471
1050        5.09035
1050        1.32519
1050       0.853196
1050         5.8926
1050        6.16165
1050        1.43466
1050        5.14156
1050        1.53816
1050        1.98056
1050        1.44959
1050        2.87771
1050        1.79776
1050        2.78936
1050        3.49452
1050        5.52334
1050        1.08169
1050        5.68686
1050        4.11104
1050        5.89111
1050        3.27071
1050        3.17096
1050        4.02374
1050        5.32345
1050        2.65483
1050        6.09551
1050        2.03844
1050        6.02195
1050       0.818074
1050        6.15207
1050        4.11779
1050       0.213466
1050        2.85029
1050        1.53901
1050        5.09084
1050        4.01683
1050        3.13551
1050      0.0188392
1050        2.18252
1050        3.06415
1050        5.63522
1050        4.54336
1050        2.45123
1050        5.47877
1050        3.92061
1050       0.176897
1050        5.25238
1050        3.98017
1050        1.92935
1050        5.68601
1050       0.494808
1050        4.66818
1050        4.72412
1050        4.40279
1050        6.22025
1050        5.82785
1050        5.49382
1050        4.67786
1050        1.47629
1050        1.77063
1050       0.241363
1050        6.19115
1050        3.87268
1050        2.87048
1050        4.75085
1050        3.55749
1050        1.25986
1050        2.73253
1050        6.04162
1050        2.19823
1050        4.37856
1050        2.97424
1050         2.4493
1050       0.394208
1050        5.79212
1050        4.67197
1050        3.92808
1050        6.03892
1050        6.16247
1050        4.60562
1050        4.37425
1050        3.23189
1050        6.17309
1050        1.60979
1050        4.63458
1050        5.94692
1050        2.59081
1050         5.7251
1050       0.970659
1050       0.499106
1050       0.428805
1050        4.35832
1050        5.69925
1050        2.39671
1050       0.628976
1050       0.242141
1050       0.709456
1050        1.37122
1050         4.9845
1050        2.35482
1050        4.78507
1050        5.24427
1050        4.66255
1050        2.14857
1050        1.14927
1050        3.35654
1050      0.0864708
1050        2.06099
1050        2.52427
1050         2.8132
1050       0.802991
1050        3.99121
1050        4.24653
1050        3.23251
1050        0.51532
1050        5.19959
1050       0.770882
1050        5.62243
1050        1.34104
1050        3.66191
1050        1.59294
1050       0.169212
1050        3.32448
1050        5.75909
1050       0.870712
1050        2.89509
1050        3.58563
1050        3.36731
1050         3.0108
1050       0.836607
1050        3.80744
1050        1.58727
1050        2.30067
1050        2.19001
1050        3.96416
1050        5.97057
1050        1.78587
1050        1.32205
1050        2.32708
1050        4.55906
1050        1.22915
1050        3.22948
1050        3.61054
1050        3.32695
1050        4.29685
1050        5.81653
1050       0.173767
1050        2.86766
1050         3.4366
1050        2.77164
1050        3.35812
1050        1.01983
1050         3.6578
1050        5.51437
1050        5.51466
1050        5.89678
1050       0.417248
1050         4.6609
1050        4.25073
1050         2.2023
1050       0.194536
1050        1.54778
1050        1.37516
1050        3.64725
1050        1.32256
1050        5.63649
1050        3.62833
1050        4.95868
1050        2.86403
1050        2.75285
1050         5.3275
1050        5.72508
1050        1.89807
1050        2.00878
1050        3.38028
1050         6.0549
1050        3.94689
1050        1.19546
1050        3.75484
1050        0.52283
1050        6.12422
1050        5.74701
1050        2.37266
1050        2.38594
1050         3.6351
1050        4.57477
1050        4.80908
1050        1.43838
1050        2.65137
1050        2.73972
1050        3.11979
1050         3.3956
1050        2.16936
1050        3.48783
1050        4.87315
1050        3.49738
1050     0.00549614
1050        3.16053
1050        1.97493
1050          3.067
1050       0.216952
1050        2.52122
1050        4.27539
1050        5.16189
1050        4.90983
1050        6.23094
1050         5.9811
1050        1.96426
1050        5.67113
1050        4.27209
1050        3.46055
1050         3.1572
1050        2.50976
1050       0.595695
1050        0.58263
1050       0.677215
1050        2.82146
1050       0.296251
1050        5.88547
1050        6.01883
1050        4.63949
1050         2.0941
1050       0.776062
1050         3.6356
1050         2.7004
1050        1.25896
1050         5.1688
1050      0.0803462
1050        5.66548
1050          1.141
1050       0.887297
1050        2.65577
1050        3.40234
1050        3.78841
1050         2.3629
1050        2.49917
1050        2.76807
1050        2.46278
1050          4.368
1050        5.95435
1050        3.50053
1050        3.42024
1050        5.51876
1050         4.6531
1050       0.497229
1050        3.99038
1050        6.20645
1050        2.35079
1050        3.35778
1050        5.53934
1050        3.36998
1050        1.93845
1050        5.52407
1050        5.70708
1050         5.6236
1050        4.21105
1050        2.32638
1050        2.13771
1050        2.31326
1050        2.31283
1050         3.0097
1050        4.25708
1050        4.45068
1050        4.82312
1050        3.11267
1050        3.07158
1050        5.04046
1050        2.22509
1050       0.497741
1050       0.989558
1050        3.93143
1050        3.57165
1050         6.0896
1050         3.0788
1050       0.220472
1050        1.34811
1050         3.1174
1050        3.09716
1050        5.76673
1050        5.60414
1050       0.165709
1050        1.91544
1050       0.938295
1050       0.626067
1050      0.0529743
1050        3.61282
1050        3.22524
1050        3.31289
1050        5.37125
1050        2.36206
1050        5.18386
1050        3.68393
1050        3.57811
1050        3.21825
1050        5.06932
1050        1.06281
1050        5.88896
1050        1.02401
1050        3.65112
1050        5.66739
1050         3.9113
1050        4.40808
1050        5.35249
1050        3.17892
1050       0.511153
1050        0.83286
1050        4.54485
1050        5.07264
1050        5.34783
1050        2.54955
1050        1.36547
1050       0.893559
1050        2.39861
1050        3.71768
1050        1.40104
1050        5.83895
1050        2.57998
1050        5.92003
1050       0.435199
1050        5.49926
1050       0.365052
1050         1.8854
1050        2.18383
1050       0.772356
1050        1.88247
1050        1.20692
1050         3.7666
1050        2.16248
1050        2.96024
1050        4.47069
1050        5.71639
1050        3.82463
1050        5.94024
1050        5.95395
1050        6.27349
1050        6.26307
1050        1.12637
1050        5.84829
1050        3.56542
1050        5.94885
1050        2.37446
1050        5.79579
1050        5.62518
1050        2.53659
1050        5.66075
1050        1.53641
1050        2.97648
1050        5.11734
1050      0.0417767
1050        5.91652
1050        2.82476
1050      0.0905004
1050        2.19993
1050        3.14641
1050        4.08956
1050         3.3697
1050        2.44821
1050        5.61992
1050        4.13993
1050        3.76985
1050       0.125181
1050        5.73722
1050       0.175471
1050        0.73333
1050        2.89085
1050        1.98917
1050        4.46417
1050        3.63111
1050       0.850857
1050        2.51065
1050        0.25018
1050        3.74817
1050        2.40046
1050        4.53798
1050       0.246625
1050        2.90709
1050        4.43541
1050        3.14629
1050        6.20529
1050       0.861621
1050        1.96501
1050        2.55179
1050         5.8608
1050        3.44305
1050         5.6667
1050        1.18651
1050       0.997361
1050       0.140496
1050        5.92961
1050       0.587047
1050        1.60929
1050        5.70682
1050      0.0831048
1050        4.56415
1050         5.2957
1050         5.2498
1050         4.6634
1050        2.41041
1050        5.02761
1050        5.55159
1050       0.817595
1050        6.24024
1050        2.70093
1050       0.876556
1050        5.19133
1050        3.31591
1050        5.83345
1050        3.85852
1050       0.830969
1050        2.29736
1050        2.81298
1050        1.85128
1050        3.60669
1050        5.51387
1050          2.702
1050        3.45489
1050        2.81796
1050           3.56
1050        4.56036
1050       0.302804
1050        1.19758
1050        2.21888
1050       0.193391
1050        3.82766
1050        3.29566
1050        3.58883
1050        6.06721
1050        3.21185
1050        5.51253
1050        5.10417
1050        0.76237
1050         4.0788
1050        4.87304
1050        2.45494
1050        2.14438
1050        2.77905
1050        5.14279
1050        4.04261
1050        3.08556
1050        5.93933
1050       0.419905
1050        4.24888
1050        1.84062
1050        0.36673
1050        3.11351
1050        3.72843
1050        5.99952
1050        5.99781
1050        6.01109
1050         2.9916
1050         4.7112
1050        2.49558
1050         1.7046
1050        2.48046
1050      0.0154954
1050         4.4754
1050        1.24631
1050        5.26027
1050        2.64366
1050        2.95146
1050        4.92627
1050        2.54785
1050        0.94677
1050        6.11139
1050        4.87902
1050        5.93746
1050        5.67329
1050        5.34714
1050        4.02342
1050         5.2051
1050         3.3014
1050        2.89087
1050        2.52697
1050        4.58498
1050        2.08404
1050        5.56644
1050        5.63279
1050        3.32127
1050        3.10688
1050        2.28742
1050        6.09243
1050       0.202423
1050        5.85159
1050        4.01946
1050        3.35727
1050         3.3411
1050        5.50587
1050        2.52136
1050       0.976939
1050         3.5644
1050        3.93272
1050        6.01002
1050        5.67436
1050       0.641038
1050        5.76937
1050        0.55652
1050       0.542859
1050        5.35514
1050        2.93131
1050        5.24276
1050         4.2099
1050        2.34537
1050        6.27701
1050        1.87573
1050        6.20957
1050        5.42324
1050        1.15005
1050        2.10725
1050        2.73804
1050       0.979221
1050        1.38654
1050        5.50212
1050        2.08716
1050        2.54798
1050       0.876402
1050         3.4203
1050        2.48362
1050        4.60317
1050        4.11895
1050         4.4379
1050         2.2492
1050        2.13294
1050       0.989793
1050        4.37422
1050        2.45993
1050        3.13035
1050        6.20552
1050         1.3515
1050       0.853953
1050        6.11357
1050        1.15951
1050       0.143631
1050        3.55145
1050        5.10014
1050        2.18031
1050         3.5606
1050         3.7305
1050        1.75711
1050        1.93994
1050       0.101643
1050        6.08258
1050        3.29872
1050        1.66499
1050      0.0886122
1050        6.24501
1050        4.35769
1050       0.794508
1050        5.26062
1050        3.06984
1050        2.50091
1050        2.14947
1050        3.90454
1050        3.11239
1050        6.11148
1050      0.0108313
1050        2.22003
1050        4.26346
1050        4.50767
1050        5.85962
1050         4.8985
1050         6.2016
1050        6.15137
1050        1.42195
1050        6.25274
1050        4.74303
1050        4.07486
1050        4.58158
1050        2.83665
1050        3.25152
1050        2.89863
1050        3.37821
1050        2.95535
1050        3.72356
1050        2.68293
1050        3.92391
1050        3.37806
1050        2.94465
1050        6.21538
1050        5.13973
1050        3.66678
1050        2.56543
