1084        4.43855
1084        4.39608
1084        2.90805
1084        5.25886
1084        4.56632
1084       0.795002
1084        3.54395
1084      0.0500923
1084         2.1415
1084         5.0355
1084        4.11546
1084         1.5304
1084        1.31218
1084        1.00191
1084       0.731159
1084        4.40473
1084      0.0885448
1084        2.50652
1084        4.73738
1084       0.949308
1084        4.41941
1084        2.58235
1084       0.923372
1084        5.70953
1084        3.25246
1084        3.86264
1084        3.84887
1084        1.18156
1084        2.31525
1084        1.57277
1084       0.755153
1084        4.83749
1084       0.795338
1084       0.765452
1084        5.15164
1084        6.07719
1084         5.0039
1084       0.266401
1084        3.19509
1084        5.07048
1084        4.06926
1084        3.98947
1084        3.47731
1084        2.17122
1084        0.69544
1084        1.18225
1084        1.19132
1084        1.41194
1084       0.384017
1084        3.63385
1084        1.63991
1084        3.82652
1084        4.75683
1084       0.896223
1084        2.19165
1084       0.100916
1084         4.4771
1084        1.42117
1084        3.77584
1084        1.15823
1084        2.00372
1084        6.13156
1084         1.3418
1084        3.17396
1084        1.33885
1084        5.24164
1084       0.522597
1084        4.60219
1084        1.32378
1084        5.37472
1084        4.76672
1084       0.910967
1084        5.15047
1084      0.0560458
1084        4.37007
1084        5.80668
1084        3.24522
1084        3.91685
1084        3.99891
1084        4.38347
1084        6.04292
1084       0.617161
1084        4.81036
1084        5.04806
1084       0.597802
1084        0.84674
1084        5.90794
1084         2.4845
1084        4.92271
1084        3.85141
1084       0.592167
1084        4.92673
1084         3.9554
1084        4.14305
1084        3.86972
1084        3.83978
1084        4.22596
1084        5.93015
1084        2.61543
1084       0.411064
1084      0.0769383
1084       0.938943
1084        1.84317
1084        2.89529
1084        3.76175
1084        3.35664
1084        2.87993
1084        1.73084
1084       0.465609
1084       0.318312
1084        6.13744
1084          3.505
1084        4.74567
1084        1.53183
1084       0.765901
1084        6.25817
1084        3.99343
1084        2.92083
1084         2.6641
1084        4.77657
1084        3.40281
1084       0.769908
1084        5.57739
1084        1.03408
1084        3.79259
1084        4.56352
1084       0.268631
1084       0.457623
1084        3.99034
1084        1.38495
1084        2.54657
1084        5.22205
1084        1.51766
1084        6.25727
1084        3.90297
1084        3.76606
1084        4.92706
1084       0.606681
1084        4.14071
1084       0.566469
1084        4.96137
1084        4.32968
1084        1.07586
1084       0.170647
1084        6.06875
1084       0.698068
1084        1.04641
1084        1.83555
1084        5.99284
1084        4.44629
1084        3.88441
1084        2.93517
1084        2.35913
1084        5.15756
1084        3.93472
1084        3.37603
1084        4.44759
1084       0.962848
1084       0.603584
1084        6.12646
1084         3.8031
1084         5.2779
1084        5.26444
1084       0.191495
1084        3.95906
1084        1.34109
1084        3.73498
1084        1.04826
1084        2.67582
1084       0.644216
1084        1.72211
1084        3.55931
1084        3.46859
1084        6.03037
1084       0.545685
1084        3.94125
1084        4.39911
1084       0.677102
1084        1.99712
1084        1.26159
1084       0.747286
1084       0.204612
1084        0.35195
1084        3.35612
1084        2.49769
1084       0.785546
1084        2.86863
1084        2.27509
1084        3.42851
1084       0.402874
1084         5.6883
1084        4.28547
1084        3.87299
1084        4.77388
1084        2.07953
1084       0.546156
1084        1.21577
1084        2.61819
1084        1.92565
1084        2.24906
1084         1.8534
1084       0.942904
1084        1.33347
1084       0.124983
1084        2.28337
1084       0.873168
1084        2.06245
1084       0.292482
1084        3.65514
1084        6.05973
1084        1.64762
1084        3.55059
1084        0.56969
1084        1.26527
1084       0.641414
1084         1.1801
1084        1.59754
1084        2.03541
1084        4.26914
1084        1.93971
1084        5.60668
1084        5.46086
1084        4.24864
1084         4.5166
1084         4.5932
1084         4.7506
1084        1.08411
1084        4.25869
1084        3.69009
1084        5.15724
1084       0.811081
1084        1.98057
1084        1.28958
1084        1.04057
1084        3.30344
1084        3.15321
1084        4.53946
1084        1.84945
1084        3.98593
1084       0.831366
1084        2.82627
1084        3.89946
1084        3.59442
1084        1.62086
1084       0.915994
1084        0.69475
1084        1.20416
1084       0.764044
1084        4.18838
1084        6.25778
1084       0.974932
1084        6.09553
1084         6.1902
1084       0.895692
1084        5.50347
1084        1.38031
1084        1.03557
1084        1.18477
1084        3.66806
1084        4.28978
1084       0.707811
1084       0.448761
1084        1.40491
1084        4.21185
1084        5.85512
1084        5.62708
1084        2.55497
1084        5.89521
1084        5.21996
1084       0.985608
1084        4.94305
1084        4.28621
1084        4.12332
1084       0.663795
1084        5.53319
1084        3.12711
1084         2.7874
1084       0.924266
1084        4.35815
1084        2.63489
1084         3.2471
1084       0.325155
1084       0.759915
1084        2.13856
1084        3.08645
1084         3.5413
1084       0.715506
1084        4.64787
1084        4.28914
1084         1.3411
1084         1.2225
1084         2.7866
1084        3.14574
1084        5.55749
1084        1.71594
1084        4.14026
1084         4.4082
1084        4.92543
1084        4.98078
1084       0.276192
1084        2.41652
1084        6.25369
1084        3.74508
1084       0.373597
1084        3.43616
1084          1.938
1084       0.913284
1084          3.027
1084       0.960224
1084       0.486555
1084       0.231016
1084        1.92779
1084          3.489
1084          4.971
1084        4.02027
1084        4.77108
1084        1.75161
1084        3.22361
1084       0.891689
1084        3.12163
1084        3.68609
1084       0.443798
1084        4.09099
1084        4.52335
1084        2.62805
1084        1.50807
1084       0.824149
1084        4.03962
1084        4.71973
1084        2.10787
1084        4.39975
1084        2.56388
1084        1.54965
1084        2.30412
1084       0.578878
1084         3.4244
1084        4.57537
1084        4.54548
1084        5.29873
1084       0.662473
1084        1.31046
1084        4.44639
1084        3.59233
1084       0.722813
1084        2.74321
1084        4.92554
1084         3.9273
1084         0.5508
1084        5.69718
1084       0.530845
1084         4.7747
1084        4.17014
1084        5.81722
1084        1.90771
1084          0.216
1084       0.259184
1084        4.41495
1084        4.33008
1084       0.486582
1084        2.77756
1084        4.40701
1084        1.31201
1084        5.32188
1084         1.3745
1084       0.259168
1084        1.17355
1084        1.30357
1084        3.48791
1084        1.19973
1084       0.854605
1084        6.16787
1084        1.06877
1084       0.991411
1084       0.139486
1084        1.71352
1084        4.23259
1084       0.853862
1084      0.0287654
1084        3.53741
1084        3.95295
1084        1.25783
1084       0.610826
1084        2.63132
1084        3.69447
1084        3.88157
1084        2.85519
1084        5.60253
1084        4.97571
1084        4.11142
1084        4.01367
1084       0.977369
1084         6.2609
1084        6.18795
1084        2.06426
1084        4.56773
1084        1.65137
1084        0.15552
1084        1.50499
1084        2.92914
1084        3.64815
1084        3.62899
1084        3.74492
1084        1.31879
1084        5.32118
1084        4.09077
1084        3.17611
1084        5.88978
1084        3.60401
1084        5.63089
1084        3.47752
1084        3.42429
1084        3.49911
1084        1.10156
1084         5.8774
1084        1.12038
1084       0.108553
1084          3.056
1084        4.17299
1084        5.39963
1084        1.27325
1084        5.24475
1084        3.49299
1084        2.10242
1084        4.07396
1084        6.16496
1084        2.29463
1084        3.50848
1084        3.02485
1084        4.05187
1084        3.69895
1084       0.885286
1084        2.31254
1084        6.17969
1084        4.32319
1084        2.34287
1084        2.25046
1084       0.966865
1084        1.73352
1084        3.84312
1084       0.184508
1084        3.30847
1084        4.53592
1084       0.564378
1084        2.25788
1084         2.9547
1084        3.19227
1084        3.62368
1084      0.0855716
1084        4.78341
1084        4.33661
1084        1.09123
1084        5.34629
1084        3.28793
1084        1.78488
1084       0.824446
1084       0.479542
1084        3.89857
1084         2.0927
1084        4.37322
1084       0.251661
1084        4.37177
1084        1.70832
1084        3.18068
1084        2.72434
1084        4.18302
1084        1.20303
1084        4.46563
1084       0.508366
1084       0.189011
1084        4.58179
1084        3.19101
1084        5.86118
1084       0.825842
1084       0.632112
1084        1.28466
1084        1.14478
1084       0.280499
1084        1.69251
1084        6.24303
1084        2.88512
1084        2.63089
1084        3.54134
1084        0.32943
1084        1.14608
1084        2.74515
1084        1.34047
1084        3.97601
1084        2.45244
1084         1.2954
1084        3.97393
1084        6.25748
1084         3.4717
1084        3.37074
1084        0.79176
1084        2.15075
1084       0.946168
1084        1.69825
1084        1.58902
1084         1.1506
1084        1.64058
1084        4.75253
1084        3.85451
1084        4.47951
1084        4.54775
1084        2.66818
1084        2.09552
1084        3.85315
1084        1.62257
1084       0.554855
1084        1.39261
1084        5.48248
1084        3.95665
1084        3.52674
1084          3.738
1084        1.10822
1084         4.9086
1084       0.241248
1084        5.21284
1084       0.562762
1084         3.5191
1084        3.27402
1084       0.977893
1084        3.88445
1084       0.409999
1084        3.70669
1084        3.32833
1084        5.24903
1084       0.330361
1084         5.4215
1084        2.33013
1084        1.53299
1084       0.916512
1084         6.2678
1084        3.00464
1084       0.154123
1084        3.59586
1084       0.480454
1084        1.37521
1084       0.820043
1084       0.565945
1084        4.51693
1084        6.16724
1084        4.24798
1084        2.62614
1084       0.747232
1084        3.97716
1084        3.72076
1084        4.45325
1084        1.38226
1084        6.21304
1084        3.83482
1084        4.41704
1084        5.20303
1084        3.53157
1084        6.02854
1084        1.92109
1084        5.52632
1084        3.28105
1084        4.63651
1084        6.01607
1084        3.76839
1084       0.621656
1084        2.09216
1084        4.19627
1084        3.57308
1084       0.222702
1084         6.0405
1084         4.6915
1084        1.94254
1084        3.90737
1084        4.78236
1084        4.13453
1084        1.91488
1084        4.67581
1084       0.754023
1084       0.388268
1084        4.26066
1084        0.87044
1084        2.22883
1084        1.57849
1084        1.46721
1084        3.96056
1084         1.8638
1084        5.93856
1084        3.11675
1084        1.39397
1084        4.67885
1084        4.28239
1084          4.248
1084       0.522937
1084        3.46008
1084        3.43309
1084        3.02287
1084       0.764846
1084        1.89009
1084        1.28592
1084        3.69807
1084        4.57914
1084        3.26087
1084        3.92703
1084         3.3563
1084        3.74381
1084        5.70067
1084         2.2749
1084        6.20694
1084        1.55439
1084        4.53664
1084        4.00232
1084        1.99439
1084        3.02725
1084        1.37168
1084         3.8827
1084        2.91787
1084        2.60304
1084       0.089531
1084        5.87814
1084        1.29158
1084        3.76629
1084        2.02748
1084        4.21404
1084        1.53721
1084       0.461282
1084       0.519745
1084       0.175137
1084        1.36726
1084        3.82353
1084        4.70414
1084        3.02027
1084        2.75635
1084        4.06499
1084        5.85802
1084       0.545965
1084        2.54808
1084        5.04005
1084       0.884404
1084      0.0746303
1084        5.62667
1084         3.3034
1084        4.68928
1084        3.69876
1084        4.46743
1084        4.96226
1084        5.28393
1084       0.896121
1084       0.858208
1084        3.56484
1084        1.38461
1084       0.407337
1084       0.144058
1084        5.41869
1084        3.97856
1084        4.37406
1084       0.676376
1084        3.92367
1084        2.71603
1084         2.3464
1084        6.16773
1084        1.43013
1084        1.28887
1084        4.32741
1084        4.16825
1084        2.49458
1084       0.118155
1084        5.76486
1084        5.72795
1084        4.88537
1084         4.4553
1084       0.508085
1084       0.110982
1084        4.87122
1084         4.7771
1084        5.76232
1084       0.605881
1084        1.32773
1084        2.07245
1084        4.64227
1084        4.21779
1084        2.31682
1084       0.580903
1084        3.53003
1084      0.0158355
1084        3.36424
1084        4.06982
1084        3.31519
1084        3.04767
1084        2.10855
1084        4.12472
1084        4.84306
1084        1.17329
1084         3.2455
1084       0.726531
1084          3.294
1084         5.9162
1084        1.29954
1084        5.91472
1084        2.86076
1084         4.8705
1084        3.64758
1084        4.37899
1084        1.53362
1084        6.25227
1084        4.25396
1084         5.7263
1084        4.08434
1084        4.85882
1084        4.16131
1084        1.75111
1084        4.33819
1084        3.74377
1084        5.33331
1084       0.371074
1084       0.395475
1084        1.38994
1084         4.6427
1084        3.67691
1084        4.58857
1084       0.616081
1084        1.27599
1084        3.83024
1084        4.42579
1084        5.19261
1084        6.10157
1084         1.2734
1084        6.19216
1084        5.44172
1084        4.16897
1084        3.04817
1084        1.48183
1084        1.27356
1084       0.901945
1084         4.4875
1084        5.02137
1084        4.37391
1084        3.74169
1084        2.95079
1084        1.41729
1084        4.53844
1084        4.29148
1084        1.43148
1084        1.07319
1084        3.74896
1084        5.68643
1084        4.44203
1084        3.82189
1084         1.3521
1084        2.04092
1084         1.7357
1084        3.66588
1084        5.56281
1084        6.19887
1084        3.32158
1084        1.49208
1084        4.02757
1084        3.02531
1084        2.99937
1084        0.74965
1084        2.61773
1084      0.0683419
1084       0.617808
1084        1.15924
1084       0.766426
1084        2.95743
1084         4.3276
1084        3.67474
1084       0.122696
1084         5.4908
1084       0.677095
1084       0.805455
1084       0.649862
1084        4.80901
1084        1.83901
1084        1.70317
1084       0.871307
1084         4.0332
1084       0.154086
1084       0.683169
1084        2.22994
1084        4.22688
1084       0.305744
1084         1.2946
1084        6.22449
1084        3.51197
1084        1.87481
1084        4.24363
1084       0.865485
1084         0.8882
1084         4.7781
1084       0.754725
1084        3.83151
1084        4.03487
1084        1.31103
1084        3.91357
1084        3.32126
1084        4.57889
1084        4.75812
1084        5.00687
1084       0.173682
1084        1.96514
1084        3.60289
1084       0.705422
1084        4.44713
1084        4.09697
1084         1.6541
1084         3.1273
1084         2.3181
1084        4.70462
1084         3.0248
1084        1.19418
1084        5.80267
1084        4.52323
1084        4.59675
1084        4.73633
1084        6.18958
1084       0.417946
1084         1.2864
1084        1.42198
1084        5.20967
1084        6.03916
1084       0.224138
1084        1.29529
1084        4.69887
1084        5.26929
1084        3.38319
1084        4.00914
1084        3.99607
1084      0.0125875
1084        2.97022
1084       0.953691
1084        3.19517
1084        6.13801
1084        4.20558
1084        4.37173
1084         1.3427
1084        3.30235
1084         5.1207
1084      0.0111718
1084        4.47012
1084        5.24279
1084        6.26926
1084        1.02658
1084        1.23343
1084        1.37409
1084        3.09563
1084        5.12144
1084         3.6702
1084         2.8722
1084       0.400618
1084        3.07847
1084        5.88478
1084        1.17336
1084        1.34962
1084         5.2897
1084        1.37937
1084        0.88895
1084        3.92526
1084        3.54647
1084        3.59054
1084        5.68712
1084        2.72293
1084       0.627403
1084       0.824053
1084        3.66918
1084        4.10589
1084       0.340038
1084        4.06172
1084       0.621448
1084        4.88633
1084        1.35947
1084        3.27557
1084        5.11479
1084        2.67652
1084        1.03886
1084        5.04556
1084        4.14889
1084        2.41384
1084       0.910118
1084       0.146655
1084       0.491261
1084        3.44537
1084        3.41806
1084        3.41767
1084        2.18766
1084        4.10348
1084       0.588288
1084         4.5034
1084        3.32286
1084        2.32344
1084         4.2699
1084        1.87619
1084       0.274078
1084        5.56836
1084        5.29152
1084        2.82521
1084        6.27048
1084       0.769478
1084        2.04035
1084        3.76837
1084        1.25494
1084        4.67317
1084         1.1808
1084        3.96659
1084        2.39155
1084        3.59501
1084        5.79521
1084        5.96513
1084        4.21258
1084        4.60676
1084         3.4875
1084        3.79518
1084        2.36811
1084        2.98471
1084        0.69254
1084       0.818157
1084        0.35669
1084        3.67253
1084        3.84468
1084        4.05414
1084        3.98003
1084        1.98808
1084        5.16138
1084        5.49001
1084       0.236095
1084        3.43627
1084       0.616298
1084        3.59249
1084       0.796067
1084        1.60569
1084        4.91898
1084       0.653749
1084        1.19582
1084       0.591362
1084        3.28439
1084        1.59029
1084      0.0324599
1084        4.70584
1084        1.90707
1084        2.98107
1084         3.4378
1084        2.02652
1084        1.18058
1084        1.35828
1084        3.58534
1084        4.97249
1084       0.936355
1084        4.07047
1084       0.396559
1084        1.71984
1084       0.970751
1084        3.97343
1084         2.4325
1084       0.334973
1084        5.21686
1084        3.42428
1084      0.0733845
1084        3.34476
1084        1.65262
1084       0.550977
1084        1.90535
1084       0.174329
1084        4.14625
1084        5.34647
1084        2.62758
1084        4.63995
1084       0.483465
1084        4.21681
1084        2.45324
1084       0.118109
1084        4.85516
1084        1.16949
1084        3.67561
1084       0.770856
1084       0.702862
1084        5.78778
1084        4.38347
1084        4.12067
1084       0.703073
1084      0.0954413
1084       0.124985
1084        4.54066
1084        4.16742
1084        4.50398
1084       0.888623
1084        3.78955
1084        4.78111
1084        3.86606
1084        5.37086
1084        4.55404
1084       0.931718
1084        3.08734
1084       0.735852
1084        5.60774
1084       0.804407
1084        4.24055
1084         4.7262
1084        4.57755
1084        3.69344
1084        4.03122
1084        2.05011
1084        4.29589
1084          0.326
1084       0.491002
1084       0.903763
1084         3.9058
1084        6.20946
1084        3.28575
1084       0.858339
1084        3.78958
1084        3.52455
1084        1.13048
1084        5.05299
1084        3.10098
1084        4.88585
1084        4.76496
1084        4.28863
1084        4.87038
1084        2.54076
1084        3.54574
1084        4.13777
1084       0.639679
1084        4.28528
1084        2.88436
1084        1.37457
1084        1.25346
1084        2.53734
1084        5.06314
1084        1.47383
1084       0.910513
1084        1.69513
1084        4.63325
1084        5.45688
1084        4.80592
1084        0.87653
1084         4.2778
1084        4.37678
1084       0.149634
1084        1.03212
1084        3.16269
1084        1.08809
1084        4.28454
1084       0.930857
1084        3.29603
1084        2.29589
1084        1.20784
1084      0.0763574
1084        1.34508
1084        3.94306
1084        3.44509
1084        3.00066
1084        1.46534
1084        2.41206
1084        3.79401
1084        1.11288
1084        5.19604
1084        3.95032
1084         4.8237
1084       0.576444
1084         3.7933
1084          3.837
1084       0.981769
1084        3.81227
1084        5.02554
1084        4.84783
1084        3.62316
1084         4.9248
1084        2.62671
1084         1.1244
1084        4.55107
1084        3.67955
1084        5.82528
1084        4.65601
1084        4.96075
1084        2.76337
1084        4.40801
1084        2.95465
1084       0.708572
1084       0.211746
1084        3.76715
1084         5.2183
1084        2.52896
1084       0.738766
1084        1.26416
1084        4.30722
1084       0.914106
1084        1.22888
1084        4.57876
1084       0.695052
1084        5.98931
1084         3.9763
1084        1.06187
1084       0.243275
1084        1.09847
1084        3.37531
1084        4.78601
1084        4.52372
1084        3.31017
1084       0.690921
1084       0.561753
1084        1.72064
1084         3.5917
1084        4.77965
1084        3.39295
1084        3.89129
1084       0.755521
1084        4.04629
1084        6.11905
1084        1.42381
1084        5.82327
