1079       0.259214
1079       0.227787
1079        2.13607
1079         4.9942
1079        3.00326
1079        3.01765
1079        3.72679
1079        3.15744
1079      0.0369738
1079         5.0349
1079        5.72428
1079        3.62881
1079       0.704137
1079        3.46489
1079         3.1919
1079       0.543011
1079        5.96404
1079       0.779632
1079        3.57367
1079        5.35624
1079        4.53511
1079        5.02194
1079        3.37165
1079        3.30112
1079        5.03905
1079        6.01031
1079        3.29457
1079        3.98521
1079        5.01496
1079        5.66529
1079        2.19946
1079        3.83537
1079        4.44307
1079        3.40541
1079        2.83593
1079        1.05196
1079        6.01215
1079        3.29616
1079        1.66309
1079        4.65942
1079        5.98681
1079        5.49527
1079       0.572615
1079        2.52177
1079        3.67283
1079        1.39335
1079        4.32772
1079        5.94022
1079         1.1221
1079        5.22339
1079        3.41593
1079        4.89911
1079        5.22421
1079           4.98
1079        4.67966
1079         6.0604
1079        5.62409
1079         5.1232
1079         3.1081
1079        5.26175
1079        5.45664
1079        2.91619
1079        4.79188
1079       0.923872
1079        5.33456
1079        3.54075
1079        5.04564
1079        2.36141
1079        2.99964
1079        6.16257
1079       0.518773
1079        0.46453
1079        3.45484
1079        5.11293
1079        6.05707
1079        1.46819
1079        5.63936
1079         5.0228
1079        2.71938
1079        2.58734
1079        2.87608
1079         4.5444
1079       0.993519
1079       0.208782
1079       0.089376
1079        6.17884
1079        2.47355
1079        5.23454
1079        2.15685
1079         2.2078
1079        1.79544
1079        1.55721
1079        3.64505
1079        2.70576
1079        3.76273
1079        1.05377
1079       0.986012
1079        1.00214
1079        3.23274
1079        1.86201
1079        1.44963
1079         2.4202
1079        3.60328
1079        1.67325
1079        1.13184
1079        3.69795
1079        3.84366
1079        6.18702
1079       0.162502
1079        4.21041
1079        5.16057
1079        6.24782
1079          2.801
1079        5.85209
1079        1.75559
1079        4.83715
1079        5.94682
1079        1.93103
1079       0.557745
1079       0.346588
1079       0.718487
1079        3.67587
1079        4.12721
1079        5.79195
1079        3.41991
1079       0.667648
1079       0.456667
1079        4.83593
1079       0.304491
1079       0.165515
1079        5.44376
1079        5.56128
1079        1.28406
1079        1.68184
1079       0.823857
1079       0.623993
1079       0.325753
1079      0.0258364
1079        4.80782
1079        5.59499
1079        3.98929
1079        3.27784
1079        1.16559
1079        5.98709
1079         5.7541
1079        3.00416
1079        4.21084
1079       0.604544
1079           3.19
1079        3.21867
1079        5.26222
1079        4.49796
1079        5.29457
1079        3.74948
1079        1.01347
1079        2.60549
1079       0.758548
1079       0.110379
1079         1.6748
1079        5.78203
1079        3.82498
1079        5.70796
1079       0.337736
1079        1.04248
1079        1.27989
1079        2.29618
1079        2.11301
1079        6.17202
1079       0.761599
1079        6.06689
1079       0.573408
1079       0.333037
1079        5.84259
1079         3.1725
1079        3.54786
1079       0.626983
1079        3.59333
1079       0.833257
1079       0.146033
1079         5.9398
1079        2.36533
1079         6.0741
1079         5.8805
1079        1.07321
1079        1.16316
1079       0.103377
1079        5.93133
1079        3.07027
1079        3.77719
1079        4.04423
1079        3.37355
1079       0.997436
1079        2.27257
1079         2.2466
1079       0.344378
1079        3.64444
1079        1.53726
1079      0.0306098
1079        1.51869
1079        2.55041
1079       0.530195
1079        4.52911
1079        3.70667
1079        3.60278
1079         2.1137
1079        2.74667
1079        4.81177
1079        3.45523
1079        3.14653
1079        3.33662
1079        2.05405
1079        2.32047
1079        4.32271
1079        6.10824
1079        5.62988
1079        2.82231
1079        6.01099
1079        3.88049
1079       0.961614
1079        2.37749
1079        5.33485
1079       0.129823
1079        4.08034
1079        2.86243
1079        4.34588
1079       0.484611
1079       0.159791
1079        5.09145
1079        5.13697
1079        4.81961
1079       0.111066
1079        1.08167
1079        3.84427
1079        2.08796
1079        4.11062
1079        1.06999
1079        4.82932
1079        1.34243
1079        5.07707
1079       0.662234
1079         6.0375
1079        3.67572
1079       0.951075
1079        2.59803
1079         2.9992
1079        5.43146
1079        5.20712
1079        4.86425
1079        3.06095
1079        3.67541
1079        6.16969
1079       0.341112
1079       0.409317
1079         4.2644
1079        2.14931
1079        2.42939
1079        6.13215
1079        3.20926
1079        6.19012
1079        5.77183
1079       0.797919
1079         1.9126
1079       0.425996
1079       0.840562
1079        5.43332
1079        5.60928
1079        2.18239
1079         2.6729
1079        1.11272
1079        3.96161
1079        3.22836
1079        4.48367
1079         6.1665
1079        1.31789
1079         4.3011
1079        0.67064
1079        3.23105
1079        1.65555
1079        5.36845
1079       0.579107
1079        6.03056
1079        3.43477
1079         2.8834
1079        3.66703
1079       0.459159
1079        3.82831
1079      0.0125362
1079        5.64831
1079        2.05071
1079       0.929529
1079        6.19723
1079        5.61949
1079          1.344
1079        2.28219
1079       0.564963
1079        5.32749
1079        2.68212
1079        6.20926
1079        2.43046
1079       0.274895
1079        2.39986
1079        5.87967
1079        2.46914
1079        3.83877
1079        4.39044
1079        4.87216
1079        5.95119
1079        3.48056
1079        3.69103
1079        6.02161
1079        3.10247
1079        2.55216
1079        5.52881
1079        2.43659
1079        3.23082
1079      0.0520419
1079        3.19129
1079        2.15398
1079        5.03113
1079        3.57472
1079        4.67394
1079        2.36321
1079        5.30644
1079        1.03409
1079        1.12835
1079        5.14536
1079        2.47873
1079        4.71627
1079        5.36126
1079        5.10135
1079       0.684922
1079       0.874413
1079        3.09163
1079        1.73098
1079         2.4154
1079       0.760016
1079          2.874
1079        5.47751
1079        5.49066
1079       0.385229
1079        6.26279
1079        5.66464
1079        1.53568
1079        5.84786
1079       0.970202
1079        1.18386
1079       0.396408
1079        5.90561
1079        3.07553
1079        5.88792
1079        5.49475
1079        5.91623
1079        2.28558
1079        1.98947
1079         5.4344
1079        4.30798
1079        5.62564
1079       0.799104
1079        5.64608
1079       0.320485
1079        2.23316
1079        4.07144
1079        5.16638
1079        3.91415
1079        3.58192
1079        5.75816
1079        3.67451
1079        6.17694
1079       0.210148
1079        1.78283
1079       0.307078
1079        4.33745
1079        2.46751
1079        3.39186
1079        6.13505
1079       0.935912
1079        2.99949
1079      0.0625666
1079        4.04051
1079        5.33053
1079       0.492494
1079          1.705
1079        6.08269
1079        3.44348
1079        3.40549
1079       0.254258
1079        2.69124
1079        5.70831
1079      0.0678044
1079        3.71088
1079       0.087541
1079        2.47547
1079        5.50312
1079         2.7448
1079        4.92641
1079       0.337512
1079       0.865529
1079       0.980205
1079        2.47432
1079        4.46023
1079        3.92229
1079        2.71495
1079        2.82794
1079       0.159252
1079        4.77738
1079        6.11587
1079        2.44013
1079        4.56706
1079        2.40703
1079        4.59768
1079        5.24346
1079        3.57772
1079       0.143575
1079        3.46133
1079       0.135041
1079        3.01358
1079        5.76605
1079        3.65886
1079        4.55629
1079         2.7803
1079        3.95711
1079       0.120518
1079       0.571219
1079        2.95397
1079        4.13205
1079        6.12512
1079        1.40683
1079        4.64659
1079        6.17277
1079        5.43818
1079       0.629652
1079        2.05237
1079        3.91828
1079        5.80946
1079        5.16173
1079        2.18654
1079        1.43867
1079         4.0127
1079         2.7344
1079          3.666
1079        1.91574
1079       0.457322
1079        2.76509
1079        6.08848
1079        1.51168
1079        4.35398
1079        3.07684
1079        4.73759
1079        3.06424
1079        2.64589
1079        1.15313
1079       0.414805
1079        3.96563
1079       0.387015
1079        5.30889
1079       0.341468
1079       0.933822
1079        2.67989
1079        4.42038
1079        2.29069
1079       0.511763
1079         6.0699
1079        1.81855
1079        5.59085
1079        6.27431
1079        6.03596
1079       0.371963
1079        3.32015
1079         0.4585
1079       0.626439
1079       0.733125
1079      0.0451798
1079       0.333958
1079        3.94567
1079        3.72399
1079        4.49162
1079         3.5994
1079        4.17325
1079        2.64767
1079        2.17971
1079        5.56196
1079        4.81211
1079        5.69713
1079       0.862376
1079        5.90748
1079       0.518169
1079        3.73605
1079        6.16876
1079      0.0109046
1079        4.23219
1079       0.808121
1079        0.49534
1079        5.79466
1079        3.24161
1079       0.273938
1079        2.76476
1079        6.13449
1079        3.32665
1079        2.91137
1079        3.75133
1079        5.34636
1079        3.26234
1079        3.59413
1079        3.26135
1079        2.17484
1079      0.0277633
1079        3.52582
1079        4.14318
1079        2.85647
1079       0.992784
1079        5.76464
1079        2.36393
1079         2.8501
1079        5.70735
1079        3.19902
1079        5.85894
1079       0.163621
1079        2.29366
1079       0.178649
1079        3.98718
1079        3.96875
1079        2.71822
1079        1.32859
1079        1.61916
1079        1.26265
1079        4.68146
1079        1.77031
1079        3.98737
1079        3.13223
1079        3.62363
1079        6.09169
1079        2.42792
1079        4.12306
1079        4.96829
1079        6.03045
1079        2.49806
1079        5.56556
1079        2.83716
1079        3.03078
1079        3.11935
1079        5.86939
1079        3.58481
1079         3.4993
1079        2.97833
1079        5.89689
1079        3.29448
1079        4.41857
1079        2.44639
1079        5.04864
1079       0.583676
1079        2.99254
1079        5.35912
1079       0.934431
1079        2.87949
1079        3.56518
1079        2.85846
1079        1.77391
1079        1.27082
1079        1.41125
1079        3.82767
1079       0.202043
1079        1.88576
1079        2.44903
1079        5.02467
1079        6.12392
1079        4.91508
1079        4.56408
1079        5.73292
1079        4.74929
1079        2.84364
1079        3.24023
1079        2.94509
1079        3.51311
1079        2.95018
1079        5.99696
1079        1.87344
1079         2.8143
1079         6.0085
1079        3.66928
1079        2.64033
1079        2.98909
1079        4.06002
1079       0.434564
1079        4.48703
1079        6.25849
1079        3.80564
1079       0.116666
1079        3.91426
1079        3.85702
1079        6.23822
1079        2.56464
1079        6.03789
1079        5.73231
1079        4.42067
1079        3.52629
1079        2.86405
1079        1.56506
1079         1.0627
1079         5.9519
1079        6.02366
1079        5.87825
1079        1.11006
1079        2.34617
1079        2.35129
1079        3.35519
1079        2.66084
1079         4.3607
1079        2.18505
1079        3.36895
1079        3.32917
1079      0.0405645
1079        2.72723
1079        4.20046
1079        2.99024
1079        2.61305
1079        3.77828
1079        4.82197
1079       0.281059
1079        3.45915
1079        0.51329
1079        3.97365
1079        4.65171
1079        3.01541
1079        4.61872
1079        3.19723
1079       0.841987
1079        2.58415
1079        4.28869
1079        6.02286
1079         3.4577
1079         2.6267
1079        2.97988
1079        1.20154
1079        6.02589
1079        4.41124
1079        6.07177
1079        3.87425
1079        3.68153
1079        1.89685
1079        6.01865
1079        1.95357
1079        5.83752
1079        1.25488
1079        3.14279
1079        1.23654
1079      0.0582814
1079       0.912809
1079        4.08344
1079        1.72277
1079        3.23133
1079      0.0131213
1079         3.6812
1079        4.54908
1079        3.53761
1079       0.244818
1079        5.69612
1079       0.280416
1079         5.4451
1079        4.06371
1079       0.358007
1079        4.31193
1079        6.05541
1079        1.48388
1079        2.81566
1079        3.15634
1079        2.87569
1079       0.138911
1079        2.30031
1079        1.84113
1079        2.06296
1079        2.00015
1079        2.05282
1079       0.243982
1079        5.33738
1079       0.192355
1079        5.97634
1079       0.737779
1079       0.958923
1079         2.7312
1079        2.17763
1079       0.108913
1079       0.922805
1079        6.02318
1079         4.0422
1079        5.03824
1079        5.34379
1079        2.65566
1079       0.478235
1079        5.85868
1079        2.83181
1079        5.37375
1079        3.24139
1079        6.24642
1079        2.96021
1079        5.70249
1079        6.06686
1079        3.56395
1079        5.13485
1079        1.33013
1079        3.08716
1079        5.66054
1079        3.57859
1079       0.841868
1079        5.47592
1079         4.2005
1079       0.893105
1079        4.26069
1079        4.29665
1079        1.47789
1079        6.20177
1079        6.16954
1079         3.1642
1079       0.667831
1079       0.742559
1079        4.79124
1079        5.02025
1079        4.70572
1079        5.93502
1079         1.1053
1079        6.19311
1079        3.12358
1079        3.87768
1079        5.38475
1079        1.56007
1079        1.35793
1079        5.23522
1079         3.7156
1079       0.753059
1079        2.85231
1079         4.7033
1079        4.57509
1079        5.52168
1079        3.17437
1079        5.43615
1079        5.86745
1079        5.82796
1079        2.07645
1079        1.76619
1079        5.75969
1079       0.676919
1079         5.4185
1079       0.314751
1079        5.09854
1079        3.79904
1079       0.614336
1079        3.38684
1079        3.73075
1079        2.59992
1079        3.01312
1079        5.69489
1079        3.34828
1079        1.03773
1079        5.44237
1079         6.1208
1079         5.1846
1079        3.69891
1079        1.98666
1079        3.14904
1079        1.06232
1079       0.476467
1079       0.468858
1079        2.17867
1079        3.78828
1079        5.66261
1079        3.60906
1079       0.998638
1079        1.71438
1079        3.77826
1079        4.48903
1079       0.339663
1079        3.22286
1079        2.02312
1079        2.86398
1079         3.4689
1079        2.67362
1079        5.39443
1079        2.73992
1079        3.90315
1079        3.67023
1079        1.37101
1079          3.507
1079        2.60436
1079         2.7526
1079        5.95782
1079        1.73394
1079        3.02591
1079       0.203851
1079        6.05233
1079        5.85059
1079        3.21275
1079        2.89581
1079        6.17673
1079        3.48597
1079        2.33547
1079        3.23652
1079        3.18027
1079           2.84
1079        2.55358
1079       0.670157
1079        6.23047
1079        3.43666
1079        4.93149
1079        1.74736
1079        4.40746
1079        3.09909
1079        3.25224
1079        3.64766
1079        4.06208
1079        1.44995
1079         6.1185
1079       0.612984
1079        2.14461
1079        1.16458
1079        5.83299
1079        6.12919
1079        1.73836
1079        5.49223
1079        1.85162
1079        1.27151
1079        6.15969
1079        5.54401
1079        5.95946
1079       0.887562
1079       0.918406
1079        3.62952
1079        1.02734
1079        1.64126
1079         1.3612
1079        1.35931
1079        2.54184
1079        3.20545
1079        6.06771
1079        2.69904
1079        1.77622
1079          5.366
1079       0.357773
1079          5.718
1079        3.97042
1079        3.49306
1079        1.47463
1079         1.4284
1079       0.212433
1079        3.27942
1079        0.12705
1079       0.212244
1079       0.849845
1079        2.59607
1079        2.70924
1079       0.375537
1079       0.781949
1079       0.470224
1079        4.67077
1079        6.24795
1079        2.44187
1079        3.94794
1079       0.642352
1079        3.31533
1079       0.122799
1079        1.15091
1079        2.42037
1079       0.377903
1079       0.531421
1079        3.78888
1079        2.53361
1079        5.37606
1079         6.1919
1079         5.4188
1079        5.21218
1079        3.19686
1079        2.95599
1079       0.632244
1079         1.4709
1079        1.77074
1079        1.59432
1079        5.19923
1079        4.51788
1079       0.681478
1079        1.93917
1079       0.636432
1079       0.718514
1079        3.15997
1079        2.69531
1079      0.0117735
1079        2.74043
1079        1.66768
1079       0.549558
1079        0.28271
1079        1.74929
1079        2.53797
1079       0.416746
1079        4.64283
1079       0.347815
1079        3.88555
1079        6.04327
1079       0.788708
1079        3.11958
1079        2.61216
1079         1.5326
1079        1.82471
1079         4.5681
1079        5.93508
1079        6.18549
1079         5.9229
1079        3.22712
1079        3.08642
1079       0.242144
1079        3.88856
1079       0.103096
1079        3.49027
1079       0.476223
1079        2.35808
1079        5.65692
1079        1.31586
1079        4.55134
1079         4.6816
1079        2.29722
1079        3.39333
1079         4.9776
1079        2.22413
1079        4.14828
1079        3.30256
1079         6.2595
1079        2.93113
1079        3.67623
1079        1.06395
1079        5.04274
1079        3.41426
1079       0.819453
1079        4.93463
1079        6.14532
1079        1.02787
1079       0.289205
1079        3.66207
1079        5.87777
1079        2.44595
1079        4.04227
1079        4.07133
1079        3.59952
1079        2.99013
1079        3.36056
1079         5.3853
1079       0.970003
1079        3.27399
1079        2.85364
1079       0.527814
1079        2.63409
1079        2.65254
1079       0.240954
1079       0.168127
1079       0.992413
1079        4.04583
1079        6.08148
1079       0.730591
1079         5.1221
1079        1.03718
1079        5.28724
1079        5.84768
1079        2.39184
1079        4.83644
1079         5.8238
1079        5.42086
1079        2.53426
1079        3.78822
1079        1.57611
1079        3.08016
1079        5.56022
1079       0.118386
1079       0.838756
1079        4.99146
1079        4.06202
1079        4.03896
1079        4.14883
1079        3.16804
1079        5.59294
1079        5.99464
1079        5.42413
1079        1.88029
1079        2.40655
1079        2.09888
1079        6.09668
1079        2.50283
1079         2.7393
1079        4.05837
1079        3.29173
1079        1.68838
1079        3.66585
1079        3.78134
1079         3.0748
1079        3.94412
1079        4.50202
1079       0.449384
1079        1.22247
1079        3.29405
1079        1.16999
1079        0.10441
1079        3.32177
1079        3.88777
1079        2.35194
1079        4.55097
1079        5.27001
1079        5.96152
1079         0.6835
1079        3.61935
1079        1.04019
1079        3.63913
1079        1.20509
1079        6.19711
1079        4.20368
1079         2.8792
1079       0.763202
1079        3.06546
1079        2.63481
1079        3.07841
1079      0.0179588
1079        2.46707
1079        3.54807
1079        1.24334
1079         4.5176
1079        5.78661
1079        1.93453
1079        2.17659
1079        5.31346
1079        6.25479
1079        4.07528
1079        5.24058
1079         3.5862
1079        2.61978
1079       0.471795
1079       0.777886
1079        5.83714
1079        4.89203
1079        3.10335
1079        4.05736
1079        5.63512
1079        3.51706
1079        1.35608
1079        1.98011
1079         3.2835
1079       0.597436
1079        2.36756
1079        5.23185
1079        2.77987
1079        2.36316
1079        3.04674
1079        3.39819
1079        5.26941
1079        1.13765
1079        6.10907
1079        2.43238
1079        1.33924
1079        4.99393
1079        3.92315
1079        3.77254
1079        1.16478
1079        3.61693
1079        3.18939
1079        1.00418
1079        1.08779
1079        6.25675
1079        4.75416
1079        5.95898
1079        6.13973
1079        2.69641
1079        3.13531
1079        2.50978
1079        4.35457
1079        4.79527
1079          5.532
1079         5.2929
1079       0.175886
1079        3.08016
1079        2.89498
1079        1.51845
1079       0.984204
1079        3.24706
1079        2.97276
1079       0.674604
1079        2.12708
1079       0.396919
1079       0.657179
1079        3.71294
1079        4.11563
1079        2.74036
1079       0.723474
1079        6.22075
1079        3.40211
1079        6.03898
1079        3.00667
1079        4.44384
1079        5.68945
1079        3.81925
1079        3.20147
1079        4.09216
1079        2.44284
1079       0.164331
1079        3.88417
1079        0.70672
1079        3.60545
1079        3.63144
1079       0.672251
1079       0.234072
1079        3.00176
1079        2.33736
1079       0.962419
1079       0.968649
1079        3.10261
1079        2.43724
1079        3.12641
1079       0.514694
1079        4.62224
1079        3.22558
1079        5.03307
1079        1.97478
1079        3.57158
1079        3.09733
1079        2.84563
1079        5.61373
1079         2.0433
1079        2.63309
1079        1.77542
1079          5.691
1079        4.59512
1079        4.74217
1079        5.43581
1079        5.41372
1079        1.57903
1079        3.67422
1079        5.50527
1079        2.70126
1079         1.0196
1079       0.635854
1079         2.0364
1079          3.222
1079       0.111863
1079        3.08533
1079       0.731689
1079         2.5999
1079        4.69182
1079        5.73668
1079        3.19892
1079        5.26141
1079        4.02121
1079       0.586193
1079        4.62305
1079        6.14006
1079        3.71646
1079       0.806653
1079       0.713173
1079         6.0938
1079        4.30779
1079        3.17765
1079        2.37727
1079        4.21059
1079        5.31137
1079       0.816099
1079        5.57497
1079        4.86985
1079        4.81892
1079        2.34114
1079        3.22036
1079       0.892103
1079        5.68057
1079        3.02658
1079        2.39052
1079        3.43364
1079        3.73242
1079        5.79826
1079        6.28279
1079        5.16544
1079        5.39975
1079        5.69892
1079        3.77993
1079        5.73652
1079        1.81151
1079        3.34707
1079        2.78988
1079        3.88622
1079        4.24942
1079        4.19546
1079        3.98454
1079        5.45503
1079        5.89158
1079        2.93962
1079        2.69671
1079        0.00874
1079         3.4054
1079        1.11054
1079        0.32553
1079        3.18019
1079        2.49176
1079         1.4629
1079        5.71364
1079        1.26524
1079        1.17288
1079        1.14289
1079        1.03094
1079        3.08279
1079        2.75388
1079        4.07306
1079       0.941697
1079        1.04442
1079        2.64882
1079        0.61472
1079        4.59082
1079        5.16228
1079         5.4605
1079        2.95281
1079        2.47437
1079        0.75476
1079         0.7759
1079        4.70394
1079       0.959469
1079      0.0204501
1079       0.864711
1079        2.82676
1079         3.7905
1079         4.8366
1079       0.258841
1079         3.0722
1079        4.38953
1079        1.71438
1079        4.95186
1079        3.88031
1079        2.75311
1079      0.0764522
1079        0.97326
1079        2.63192
1079       0.866386
1079        6.26346
1079        2.53145
1079        6.22857
1079        4.08377
1079        1.50332
1079        5.79335
1079        2.99643
1079        1.69506
1079        3.11342
1079        3.92527
1079        4.47125
1079       0.635036
1079       0.133085
1079        3.07364
1079        3.29009
1079        5.40063
1079        4.34114
1079        3.57962
1079        5.26283
1079       0.726045
1079       0.506248
1079        1.29194
1079       0.497178
1079        4.39661
1079        5.02581
1079        2.93345
1079        4.78696
1079        2.05378
1079        2.01519
1079       0.865604
1079        3.16491
1079       0.654018
1079          1.339
1079       0.992056
1079        4.50373
1079       0.868715
1079        2.60962
1079        3.97295
1079       0.084282
1079        5.95113
1079        5.36712
1079        4.78602
1079        2.57038
1079        0.83497
1079         2.7964
1079        6.27863
1079        1.37332
1079       0.557517
1079        3.04296
1079        0.42086
1079        1.17007
1079        5.15288
1079        6.14339
1079        2.06862
1079        5.07536
1079        4.52676
1079        5.84538
1079       0.207102
1079        3.86353
1079        1.11305
1079        5.34224
1079        2.34322
1079        3.65992
1079        3.57535
1079        3.29268
1079        5.92436
1079        6.05305
1079        4.70344
1079        5.89119
1079        2.82999
1079       0.345314
1079       0.697562
1079        2.67042
1079        3.03674
1079        1.88206
1079        3.53882
1079        2.84599
1079       0.597078
1079        3.45056
1079        2.75578
1079        2.67285
1079         1.2866
1079        6.26447
1079        6.25726
1079       0.138432
1079        0.34747
1079        4.09163
1079        5.22332
1079        3.68507
1079        5.13156
1079        3.47704
1079        3.28457
1079       0.141635
1079        2.98762
1079        3.38569
1079         3.0489
1079       0.698447
1079        2.92433
1079        3.31261
1079        3.67319
1079       0.342765
1079       0.963072
1079       0.963715
1079        5.33085
1079        4.57545
1079        5.56612
1079        0.94849
1079        5.47113
1079        3.56111
1079        2.34699
1079        3.73934
1079        1.47246
1079        5.23404
1079       0.176606
1079        3.70279
1079        2.67581
1079        5.41958
1079        6.06244
1079       0.224476
1079        1.32539
1079        5.46163
1079        1.96141
1079        4.93368
1079       0.784202
1079         4.7394
1079        5.37979
1079        4.99508
1079        2.06241
1079         3.0241
1079        5.41731
1079        3.00451
1079        2.31909
1079       0.708266
1079        5.84911
1079        1.92666
1079        6.19672
1079       0.561464
1079        5.46523
1079       0.112272
1079        2.48943
1079       0.204773
1079        3.64997
1079       0.978215
1079        3.56921
1079        2.90245
1079        3.81763
1079         2.6106
1079        1.81208
1079        2.58367
1079        2.24464
1079        3.74633
1079        3.11771
1079        5.92268
1079        3.91382
1079        5.61718
1079        1.53788
1079        3.78145
1079        2.17755
1079        6.16221
1079       0.208742
1079        3.27473
1079       0.125458
1079        5.91965
1079       0.544962
1079       0.909206
1079        4.06519
1079        1.82304
1079       0.498434
1079        2.88772
1079        2.05302
1079       0.223317
1079       0.896311
1079        2.61305
1079        5.20043
1079        2.12034
1079        5.98552
1079        5.61332
1079        4.28186
1079          6.125
1079         2.8127
1079        2.71625
1079        2.01322
1079        2.05124
1079        3.75502
1079       0.971681
1079        1.48914
1079        3.98468
1079      0.0735316
1079        2.08193
1079       0.386048
1079       0.778637
1079        5.84107
1079        5.73684
1079        2.09016
1079        1.45523
1079        1.16439
1079        3.49294
1079        5.73547
1079        3.85472
1079        2.38116
1079        1.81779
1079        2.58315
1079          4.686
1079        4.86717
1079        5.58295
1079        3.61807
1079        5.28451
1079        3.92039
1079        1.97316
1079        4.12032
1079        4.89356
1079        3.46722
1079        3.42717
1079        2.96501
1079        5.65888
1079        5.83488
1079        4.87252
1079        1.93693
1079        4.31404
1079       0.280444
1079        3.46103
1079        3.08209
1079         4.5876
1079        2.26366
1079        3.86443
1079        2.52714
1079        3.05284
1079        2.47874
1079        5.57517
1079       0.421359
1079        6.25354
1079         5.7858
1079        1.89053
1079       0.405314
1079        0.19492
1079        1.72064
1079        2.66043
1079         1.2981
1079        4.49476
1079       0.753604
1079        2.06988
1079        1.06219
1079        5.73974
1079       0.936601
1079        2.68423
1079        5.12463
1079        6.00522
1079        2.99304
1079        5.60316
1079        4.01193
1079        2.43111
1079        3.38011
1079        4.82058
1079        3.52086
1079         3.6992
1079        6.25569
1079        4.66517
1079        3.92862
1079        5.46792
1079       0.346391
1079        3.02848
1079         5.6453
1079       0.434315
1079       0.479412
1079        1.24897
1079        5.75044
1079        2.38308
1079        5.63214
1079        1.32044
1079        3.79843
1079        4.86335
1079         3.1689
1079         3.5387
1079        5.03463
1079       0.632547
1079        2.54357
1079        1.87889
1079        2.12801
1079        3.74612
1079       0.405121
1079        3.56238
1079         3.6023
1079        1.38236
1079        5.24981
1079         2.9874
1079        5.02549
1079        5.80842
1079        2.12799
1079        1.27331
1079        1.66953
1079        3.30184
1079        4.00241
1079        5.81221
1079        3.04192
1079        3.98927
1079        3.09738
1079        2.40373
1079        1.20504
1079         6.0811
1079        5.94028
1079        3.71708
1079       0.151662
1079         4.5261
1079        3.41896
1079        4.25053
1079        6.11983
1079        5.56903
1079        3.86061
1079        3.03849
1079        1.70174
1079        3.60903
1079        3.72911
1079        2.97698
1079         0.8331
1079        1.32607
1079       0.301898
1079        4.68644
1079        2.62993
1079        3.16126
1079        0.88257
1079        1.78432
1079         5.4265
1079        5.67631
1079        3.92943
1079        4.36178
1079        5.56978
1079        3.90495
1079        5.82049
1079         3.8025
1079       0.662652
1079        4.24913
1079       0.155738
1079        6.17909
1079        4.97627
1079        4.54919
1079        5.45538
1079        1.45841
1079        6.15162
1079        1.13927
1079        4.29322
1079       0.734511
1079        3.79564
1079         3.8848
1079        5.45261
1079        3.58114
1079        3.04898
1079        5.82431
1079        6.18064
1079        1.47698
1079         2.1109
1079       0.912495
1079        3.03779
1079        4.82076
1079       0.637595
1079        6.16724
1079        3.39133
1079         4.3708
1079       0.641971
1079        4.02643
1079         2.9414
1079        3.65294
1079       0.923853
1079       0.773275
1079       0.763393
1079       0.891974
1079       0.372046
1079        5.72416
1079        5.42218
1079        1.51156
1079        3.21582
1079        2.96735
1079        1.44328
1079        2.03193
1079        2.33401
1079        1.13969
1079         1.3389
1079        3.31979
1079         5.0582
1079        5.94435
1079        2.83618
1079        3.72659
1079        3.62936
1079        1.53915
1079        6.05235
1079       0.153658
1079        3.13658
1079        5.50123
1079         2.3339
1079         5.2465
1079         1.8157
1079        3.99686
1079       0.876827
1079        0.40344
1079        3.76939
1079         2.0836
1079        1.51533
1079        2.62166
1079        6.21842
1079        2.80925
1079         3.2709
1079        3.47655
1079        6.07693
1079        3.14168
1079        5.49727
1079        4.20532
1079        1.67239
1079        1.96445
1079        1.04997
1079        2.15204
1079       0.238563
1079        3.05387
1079        5.69537
1079      0.0746941
1079        2.08801
1079       0.891744
1079        2.38489
1079        5.10662
1079        3.32285
1079       0.347922
1079       0.715942
1079        3.16524
1079        3.19329
1079        5.23329
1079        6.15888
1079        5.71996
1079        1.56113
1079       0.469692
1079        2.86958
1079        2.92481
1079        4.26303
1079        5.25543
1079        2.32482
1079        2.82832
1079        1.35804
1079       0.439984
1079       0.869289
1079       0.754204
1079        6.12505
1079        3.37971
1079        3.82141
1079        2.74251
1079      0.0442882
1079        2.79795
1079        6.19536
1079        5.90107
1079       0.153321
1079        1.69318
1079        2.55113
1079        3.20069
1079        1.13041
1079        0.18205
1079        1.41445
1079        2.52799
1079        5.74586
1079        3.22785
1079        4.03497
1079        2.00796
1079        6.03895
1079        3.08103
1079         6.2233
1079         3.1416
1079        5.20263
1079        5.59808
1079         1.0337
1079        1.41516
1079       0.293762
1079         3.5493
1079       0.256405
1079        4.08271
1079       0.535523
1079        2.46998
1079       0.473131
1079       0.224889
1079       0.566677
1079        3.55232
1079          1.654
1079       0.684957
1079        1.44384
1079        6.16032
1079       0.221414
1079       0.549085
1079       0.152075
1079       0.975317
1079         5.7126
1079         1.6884
1079        1.53059
1079        1.80407
1079        2.63794
1079        3.77806
1079       0.137917
1079        3.20764
1079        2.81987
1079        6.00629
1079        3.04482
1079       0.589099
1079        4.51136
1079        5.45678
1079        6.05104
1079        4.11477
1079        3.28435
1079        3.27884
1079        3.22487
1079        2.66529
1079        3.41574
1079        3.79437
1079        5.36142
1079       0.979203
1079        2.60517
1079        3.46625
1079        2.62956
1079        5.48236
1079        4.79902
1079        5.21203
1079        3.72184
1079        1.90809
1079        5.42738
1079       0.857204
1079       0.435277
