1249        1.21292
1249        1.97601
1249        4.71109
1249        3.28746
1249        3.95934
1249        2.69983
1249        5.86785
1249         4.4556
1249       0.793742
1249       0.787313
1249         3.1761
1249        3.08575
1249        1.57462
1249        5.15334
1249        6.01644
1249         4.1665
1249        2.75089
1249        4.63579
1249        1.40128
1249        1.43826
1249       0.413135
1249        6.24822
1249        5.93613
1249       0.799977
1249        2.06459
1249        5.04388
1249        4.36172
1249        4.87499
1249        1.53153
1249        1.79434
1249       0.497234
1249        4.02456
1249        6.07392
1249        2.35742
1249         2.2766
1249        2.36153
1249       0.644202
1249         5.4977
1249        2.53174
1249       0.467363
1249        4.08012
1249        1.68082
1249        2.39068
1249        2.44046
1249         2.3416
1249        2.64172
1249        5.59212
1249        6.01632
1249        2.96806
1249        2.39486
1249         1.2509
1249        3.81204
1249       0.714932
1249       0.191405
1249       0.103101
1249        3.91595
1249        2.71627
1249        5.91703
1249        2.24966
1249        5.48719
1249       0.961518
1249        3.75125
1249        3.12933
1249        6.05101
1249        4.73734
1249        1.72011
1249       0.304728
1249       0.476468
1249       0.555981
1249         2.9778
1249        3.03566
1249         3.4978
1249        5.22404
1249       0.855188
1249        5.34444
1249       0.304274
1249        4.57036
1249        1.35867
1249         1.3391
1249        2.25265
1249        4.97879
1249       0.474608
1249        6.09199
1249        5.50652
1249        4.65334
1249        5.88889
1249        1.64811
1249        3.09971
1249        2.23743
1249       0.297575
1249        1.49221
1249        5.60789
1249        5.00702
1249       0.810978
1249        3.62627
1249        4.82687
1249        1.49495
1249        4.29357
1249        2.52196
1249        1.89824
1249        4.62311
1249       0.645727
1249        2.46307
1249        2.34037
1249        4.52782
1249        2.52948
1249       0.754167
1249        4.42783
1249        5.96031
1249          3.107
1249         2.6413
1249        6.19933
1249        0.72779
1249       0.400022
1249        4.70419
1249        2.35351
1249        5.60245
1249        3.80596
1249        5.87711
1249         1.3503
1249        1.35556
1249        5.41651
1249        4.97641
1249         5.5129
1249      0.0737897
1249        1.46768
1249        3.09138
1249         2.8584
1249        3.65639
1249        5.29049
1249       0.676328
1249        3.46408
1249        5.89368
1249        2.74101
1249        2.18236
1249        4.26978
1249        4.98618
1249        6.25003
1249         1.9857
1249        3.23982
1249        4.73269
1249        2.34063
1249        4.99179
1249        2.18417
1249        3.61568
1249        1.80517
1249        1.56877
1249        4.83363
1249        5.14417
1249        5.42938
1249        4.09505
1249        4.85827
1249         1.0965
1249        4.36715
1249        2.01746
1249        3.54998
1249        1.03984
1249        3.81245
1249        2.64835
1249        4.98488
1249        5.46746
1249        4.39404
1249       0.658275
1249        1.07178
1249        2.36271
1249        3.89502
1249        2.49796
1249        5.42415
1249        2.38264
1249         5.4055
1249        5.05004
1249        6.25253
1249        1.57549
1249        5.56175
1249         2.2499
1249        1.93502
1249        4.04027
1249        3.12646
1249        5.20494
1249         1.9795
1249        3.18249
1249        1.63096
1249        1.55572
1249        2.14949
1249        6.15605
1249        2.80127
1249         4.6773
1249        2.01254
1249        4.64821
1249        4.18779
1249        2.56085
1249        4.51632
1249        4.26495
1249       0.815798
1249        3.15259
1249        1.09369
1249        2.41811
1249         2.3894
1249        5.34518
1249       0.644351
1249        1.34477
1249        5.70894
1249        2.92995
1249        6.09574
1249        2.21106
1249       0.832063
1249        4.71586
1249        0.22365
1249        5.66031
1249        1.71256
1249        5.37196
1249        4.30165
1249          3.932
1249        4.63119
1249        5.91323
1249        2.19374
1249        1.66542
1249        2.19636
1249        2.70701
1249        3.59734
1249        0.30475
1249        2.75299
1249        2.85883
1249         5.1326
1249        2.49547
1249        4.52986
1249        1.16514
1249        6.00591
1249        1.94573
1249        2.66626
1249        4.97945
1249        6.07306
1249        5.58753
1249        5.34069
1249        2.29087
1249        0.57242
1249        1.99973
1249        4.86266
1249        5.65096
1249        0.16767
1249       0.704441
1249        1.07923
1249         3.0138
1249        5.37909
1249         4.4192
1249       0.860066
1249          1.646
1249        5.26208
1249        4.42554
1249        3.21903
1249        2.22855
1249         6.2618
1249        5.72499
1249        4.58289
1249       0.216939
1249        4.36961
1249        3.18913
1249        4.84258
1249        1.17214
1249        2.24723
1249        5.56558
1249       0.840314
1249        1.01707
1249      0.0280909
1249        5.01798
1249        5.39193
1249        3.56985
1249        1.45356
1249       0.166296
1249        5.00884
1249        2.61403
1249        5.82291
1249        2.22797
1249          3.405
1249        5.14251
1249          6.138
1249        3.71824
1249        4.82611
1249        1.43771
1249        5.29049
1249        5.01235
1249        6.14746
1249        1.57284
1249        2.95552
1249        5.53236
1249       0.231651
1249         1.5762
1249        2.14127
1249       0.717679
1249        2.02995
1249        5.31266
1249        2.01511
1249        2.17004
1249        2.21808
1249         4.0866
1249        5.96795
1249        1.93736
1249        5.74406
1249        4.94936
1249        1.78604
1249       0.614899
1249        3.80256
1249        3.82371
1249        4.22666
1249        3.81961
1249        5.27449
1249        2.00863
1249        3.04491
1249        3.58722
1249        5.64136
1249        4.95402
1249        5.62378
1249        5.65673
1249         2.5629
1249        1.42262
1249        4.70091
1249        0.26758
1249        2.34449
1249        4.20605
1249       0.576013
1249        5.45302
1249        6.04691
1249        4.34575
1249        4.66657
1249        2.16975
1249        1.96979
1249        5.15498
1249       0.583345
1249        5.29838
1249       0.562804
1249        6.19137
1249        5.12485
1249        5.06279
1249        3.11684
1249        4.59638
1249        5.67867
1249        2.33775
1249        3.10502
1249        1.61837
1249        2.63265
1249        1.18453
1249         3.5034
1249         2.7751
1249         1.7873
1249        1.98226
1249        5.77407
1249        4.87986
1249        2.20385
1249        2.73781
1249        1.60829
1249       0.531295
1249        3.31316
1249        1.72199
1249       0.883549
1249        5.97193
1249        5.30573
1249          5.774
1249        2.43571
1249        1.86392
1249        2.28189
1249        4.31983
1249        2.13695
1249        5.12307
1249        4.88589
1249        3.14549
1249        6.23534
1249        2.78905
1249        2.31541
1249        2.65867
1249        4.42724
1249        4.77762
1249        1.31769
1249        3.52945
1249        1.78891
1249        2.28955
1249        1.25965
1249        1.25909
1249        2.64366
1249        1.12144
1249       0.558658
1249       0.490786
1249        5.15262
1249        4.09422
1249        2.19254
1249        5.26282
1249        1.48744
1249        4.58462
1249        2.11934
1249        5.86686
1249        0.46341
1249        2.19404
1249        1.83694
1249       0.896364
1249         4.4469
1249        5.81946
1249        6.09315
1249        4.02201
1249        3.89018
1249        4.25974
1249        2.19606
1249       0.313469
1249        5.73776
1249        4.71223
1249        4.80826
1249        1.98803
1249         4.1144
1249        3.19837
1249         5.5604
1249        1.33969
1249        6.15287
1249       0.257876
1249        3.20916
1249        3.95279
1249        1.73026
1249          5.076
1249        4.18447
1249        5.80317
1249        5.57871
1249       0.861702
1249        5.29892
1249        2.04793
1249        1.62628
1249        4.70053
1249        1.24513
1249        1.26063
1249        2.95384
1249         3.3853
1249        1.29602
1249        5.79634
1249         4.8321
1249        2.56652
1249        1.98736
1249         5.8063
1249        1.70836
1249        2.12947
1249        4.19871
1249        2.94216
1249        5.21158
1249        5.94416
1249        2.07431
1249       0.112137
1249        1.58262
1249        1.40786
1249        4.52923
1249       0.098747
1249        1.88847
1249        2.00448
1249       0.417133
1249       0.645263
1249         1.0049
1249        2.15861
1249        4.99503
1249        5.35138
1249        4.97404
1249         4.6272
1249        2.34851
1249      0.0937429
1249        2.25883
1249       0.680498
1249        4.08351
1249       0.391714
1249          1.433
1249        3.92438
1249       0.592452
1249        2.67689
1249        2.47749
1249         6.0454
1249        1.25631
1249       0.217006
1249        2.64742
1249        4.24098
1249       0.625118
1249        3.03739
1249        6.00497
1249        1.17752
1249        4.60477
1249        3.44106
1249        5.93216
1249        4.01122
1249        3.82609
1249        5.79095
1249        3.82547
1249        1.33411
1249        5.38382
1249        1.64433
1249        4.92137
1249        4.13813
1249        5.02496
1249        3.42084
1249        2.02252
1249        5.37795
1249      0.0660486
1249        1.23668
1249         1.6186
1249       0.889711
1249        4.17947
1249        3.59585
1249        4.52051
1249        4.25592
1249        2.72586
1249        3.85261
1249        1.93868
1249        3.53946
1249        4.09873
1249       0.939627
1249        2.84564
1249        1.64557
1249        3.03579
1249        5.58918
1249       0.961242
1249       0.621999
1249        4.36187
1249        3.13541
1249        5.33261
1249        4.60926
1249        0.75354
1249       0.621323
1249         2.9324
1249        4.73168
1249         4.7008
1249        5.75329
1249        4.01882
1249        4.79564
1249        5.69599
1249        4.04749
1249      0.0258298
1249        3.20789
1249        4.56047
1249        4.36162
1249        2.89973
1249       0.753865
1249        2.31567
1249        2.34001
1249        3.89328
1249        6.18608
1249        3.07467
1249        2.80848
1249        3.56931
1249         4.3461
1249         3.6951
1249        6.09445
1249        1.05285
1249        1.26037
1249        1.43209
1249        3.29706
1249      0.0285391
1249        5.03075
1249        1.36903
1249         5.2221
1249        5.68709
1249        3.72155
1249        1.41169
1249        2.80326
1249        3.85286
1249         6.2045
1249           4.32
1249        6.26458
1249       0.599115
1249        3.39077
1249        1.38401
1249        4.36429
1249        1.16893
1249        2.20082
1249        4.19601
1249        4.18029
1249        2.38299
1249        5.55951
1249        5.69677
1249       0.627264
1249        2.98492
1249        2.98086
1249       0.873927
1249        4.11645
1249        4.83849
1249        4.04705
1249        4.94318
1249       0.392915
1249        5.05408
1249        3.53796
1249        3.18306
1249        0.48889
1249        5.56361
1249         5.9886
1249        1.67458
1249        4.64477
1249         4.3053
1249        2.43066
1249       0.454939
1249        3.46982
1249          4.334
1249        4.79418
1249        1.24622
1249        5.15402
1249        3.92056
1249        5.71889
1249        2.59936
1249        4.65992
1249        1.08643
1249         2.0507
1249         1.6552
1249        5.63135
1249         4.0905
1249        3.91697
1249        0.57865
1249        4.36834
1249        2.33265
1249        2.78608
1249       0.618446
1249        4.28881
1249        5.13339
1249         5.0788
1249        1.97198
1249        4.02508
1249       0.237376
1249        5.44476
1249       0.490144
1249        3.66188
1249        3.89198
1249        2.90192
1249        3.19033
1249        5.85285
1249        2.71591
1249        4.32019
1249        1.43269
1249        3.30687
1249        2.11944
1249        2.55926
1249        2.21997
1249        4.67147
1249        3.94664
1249       0.764105
1249        1.62019
1249        6.03066
1249        2.02151
1249        5.11375
1249        1.40482
1249       0.958406
1249        2.80055
1249         2.4588
1249         3.3213
1249       0.654498
1249        1.54833
1249        1.66736
1249        1.65152
1249        5.45128
1249        4.56092
1249        4.70369
1249        4.05489
1249        4.29179
1249        6.00903
1249        1.77295
1249        4.63443
1249        5.80304
1249        1.33687
1249        3.28782
1249        2.75782
1249        1.41203
1249        4.05555
1249        2.44246
1249        1.31603
1249        4.73271
1249        4.01066
1249        4.89307
1249        5.31084
1249        4.03094
1249        2.79325
1249        6.12042
1249        5.29971
1249        1.89787
1249        1.14191
1249        5.79249
1249        2.42168
1249        5.30423
1249        5.62716
1249        2.67193
1249        3.30639
1249        5.51901
1249        5.56988
1249        4.39641
1249        4.70488
1249         6.1282
1249         2.8151
1249        1.68255
1249        1.47063
1249        4.59194
1249        1.90261
1249         1.5226
1249        1.54706
1249       0.209493
1249        5.35772
1249        2.76657
1249        4.42253
1249        0.13922
1249        4.93316
1249        2.13322
1249        5.49492
1249        5.26849
1249        4.12752
1249        4.11368
1249        1.13692
1249        2.50858
1249        5.98836
1249        5.13599
1249        1.62255
1249       0.626919
1249        1.90263
1249       0.598543
1249       0.759398
1249       0.159651
1249        4.28893
1249        3.52726
1249        4.85981
1249        4.15736
1249       0.107982
1249       0.937831
1249        4.31934
1249        2.65631
1249        0.92317
1249        1.80951
1249        2.20447
1249        4.08948
1249        3.05518
1249        3.92109
1249        5.80518
1249       0.161565
1249        2.34925
1249        1.55742
1249        2.64187
1249        3.13177
1249        3.92555
1249        6.25996
1249        4.81345
1249        5.38307
1249        5.95917
1249       0.282882
1249        1.18971
1249        1.40919
1249        2.92841
1249        4.15895
1249        1.62875
1249        6.04774
1249        1.98433
1249        3.97786
1249        5.48928
1249        1.87055
1249        2.98198
1249        6.07619
1249        4.74559
1249        1.46774
1249        0.32681
1249         4.5256
1249        2.28644
1249        2.60136
1249        2.20309
1249       0.430423
1249       0.121148
1249        4.14622
1249        3.37521
1249        4.76779
1249        5.91557
1249        4.29325
1249        3.03146
1249        2.06073
1249         1.5932
1249        3.28956
1249        2.78851
1249        2.66806
1249        4.21286
1249        5.41378
1249        2.52775
1249        2.33854
1249        5.38593
1249        5.70159
1249        1.15222
1249       0.720363
1249        4.86634
1249        4.59239
1249        1.01401
1249        2.73979
1249        5.25228
1249        1.36886
1249       0.554929
1249         3.9769
1249        5.47366
1249        3.70129
1249       0.610675
1249        3.17396
1249        5.97008
1249        1.95831
1249       0.934508
1249        1.10747
1249        4.65558
1249         2.3307
1249        5.36881
1249        2.24641
1249        1.60626
1249        4.95449
1249        5.52668
1249       0.617081
1249        3.28419
1249        1.56861
1249        2.98404
1249      0.0586768
1249        5.79302
1249        5.82856
1249        4.53688
1249        1.56539
1249        3.34318
1249        4.76162
1249       0.360667
1249       0.864069
1249        1.61908
1249        1.72235
1249        3.55331
1249       0.799465
1249       0.819729
1249       0.177934
1249        2.46437
1249        5.55395
1249        2.96609
1249         4.4228
1249        2.43679
1249        5.60577
1249      0.0287276
1249        1.92596
1249        4.95194
1249        5.45303
1249        1.70142
1249         1.5395
1249        2.00083
1249       0.322314
1249        3.02552
1249        1.35798
1249        2.81076
1249       0.472346
1249        5.45715
1249        3.81258
1249        1.70022
1249        2.75606
1249        5.04259
1249        4.09532
1249       0.834163
1249        1.66923
1249        1.96521
1249        4.16158
1249         2.2211
1249        6.17308
1249      0.0105248
1249        3.47116
1249        4.47912
1249       0.845476
1249        1.21782
1249        5.36339
1249        3.40252
1249        6.21758
1249        5.55371
1249       0.607617
1249        6.14279
1249        4.31281
1249       0.748533
1249        2.83322
1249        3.96612
1249        2.69325
1249        4.40818
1249        5.10182
1249        3.77229
1249        1.03016
1249         3.5472
1249        2.93759
1249        5.02588
1249       0.935968
1249        4.91972
1249        1.11435
1249        4.86757
1249        2.77311
1249        1.09461
1249        5.43183
1249        5.06547
1249        2.75692
1249        2.41222
1249        2.04112
1249        5.80709
1249        3.17725
1249       0.179459
1249       0.936134
1249        3.09864
1249        2.22104
1249        1.35549
1249        1.94595
1249        2.64168
1249        2.37786
1249        4.11065
1249        6.20946
1249         6.0366
1249        5.51812
1249         5.4015
1249        1.18753
1249         3.2244
1249        4.06084
1249       0.750739
1249        4.82581
1249        3.33293
1249        4.09185
1249        3.92718
1249        3.91164
1249        2.00326
1249        5.47439
1249        3.62186
1249        2.38632
1249       0.240536
1249       0.739151
1249        2.72858
1249        3.81452
1249        4.94826
1249        1.39632
1249        2.63513
1249        6.09169
1249        3.94545
1249        4.13407
1249        5.63774
1249        3.99155
1249        5.73543
1249        1.87334
1249        4.24942
1249          1.756
1249         3.9164
1249        5.63028
1249       0.408606
1249        5.09537
1249        5.41006
1249        5.48876
1249       0.588712
1249        4.80269
1249        3.06491
1249        2.65799
1249       0.437804
1249       0.739213
1249        1.08446
1249        1.86043
1249       0.732551
1249        5.37194
1249        4.83272
1249        2.89166
1249        3.83833
1249        2.77524
1249        1.65987
1249        5.41314
1249          3.376
1249        4.90893
1249       0.192648
1249        3.07449
1249        3.76779
1249        2.25903
1249        2.04782
1249        3.99591
1249        5.62726
1249         1.7413
1249        5.09567
1249        3.47262
1249        2.97023
1249        1.38948
1249       0.440719
1249        1.62531
1249        6.19122
1249        5.87803
1249        4.85008
1249         3.0369
1249        4.52911
1249        4.95596
1249        4.54915
1249        5.35756
1249        5.31444
1249        2.73886
1249        3.27243
1249        2.71576
1249       0.827849
1249        1.78675
1249        5.36737
1249        1.71579
1249        5.28919
1249        2.98649
1249         3.5234
1249        3.93949
1249        4.63041
1249        0.42968
1249       0.394894
1249        1.70208
1249        6.06809
1249        4.12656
1249        2.29087
1249        3.33725
1249        1.44577
1249        2.08529
1249        5.25094
1249       0.444086
1249        1.66959
1249        1.80039
1249        5.44073
1249       0.144595
1249       0.276439
1249        4.39639
1249        1.57338
1249        1.08816
1249        5.02504
1249        3.47676
1249        1.03471
1249         4.7146
1249        1.50752
1249        5.31899
1249        1.44915
1249       0.629924
1249        1.42578
1249        2.50948
1249        5.13385
1249        2.68399
1249        4.18956
1249        5.93121
1249         2.3443
1249        1.83736
1249       0.613645
1249        2.37862
1249      0.0954513
1249        6.07022
1249        6.20077
1249       0.526563
1249        5.71471
1249        2.32727
1249        2.64156
1249         6.2365
1249        5.17992
1249        2.57427
1249        5.11788
1249        5.46465
1249       0.696399
1249       0.621734
1249        1.39118
1249        3.26931
1249        2.74646
1249        2.32144
1249        5.84717
1249        1.31958
1249        0.33724
1249        4.06643
1249        3.08898
1249        4.87839
1249        1.43685
1249      0.0214674
1249        4.43567
1249         1.2863
1249        3.62723
1249        1.40789
1249        0.31503
1249         4.4384
1249        5.22902
1249        5.87175
1249        4.51311
1249         3.1902
1249        4.72102
1249        5.45057
1249        1.42296
1249       0.517463
1249        5.31886
1249        3.32622
1249        1.94305
1249        4.05537
1249        3.97038
1249       0.158137
1249        6.08884
1249        5.96433
1249       0.966313
1249        3.95846
1249        5.29909
1249        5.59282
1249        1.70054
1249        2.56564
1249       0.299315
1249        1.59276
1249        3.17855
1249       0.645569
1249        4.90693
1249        1.44793
1249        2.85336
1249        2.05673
1249         1.7278
1249        5.29303
1249        5.58116
1249        2.73236
1249        2.30789
1249        1.49682
1249        3.94024
1249       0.270407
1249        1.46736
1249        1.19322
1249        1.69784
1249        1.85774
1249      0.0862274
1249        4.33278
1249        3.70043
1249        1.44291
1249        2.53027
1249        4.44895
1249        1.84193
1249        4.39312
1249        4.49094
1249        1.51882
1249        3.92847
1249        3.28471
1249        5.40408
1249        3.59563
1249         2.6534
1249        1.47358
1249       0.197851
1249        1.52616
1249        2.15079
1249        5.16208
1249        2.25121
1249        3.00413
1249        3.06447
1249        5.54139
1249       0.765539
1249        5.07701
1249        3.91626
1249        4.64647
1249        2.38331
1249        4.37903
1249        6.08628
1249        3.57802
1249        3.82037
1249        5.11679
1249        2.80992
1249        2.08023
1249        1.80155
1249        5.30812
1249        3.63492
1249        1.17077
1249        2.98673
1249        2.69492
1249        5.32707
1249        4.31374
1249       0.428671
1249       0.251362
1249        4.19514
1249        2.74982
1249          2.658
1249       0.813925
1249        5.57322
1249         1.2107
1249        4.22375
1249        1.63137
1249        1.88831
1249        6.03903
1249        5.71128
1249        2.10936
1249        5.66455
1249        4.95771
1249       0.314108
1249        4.29141
1249        3.71106
1249        5.83773
1249        6.02406
1249        3.99314
1249        4.44948
1249        2.71444
1249        5.00321
1249        4.82624
1249      0.0863669
1249        1.49968
1249       0.224675
1249        1.95459
1249        5.57899
1249        1.93132
1249         5.7422
1249        5.11823
1249        4.87042
1249        5.23001
1249        2.38229
1249       0.611928
1249        3.51166
1249        4.71093
1249        3.60004
1249        3.48517
1249        5.16248
1249        5.81257
1249        5.37919
1249        6.14528
1249       0.189693
1249        6.21432
1249        4.32419
1249       0.916899
1249        3.36969
1249        6.18641
1249        3.89593
1249        4.22508
1249        2.60461
1249        4.58578
1249        5.84358
1249        4.53236
1249        2.11009
1249        5.46715
1249        3.92295
1249        4.24508
1249       0.633817
1249        6.11847
1249        4.75846
1249         6.1034
1249       0.997333
1249         5.2119
1249         2.3491
1249        2.70495
1249        1.84593
1249       0.251097
1249        5.78282
1249         3.1315
1249        1.90588
1249         5.2584
1249        6.04858
1249        3.95175
1249        6.16907
1249       0.358416
1249        5.31047
1249         6.2258
1249        1.32077
1249        3.80828
1249         5.7155
1249        1.98817
1249        5.43473
1249        0.13061
1249        6.22047
1249        2.33141
1249        4.94852
1249        1.96368
1249        2.63871
1249        3.45124
1249        1.48099
1249        1.57115
1249        2.28824
1249        3.09579
1249      0.0910953
1249        2.25875
1249        1.72231
1249        1.50239
1249        3.83038
1249        3.13718
1249        5.82458
1249        2.77762
1249       0.303718
1249        2.99821
1249        3.78552
1249        5.60219
1249        4.79023
1249        5.87239
1249        2.36815
1249        3.41908
1249        4.69216
1249       0.436582
1249        3.64049
1249        5.84155
1249        2.42838
1249        6.09723
1249        2.97381
1249        4.40648
1249        4.29958
1249        3.28057
1249        4.75785
1249         1.9312
1249        5.72975
1249        2.10049
1249        1.95426
1249       0.808586
1249        5.18758
1249        1.13517
1249        6.05487
1249       0.160462
1249        1.86384
1249        4.63634
1249          3.746
1249        4.41658
1249        1.20904
1249        5.22039
1249        3.01866
1249        3.19932
1249         3.6457
1249        6.06532
1249        3.36039
1249         4.9323
1249        1.57401
1249        5.26299
1249        3.84052
1249        4.84185
1249        4.82099
1249        3.90974
1249         2.1436
1249       0.133962
1249        1.26319
1249        1.67504
1249        2.66911
1249        3.76567
1249        1.21603
1249        3.81001
1249        4.31348
1249        4.40271
1249        6.12543
1249        0.66797
1249        4.80826
1249        3.44011
1249       0.294377
1249        2.36549
1249         4.8113
1249        4.22345
1249        1.99485
1249        3.11028
1249        6.16705
1249         2.0016
1249       0.412491
1249       0.333936
1249        5.05763
1249        4.30927
1249        5.83917
1249        4.31928
1249        1.68624
1249        2.70146
1249        4.32638
1249        1.03523
1249        5.42093
1249        4.18613
1249        2.57276
1249        6.03005
1249        5.33719
1249         1.0366
1249       0.786113
1249        3.33991
1249        0.11163
1249        4.95194
1249        3.09992
1249        5.38672
1249       0.740348
1249        3.73385
1249        2.16097
1249        4.71377
1249        5.33178
1249        3.46406
1249       0.499789
1249        1.58081
1249        3.98663
1249        4.80594
1249        2.46013
1249        5.36418
1249        4.44904
1249         1.2214
1249        4.11363
1249        1.57769
1249        2.37324
1249        3.58028
1249       0.689198
1249        3.44158
1249        4.29311
1249        3.12658
1249        1.91511
1249        2.98965
1249        1.50848
1249        5.95268
1249        4.98293
1249        6.22134
1249          1.992
1249        2.93666
1249        3.46056
1249        5.41821
1249         1.4581
1249        1.98717
1249         4.3307
1249         4.1952
1249        5.34296
1249        2.55346
1249        1.30204
1249        3.25134
1249         6.2457
1249        1.67031
1249        1.75138
1249       0.764354
1249        2.23301
1249        4.49247
1249        4.69307
1249        3.20194
1249        4.93312
1249         5.2065
1249        4.07678
1249        3.24059
1249        1.47957
1249        5.58645
1249        2.39997
1249         1.8656
1249        2.00477
1249        3.00053
1249        3.47903
1249          3.533
1249        3.90059
1249        1.77761
1249        1.64968
1249        1.72432
1249        3.23633
1249        1.08886
1249      0.0178901
1249       0.950488
1249        5.99125
1249        1.38495
1249        5.28569
1249        5.02659
1249       0.968647
1249        4.48836
1249        5.82689
1249        4.87311
1249        4.10781
1249        2.78226
1249        4.78954
1249        5.52123
1249       0.604131
1249        5.41309
1249       0.562916
1249       0.193227
1249        5.97939
1249         5.7471
1249        2.41239
1249        4.35989
1249        2.40267
1249        1.11003
1249        3.10354
1249        2.43866
1249        5.07801
1249        3.79394
1249       0.531375
1249        5.57402
1249      0.0853142
1249         5.3349
1249        3.12101
1249        3.82199
1249        3.85495
1249          5.283
1249        0.13964
1249        2.30927
1249        2.22507
1249       0.101985
1249        3.57209
1249        1.17706
1249        1.60634
1249        1.00491
1249        2.80955
1249        1.33672
1249        5.15292
1249        2.59383
1249        3.74292
1249        2.18007
1249         5.5479
1249        1.50207
1249        2.89018
1249        4.93523
1249        3.54674
1249        5.83917
1249        1.41568
1249        6.01424
1249       0.341522
1249       0.796277
1249        3.49619
1249       0.402706
1249        4.36893
1249        1.16449
1249        3.17178
1249        3.03979
1249        4.09594
1249        2.81593
1249        1.90599
1249        1.36806
1249       0.284695
1249        4.44453
1249       0.455776
1249        5.83257
1249        1.66327
1249        4.70182
1249        3.83134
1249        1.37539
1249        3.72356
1249        2.46795
1249        2.30593
1249        2.95382
1249        5.02863
1249        4.59663
1249       0.841756
1249        1.31611
1249        1.23763
1249       0.649793
1249        5.15635
1249        2.37578
1249        5.18618
1249        6.16069
1249        4.43042
1249        1.24446
1249        3.12408
1249        2.37231
1249        1.40638
1249        5.60242
1249        1.95101
1249        3.70557
1249         4.5026
1249        1.42231
1249        5.92737
1249        5.74166
1249        2.73431
1249        2.03623
1249        4.71692
1249        3.89004
1249        3.26824
1249        5.81066
1249         4.3819
1249        2.65341
1249        5.61112
1249     0.00487704
1249        3.64207
1249        3.19653
1249        3.70583
1249         5.9651
1249        3.48539
1249        1.93794
1249        3.31079
1249        3.11163
1249        5.25989
1249       0.369486
1249        1.31316
1249        1.94834
1249        5.14329
1249        1.64088
1249         4.3139
1249        0.28698
1249        4.06796
1249        4.51154
1249        5.19033
1249        4.30956
1249        3.10987
1249        3.36137
1249       0.200303
1249        4.12012
1249        4.43695
1249        1.47255
1249         1.2672
1249        1.23776
1249        1.53772
1249        4.82159
1249        1.73884
1249       0.161189
1249        5.74272
1249        3.02298
1249       0.521625
1249        1.96273
1249        5.21282
1249        6.25735
1249        5.66857
1249        1.48343
1249        5.65125
1249       0.956526
1249        2.35479
1249       0.809703
1249        1.85534
1249      0.0840666
1249        3.25069
1249        5.79466
1249        6.20404
1249       0.126533
1249        1.45293
1249        4.92128
1249        3.81159
1249        6.18616
1249        1.60878
1249       0.359504
1249       0.953677
1249       0.801386
1249        1.71867
1249        5.53175
1249      0.0385935
1249        3.82335
1249         5.2401
1249        6.09221
1249        4.36635
1249        1.64967
1249        5.99577
1249        5.95117
1249       0.865846
1249        2.84956
1249        1.82108
1249       0.478074
1249        5.07466
1249       0.741898
1249        4.03553
1249        3.19752
1249        2.95879
1249        2.71664
1249        4.02087
1249        6.10682
1249        1.83078
1249         3.4749
1249        1.65219
1249        2.49127
1249        1.93884
1249        5.23198
1249        1.27559
1249          2.497
1249        1.30824
1249        6.22939
1249       0.788638
1249        2.17812
1249        1.54099
1249       0.529013
1249        3.65088
1249        3.91765
1249        5.06159
1249        3.79571
1249        5.03897
1249       0.189409
1249       0.951132
1249       0.677293
1249        2.10595
1249         1.6537
1249        6.06619
1249        3.31518
1249        2.08185
1249        1.61231
1249       0.779349
1249        5.02819
1249        2.90206
1249        2.20196
1249        0.64947
1249        2.91781
1249        1.56692
1249        5.17397
1249        4.01595
1249        4.14895
1249        1.46524
1249        4.06322
1249        5.43875
1249        1.05629
1249       0.473335
1249        2.47677
1249        4.72101
1249       0.758008
1249        6.00676
1249       0.319682
1249        2.44585
1249        2.30103
1249        2.45837
1249        5.21029
1249        4.84073
1249        0.41112
1249       0.231262
1249        5.16871
1249         2.7742
1249        4.05106
1249        6.09283
1249        4.52437
1249        4.67906
1249        3.22106
1249         3.1881
1249       0.222919
1249        1.75756
1249        2.24134
1249        0.27612
1249        5.51351
1249        5.94268
1249        4.94219
1249         5.7007
1249        2.13275
1249        5.15934
1249        2.82764
1249       0.656309
1249        4.66658
1249         4.2857
1249       0.786101
1249        2.76869
1249        5.21423
1249        4.11284
1249         1.2479
1249      0.0252344
1249        5.03428
1249         3.1802
1249         2.0557
1249        1.38314
1249        1.51612
1249         3.2055
1249        5.65373
1249        2.32916
1249         4.4462
1249         5.3821
1249        5.99782
1249         3.0358
1249        1.86624
1249        2.80316
1249        2.33383
1249        5.76224
1249        5.46221
1249        3.16304
1249        2.88797
1249        3.99254
1249         5.3632
1249         1.9305
1249        2.88058
1249        1.07709
1249        2.71697
1249       0.716325
1249       0.531325
1249        3.24861
1249        2.27586
1249       0.688233
1249        6.00543
1249        3.00766
1249        1.65043
1249       0.552917
1249        3.77089
1249        5.17713
1249        2.64474
1249        5.37012
1249        6.07175
1249        6.25345
1249        2.86643
1249       0.282647
1249        1.61568
1249        2.02623
1249        1.53044
1249        5.74147
1249        3.22248
1249        1.34178
1249        4.75396
1249        6.24324
1249        2.21811
1249        2.47982
1249        6.10062
1249        2.38511
1249        2.59292
1249        2.66006
1249        4.74741
1249        2.20839
1249        2.36407
1249        3.16946
1249       0.563684
1249        2.14505
1249        4.11691
1249        4.90614
1249        3.56548
1249       0.147493
1249        2.76211
1249        2.71671
1249        5.59337
1249        6.02248
1249        1.94163
1249        5.79546
1249        3.21919
1249        1.02086
1249        4.29707
1249         5.9321
1249        1.93855
1249        4.24829
1249        5.79334
1249        2.91138
1249        4.82799
1249        4.53013
1249       0.896227
1249        1.60596
1249         4.5156
1249        1.29801
1249        6.02663
1249        4.01079
1249         4.4293
1249        3.43738
1249        2.75303
1249        5.08402
1249        5.46702
1249        4.92804
1249        5.22249
1249       0.237048
1249         5.1924
1249        3.91433
1249        2.43224
1249        4.36066
1249        3.53918
1249       0.393606
1249        4.21297
1249        5.85474
1249        2.63226
1249        5.95564
1249        5.83161
1249        3.31948
1249       0.685744
1249        1.81325
1249        3.24227
1249       0.198542
1249       0.176534
1249        4.26378
1249        4.39681
1249        1.85141
1249         5.2584
1249        3.55248
1249       0.547256
1249         6.1143
1249        2.89219
1249        2.35257
1249        1.92174
1249        3.06799
1249        1.09703
1249       0.441859
1249       0.343587
1249        1.92966
1249        1.88765
1249        4.00893
1249        2.20098
1249        1.24717
1249        1.27701
1249        1.91332
1249        3.90111
1249       0.373399
1249        3.40803
1249       0.798342
1249        1.80152
1249        4.72551
1249        1.36379
1249       0.188443
1249        1.74495
1249        2.06654
1249        4.67703
1249       0.926245
1249        3.82736
1249        4.09069
1249        5.49179
1249       0.515166
1249        4.93869
1249        1.88504
1249        1.54162
1249        1.74072
1249        5.49179
1249        1.01683
1249        2.10193
1249        1.42857
1249        5.49486
1249        2.43384
1249        2.96063
1249       0.115452
1249        5.64705
1249         3.3291
1249        5.90658
1249        1.09261
1249        4.64635
1249        4.38671
1249        5.95188
1249        1.49493
1249        3.22717
1249        2.22872
1249        5.22671
1249        3.09199
1249       0.123041
1249        1.41183
1249        5.70158
1249        4.99004
1249         5.8378
1249       0.523379
1249        3.45261
1249        2.38974
1249        0.69374
1249        1.58368
1249        3.59315
1249       0.456576
1249        4.29853
1249        3.59746
1249        5.64868
1249        2.65176
1249        2.00572
1249        4.99321
1249        2.33309
1249        5.87673
1249        5.50635
1249        4.88831
1249        2.56511
1249        1.16259
1249        2.89004
1249        3.17528
1249        2.37374
1249        2.08453
1249        2.57522
1249        2.28897
1249        3.71529
1249        2.24327
1249         4.6342
1249        3.80714
1249        4.67441
1249        3.19727
1249        3.73037
1249        1.12191
1249        1.38278
1249        0.13927
1249        5.72906
1249        1.29519
1249        2.90434
1249        5.05608
1249        5.25095
1249         6.0434
1249        2.95061
1249        3.66844
1249        1.85408
1249        0.25093
1249        5.85367
1249        2.22485
1249        1.26456
1249        1.29101
1249        2.18806
1249        1.59863
1249        1.67224
1249        5.68368
1249        3.05346
1249        4.31723
1249        5.83931
1249        2.31825
1249        5.45526
1249         1.1097
1249        5.44151
1249        1.19992
1249        1.89243
1249        5.05701
1249        3.62218
1249        4.29159
1249        2.21947
1249        3.53532
1249        5.46268
1249        1.79314
1249         1.4082
1249        3.50927
1249        2.80468
1249         1.6932
1249       0.658312
1249        1.94205
1249        1.45356
1249        4.03491
1249        2.13222
1249        1.51388
1249        1.57897
1249        1.61233
1249         6.0277
1249         4.2822
1249         3.2858
1249       0.739168
1249        5.06872
1249       0.372449
1249       0.275805
1249        3.69098
1249        4.79429
1249        2.82514
1249        5.84254
1249        4.03606
1249        5.36381
1249        1.64236
1249        4.48417
1249        1.22021
1249        5.00507
1249         3.9151
1249        1.61245
1249        5.30983
1249         4.9738
1249        4.84004
1249        1.17361
1249        2.39932
1249      0.0400486
1249        1.99255
1249        1.95927
1249       0.229203
1249        5.98506
1249        4.38771
1249        4.65369
1249        2.70981
1249       0.904786
1249        5.12444
1249        5.08025
1249        6.18626
1249         4.0208
1249       0.762317
1249        3.43577
1249        3.15665
1249         4.6907
1249        1.64585
1249        4.90856
1249       0.546988
1249        4.29051
1249        1.12844
1249        1.57804
1249         5.3418
1249        1.94442
1249        1.04567
1249        3.08612
1249        4.68141
1249        1.10738
1249        1.11279
1249        4.76993
1249        2.64182
1249        6.20264
1249        2.63237
1249       0.912637
1249        3.33622
1249        6.13422
1249        1.84962
1249        5.14382
1249       0.917295
1249       0.361288
1249        4.54955
1249        4.31629
1249        2.55513
1249        5.97276
1249        2.19703
1249        5.90486
1249         3.7978
1249        2.85475
1249        4.04183
1249        1.43179
1249        1.67724
1249         1.6963
1249        3.95891
1249       0.601182
1249        1.28074
1249        5.65166
1249        4.16737
1249        4.88673
1249        2.65462
1249         2.9818
1249        3.29194
1249        6.00512
1249        4.35557
1249        2.41067
1249        4.76313
1249        2.87351
1249        5.88843
1249        1.27818
1249        5.40162
1249        1.75565
1249       0.767812
1249        4.90536
1249        5.09891
1249        2.08859
1249        4.73315
1249        1.33909
1249        2.41937
1249        3.65228
1249        4.42554
1249        3.56612
1249         1.5942
1249        4.87598
1249        2.34591
1249        2.36856
1249        3.84848
1249       0.677415
1249        3.54745
1249        3.76538
1249       0.899826
1249        3.27252
1249        1.63901
1249        1.13571
1249        4.78628
1249         1.0828
1249       0.556409
1249        4.83445
1249        0.92447
1249        4.40966
1249        2.38067
1249        5.59571
1249        3.09687
1249      0.0944978
1249        5.13469
1249       0.574822
1249        3.12869
1249        3.35407
1249        3.54189
1249        2.16868
1249        2.67464
1249        5.69858
1249        3.61966
1249        1.25685
1249        6.09056
1249        2.03994
1249        5.05905
1249        2.19762
1249        5.15099
1249        4.17001
1249        4.42035
1249        3.80106
1249        1.75718
1249        5.02719
1249       0.559375
1249        4.84377
1249        5.68596
1249        5.80491
1249        4.74742
1249        5.51851
1249        5.87571
1249        3.00365
1249        3.00674
1249        2.69705
1249        5.23166
1249        1.71034
1249        4.54543
1249        1.94049
1249        4.42764
1249       0.792611
1249        2.01075
1249       0.336134
1249         4.8523
1249       0.586506
1249        5.96797
1249        4.09898
1249        2.31471
1249        2.28804
1249        2.72524
1249       0.993397
1249        1.20913
1249        1.45386
1249        2.88616
1249        5.75387
1249        3.32597
1249        2.82142
1249        1.07036
1249       0.429247
1249        3.55466
1249        2.61248
1249        4.67876
1249       0.840669
1249         3.5305
1249        2.97153
1249        5.98491
1249       0.560649
1249         1.9799
1249        5.52701
1249        1.08305
1249        1.23841
1249        3.49342
1249       0.424051
1249        5.19207
1249        5.62766
1249        5.25267
1249       0.122636
1249         1.7426
1249        1.65539
1249       0.222044
1249        1.33258
1249       0.550813
1249        2.52863
1249        3.12807
1249        5.65423
1249        3.03271
1249        4.06779
1249        1.36394
1249        5.16245
1249        2.09439
1249        5.24146
1249        1.90787
1249        4.76168
1249        1.95691
1249        2.67184
1249        3.09861
1249        4.03767
1249        4.18356
1249        3.35233
1249        2.46374
1249      0.0896356
1249        5.47292
1249       0.186828
1249        5.56774
1249       0.452048
1249        2.85556
1249        1.81674
1249       0.107102
1249        1.73394
1249        2.19605
1249         4.9584
1249        5.72252
1249        1.37794
1249        4.27958
1249        5.36754
1249        2.96154
1249        5.24773
1249         1.3145
1249        0.68659
1249        1.04322
1249        5.44368
1249       0.211471
1249        4.62003
1249      0.0185293
1249        3.15659
1249        2.82653
1249        2.20969
1249        1.69214
1249        2.32318
1249         1.6837
1249         3.8286
1249        4.07809
1249        2.85802
1249        1.82936
1249        1.96225
1249        4.33547
1249        5.65815
1249      0.0227738
1249        5.83062
1249       0.980504
1249        5.32202
1249        3.44128
1249        1.50187
1249        4.65249
1249        1.03357
1249        6.02046
1249        3.17562
1249        5.78608
1249       0.643662
1249       0.721507
1249        6.04492
1249        1.73288
1249        4.35283
1249         2.6658
1249       0.861816
1249        1.56845
1249        5.71336
1249        4.64777
1249        5.68273
1249        1.48361
1249        5.64435
1249       0.819522
1249        5.41567
1249        1.93896
1249        5.10574
1249        1.23901
1249       0.737555
1249        5.49669
1249         5.8478
1249        6.01811
1249        4.94665
1249        3.37589
1249        4.33814
1249        2.66598
1249        1.60413
1249        4.96871
1249       0.796695
1249         3.2447
1249        2.50586
1249        1.50016
1249        3.72132
1249         1.4503
1249         6.0692
1249        4.10227
1249        3.18661
1249        3.02113
1249        2.35949
1249       0.932827
1249        5.56746
1249       0.970116
1249        4.21094
1249        6.02613
1249        4.23981
1249         5.4911
1249        2.78642
1249        1.94072
1249        1.88713
1249       0.384857
1249        2.39493
1249        2.04951
1249        5.08411
1249        4.94784
1249        1.10287
1249       0.925942
1249       0.251561
1249        1.17721
1249        2.93436
1249       0.512909
1249        2.39061
1249        4.17216
1249        1.47921
1249        5.04523
1249        1.11093
1249        3.96953
1249         2.3108
1249         5.8574
1249       0.805746
1249        1.33308
1249        3.58317
1249        4.75994
1249        3.74569
1249      0.0103467
1249        3.48935
1249        5.28113
1249        3.64021
1249        5.14451
1249       0.766608
1249        5.89445
1249        2.51844
1249        2.18512
1249         5.8591
1249        5.21582
1249         2.8616
1249        2.18045
1249       0.702485
1249        3.57637
1249        4.56973
1249        1.22571
1249        5.44422
1249        3.36576
1249        2.08202
1249        1.15838
1249        4.12784
1249        1.17488
1249        1.41278
1249        2.88592
1249        1.84693
1249        1.61642
1249        1.20951
1249        1.58516
1249        1.22321
1249        1.76929
1249        2.33317
1249        4.89133
1249       0.997584
1249        0.49728
1249        1.35763
1249        5.72701
1249        4.54749
1249      0.0476227
1249        1.56685
1249        1.95512
1249        4.28448
1249       0.237225
1249        1.94433
1249        5.78038
1249        1.55529
1249        5.02761
1249        2.87424
1249        1.23682
1249        3.61258
1249        2.70168
1249        4.15228
1249        2.32511
1249        2.66102
1249        3.90371
1249        3.36385
1249        3.64226
1249        3.51179
1249         3.6661
1249        3.43432
1249        4.27868
1249        3.94629
1249        2.82125
1249        6.10231
1249        3.63616
1249       0.319685
1249       0.254795
1249        4.54542
1249          2.777
1249         2.3575
1249        1.48994
1249        5.43406
1249        5.42549
1249        5.01073
1249        4.36153
1249        5.00116
1249        2.87532
1249        2.91577
1249        6.10868
1249        2.18141
1249        3.98435
1249        3.39864
1249        4.68587
1249        4.34268
1249        4.84941
1249        2.17757
1249        2.36917
1249       0.699689
1249        6.09843
1249        1.68153
1249       0.545784
1249        1.99832
1249        1.36342
1249        5.92962
1249        1.38757
1249        4.15812
1249        1.65089
1249        5.25481
1249        2.85718
1249       0.626692
1249        3.20768
1249        5.35702
1249        2.10001
1249        4.82131
1249        2.85161
1249        1.15763
1249        2.22448
1249        4.18345
1249        2.39425
1249        1.16985
1249        4.63888
1249        4.90836
1249       0.892312
1249        1.48838
1249        1.15092
1249        3.94305
1249        4.88821
1249        5.24652
1249       0.783768
1249        4.80937
1249        5.39775
1249        1.47551
1249        5.36366
1249       0.793519
1249        5.45239
1249        5.46428
1249        2.25338
1249        5.95696
1249        3.53625
1249        4.58796
1249        1.53037
1249        5.08914
1249        2.49113
1249        2.91255
1249        2.58473
1249        3.12312
1249        4.35837
1249      0.0039487
1249         5.9673
1249       0.279509
1249        4.73598
1249        4.86612
1249        3.24192
1249        1.48526
1249        5.49846
1249        1.69772
1249        5.51039
1249        5.36514
1249        4.32297
1249        3.93527
1249        5.84606
1249        1.67111
1249        1.06278
1249        5.17219
1249        5.67319
1249        4.85416
1249        4.09925
1249        6.23467
1249       0.145932
1249        1.97831
1249        5.67461
1249        4.33061
1249        5.62369
1249        2.53606
1249        2.12267
1249         5.4485
1249        2.26589
1249        1.33616
1249        1.63102
1249        2.86157
1249        5.59457
1249        6.09345
1249        2.41685
1249       0.195435
1249        1.58674
1249        2.62593
1249       0.635077
1249        4.95941
1249        3.93387
1249        1.89847
1249        3.53123
1249        2.66479
1249        4.18446
1249        4.99554
1249         1.6876
1249        2.96439
1249        5.32547
1249       0.423493
1249        5.24266
1249        2.06482
1249       0.199926
1249        4.51282
1249        3.11303
1249         4.3328
1249        2.38058
1249        1.74851
1249        2.55146
1249        1.84941
1249       0.462282
1249        5.46393
1249        2.82584
1249         3.2736
1249        4.22035
1249        1.87169
1249        5.45074
1249        3.46415
1249         1.3685
1249       0.927263
1249        5.17173
1249        4.78756
1249        6.22246
1249        6.04098
1249       0.611525
1249        2.52929
1249        1.62633
1249       0.529281
1249        4.78033
1249       0.374212
1249        4.86283
1249        1.36105
1249        2.51775
1249        1.02023
1249        5.77508
1249         1.7913
1249        2.95743
1249        2.41163
1249        2.92317
1249        5.50593
1249         5.8002
1249        1.23701
1249        1.88109
1249        3.80661
1249        5.13914
1249        4.90601
1249        5.06157
1249        1.29221
1249         2.8403
1249       0.313302
1249        1.70301
1249        3.38691
1249        5.36025
1249       0.100745
1249        5.19512
1249        4.49259
1249        5.27861
1249       0.776312
1249        4.90719
1249        2.66249
1249        1.87303
1249        2.75697
1249        0.89618
1249        5.31227
1249        4.83902
1249        4.21178
1249        2.15402
1249        2.85325
1249        4.20132
1249        2.57542
1249        4.10635
1249        1.17724
1249        1.76512
1249        5.37452
1249        1.06258
1249        6.04664
1249        5.24365
1249        5.91555
1249        4.55484
1249        4.88935
1249        2.21343
1249       0.603644
1249        5.54871
1249        3.74974
1249        2.05199
1249        3.86555
1249        1.73746
1249        3.23897
1249        5.55525
1249        2.77236
1249        1.96691
1249        2.54223
1249       0.280907
1249        4.62694
1249       0.849975
1249        3.27827
1249        2.33419
1249        2.01535
1249        5.38426
1249        3.04023
1249        2.67405
1249        4.64418
1249        5.19299
1249        0.12787
1249        2.63585
1249       0.151534
1249        5.53742
1249        5.75478
1249        2.29723
1249        4.47892
1249       0.526252
1249        5.09838
1249         1.1772
1249        3.01679
1249         5.3285
1249         4.6241
1249        2.64875
1249        5.36212
1249        4.44962
1249       0.209711
1249        5.55226
1249        4.07576
1249        5.30649
1249         1.0779
1249       0.993835
1249        4.74847
1249        5.53901
1249        2.51761
1249       0.143918
1249        2.11973
1249       0.882369
1249       0.239296
1249        6.25797
1249        3.79786
1249        1.62993
1249        3.38805
1249        5.83725
1249        2.01591
1249       0.548628
1249         1.4298
1249       0.457007
1249        5.91068
1249      0.0583645
1249        3.20426
1249         4.0627
1249        3.08478
1249        4.99813
1249       0.113234
1249        5.63989
1249        5.47481
1249       0.624071
1249       0.246663
1249        4.44101
1249        5.37514
1249        2.70754
1249        5.42373
1249        5.02497
1249        1.38158
1249       0.418487
1249        3.61855
1249        3.16206
1249        3.31465
1249        2.87102
1249       0.844571
1249        1.04298
1249        2.30746
1249        5.32363
1249        2.82619
1249        5.72237
1249        3.01078
1249        3.47588
1249        2.88543
1249        5.36009
1249        4.98411
1249       0.580547
1249       0.868663
1249        3.27949
1249        5.65881
1249        4.80745
1249        5.31139
1249        1.41332
1249        3.88077
1249        4.27708
1249        4.30888
1249        1.33785
1249       0.787074
1249        5.19706
1249           2.65
1249        1.15892
1249        2.18384
1249         5.2342
1249        5.79473
1249        4.53199
1249        3.33055
1249        5.89867
1249        1.22369
1249        1.97942
1249        5.32214
1249        4.72811
1249        2.02545
1249        3.14638
1249      0.0923793
1249       0.733734
1249        1.77448
1249        3.15929
1249        4.27439
1249        1.91312
1249        5.34137
1249        2.83376
1249        3.37648
1249        5.30048
1249        1.32496
1249        6.15201
1249        2.62072
1249        5.53224
1249       0.264888
1249        5.42679
1249        1.93458
1249        1.65464
1249        2.86667
1249        3.09357
1249        3.44836
1249        5.12236
1249        1.48774
1249       0.998844
1249        1.90397
1249        1.15091
1249        4.45772
1249        2.48495
1249        3.75249
1249         3.0748
1249        2.79914
1249        5.91092
1249        2.25009
1249        4.90801
1249        2.75042
1249        5.02356
1249        3.94251
1249        2.26742
1249        3.60256
1249        5.90594
1249        5.35283
1249        5.50603
1249        1.19666
1249        3.13493
1249        1.01073
1249        6.23596
1249        5.40342
1249       0.990161
1249        3.54317
1249        5.34227
1249        5.99127
1249       0.918095
1249       0.544171
1249        6.09285
1249        5.43835
1249        2.11722
1249        4.48446
1249        5.03435
1249        3.41163
1249        1.18055
1249        2.24302
1249        5.92784
1249        1.66549
1249       0.192236
1249        5.25141
1249       0.352563
1249         4.0929
1249        4.14626
1249        2.64098
1249       0.486487
1249        1.84506
1249        2.40537
1249        1.97693
1249        2.13059
1249         2.3551
1249        5.48605
1249        1.16588
1249        4.79233
1249       0.723124
1249        1.26984
1249        2.20417
1249        5.31475
1249        2.28474
1249        2.28286
1249        1.37091
1249        5.22833
1249        3.78774
1249        5.21064
1249        2.05242
1249        0.10422
1249        2.13771
1249        4.42546
1249       0.427809
1249        2.81621
1249        6.09666
1249        3.90531
1249        5.83833
1249       0.709253
1249        6.12795
1249        6.24807
1249        5.21414
1249        2.86648
1249        1.93972
1249        2.89616
1249        5.75977
1249        4.60211
1249         5.9874
1249        4.72779
1249        5.36591
1249       0.937374
1249         3.4093
1249       0.308874
1249        3.17432
1249        2.10157
1249       0.957098
1249        5.57256
1249        3.35709
1249        2.01431
1249        1.74897
1249        2.39893
1249       0.644469
1249        3.84728
1249        3.84592
1249        1.10599
1249        3.56591
1249        2.35282
1249        1.89093
1249        2.36935
1249        5.96015
1249        5.50943
1249        1.44334
1249         1.8614
1249        3.25914
1249        4.76188
1249        3.45063
1249         5.6909
1249        4.59073
1249        2.88508
1249        5.08712
1249         1.6871
1249        0.97443
1249        5.05926
1249        5.62421
1249       0.109918
1249         3.7674
1249        3.11068
1249       0.775382
1249        1.48978
1249        5.88722
1249       0.897596
1249        4.53329
1249        4.51626
1249        4.73551
1249        1.79022
1249        1.86485
1249        2.80614
1249        4.63124
1249        5.05399
1249        4.91064
1249        5.37592
1249        6.04745
1249        2.38228
1249        1.09849
1249         5.8862
1249        1.20775
1249        3.04785
1249        4.70343
1249        5.86777
1249        1.73714
1249        3.99449
1249       0.401024
1249        2.13226
1249        1.88367
1249        3.15448
1249        1.93425
1249         1.1671
1249        5.09379
1249        2.61263
1249        2.43805
1249        3.57924
1249        4.11378
1249        5.79152
1249        3.83238
1249       0.634121
1249         5.5275
1249         6.2308
1249        1.86555
1249         4.5723
1249        0.63652
1249       0.804482
1249        2.28396
1249         3.1562
