1828         1.4454
1828        1.21818
1828        4.84616
1828        5.07638
1828        2.79941
1828        1.67183
1828        4.62833
1828        3.70131
1828        1.51521
1828       0.177998
1828       0.817542
1828       0.715229
1828        3.11478
1828        2.92077
1828        1.43083
1828        1.06853
1828        1.00029
1828         1.6638
1828       0.130892
1828        3.74645
1828         5.7118
1828        5.67038
1828        4.09047
1828        1.22493
1828        2.43967
1828         3.2327
1828        1.39827
1828        6.00256
1828        1.75084
1828       0.946997
1828        5.12699
1828       0.398568
1828       0.470642
1828       0.834164
1828        5.78089
1828       0.295612
1828        3.33587
1828        1.90097
1828        1.76695
1828        1.47492
1828        3.45922
1828       0.344321
1828        4.94941
1828          2.143
1828        3.70545
1828        5.23461
1828         2.8536
1828        3.91296
1828       0.543516
1828       0.407243
1828        3.90598
1828        1.04445
1828       0.158479
1828       0.324634
1828        5.98154
1828        5.86031
1828        2.89076
1828        5.86766
1828       0.774809
1828        3.38632
1828        3.04362
1828        1.24914
1828        3.03018
1828       0.552018
1828       0.630282
1828        1.20076
1828        5.02673
1828       0.729092
1828        4.34292
1828       0.716138
1828        3.49344
1828        2.74333
1828       0.690001
1828       0.323549
1828        3.30898
1828        5.33832
1828       0.645824
1828       0.337944
1828        2.06473
1828        3.16169
1828       0.889075
1828         3.5038
1828       0.990487
1828        3.57389
1828        2.03776
1828         1.3989
1828        5.68897
1828        6.16078
1828         2.4603
1828         4.2829
1828         2.5921
1828        0.72898
1828        5.81057
1828        4.62917
1828        5.22489
1828        5.45916
1828       0.760119
1828        5.49942
1828       0.356732
1828        1.12453
1828       0.138943
1828        4.76872
1828        5.04141
1828        3.30334
1828       0.739285
1828        1.57921
1828       0.990338
1828        3.00007
1828        5.58081
1828        3.48619
1828       0.341035
1828        3.44518
1828        2.03384
1828         2.0517
1828        1.01229
1828        1.79776
1828        1.74039
1828        1.32579
1828        2.93652
1828        5.45917
1828        1.28517
1828        4.62392
1828        4.49116
1828        5.57925
1828        2.65105
1828        4.38272
1828        2.56795
1828         1.5025
1828        5.39821
1828        1.12192
1828        4.44116
1828        1.19756
1828        3.16802
1828        3.05577
1828        2.45541
1828       0.826206
1828        3.96678
1828        1.17068
1828       0.530483
1828        1.64053
1828        5.03013
1828        3.79825
1828         2.7431
1828        1.28104
1828        6.21877
1828        3.02331
1828        2.05468
1828        4.44521
1828       0.659715
1828        4.50853
1828        2.33354
1828        1.97853
1828         6.0915
1828        5.56241
1828        3.36541
1828        5.05765
1828        4.06374
1828        3.66159
1828        1.76323
1828        3.94166
1828       0.486097
1828        1.33973
1828        2.32423
1828        5.41643
1828       0.944431
1828        6.19486
1828       0.532534
1828        1.58433
1828        5.50727
1828        1.70328
1828        3.99556
1828        2.20252
1828        5.27286
1828        6.03732
1828        3.49118
1828        5.72737
1828          6.042
1828         5.6903
1828          2.155
1828        2.32725
1828        1.87028
1828        2.58064
1828        1.63294
1828        5.76727
1828        3.97467
1828       0.555261
1828        5.24202
1828        3.45199
1828        5.61768
1828       0.571773
1828        3.99222
1828        5.11284
1828       0.415667
1828        3.42269
1828      0.0539994
1828       0.183488
1828        3.03415
1828         4.3572
1828       0.984942
1828        6.00192
1828        2.86767
1828        1.74008
1828        1.92766
1828        3.16067
1828        6.04988
1828        2.13686
1828        2.92563
1828        5.83593
1828        2.85832
1828        2.71664
1828        2.06052
1828       0.374016
1828        2.47604
1828        3.00319
1828        5.36145
1828        5.26041
1828        5.61843
1828        1.51732
1828        6.03322
1828       0.859002
1828        1.43865
1828       0.917998
1828        3.09858
1828        2.36578
1828        0.51079
1828       0.356479
1828       0.139563
1828        5.78759
1828        5.23545
1828        5.45212
1828        5.91608
1828        0.94794
1828        2.25456
1828        2.32501
1828         3.7913
1828        2.74118
1828        1.40823
1828        3.93346
1828        3.53654
1828        3.07423
1828        3.16775
1828        2.74419
1828        4.10632
1828       0.221039
1828        1.21774
1828       0.195875
1828        5.13164
1828        5.57998
1828        4.59075
1828        5.96437
1828        1.39047
1828        2.46701
1828         5.2849
1828        4.97578
1828        6.21229
1828       0.908812
1828       0.292252
1828      0.0231212
1828        1.13655
1828        2.08943
1828        3.08173
1828        2.10899
1828        2.79329
1828        5.67015
1828       0.499435
1828        1.40455
1828        5.99909
1828        4.11781
1828      0.0774509
1828        1.70849
1828        5.74052
1828        6.27138
1828        5.25385
1828        1.98859
1828      0.0501634
1828        5.49594
1828       0.299269
1828       0.398864
1828        3.39655
1828        5.16999
1828         1.9935
1828        2.31225
1828        5.40472
1828         1.6111
1828        3.77357
1828        4.74332
1828        1.35527
1828        1.08035
1828        5.30306
1828        2.98099
1828      0.0884166
1828        4.46686
1828        3.74761
1828       0.181501
1828        5.35635
1828        2.82693
1828        4.71448
1828        0.68758
1828        3.04906
1828         2.6542
1828         4.1077
1828        0.97592
1828       0.815218
1828        6.09844
1828        4.87165
1828        4.76279
1828        4.83767
1828       0.602641
1828        2.59532
1828        3.33644
1828        6.10986
1828         5.1393
1828        2.84247
1828        1.93076
1828       0.456909
1828        3.53069
1828        5.31881
1828        4.47073
1828        2.61735
1828        4.20228
1828         4.1818
1828       0.848798
1828        5.46127
1828        5.99944
1828        1.26186
1828       0.275428
1828       0.816373
1828        3.57467
1828        2.47659
1828        2.08558
1828        5.96535
1828        4.68799
1828       0.317002
1828        4.24817
1828        1.72227
1828        2.85235
1828        1.55071
1828       0.213618
1828        5.67802
1828        2.64961
1828        1.04225
1828        4.62936
1828         3.1939
1828        1.49081
1828        1.92027
1828        2.20645
1828        6.14263
1828        5.14238
1828       0.122369
1828        4.47654
1828        3.28497
1828        2.42719
1828           4.03
1828         2.3903
1828        4.42938
1828       0.638375
1828        2.98493
1828        5.51854
1828        1.54475
1828        5.61135
1828        5.13788
1828        4.54647
1828        4.17454
1828        3.31439
1828        3.32237
1828        2.75486
1828        3.07428
1828        5.18809
1828        1.55039
1828        1.51376
1828        4.80044
1828        3.54312
1828        2.92761
1828        1.24596
1828        2.78945
1828        4.87838
1828       0.639332
1828        2.03032
1828       0.862141
1828        1.73693
1828       0.108273
1828        2.78425
