1829        4.72612
1829         6.1892
1829       0.480681
1829        3.79857
1829       0.394032
1829        5.01298
1829        0.24371
1829         2.4625
1829        1.20009
1829        2.31875
1829        1.32353
1829        1.85632
1829        1.63994
1829        2.09216
1829       0.701672
1829        5.81454
1829       0.186395
1829        1.41188
1829        4.43327
1829        3.60047
1829        3.25768
1829        2.04503
1829        1.39765
1829        4.63969
1829        5.13852
1829        3.60216
1829        3.14048
1829        6.04051
1829        1.06014
1829        3.80315
1829         3.9861
1829        3.52286
1829        5.38329
1829        2.09854
1829        3.39139
1829        2.12552
1829        5.23249
1829        1.69473
1829        5.56778
1829        3.71325
1829        6.18441
1829        4.46708
1829        2.03728
1829        5.54842
1829        5.34484
1829        4.05365
1829       0.991317
1829       0.619881
1829        4.56197
1829        5.08597
1829        1.08168
1829         2.8926
1829        5.11116
1829        2.35866
1829        1.85535
1829        3.83859
1829        3.83607
1829        2.00148
1829        1.94858
1829        3.31395
1829       0.441036
1829        5.83475
1829        5.31378
1829        1.13493
1829        3.77425
1829       0.700791
1829        4.56871
1829        1.85902
1829        1.51684
1829        2.80002
1829        2.89633
1829         0.5685
1829         1.9656
1829        4.19668
1829        2.15564
1829         2.5259
1829       0.534053
1829         3.4163
1829        5.97434
1829        3.69913
1829        2.62712
1829         3.7198
1829        1.30011
1829        6.14414
1829        5.33765
1829        1.19168
1829       0.301338
1829       0.391711
1829        3.13122
1829        2.88512
1829       0.434341
1829        1.00684
1829       0.866137
1829        5.10578
1829        5.44468
1829       0.909918
1829         0.4487
1829         4.2896
1829        5.23708
1829        1.48303
1829          4.926
1829        6.05041
1829        5.52916
1829       0.580005
1829        4.84452
1829         2.5737
1829       0.477564
1829        1.38444
1829        1.33674
1829      0.0547777
1829        3.44604
1829        1.10628
1829        3.20996
1829         5.8167
1829        3.65358
1829        4.42085
1829        2.84335
1829       0.185418
1829        1.71007
1829        4.61014
1829        6.19359
1829        5.51554
1829         4.8321
1829        3.08543
1829        5.17404
1829        2.76438
1829        4.59711
1829        3.98635
1829        3.96848
1829        3.13877
1829        5.86636
1829        4.37362
1829        4.24725
1829       0.659159
1829         2.0202
1829        2.65647
1829        3.79137
1829       0.208067
1829        5.05711
1829         5.1311
1829        3.48383
1829         5.9592
1829        2.30521
1829        5.39216
1829         5.8077
1829       0.212619
1829        3.55614
1829        4.92103
1829        3.57515
1829        5.95063
1829       0.516257
1829        5.35604
1829        1.11623
1829        4.88148
1829        0.36656
1829        4.01269
1829        3.64865
1829        5.20376
1829        5.31883
1829       0.494752
1829        5.99477
1829        3.98583
1829        3.12823
1829        1.45297
1829         3.9258
1829      0.0353852
1829        0.90817
1829        6.14629
1829        5.41894
1829        5.83943
1829        3.43577
1829        2.53549
1829        3.65261
1829        6.26785
1829        3.45997
1829        3.32886
1829       0.288981
1829        3.97559
1829        3.77303
1829        3.86466
1829        1.32428
1829        5.02675
1829        3.51631
1829        4.38368
1829        1.78853
1829        2.96355
1829       0.564845
1829        5.81717
1829        2.83833
1829        5.08105
1829        5.70083
1829       0.308252
1829        4.90362
1829       0.276367
1829        4.74263
1829         1.3328
1829        4.52197
1829        2.83186
1829        1.13345
1829       0.393784
1829        0.63366
1829        5.56094
1829        3.70636
1829        1.66342
1829         3.2727
1829       0.921872
1829        5.08177
1829        6.27581
1829        5.11267
1829        2.94143
1829        5.29914
1829        4.25632
1829        3.52001
1829        4.53805
1829        3.11573
1829        4.77005
1829        1.96726
1829        2.86903
1829       0.239468
1829        0.82114
1829        1.14699
1829        3.77299
1829        3.28832
1829        6.14312
1829        4.68792
1829       0.897713
1829       0.894075
1829        4.92907
1829        4.08876
1829         3.8412
1829          3.465
1829       0.212484
1829         4.7922
1829        3.24171
1829         1.7904
1829        3.57536
1829        3.10695
1829      0.0204439
1829         3.4058
1829        1.12203
1829       0.696162
1829        4.75898
1829      0.0398692
1829        3.88964
1829        3.74646
1829        4.49798
1829        2.78326
1829        3.81919
1829         4.3528
1829        5.86897
1829        1.02763
1829        5.43379
1829        4.68821
1829        4.30973
1829        5.62182
1829       0.369097
1829        4.58691
1829        5.36821
1829         3.1294
1829        3.46184
1829        3.94497
1829        1.85097
1829        5.06422
1829          3.504
1829        4.85065
1829        3.76917
1829       0.823997
1829        1.04561
1829        5.32849
1829        3.74199
1829        5.09259
1829       0.666119
1829        4.23869
1829        1.62205
1829        3.11486
1829        1.40406
1829        5.82973
1829        3.21416
1829        3.01159
1829        3.86383
1829        4.98296
1829        1.21685
1829        4.51558
1829        5.89615
1829        1.95581
1829        3.05359
1829        4.52278
1829        3.23248
1829        6.27724
1829        4.92446
1829        5.65092
1829        2.74262
1829        4.04767
1829        4.06794
1829        5.88902
1829          5.844
1829        4.52732
1829        1.17603
1829        5.02355
1829        2.16729
1829        3.29917
1829        3.99073
1829         1.7242
1829        4.50794
1829       0.632513
1829        5.74871
1829        0.62299
1829        1.58432
1829        3.38955
1829       0.593042
1829        2.52396
1829        0.24625
1829       0.769036
1829        2.27097
1829       0.491098
1829        4.73577
1829        2.10192
1829        5.84621
1829       0.668865
1829        2.66358
1829        4.04851
1829         4.5112
1829        1.07984
1829        2.96078
1829        5.50316
1829        6.00727
1829         2.9285
1829        3.87607
1829        5.12062
1829        5.71869
1829        3.55515
1829        4.32866
1829        6.13854
1829        2.40869
1829        3.38467
1829        2.93258
1829        3.73042
1829         3.9533
1829        2.14648
1829        2.39366
1829       0.675733
1829       0.534738
1829        0.83767
1829       0.523707
1829       0.317153
1829        4.24763
1829        3.58113
1829       0.326613
1829        4.13017
1829       0.680059
1829        5.87676
1829         3.0692
1829        4.70758
1829        4.79847
1829       0.377855
1829        5.90877
1829       0.947426
1829        2.98346
1829         3.8356
1829       0.646056
1829        5.69845
1829        1.01607
1829        3.00941
1829        4.70112
1829        3.14072
1829       0.959641
1829        3.60859
1829        3.32092
1829        4.01225
1829       0.362208
1829       0.221816
1829        3.70768
1829        1.86107
1829        4.36312
1829        2.99869
1829        3.27585
1829        4.67916
1829        0.21954
1829        2.09547
1829        3.73123
1829        5.03914
1829      0.0541566
1829       0.147079
1829       0.534887
1829       0.187132
1829        1.95044
1829        2.88562
1829         2.2403
1829        4.33379
1829        1.25514
1829       0.947351
1829        2.43091
1829        5.94136
1829        3.18319
1829        1.20156
1829       0.913042
1829        1.11897
1829       0.246985
1829       0.339874
1829        1.30726
1829        5.56324
1829        5.13923
1829         4.7957
1829        5.90529
1829        4.45256
1829        4.28783
1829        2.28616
1829       0.418965
1829        2.90932
1829        3.06185
1829        5.66909
1829       0.983461
1829        2.46054
1829        0.63263
1829        3.36379
1829       0.404022
1829        6.14231
1829       0.496868
1829          4.083
1829        2.56952
1829        5.18086
1829        0.51985
1829        3.75571
1829          5.802
1829        3.53208
1829        4.52193
1829        3.56249
1829        3.17052
1829        3.39159
1829        1.02552
1829        5.19786
1829        2.96158
1829        3.29948
1829        5.82392
1829        1.80131
1829        3.51557
1829       0.503771
1829        2.44392
1829        1.21925
1829        2.24472
1829        5.63342
1829       0.143134
1829        6.05318
1829        2.92105
1829        5.31288
1829       0.481512
1829        2.38946
1829        3.36059
1829        5.78273
1829        2.20417
1829        4.67795
1829        4.59757
1829        4.47528
1829        1.53113
1829       0.451119
1829        0.61089
1829        4.25313
1829         3.4888
1829        2.12169
1829        3.32035
1829        1.19729
1829        3.78179
1829        3.79898
1829        5.67457
1829        4.23848
1829       0.495889
1829        3.09658
1829        3.57469
1829        1.05337
1829        6.09304
1829        1.29704
1829        3.96175
1829        3.93269
1829        1.93353
1829        4.34811
1829        3.63446
1829       0.990173
1829       0.825847
1829       0.665482
1829         2.0113
1829       0.424402
1829        4.84388
1829         1.6773
1829         5.5731
1829        5.88741
1829       0.788609
1829       0.377136
1829        4.20725
1829        2.89014
1829         3.6283
1829       0.890028
1829        5.07511
1829        6.02297
1829        3.54716
1829        4.88802
1829        4.01455
1829        2.80974
1829        5.70943
1829        2.10824
1829       0.685499
1829         3.9211
1829        0.72411
1829         4.9277
1829         1.2283
1829        3.48272
1829        4.92199
1829        3.00868
1829        3.38112
1829        1.19249
1829        2.54073
1829         1.6934
1829        1.14642
1829        4.49667
1829        5.78266
1829        1.31931
1829        3.09903
1829         5.0907
1829        2.89625
1829        4.13642
1829        2.21532
1829        2.97606
1829        2.68378
1829        1.28998
1829       0.709842
1829        5.11579
1829        3.06175
1829        0.72629
1829        5.60542
1829        4.44355
1829        5.14866
1829        2.38776
1829        5.81502
1829        1.92557
1829        3.78797
1829        4.02719
1829        1.10293
1829        5.01988
1829        2.66685
1829        1.09557
1829        1.41678
1829         1.7732
1829        5.71876
1829       0.518032
1829        4.68105
1829        3.54858
1829         4.5229
1829        2.45582
1829        2.58604
1829         4.7539
1829        4.01503
1829       0.961545
1829         3.5345
1829        5.26273
1829        3.20396
1829        4.02917
1829        1.78355
1829       0.496882
1829        5.48116
1829        5.03899
1829      0.0345987
1829        2.37995
1829        4.40543
1829       0.237223
1829        4.23813
1829        6.01339
1829       0.901169
1829       0.700833
1829        3.78958
1829       0.565415
1829        5.84647
1829        2.05602
1829        3.73306
1829        3.36656
1829       0.575246
1829        3.45705
1829        3.83756
1829       0.584689
1829        5.96547
1829        2.00715
1829        1.41562
1829        3.48064
1829        4.92063
1829        3.46606
1829        5.18353
1829           3.14
1829        3.24405
1829        4.39113
1829        1.67156
1829        4.70556
1829        5.30652
1829       0.343946
1829        1.72258
1829         1.1939
1829        3.44384
1829        5.97923
1829        5.29571
1829        2.47026
1829        2.95404
1829        4.46646
1829        2.87314
1829        3.71544
1829        5.75749
1829        5.96647
1829        5.59922
1829        1.64534
1829         4.5578
1829        3.23225
1829       0.224761
1829        3.17594
1829        4.62236
1829         4.8997
1829        1.37218
1829       0.789571
1829           3.07
1829        5.40205
1829       0.369358
1829        4.72743
1829        4.31269
1829         1.4518
1829        3.66739
1829        2.96275
1829        3.56787
1829        2.71056
1829        5.04249
1829        3.93547
1829        2.67498
1829        1.09654
1829        4.28179
1829      0.0782185
1829         2.0675
1829        2.68695
1829        4.15652
1829        3.55683
1829       0.492048
1829       0.081593
1829         4.1575
1829        3.26373
1829        4.11164
1829       0.510456
1829        4.72768
1829        1.55153
1829        4.56465
1829        3.03808
1829        5.27953
1829        3.48143
1829       0.218955
1829        3.03748
1829        3.17004
1829        3.08679
1829        3.45062
1829        5.70194
1829       0.221478
1829        6.25293
1829        3.02334
1829        3.23987
1829        2.73964
1829        4.81368
1829        4.35482
1829        3.83398
1829       0.380616
1829        4.51083
1829        2.18011
1829       0.946985
1829       0.547267
1829        1.07743
1829       0.171087
1829        6.26046
1829        2.68678
1829        4.46898
1829        5.31649
1829        3.62185
1829       0.601803
1829       0.971429
1829        4.76503
1829         1.3164
1829        2.28991
1829        3.05681
1829        4.79534
1829        3.19507
1829       0.705513
1829        4.22522
1829        2.83572
1829        0.32992
1829       0.261508
1829        3.48999
1829        5.18352
1829        4.58796
1829       0.502969
1829        4.04804
1829         4.1548
1829        4.57265
1829       0.863105
1829        6.25085
1829        2.82981
1829        3.32327
1829        3.46322
1829          5.473
1829       0.449298
1829        4.82373
1829        3.68008
1829        5.25602
1829        2.25191
1829        2.73753
1829         5.8223
1829        3.17076
1829        4.22628
1829        3.24967
1829        3.60501
1829        2.99139
1829        3.32939
1829        5.01623
1829        4.38707
1829       0.939915
1829        2.57586
1829        6.22365
1829        1.41799
1829        1.58033
1829        2.84058
1829        1.31419
1829          4.262
1829        6.16514
1829        2.30262
1829       0.835848
1829        4.85715
1829        3.25873
1829        3.89246
1829        3.29805
1829         1.7371
1829        1.87359
1829        3.45627
1829        3.50487
1829        5.66401
1829         1.7939
1829        1.78963
1829        5.53495
1829        6.18808
1829        1.25478
1829        5.11069
1829        2.27627
1829        5.75476
1829        1.32408
1829      0.0176488
1829        5.06009
1829       0.355439
1829        3.15298
1829      0.0598544
1829        4.63628
1829        3.06413
1829       0.994837
1829       0.233223
1829        1.09553
1829        5.07723
1829        4.61859
1829        3.95862
1829         3.0332
1829        1.40489
1829        2.68725
1829         3.2424
1829       0.482731
1829        6.23453
1829       0.421681
1829        3.83961
1829        2.76035
1829    9.69667e-05
1829        6.05973
1829        3.07734
1829        1.61908
1829       0.291127
1829         2.4576
1829        5.51791
1829        3.35986
1829        5.84222
1829        3.24397
1829        6.18328
1829        4.66391
1829        4.52972
1829        5.00997
1829        4.89369
1829       0.046866
1829        4.44802
1829         1.9688
1829        1.25385
1829        1.20138
1829       0.705895
1829         2.3292
1829        5.36907
1829        1.02263
1829        4.74182
1829        1.05029
1829        3.99915
1829        4.83818
1829        2.33054
1829        1.25705
1829       0.437003
1829        1.03465
1829       0.476706
1829        6.03126
1829        3.01905
1829      0.0456818
1829        4.90494
1829        2.71605
1829        4.62474
1829        0.52987
1829       0.746467
1829        3.75178
1829        4.04571
1829        3.95909
1829       0.603005
1829        5.50664
1829        4.32695
1829        3.21595
1829        3.78833
1829       0.569444
1829        0.30295
1829       0.767533
1829         3.0851
1829        5.51446
1829         5.8296
1829        1.58691
1829        5.94822
1829        6.19743
1829       0.475227
1829        4.84074
1829         1.5747
1829       0.334309
1829        5.74317
1829        1.49315
1829        4.05621
1829        1.66685
1829        4.03209
1829         2.6223
1829        3.06641
1829        2.27801
1829        3.31796
1829        6.22186
1829        5.41579
1829        6.26982
1829        3.11013
1829        3.97394
1829        3.81372
1829       0.551032
1829        5.87721
1829       0.510354
1829        3.01423
1829        3.87539
1829         6.1666
1829        5.39333
1829       0.685114
1829        2.98267
1829        5.52754
1829        4.03696
1829        5.46324
1829        4.43601
1829       0.214124
1829        1.25424
1829        4.30895
1829        6.16677
1829        3.08915
1829        3.60404
1829        1.16183
1829        1.24987
1829        2.45338
1829       0.531044
1829        1.15707
1829        3.66916
1829        1.48453
1829        4.84915
1829        1.04811
1829        3.75981
1829       0.154056
1829        5.11667
1829        1.82848
1829       0.409729
1829        2.74168
1829        4.55701
1829        3.36611
1829        3.15745
1829        3.15282
1829       0.835083
1829        2.57251
1829         1.4959
1829        4.28723
1829      0.0361704
1829         3.0693
1829        3.11246
1829        5.59141
1829        2.40573
1829        5.07928
1829        5.94361
1829        4.08812
1829        6.07007
1829       0.744618
1829        1.28879
1829       0.160504
1829        6.05595
1829         3.1894
1829        5.30477
1829         2.6574
1829        2.65442
1829         2.0012
1829        3.38589
1829       0.341402
1829        1.53444
1829        0.94179
1829        4.03914
1829         1.0534
1829        5.01243
1829        1.10971
1829        5.27977
1829        2.77568
1829         3.6505
1829        4.23692
1829        2.24923
1829        4.08373
1829        4.12212
1829        3.33396
1829         4.3227
1829       0.901185
1829        3.52381
1829        6.13829
1829        5.89002
1829        1.35459
1829        1.55359
1829        1.54318
1829        6.06291
1829         1.9148
1829       0.202222
1829        1.92661
1829        2.56831
1829        5.54744
1829        6.02188
1829        1.34728
1829        1.96014
1829        4.12605
1829        2.37121
1829        5.62271
1829        3.32161
1829        6.22219
1829        3.94039
1829        1.10841
1829      0.0904676
1829        5.78593
1829        6.12912
1829       0.202585
1829        3.92038
1829        3.65426
1829        1.18333
1829        1.67271
1829        2.10601
1829        1.31366
1829       0.439672
1829        5.03753
1829        3.45851
1829        3.74271
1829        1.99845
1829        4.24554
1829        3.49484
1829        5.44476
1829        2.47312
1829        2.13419
1829      0.0496776
1829        3.75884
1829        3.16663
1829        5.55165
1829        3.01276
1829        4.54822
1829       0.341258
1829       0.717984
1829        3.80576
1829        1.93459
1829        4.28143
1829        1.15273
1829        6.24112
1829        5.22015
1829        1.26909
1829       0.029285
1829        3.58452
1829        3.45709
1829        5.74532
1829       0.649863
1829        4.65267
1829        1.14255
1829       0.157237
1829       0.331231
1829        5.43076
1829        4.39938
1829        1.59946
1829        4.52551
1829        2.94908
1829       0.766062
1829        2.42448
1829        3.17854
1829        5.35545
1829        2.97272
1829        4.71221
1829       0.937118
1829        2.84984
1829        1.29216
1829         6.0935
1829        1.59401
1829       0.668936
1829         4.3246
1829        6.25129
1829        6.15674
1829         4.8142
1829        5.84193
1829       0.618067
1829        3.12164
1829        4.42355
1829        4.72391
1829        3.22647
1829        4.14195
1829       0.942471
1829        1.89616
1829        5.86343
1829        4.31516
1829        2.55715
1829        2.42727
1829       0.969988
1829        4.34772
1829        2.88635
1829        4.76006
1829         1.0207
1829        5.63422
1829        2.97248
1829         5.1517
1829       0.747866
1829        4.06047
1829         6.0271
1829        2.66546
1829        4.73608
1829       0.548124
1829        2.55659
1829        1.51299
1829        3.89696
1829        4.31351
1829       0.298725
1829        5.22749
1829        1.02707
1829       0.755638
1829        5.71954
1829         1.3145
1829        3.31347
1829        5.63353
1829        3.00761
1829        2.19987
1829        3.76287
1829        6.18747
1829        5.96226
1829       0.350929
1829         2.8721
1829       0.414044
1829        3.94286
1829        3.99328
1829        3.84168
1829        2.49571
1829        3.78996
1829         3.8592
1829         6.1317
1829       0.615306
1829        3.47176
1829        6.28302
1829        4.46944
1829        2.97905
1829       0.651186
1829        5.76236
1829        3.69546
1829       0.405724
1829       0.947771
1829        5.83882
1829        5.64147
1829         1.6502
1829         1.0001
1829        2.74318
1829         4.3839
1829       0.398009
1829       0.221933
1829       0.419051
1829        4.01193
1829        2.04832
1829      0.0264346
1829        6.06814
1829       0.391265
1829        2.98943
1829        2.71058
1829        3.72015
1829         4.9648
1829        1.26088
1829        3.42542
1829        4.18159
1829        5.30335
1829        1.02506
1829       0.766274
1829        5.36016
1829        1.28442
1829        1.21542
1829        5.75732
1829        4.96292
1829        6.23274
1829        2.69865
1829        1.09477
1829       0.561271
1829        5.89009
1829        5.19674
1829        4.22627
1829        1.87431
1829      0.0994646
1829        6.22704
1829        3.59088
1829        3.36019
1829       0.119893
1829        5.95465
1829        5.50966
1829        5.29447
1829        4.09432
1829        4.26597
1829       0.609952
1829        2.62398
1829        5.66536
1829       0.724995
1829        3.30457
1829        5.89542
1829        4.54407
1829        4.36703
1829        5.58644
1829        5.95562
1829        1.75064
1829        3.38298
1829        3.83026
1829         5.6688
1829        5.91812
1829       0.288018
1829       0.728689
1829         3.6434
1829        3.11096
1829        2.70422
1829        4.47216
1829         1.2559
1829        2.31611
1829        2.82597
1829        4.88375
1829        2.01856
1829        4.00188
1829       0.672377
1829        5.03217
1829        3.40749
1829        3.23307
1829        2.11853
1829        0.29617
1829        2.92358
1829        2.52564
1829        4.91658
1829        5.93228
1829        2.06734
1829        3.58469
1829        5.91141
1829      0.0378114
1829         0.3132
1829        0.92606
1829        2.55322
1829         3.5564
1829        1.23063
1829        4.43218
1829       0.442112
1829        4.26267
1829        4.31715
1829        2.89068
1829        3.52037
1829        5.17946
1829        0.94703
1829        0.70588
1829        2.18009
1829       0.304178
1829        3.11834
1829        6.04193
1829        5.88553
1829        3.75831
1829      0.0527634
1829        3.91667
1829        2.48813
1829        4.22571
1829        2.67379
1829         4.7562
1829         4.3063
1829        3.17093
1829       0.904548
1829        3.92082
1829        2.12183
1829       0.485924
1829        4.54964
1829        4.11486
1829        1.70485
1829        3.57331
1829       0.336477
1829        5.67956
1829        0.32556
1829       0.424215
1829        1.06744
1829       0.781834
1829        5.39658
1829        4.45996
1829        2.10849
1829        3.40113
1829      0.0551216
1829        4.14397
1829        2.77439
1829        1.40701
1829        1.27163
1829         1.9614
1829         5.4137
1829       0.666084
1829        4.97169
1829       0.927092
1829         4.9503
1829         1.0498
1829        4.44735
1829        5.66485
1829        4.73529
1829        2.64316
1829        3.37721
1829        1.01815
1829       0.685002
1829        2.60041
1829         3.7347
1829        5.46056
1829        3.99365
1829         1.5772
1829       0.660307
1829        6.11039
1829        5.12517
1829        5.92305
1829        2.11497
1829        5.01844
1829        5.69115
1829       0.936586
1829        1.09179
1829        5.52685
1829        3.19811
1829       0.327909
1829        5.73296
1829       0.807323
1829        3.01568
1829        3.67145
1829        1.35997
1829        2.48533
1829        5.19305
1829      0.0324368
1829       0.465775
1829        5.29171
1829        1.50102
1829        3.38511
1829        4.72869
1829        1.17565
1829        4.43293
1829         6.1208
1829        2.30762
1829        6.18795
1829        6.08337
1829        3.40288
1829        1.50663
1829        3.34143
1829        6.00148
1829        0.63937
1829        5.24341
1829        4.93321
1829       0.462453
1829        5.83997
1829         6.2378
1829        1.95054
1829        2.10442
1829        3.86382
1829        3.01016
1829        2.84791
1829        1.03752
1829        0.31909
1829        3.53701
1829       0.501221
1829        2.66629
1829       0.581562
1829        1.56386
1829        3.26302
1829        3.65418
1829        3.70129
1829        3.57829
1829        2.26812
1829        5.94491
1829        3.00888
1829        5.78917
1829        4.72147
1829        4.42536
1829        6.19738
1829      0.0284928
1829       0.671887
1829        4.23659
1829        4.11838
1829       0.116326
1829       0.398137
1829        5.14379
1829        2.59291
1829        3.87308
1829        6.13189
1829       0.598169
1829        3.72796
1829        3.63217
1829       0.434656
1829        3.92097
1829        2.72248
1829        2.99148
1829        3.24971
1829        2.64388
1829        3.65576
1829       0.621667
1829        5.76384
1829        1.19911
1829        5.98168
1829         3.2819
1829         1.5175
1829        4.35892
1829       0.164889
1829         0.2801
1829        2.23597
1829          1.956
1829        2.94825
1829        2.48217
1829        4.09887
1829       0.457539
1829        3.87317
1829        3.58373
1829        1.43285
1829        3.76151
1829        5.37951
1829        6.00764
1829          5.891
1829        3.72275
1829        3.73343
1829         5.3202
1829          2.624
1829        3.21487
1829        4.20916
1829        4.63165
1829        4.00529
1829        3.35128
1829        1.37356
1829        4.71639
1829        5.77453
1829        5.75061
1829         5.5056
1829         3.8016
1829       0.482679
1829        5.24193
1829         2.7528
1829        6.08593
1829        1.75708
1829        2.01644
1829        5.35936
1829        3.90892
1829        5.89227
1829        5.48542
1829        3.26438
1829        6.19875
1829        2.92049
1829        3.41912
1829        4.77285
1829        4.52902
1829        2.38476
1829        5.57678
1829       0.355322
1829        4.03598
1829        4.13203
1829        5.60107
1829         3.5496
1829         4.5062
1829        3.61595
1829        3.07861
1829        2.23942
1829        5.66706
1829        4.41032
1829        5.19829
1829         4.2811
1829         1.6141
1829        3.51753
1829         4.4647
1829        4.30656
1829       0.796745
1829        2.94453
1829        5.64063
1829       0.067517
1829        1.29392
1829       0.625737
1829        3.15836
1829        1.48638
1829        6.25582
1829        5.85367
1829        1.06754
1829        3.92955
1829        4.03625
1829        5.80244
1829        4.50221
1829        4.49752
1829       0.425696
1829        2.57214
1829        6.10564
1829        6.13626
1829        3.31804
1829        1.00977
1829        3.60247
1829        4.45878
1829        3.10188
1829        3.44557
1829         5.7264
1829       0.265175
1829       0.203898
1829      0.0411057
1829        5.77161
1829        1.74279
1829        3.19745
1829       0.333769
1829       0.205672
1829        1.33455
1829        4.81218
1829        2.97283
1829        5.47746
1829       0.118766
1829        1.74675
1829       0.601747
1829        2.86662
1829        1.43323
1829        1.27455
1829         3.7234
1829        0.70013
1829        5.15965
1829        1.43181
1829        5.32831
1829        4.03454
1829        3.44715
1829        1.50091
1829       0.302653
1829        5.27683
1829       0.985793
1829        4.98954
1829        3.36835
1829        1.48855
1829        4.88423
1829        1.03361
1829        2.60503
1829        4.38537
1829        3.94375
1829        5.65631
1829        4.68298
1829          1.379
1829        2.85037
1829        5.26706
1829        2.80476
1829        0.44489
1829        1.39758
1829        4.07054
1829       0.638745
1829        1.44712
1829        5.45343
1829        2.02031
1829       0.894255
1829        6.02997
1829         1.1883
1829       0.661976
1829        2.16125
1829        4.16444
1829        5.98254
1829       0.266578
1829          5.813
1829        5.93601
1829        1.39815
1829        3.25687
1829        4.55957
1829        2.74207
1829        2.38901
1829       0.876224
1829       0.474873
1829         4.9124
1829        3.05708
1829        6.10605
1829        1.02132
1829        4.14085
1829        1.46871
1829        5.05655
1829        5.65046
1829        2.77185
1829        3.27593
1829        2.17612
1829        2.30536
1829        6.13984
1829        2.58004
1829         2.5977
1829        4.31855
1829        3.39923
1829        5.25484
1829        3.56921
1829       0.277223
1829        2.78762
1829         1.0485
1829        1.27223
1829        2.66626
1829        3.82691
1829        5.11331
1829        4.64839
1829        1.54578
1829       0.381262
1829        3.84032
1829        2.75793
1829        3.29576
1829        3.04105
1829       0.262044
1829        4.75202
1829        5.21041
1829        3.70012
1829        5.46758
1829        3.47445
1829        4.66628
1829        1.58204
1829         2.3037
1829        1.62298
1829        1.57789
1829       0.707127
1829        2.30655
1829        5.64065
1829       0.364405
1829        5.82613
1829          4.677
1829        1.99105
1829         5.6836
1829        2.29764
1829       0.382907
1829          6.033
1829       0.031212
1829        3.53065
1829        3.29819
1829        6.24753
1829        4.27426
1829        6.19728
1829        2.75063
1829        3.18091
1829       0.512971
1829       0.120681
1829        1.09313
1829        4.31783
1829        4.47686
1829       0.564724
1829         5.4681
1829        3.70738
1829        6.22532
1829        0.14965
1829        4.96935
1829        1.44206
1829         5.2742
1829          3.144
1829         4.1428
1829         4.5634
1829        4.61532
1829        1.55396
1829        1.09757
1829       0.131555
1829       0.250326
1829        1.26146
1829        6.00926
1829        4.47425
1829       0.606652
1829         3.7229
1829        5.79772
1829        2.37111
1829        2.10638
1829        3.08236
1829         4.4574
1829       0.210941
1829        6.07432
1829       0.498455
1829        2.76276
1829       0.728571
1829        1.01948
1829        1.93708
1829        4.78536
1829       0.315349
1829        3.31904
1829       0.451616
1829        3.93951
1829      0.0690749
1829         4.0562
1829        2.73227
1829        2.41904
1829        1.52092
1829         4.1934
1829       0.456842
1829       0.259384
1829        4.13593
1829        4.22821
1829        6.12236
1829        2.26129
1829       0.517349
1829        4.04906
1829       0.294606
1829        1.97637
1829        4.04551
1829       0.882246
1829        1.32559
1829        1.12523
1829        5.86261
1829        1.43278
1829        5.39915
1829       0.822998
1829        3.27518
1829        6.02664
1829        6.06767
1829        3.11157
1829      0.0357945
1829       0.840856
1829        3.91939
1829        3.58675
1829      0.0427316
1829        2.56131
1829        5.44419
1829         4.1617
1829        3.03534
1829        5.22974
1829       0.909899
1829        2.21941
1829        5.45428
1829         2.5679
1829       0.962961
1829        4.04145
1829        1.16224
1829        2.06328
1829        1.47646
1829         4.4188
1829        1.37515
1829        4.08873
1829       0.939672
1829        1.20723
1829        4.12239
1829        3.04653
1829        3.66534
1829       0.970122
1829        2.97004
1829        3.76432
1829        0.18909
1829        4.46549
1829        1.03394
1829         1.5662
1829        5.22757
1829         5.1111
1829        3.73163
1829        3.16718
1829        1.51537
1829        4.25608
1829        1.89689
1829         1.9846
1829        4.33917
1829        1.34489
1829        4.00439
1829        5.80947
1829        5.69787
1829         2.8003
1829        5.35196
1829        1.04834
1829        4.37123
1829        2.80192
1829        2.01953
1829        4.16599
1829         3.3011
1829        3.03323
1829        5.16635
1829       0.358589
1829        2.42416
1829        1.59869
1829        3.45319
1829       0.566339
1829        3.38986
1829        4.44333
1829        5.12805
1829        6.04872
1829        1.23381
1829         5.1062
1829       0.288862
1829       0.997465
1829        1.74306
1829       0.386027
1829        2.36541
1829       0.342769
1829        2.40944
1829       0.188032
1829        1.16303
1829        3.39323
1829        3.36825
1829       0.767146
1829       0.198516
1829        3.71006
1829        3.32097
1829        4.92121
1829        4.92413
1829        4.02851
1829        5.34406
1829        2.69662
1829        5.49966
1829        2.50291
1829        4.06839
1829        3.10573
1829       0.721684
1829          1.294
1829        1.84533
1829         4.0256
1829        1.54595
1829        5.64455
1829      0.0721488
1829        4.16061
1829        3.47641
1829        1.28801
1829          5.012
1829        1.38413
1829       0.567358
1829        3.16665
1829         5.8846
1829        5.98057
1829        1.04333
1829        6.28253
1829        5.87473
1829        4.41722
1829        3.25156
1829        2.23101
1829        3.13974
1829        3.71921
1829        3.01847
1829        1.12544
1829       0.541541
1829      0.0501482
1829       0.699511
1829        5.95485
1829        2.29038
1829        4.31217
1829        4.12819
1829        6.09628
1829        2.58716
1829        6.13045
1829        4.65257
1829        1.44954
1829        5.51843
1829        6.07086
1829        2.97294
1829        3.22794
1829        2.92791
1829         5.5666
1829         5.5638
1829        0.42186
1829        4.49134
1829        3.54711
1829         1.3943
1829        2.34383
1829        5.60214
1829        3.54006
1829        4.95848
1829        4.56616
1829         4.2333
1829        5.29922
1829        5.36161
1829        5.50936
1829        4.28601
1829        4.47602
1829        3.55427
1829       0.671824
1829        3.27903
1829         3.2281
1829        5.86347
1829        3.83226
1829        5.72269
1829        2.55766
1829        1.25347
1829        2.89205
1829       0.562093
1829      0.0441828
1829        6.10296
1829        4.65771
1829        3.46546
1829        4.91233
1829        1.61359
1829        4.47425
1829        2.48266
1829        4.27557
1829        5.69057
1829        6.16273
1829       0.850317
1829         2.2942
1829        3.11305
1829        2.43686
1829        1.11795
1829        5.76804
1829        5.72683
1829        3.63641
1829        2.45412
1829        6.16753
1829        6.08704
1829       0.584251
1829       0.641643
1829        2.81845
1829        5.52118
1829        5.13438
1829        1.34131
1829        1.24549
1829       0.510322
1829         5.5175
1829        3.71881
1829        1.64024
1829        1.12312
1829        4.09179
1829        3.23843
1829         1.2128
1829        3.57685
1829        2.60133
1829         3.0142
1829        3.59787
1829        1.86439
1829        4.99476
1829         3.4564
1829        3.11842
1829        4.73713
1829       0.268644
1829        3.53322
1829        4.34225
1829        5.57495
1829        4.69842
1829        4.07154
1829        1.68439
1829         3.8566
1829        5.83255
1829        5.20996
1829         3.5533
1829        4.60562
1829        4.86294
1829        4.17161
1829        1.60373
1829        3.01691
1829        3.92362
1829       0.541283
1829        4.32689
1829        4.56384
1829        5.44149
1829         4.7659
1829        3.55512
1829        1.03336
1829        5.01123
1829        2.59007
1829        6.20747
1829        2.21503
1829        4.44864
1829        1.56806
1829        4.25733
1829        4.73635
1829        5.77385
1829        5.72353
1829        5.22724
1829        4.80593
1829        1.59576
1829        4.38702
1829        5.61165
1829        0.78887
1829        3.26082
1829        2.08843
1829         4.6639
1829        3.59257
1829       0.093839
1829         5.9612
1829       0.418962
1829        6.23603
1829         2.8723
1829        6.24788
1829        4.51697
1829        5.32481
1829        5.15316
1829        2.63574
1829        5.78181
1829        5.01309
1829        0.59733
1829        2.93718
1829       0.906017
1829        0.36781
1829         5.5326
1829        3.99562
1829        3.51618
1829       0.684266
1829         3.2265
1829        5.72778
1829       0.877048
1829        3.35269
1829        2.66463
1829         3.6383
1829       0.841936
1829        1.90823
1829        4.58197
1829        2.52308
1829       0.972084
1829       0.898799
1829        6.16707
1829        4.04588
1829        4.67363
1829        3.77893
1829       0.384764
1829        4.13888
1829        3.70644
1829       0.247446
1829        4.16683
1829      0.0331366
1829       0.078881
1829        6.01337
1829        4.46729
1829        2.90165
1829        5.57905
1829        0.54519
1829        5.97699
1829        1.64743
1829       0.719924
1829         4.5558
1829        4.75892
1829       0.991356
1829        3.54574
1829        4.15721
1829        2.64774
1829        1.99561
1829        4.44518
1829       0.213456
1829       0.528636
1829        3.89104
1829        5.12132
1829        5.97272
1829       0.645163
1829        2.90963
1829        4.41053
1829        3.46682
1829       0.758558
1829        3.40541
1829        5.97129
1829       0.397725
1829        1.39026
1829        6.23898
1829        6.15356
1829        3.45276
1829         2.7692
1829      0.0427071
1829       0.765841
1829        2.32154
1829        1.25294
1829       0.915068
1829        5.15119
1829        2.81041
1829        6.00889
1829        2.88903
1829        4.89993
1829        5.60337
1829        1.05962
1829        2.60627
1829        5.96594
1829        6.19671
1829        3.32767
1829        1.92021
1829        3.12361
1829        4.86244
1829       0.265729
1829         3.0785
1829        3.85048
1829        2.63644
1829        4.72249
1829       0.533281
1829       0.509914
1829        1.10094
1829        5.75861
1829        4.71451
1829        5.67826
1829        2.43186
1829        5.23247
1829        5.95443
1829         4.1694
1829        5.06926
1829        3.92526
1829        3.32398
1829        3.51437
1829        2.77189
1829        4.31817
1829        4.13927
1829        3.67394
1829        4.22323
1829        0.37824
1829        4.96059
1829         4.9555
1829       0.827782
1829       0.131247
1829        2.54365
1829        3.11583
1829        2.83497
1829        1.00054
1829        4.27468
1829        1.56178
1829        3.27595
1829        3.29096
1829        2.39977
1829        1.51483
1829         3.3354
1829        2.24524
1829        3.64234
1829        5.89033
1829        1.36059
1829         3.5116
1829       0.116302
1829        2.74379
1829        3.61854
1829        2.60929
1829        5.03059
1829        4.28921
1829        1.18787
1829      0.0677141
1829        3.62841
1829         3.4992
1829        3.96343
1829        3.04208
1829        4.43736
1829        3.78874
1829       0.375432
1829        2.98501
1829        2.96769
1829       0.656347
1829         3.8174
1829        3.30695
1829        2.20443
1829        3.84601
1829       0.460336
1829        1.13253
1829      0.0653097
1829        1.76301
1829        1.06694
1829         3.9752
1829        4.28654
1829        6.14754
1829        5.99422
1829        4.27143
1829       0.365666
1829        5.92256
1829        4.66857
1829        6.11787
1829        3.04426
1829        1.28259
1829        5.50214
1829        1.33088
1829        2.82009
1829        2.33247
1829        3.91596
1829        2.75643
1829       0.117632
1829        3.11617
1829         2.2005
1829       0.524694
1829        4.38043
1829        3.11178
1829        4.04256
1829        3.69942
1829        4.35977
1829        2.76497
1829       0.668612
1829       0.035398
1829        3.78412
1829        2.27129
1829        3.77661
1829       0.813378
1829        3.62558
1829        2.93547
1829        5.49916
1829        4.19185
1829        1.24943
1829        3.33048
1829        1.07211
1829        4.21659
1829        3.99953
1829        2.91572
1829        1.26373
1829        1.27633
1829        3.75084
1829        3.94478
1829        5.40933
1829        5.28422
1829        2.29491
1829        5.39593
1829        2.85327
1829      0.0970194
1829        3.04657
1829           3.38
1829        5.56433
1829        1.96135
1829        5.56002
1829        2.11895
1829        6.21156
1829        2.95117
1829         1.5641
1829        4.22395
1829        0.72121
1829         5.8806
1829       0.672142
1829       0.332042
1829        3.32097
1829       0.878952
1829       0.282284
1829        5.88402
1829        3.55868
1829        5.72018
1829        1.44468
1829        4.77755
1829        1.89781
1829        1.04101
1829        2.71099
1829        3.59189
1829        3.53421
1829        1.17514
1829        4.39176
1829        5.88357
1829        3.57856
1829        1.24008
1829        3.60546
1829        1.16423
1829           4.49
1829         2.3397
1829       0.582991
1829        6.24998
1829        1.47443
1829        4.92423
1829        0.63522
1829        4.89922
1829        5.84145
1829        1.48603
1829       0.235264
1829       0.678457
1829        5.73245
1829        1.34662
1829        3.46913
1829       0.544338
1829        2.34779
1829        5.76556
1829        3.01442
1829        3.69614
1829        2.93496
1829        5.35976
1829        5.98355
1829        3.85392
1829        4.68075
1829        1.46688
1829      0.0779243
1829        2.21198
1829       0.687787
1829        4.95068
