1317        1.02218
1317        1.16839
1317        4.00285
1317        3.75586
1317       0.701835
1317        4.00287
1317        4.36718
1317        1.98877
1317        2.47241
1317        2.21106
1317        6.25414
1317        1.44776
1317        1.09917
1317        6.14842
1317        1.82101
1317        1.43562
1317        5.21329
1317        5.11829
1317       0.319264
1317        4.47404
1317        6.14553
1317         4.5085
1317        3.58121
1317        4.47971
1317         3.7688
1317        1.08957
1317        1.97845
1317         4.8359
1317        5.78194
1317       0.534463
1317        5.81513
1317        4.24184
1317        1.52017
1317        3.09481
1317        2.01777
1317        1.19554
1317        2.16829
1317        1.53167
1317       0.681759
1317         1.2796
1317        4.44263
1317        2.28532
1317        4.33826
1317        3.69537
1317        4.65438
1317        2.10468
1317        4.77432
1317        4.59238
1317       0.967555
1317       0.241818
1317       0.872623
1317        2.18309
1317        2.27341
1317       0.805508
1317        4.49036
1317        4.24829
1317        1.40506
1317         1.2226
1317        5.00045
1317        5.27694
1317        3.82167
1317        3.35249
1317        2.20647
1317        2.57144
1317       0.371619
1317        4.35626
1317        4.22895
1317        3.83714
1317        4.59972
1317        4.18635
1317        2.59718
1317        2.51636
1317       0.217334
1317       0.979734
1317        6.14938
1317        1.10638
1317        1.29847
1317        3.42816
1317        4.93993
1317        3.89477
1317       0.330617
1317        5.02808
1317       0.398384
1317        3.68589
1317        4.46492
1317        3.55071
1317        1.25775
1317        2.60435
1317        3.77413
1317        3.83249
1317        3.75189
1317        3.88796
1317        3.34942
1317        4.81804
1317        1.55985
1317       0.443733
1317        1.33146
1317        2.07665
1317        1.44843
1317       0.162804
1317        4.19979
1317        6.17604
1317        3.39856
1317          1.678
1317        1.35096
1317         1.7767
1317        2.10096
1317        3.28809
1317        4.31918
1317       0.779279
1317         1.7946
1317       0.755435
1317       0.388715
1317        1.45026
1317        4.83579
1317        3.10678
1317        5.97798
1317        4.97271
1317        1.70072
1317        2.90042
1317        0.48734
1317        2.94004
1317        2.05723
1317         1.9186
1317       0.607722
1317       0.926221
1317        1.55572
1317        4.40245
1317        1.05088
1317        3.13952
1317        2.99883
1317        2.31621
1317         4.1231
1317        3.89588
1317         5.0809
1317          2.077
1317        4.95435
1317        6.07264
1317        2.63454
1317        5.95674
1317        4.37537
1317       0.863747
1317        4.71634
1317        1.12424
1317        2.45405
1317        5.06923
1317       0.918987
1317        4.17879
1317       0.931937
1317        3.53758
1317        4.05205
1317        5.86611
1317        3.74864
1317        2.22612
1317        3.93808
1317        4.30923
1317       0.730832
1317         4.9727
1317         3.9299
1317        1.21089
1317        4.07759
1317       0.745731
1317        5.91196
1317        2.52176
1317        1.80208
1317        5.32504
1317        5.53411
1317        3.18003
1317         3.9582
1317         2.8098
1317        2.33006
1317        3.75765
1317        5.95943
1317        4.09872
1317        4.84331
1317      0.0282199
1317       0.738497
1317        6.07232
1317        1.01408
1317        4.53156
1317        2.03407
1317        2.45461
1317        5.10246
1317        6.06594
1317         4.6725
1317        2.18365
1317        2.05252
1317        3.33917
1317        3.36817
1317         4.4388
1317        4.28662
1317      0.0930375
1317        5.33314
1317        3.67385
1317        3.97969
1317         1.1218
1317        3.80999
1317        1.22462
1317        3.51501
1317        3.76719
1317        5.42846
1317        4.76212
1317        3.77943
1317        2.21813
1317        2.41962
1317        1.72412
1317       0.238504
1317       0.977103
1317        4.10143
1317       0.964809
1317        6.04222
1317       0.844579
1317        1.31942
1317        1.81696
1317        3.89745
1317        2.01327
1317         3.1891
1317        6.10998
1317        1.47019
1317        6.16836
1317        4.72949
1317        4.59777
1317        1.27568
1317        5.54996
1317       0.906357
1317        4.13031
1317        4.48689
1317       0.710914
1317        1.88842
1317        3.02392
1317        4.38073
1317        1.51211
1317        4.77312
1317        4.26439
1317        0.22074
1317        4.22929
1317        4.73119
1317        1.74725
1317        2.11086
1317        4.77832
1317        4.67066
1317        5.56051
1317       0.525784
1317        4.14894
1317        4.54109
1317        1.28443
1317          1.533
1317        3.50127
1317        1.18043
1317        3.78634
1317        5.90316
1317         0.3276
1317        3.48296
1317        3.89861
1317       0.586909
1317        4.75034
1317       0.244604
1317        3.44178
1317        4.78766
1317        1.69272
1317        1.47939
1317        2.30154
1317        5.50814
1317         1.5459
1317        1.80345
1317        3.71427
1317        5.06665
1317       0.112162
1317        2.57757
1317        1.25433
1317        1.48928
1317        3.66239
1317        4.14186
1317        4.05161
1317        1.09077
1317         1.4346
1317         3.6429
1317        3.54068
1317         3.0049
1317        5.77952
1317        6.08899
1317        3.09112
1317        4.88143
1317        5.61103
1317        4.84093
1317        5.32952
1317        5.99399
1317        3.88231
1317       0.742349
1317        4.18194
1317        1.71031
1317         4.5756
1317        4.77878
1317        4.22028
1317        1.69335
1317        1.36994
1317        1.45486
1317        2.34829
1317        4.33807
1317        4.94271
1317         4.4007
1317        3.92969
1317        2.34931
1317        4.99397
1317        3.95815
1317        3.42959
1317        3.10632
1317        6.11256
1317        1.10372
1317        3.97641
1317        2.29127
1317       0.345482
1317       0.868593
1317        3.58078
1317        5.36322
1317       0.464428
1317        2.80947
1317        3.96771
1317        3.95821
1317       0.357575
1317        1.53791
1317        3.83816
1317        6.07764
1317       0.646223
1317        1.11754
1317        1.68089
1317       0.142653
1317        5.01589
1317        2.13843
1317        4.24861
1317        3.84246
1317        4.75661
1317        5.43345
1317        4.32163
1317        2.22441
1317        3.79866
1317        5.67041
1317       0.818098
1317        1.70941
1317       0.664121
1317        4.56786
1317         5.7335
1317         5.6414
1317        1.93105
1317        4.40039
1317        1.20773
1317      0.0097069
1317         4.8557
1317        5.55982
1317        4.22621
1317        5.60662
1317        4.97429
1317        2.61542
1317        4.36831
1317        4.06973
1317        2.27756
1317        4.51729
1317       0.462413
1317        1.36741
1317        6.03155
1317        2.41435
1317        3.20545
1317       0.938096
1317        2.43418
1317        4.05379
1317        3.00392
1317       0.427711
1317        5.13843
1317        2.29873
1317        1.94795
1317       0.553215
1317         2.2066
1317       0.615515
1317        3.99133
1317        5.38978
1317       0.973909
1317        4.05115
1317        4.08135
1317        2.64904
1317        4.88269
1317        5.92025
1317         5.1719
1317       0.539043
1317        5.61849
1317        1.80012
1317      0.0922929
1317        4.54445
1317        4.35512
1317        4.02894
1317       0.610155
1317        3.15346
1317         1.0138
1317        1.30275
1317        1.06781
1317        1.18707
1317        3.19339
1317        2.22579
1317        3.51862
1317        5.08414
1317        5.26446
1317        3.70996
1317        4.13507
1317        4.13158
1317        4.40948
1317        5.58465
1317        1.35815
1317        2.86114
1317         2.3298
1317      0.0495384
1317       0.175033
1317        1.36997
1317        1.63369
1317        4.50614
1317        4.04439
1317         3.5183
1317        3.63023
1317        3.01675
1317        4.19438
1317        3.54637
1317        4.41624
1317        4.07438
1317        4.06767
1317        3.59343
1317        6.15734
1317        5.27124
1317        4.14267
1317        5.36332
1317        4.88144
1317        5.00401
1317        1.18792
1317        2.02894
1317        3.69181
1317        6.15659
1317        1.84347
1317        3.60565
1317        6.10365
1317        5.46307
1317        4.06652
1317        1.15572
1317        4.45931
1317        1.45696
1317        4.13729
1317        3.74522
1317        4.04577
1317         6.0617
1317        2.80534
1317        4.25639
1317         5.0486
1317       0.079137
1317       0.686091
1317        1.88709
1317        4.66751
1317        3.08048
1317       0.655166
1317        6.00787
1317        3.41978
1317        4.53008
1317        1.00407
1317        5.16308
1317        0.45372
1317       0.654322
1317        4.70713
1317        4.60812
1317        4.03068
1317        3.23852
1317        2.94449
1317        5.52167
1317        4.42335
1317        4.42577
1317        4.71596
1317        2.86598
1317       0.807814
1317         1.6565
1317       0.716723
1317        1.69205
1317        2.71713
1317        2.29043
1317        1.66562
1317        1.49527
1317        4.23782
1317        1.40998
1317        2.73848
1317        2.71238
1317        3.89273
1317        4.98306
1317       0.947045
1317         4.5522
1317       0.276245
1317        1.91645
1317        1.88877
1317        4.74083
1317        6.04768
1317        3.14083
1317        3.59252
1317        4.65402
1317        1.36193
1317       0.816741
1317        1.71361
1317        1.48765
1317        5.68145
1317        3.95849
1317        4.53054
1317        5.20724
1317        5.86433
1317        5.98822
1317        4.51488
1317        3.94967
1317        3.26976
1317        2.46643
1317       0.146798
1317       0.988547
1317        2.17654
1317         1.9471
1317         5.0899
1317        4.12127
1317        3.78259
1317        1.12454
1317        1.84471
1317         5.8461
1317        2.03911
1317        3.35358
1317        4.08183
1317        1.11871
1317       0.868672
1317        1.54548
1317        4.91689
1317        6.17353
1317       0.764275
1317        1.20646
1317         2.3517
1317        6.02343
1317        1.43309
1317        3.93503
1317        4.42502
1317        4.60492
1317        6.08307
1317        3.16595
1317       0.796645
1317       0.274684
1317         2.6954
1317        4.28699
1317        1.24728
1317        4.63923
1317        1.62273
1317      0.0628538
1317        1.50564
1317        4.60679
1317         3.6517
1317        3.64013
1317        2.61583
1317        4.08338
1317        3.81791
1317      0.0629194
1317      0.0596018
1317       0.951695
1317        4.21837
1317        3.07886
1317        1.90046
1317        2.80281
1317        4.65373
1317        0.22251
1317          4.483
1317          3.154
1317        5.35458
1317        4.26766
1317        5.31579
1317        4.23831
1317        1.88558
1317        1.81824
1317         4.7183
1317        2.27356
1317        5.84645
1317        1.11942
1317        1.42171
1317        1.21217
1317         4.0758
1317         4.5998
1317        0.60828
1317        1.70894
1317        4.57191
1317        3.40702
1317        3.22464
1317        0.79902
1317        1.02856
1317        1.13236
1317         4.1787
1317        2.45906
1317        4.45361
1317        5.57511
1317         4.9259
1317        6.14894
1317      0.0140021
1317        1.57531
1317       0.387751
1317        3.38158
1317       0.378796
1317        5.37792
1317        5.32306
1317        4.12218
1317        4.65835
1317        4.85922
1317        5.69133
1317        2.82005
1317       0.614318
1317        1.35836
1317        6.13892
1317       0.600033
1317        4.68948
1317        5.10359
1317        2.52879
1317        3.40619
1317        4.39185
1317        3.14786
1317        1.45268
1317        1.36496
1317        3.73305
1317        1.17622
1317       0.824202
1317       0.393246
1317        3.57756
1317        1.04785
1317        5.58885
1317        3.41431
1317        1.17105
1317        2.19769
1317       0.796361
1317        1.63762
1317        5.59176
1317        3.76374
1317        5.46217
1317        4.15291
1317        5.24658
1317        5.49982
1317        2.03044
1317        4.95217
1317        2.56521
1317        5.88631
1317        2.89245
1317       0.746588
1317       0.524355
1317        4.06588
1317       0.836818
1317        5.52975
1317        5.75591
1317        2.23901
1317        1.96603
1317        2.05919
1317        1.53585
1317        2.88803
1317        4.10083
1317        4.24518
1317       0.945557
1317        1.93083
1317        3.18333
1317        4.26502
1317       0.938962
1317       0.891024
1317        5.27815
1317         1.8734
1317         1.4802
1317        1.92347
1317        1.27833
1317      0.0841137
1317        1.89534
1317        1.77288
1317        5.21111
1317        2.78202
1317        2.55829
1317        4.39998
1317       0.248716
1317        4.63713
1317        4.43807
1317        2.09612
1317         1.2154
1317         1.3904
1317        4.34897
1317        2.97291
1317         1.9202
1317        4.85415
1317       0.879188
1317        1.90679
1317        0.95224
1317        4.49629
1317         4.5297
1317        3.26629
1317        1.34338
1317        4.72536
1317         5.2714
1317      0.0796248
1317        1.08471
1317        1.43526
1317       0.957266
1317        5.12682
1317        3.15536
1317        4.80052
1317        5.93256
1317        2.48112
1317        3.81544
1317        3.65935
1317       0.724744
1317        5.03195
1317        4.83972
1317        6.23022
1317        2.38282
1317         4.4004
1317       0.967342
1317        0.27624
1317       0.850149
1317        4.26646
1317        1.59397
1317        5.32844
1317        1.40985
1317        3.97252
1317         1.4711
1317        3.46332
1317        3.37756
1317        3.08057
1317        1.28919
1317        1.89625
1317        4.80122
1317        2.55998
1317        5.22325
1317        3.37736
1317        1.32746
1317        5.28025
1317        4.38706
1317       0.992301
1317       0.130712
1317       0.362222
1317        4.04427
1317        3.03704
1317       0.112009
1317        0.99794
1317        5.09497
1317        4.93297
1317        4.52559
1317        1.12598
1317        5.46622
1317        5.47031
1317        1.32303
1317        4.54081
1317        5.15685
1317        1.27802
1317        2.26132
1317        2.28502
1317       0.851225
1317        3.70407
1317       0.183334
1317       0.784144
1317        4.26663
1317        4.48157
1317        3.12511
1317        2.38635
1317        4.93837
1317        1.67737
1317        4.16807
1317        4.86046
1317       0.412841
1317        4.00239
1317        1.31538
1317        4.71791
1317         6.1387
1317        0.97566
1317        6.00845
1317        4.48577
1317         2.6874
1317        2.78559
1317        4.07889
1317        1.47153
1317        2.03972
1317        4.54238
1317        6.10626
1317        4.67212
1317       0.246935
1317       0.843066
1317        4.89622
1317        4.19357
1317       0.191522
1317       0.212504
1317        5.12331
1317        0.47904
1317        4.87063
1317        1.13891
1317       0.779914
1317        5.11751
1317           4.17
1317        4.79525
1317        1.30752
1317        1.80112
1317       0.633391
1317        1.32906
1317        2.26571
1317        2.64704
1317        1.92715
1317        4.93071
1317        2.89238
1317        1.59105
1317        5.39949
1317        5.03043
1317       0.632717
1317        2.45345
1317        3.72785
1317        4.27709
1317       0.715437
1317        1.92006
1317        4.62953
1317       0.991854
1317        3.57916
1317        1.36419
1317        3.31001
1317        4.45938
1317        4.05097
1317        6.11137
1317        3.83735
1317        1.32647
1317       0.392064
1317        1.08058
1317        1.00094
1317       0.382739
1317        2.59065
1317        5.28567
1317        1.85029
1317        2.42584
1317         1.4807
1317        2.79628
1317        4.79615
1317        4.79289
1317        5.49584
1317        4.88736
1317        4.80081
1317        2.99806
1317       0.586343
1317        4.27702
1317        2.37031
1317       0.958168
1317        3.77298
1317        5.07475
1317        3.05334
1317       0.451417
1317        4.40284
1317        3.36419
1317        5.03438
1317        3.45642
1317        4.61241
1317        4.95089
1317        1.21932
1317        3.23288
1317        1.82889
1317        3.56942
1317        5.57685
1317        3.03327
1317        2.96997
1317        0.84205
1317        1.64817
1317        2.14763
1317        2.80785
1317        3.90431
1317        4.04826
1317        3.75898
1317        1.86004
1317         4.7567
1317        2.95827
1317       0.919877
1317        4.99104
1317        1.05447
1317        1.32352
1317        2.18114
1317        4.15081
1317        1.86301
1317         2.8399
1317      0.0917222
1317        4.50307
1317         4.4855
1317        4.70407
1317        4.12942
1317        2.47358
1317        3.58268
1317        4.43118
1317        1.42412
1317        3.60195
1317        4.40958
1317        4.26618
1317        3.30939
1317        5.47432
1317        2.91075
1317        5.99812
1317        1.36245
1317        3.06343
1317         3.6691
1317        2.05752
1317         4.9402
1317        1.66777
1317        3.36478
1317       0.996247
1317        3.61963
1317       0.371866
1317        4.14175
1317        1.87449
1317        5.08535
1317        4.00861
1317       0.584996
1317        1.70738
1317        3.18598
1317        1.95425
1317        2.22836
1317        3.60546
1317         4.1872
1317        1.71303
1317         5.8738
1317        1.65463
1317        1.17508
1317        1.33211
1317         4.3881
1317        5.25935
1317       0.212001
1317        4.24338
1317        3.90083
1317        2.85155
1317        1.45901
1317        6.24257
1317       0.234602
1317        1.58661
1317        4.28437
1317        1.12805
1317        2.35101
1317        5.13041
1317        3.93903
1317        4.77794
1317        3.86367
1317       0.205951
1317        2.13592
1317        1.50487
1317         1.3621
1317        1.44479
1317        4.94581
1317        4.46316
1317      0.0903497
1317        1.77566
1317        2.45605
1317         3.5359
1317        0.77529
1317        5.05606
1317        5.97854
1317        3.49739
1317        4.90504
1317        3.99031
1317        2.10694
1317        1.40249
1317        1.09818
1317         1.5976
1317        6.15462
1317       0.246925
1317       0.936102
1317        4.86382
1317       0.186796
1317        4.91686
1317        1.98712
1317        1.16716
1317        5.33173
1317        2.99646
1317       0.295479
1317         4.8368
1317        2.91497
1317        5.31988
1317        3.95551
1317       0.548669
1317        3.93777
1317         2.4044
1317        2.94102
1317        3.86915
1317          2.229
1317        5.09748
1317      0.0222634
1317        1.18061
1317        4.20784
1317        3.75923
1317        4.68808
1317       0.707988
1317        3.78045
1317        3.48454
1317         5.6468
1317        2.42217
1317        6.03366
1317        3.73191
1317        4.04845
1317        3.41671
1317        1.41451
1317        3.68398
1317        4.55929
1317        5.70792
1317        1.04715
1317        5.14414
1317         4.2581
1317       0.166261
1317       0.209566
1317        1.51426
1317        4.80943
1317       0.297461
1317        2.68468
1317        6.25528
1317     0.00976132
1317        4.41036
1317         1.8887
1317        1.81139
1317       0.446942
1317        4.87202
1317        2.43775
1317       0.311062
1317         4.5429
1317        4.01549
1317        2.37023
1317        1.16338
1317        5.04026
1317        5.73224
1317       0.647055
1317        1.18629
1317        4.24862
1317        6.18871
1317        4.70842
1317         5.4897
1317        1.61463
1317        3.16677
1317        3.62006
1317        5.25598
1317        2.64994
1317        1.04748
1317        4.38055
1317        3.52153
1317        3.14953
1317        0.73464
1317        3.31108
1317        2.56438
1317       0.321472
1317           5.04
1317        1.12221
1317        4.00677
1317        1.28066
1317        5.08082
1317        3.42094
1317        1.64622
1317        3.50682
1317         1.0917
1317        2.51619
1317        5.39393
1317       0.868931
1317        6.08702
1317       0.923118
1317        6.10293
1317       0.607493
1317        4.78678
1317       0.899168
1317       0.509786
1317        2.30635
1317        5.13453
1317         5.9694
1317         4.6506
1317        4.18162
1317        2.99422
1317        5.97973
1317       0.711218
1317        1.45221
1317        5.86806
1317        4.63997
1317        1.98212
1317        5.05778
1317        3.72721
1317           1.48
1317        4.77958
1317        4.37753
1317        3.54753
1317        6.03343
1317        4.87342
1317          5.141
1317       0.976788
1317        6.10326
1317        1.13984
1317        3.85558
1317        5.05504
1317       0.577195
1317        5.78934
1317       0.771075
1317        1.04069
1317         4.7184
1317        2.71623
1317        1.76443
1317          3.658
1317        3.89717
1317        5.87667
1317        1.50994
1317        1.15943
1317        2.22932
1317        1.31759
1317        5.14181
1317         5.0615
1317        3.17458
1317        3.96093
1317        2.57743
1317        2.40609
1317        3.47571
1317        4.08355
1317       0.656976
1317        1.88262
1317        3.97916
1317        5.26369
1317        1.67072
1317         4.1303
1317        4.83195
1317        1.56272
1317        1.31071
1317       0.778531
1317         3.0171
1317        4.88329
1317        4.98761
1317        4.54385
1317        1.09325
1317        4.02305
1317        2.30239
1317        1.77951
1317        1.28227
1317        4.83112
1317        3.54627
1317        1.03306
1317        1.25362
1317        4.25937
1317         6.2558
1317        4.95792
1317        2.78054
1317        3.30645
1317        1.44752
1317        1.62241
1317        2.11156
1317        4.79192
1317        4.62262
1317        5.37476
1317        4.36323
1317        4.93001
1317        1.54994
1317         4.0319
1317        0.81773
1317         6.2483
1317        3.89467
1317       0.353338
1317        5.99634
1317       0.300501
1317        4.01453
1317        5.20248
1317        1.81306
1317        0.28614
1317        1.39702
1317        4.33236
1317         4.0713
1317        3.75876
1317        1.32272
1317         2.2597
1317        1.44201
1317        3.70846
1317        2.45213
1317        3.86816
1317         1.3351
1317        3.67776
1317       0.487183
1317        2.83767
1317        4.59425
1317        4.80082
1317        5.11879
1317        3.53064
1317        4.28301
1317        1.08451
1317        4.49323
1317        5.38108
1317        1.97969
1317        1.10057
1317        3.49828
1317       0.263623
1317       0.893645
1317        4.26546
1317        2.93208
1317        3.30718
1317       0.311253
1317        4.92945
1317        5.94801
1317         4.0758
1317        5.24004
1317        5.72588
1317        3.77863
1317        2.98805
1317        4.09974
1317        6.27447
1317        1.17029
1317        1.65792
1317        5.88862
1317        3.65693
1317        5.32191
1317        5.41564
1317        6.20333
1317        0.96386
1317       0.252408
1317       0.967493
1317        1.14343
1317       0.912191
1317        1.15457
1317       0.920644
1317         5.2142
1317        4.58493
1317        4.36735
1317        5.46345
1317        1.51986
1317        1.85102
1317       0.778624
1317        1.98099
1317        4.20476
1317        3.75701
1317        1.44875
1317        1.80982
1317       0.303836
1317        5.34056
1317       0.903044
1317        1.84974
1317        4.31938
1317        4.74116
1317         3.7697
1317        3.16404
1317       0.199833
1317        1.34446
1317        1.93117
1317        1.89842
1317        3.49816
1317        1.58893
1317        3.75621
1317         5.3311
1317        5.85605
1317        5.28876
1317        1.66525
1317        4.38306
1317        1.67137
1317        2.37578
1317        0.97972
1317        3.09979
1317       0.673029
1317        2.47208
1317       0.221353
1317        5.84247
1317        4.57653
1317        3.34713
1317       0.611796
1317        2.56043
1317        2.48427
1317        2.59133
1317         4.8192
1317        1.47137
1317        4.88492
1317        4.42253
1317        3.36515
1317        3.13177
1317        3.89273
1317        6.01642
1317        5.90329
1317        1.37426
1317        4.78937
1317        1.83228
1317        1.85043
1317        5.73603
1317        2.00804
1317        1.18575
1317       0.856492
1317        1.16087
1317        4.93941
1317        5.56645
1317        4.06379
1317        4.73644
1317        3.09213
1317        1.28795
1317        2.02432
1317        4.38202
1317        5.27759
1317        2.32756
1317        5.99114
1317     0.00182302
1317        2.01845
1317        1.13075
1317        4.89017
1317        1.65157
1317         2.2637
1317         1.1683
1317        1.60455
1317        4.87923
1317         4.7689
1317        1.68104
1317        5.71892
1317        5.58206
1317        5.50678
1317       0.555947
1317        4.29872
1317        3.98015
1317        4.14056
1317        2.89915
1317        1.54182
1317        3.38362
1317        5.31879
1317        2.81542
1317        4.09997
1317       0.851436
1317         1.7918
1317       0.561448
1317        4.98084
1317        4.55803
1317        1.01441
1317        1.08402
1317        1.01164
1317        6.14753
1317        1.65242
1317        4.69125
1317        1.71377
1317       0.075435
1317         4.8882
1317        3.11033
1317        1.95648
1317        5.58817
1317        2.20493
1317       0.570967
1317        5.66847
1317       0.910427
1317        2.65586
1317        2.98789
1317        1.09849
1317         5.4355
1317        4.76101
1317         3.3184
1317        2.73715
1317         4.6863
1317        5.61663
1317        3.83922
1317        0.48578
1317        2.32771
1317        1.31222
1317        6.16043
1317        2.56697
1317        1.46166
1317        2.74403
1317        1.17039
1317        4.38097
1317        3.94835
1317        1.00456
1317       0.167884
1317       0.537146
1317        1.84719
1317        1.06746
1317       0.278996
1317        4.24021
1317        4.56646
1317       0.365809
1317        1.03834
1317       0.455496
1317         1.3617
1317        1.17553
1317        4.31129
1317        2.33236
1317        3.43903
1317        5.36534
1317         4.0396
1317        1.47489
1317        3.28649
1317        2.13738
1317        1.91356
1317       0.628097
1317        4.43489
1317        2.10384
1317        3.50727
1317        2.72404
1317        1.88698
1317        1.84669
1317        3.69683
1317        4.23991
1317       0.279652
1317        3.93206
1317        2.54769
1317        2.88595
1317        1.59491
1317        2.39373
1317        5.43674
1317        4.68953
1317        5.66321
1317        2.92272
1317       0.771716
1317        2.76621
1317        2.57601
1317         5.2339
1317        5.40451
1317       0.917879
1317        4.68777
1317         5.8648
1317        2.37556
1317        3.35373
1317        4.76085
1317        4.33139
1317        1.88258
1317        4.39368
1317        4.60754
1317       0.405634
1317        2.72082
1317        1.41264
1317        3.73217
1317        4.00348
1317         2.3479
1317        4.68399
1317        3.88772
1317      0.0755861
1317       0.133453
1317       0.579146
1317        2.82354
1317       0.657838
1317       0.142854
1317        2.92168
1317        4.30854
1317        1.85059
1317        3.75051
1317        1.46552
1317        2.32554
1317        1.29582
1317        1.31962
1317        1.44825
1317        2.79215
1317        1.60967
1317        3.88759
1317       0.498114
1317        3.78207
1317        6.08166
1317        1.97821
1317        5.89376
1317        1.64451
1317        2.34844
1317       0.987674
1317        5.00306
1317        4.27241
1317         3.6017
1317        3.20101
1317        4.50599
1317        5.61504
1317        6.09678
1317        4.70708
1317        3.42619
1317        4.48204
1317        1.99531
1317         3.6054
1317        4.49174
1317       0.102988
1317        3.53407
1317        1.88672
1317         4.0158
1317        5.99048
1317        4.95599
1317        5.64598
1317        3.12879
1317         2.1565
1317        3.17833
1317        1.44346
1317       0.972229
1317        4.67609
1317        5.14609
1317        1.39631
1317        3.70079
1317        1.56192
1317        5.17644
1317       0.514801
1317        4.28449
1317        3.25266
1317       0.567735
1317         3.0735
1317        1.77922
1317        5.07091
1317        5.48341
1317        1.54745
1317        1.57272
1317        3.56662
1317       0.388284
1317        2.25784
1317       0.618958
1317        4.71541
1317      0.0882026
1317       0.872727
1317        4.43974
1317       0.380731
1317        2.39952
1317      0.0044843
1317        4.41165
1317        1.66975
1317        3.60975
1317        1.73664
1317        1.28444
1317       0.621068
1317        5.91625
1317        4.07889
1317        1.50437
1317         4.9746
1317        2.19652
1317        1.85204
1317        1.62634
1317        5.78723
1317        4.49411
1317        3.62633
1317        1.59573
1317       0.778254
1317        3.21521
1317        4.33023
1317        4.35604
1317        3.98825
1317        5.76041
1317        3.75081
1317        1.33808
1317        4.29885
1317        4.80054
1317        4.89593
1317         1.8839
1317        2.20342
1317        2.12299
1317        6.01253
1317        2.16897
1317        1.56846
1317        1.12283
1317        3.50097
1317        4.97838
1317        1.35802
1317        1.26148
1317        1.07516
1317        4.16321
1317        2.51001
1317        1.75716
1317        1.43941
1317        1.40461
1317        1.54943
1317        1.24497
1317       0.637961
1317        3.57613
1317        6.14364
1317        3.18385
1317        5.41193
1317        1.57653
1317        2.79739
1317        4.10718
1317        1.83367
1317        5.93699
1317        4.33248
1317        1.43579
1317        2.14105
1317        4.99129
1317       0.426367
1317        5.63636
1317        3.44584
1317        2.79027
1317       0.453938
1317        5.74651
1317       0.266382
1317        4.73643
1317        3.27644
1317         5.3244
1317        2.54253
1317       0.964478
1317         3.6276
1317        5.32121
1317        4.29284
1317        1.85895
1317        4.68576
1317       0.573457
1317        3.16734
1317        4.28863
1317        1.51669
1317        3.33625
1317       0.353514
1317       0.340339
1317        2.72407
1317        1.59168
1317        4.11272
1317        3.37438
1317        2.42325
1317        5.49521
1317        4.86071
1317       0.250226
1317         6.2541
1317        1.03362
1317       0.910022
1317        1.03303
1317       0.899603
1317        2.65605
1317         4.4134
1317          4.856
1317        3.42763
1317        1.19969
1317        0.19954
1317        4.15044
1317        4.04027
1317        1.39024
1317        3.94919
1317        4.56377
1317        3.57574
1317       0.341022
1317       0.904344
1317        3.87835
1317       0.654236
1317        5.17881
1317        6.20794
1317        1.73172
1317        4.11614
1317        3.31125
1317       0.691067
1317       0.932933
1317        1.38169
1317        4.50385
1317        4.93939
1317        3.11927
1317         4.6165
1317        1.03531
1317        2.91332
1317        4.38912
1317       0.789729
1317        5.36999
1317        1.65907
1317       0.826652
1317        1.51151
1317        2.06276
1317        5.32556
1317        4.10757
1317        3.02382
1317        3.04301
1317       0.130742
1317        3.68829
1317        1.95586
1317        5.69735
1317        4.98593
1317       0.176216
1317         4.9945
1317        4.46846
1317       0.816277
1317          6.194
1317        3.99298
1317        3.53309
1317        2.06955
1317        5.35614
1317        1.54356
1317        2.19878
1317        4.38126
1317        4.15642
1317       0.822248
1317        6.24143
1317        5.01319
1317        1.37486
1317        1.29422
1317        4.63881
1317        3.55275
1317        4.02266
1317       0.667345
1317        3.47722
1317        1.68801
1317        1.45444
1317        2.57986
1317        4.46911
1317        2.10966
1317        3.59826
1317        1.10596
1317        2.36116
1317        1.21115
1317        6.27483
1317        4.74164
1317       0.910973
1317       0.459951
1317        1.99821
1317        5.00383
1317        5.42441
1317        4.89202
1317        5.34266
1317        2.40453
1317         4.5859
1317       0.848922
1317        1.91245
1317        3.57651
1317        1.27759
1317        2.38612
1317        3.30864
1317        1.63569
1317        4.94535
1317        1.01447
1317        1.41792
1317        5.74138
1317         2.4065
1317        1.08062
1317        3.30879
1317         6.2194
1317        5.38361
1317        4.48674
1317         1.1159
1317       0.633017
1317        1.41259
1317        4.48278
1317       0.432936
1317        4.64568
1317        6.08523
1317        2.13743
1317        4.87191
1317        1.55388
1317        6.16391
1317        1.55335
1317        3.26235
1317        1.52586
1317        4.54158
1317        4.40003
1317        1.58509
1317        5.75317
1317        5.60004
1317        4.25568
1317       0.337166
1317        4.45366
1317        3.35306
1317        4.19621
1317        2.32766
1317        3.22787
1317        1.23775
1317        3.69475
1317       0.655904
1317        4.82198
1317        5.01607
1317        5.24087
1317        2.49057
1317        3.00122
1317        5.66884
1317        4.17249
1317        5.23934
1317        1.45136
1317        1.27219
1317       0.667357
1317        1.04283
1317        1.70644
1317       0.683252
1317        5.88018
1317        2.20005
1317       0.848876
1317        4.57726
1317       0.337329
1317        1.16417
1317        2.79463
1317        1.30625
1317        4.24257
1317        4.39165
1317        5.06238
1317        1.81513
1317        4.94459
1317       0.545853
1317        5.82454
1317        4.89153
1317        0.58361
1317          4.248
1317        3.52744
1317        5.65276
1317       0.129895
1317        5.81224
1317        5.87766
1317        1.59691
1317        1.15188
1317        1.56498
1317         1.1845
1317        5.24341
1317        3.39813
1317        3.12901
1317        1.79057
1317       0.315879
1317      0.0984836
1317        5.52434
1317        5.87103
1317       0.686714
1317        4.82559
1317        5.17662
1317        4.00314
1317        5.11596
1317        4.81384
1317        3.76411
1317        1.67295
1317        6.13807
1317       0.413814
1317        4.20329
1317        4.43954
1317          3.313
1317        2.79961
1317        4.92466
1317        1.76787
1317        5.47621
1317        4.12022
1317        3.13404
1317        1.60372
1317        3.23522
1317      0.0941543
1317        3.97672
1317        1.73881
1317       0.846677
1317        3.32659
1317        3.92835
1317        2.85098
1317       0.290535
1317        3.93558
1317          4.903
1317       0.640914
1317       0.513838
1317         2.9519
1317       0.392078
1317        4.35476
1317        4.29724
1317        1.49617
1317        4.25361
1317        1.92506
1317        4.30932
1317        2.33585
1317        1.42901
1317        5.31387
1317        2.58521
1317         0.8459
1317        2.12836
1317        4.62634
1317        1.66079
1317        1.91963
1317        4.43801
1317         1.4399
1317        2.14018
1317         4.2149
1317        3.49881
1317       0.567279
1317        1.93332
1317        2.53584
1317        2.70561
1317        1.48425
1317        4.60385
1317        1.91905
1317        4.14784
1317       0.580883
1317       0.322897
1317        1.86882
1317        4.49188
1317        5.80145
1317        1.31108
1317        5.78825
1317        5.98045
1317        1.03012
1317        1.21796
1317        1.32228
1317        6.00566
1317       0.979266
1317        5.78036
1317       0.671398
1317        4.59109
1317        4.49337
1317        1.58068
1317        1.06973
1317        1.06226
1317        6.00373
1317        4.81269
1317        4.29885
1317       0.180009
1317       0.545532
1317         5.7602
1317        5.72961
1317        2.96842
1317        2.58296
1317       0.998921
1317       0.599797
1317       0.834117
1317        4.98721
1317        5.50828
1317        4.79038
1317        3.54441
1317         4.6169
1317         2.1138
1317        3.63252
1317        1.76586
1317          4.947
1317       0.718012
1317        1.58714
1317        4.41926
1317         2.8323
1317        6.14286
1317        5.14589
1317        1.05466
1317       0.108117
1317        1.71349
1317        4.64423
1317         2.6062
1317        2.16809
1317        2.89876
1317        2.62406
1317        1.19631
1317        4.74377
1317        5.09084
1317        3.97437
1317         4.5902
1317        5.55275
1317        1.58191
1317        2.27354
1317        5.16744
1317        1.42835
1317        5.71655
1317        4.09906
1317        3.80256
1317        5.82666
1317        1.55787
1317        3.94393
1317        2.45919
1317        1.50958
1317        4.40762
1317        6.08108
