1016        3.98481
1016        3.46329
1016        1.51196
1016        4.98715
1016        6.07399
1016        1.83769
1016        4.87723
1016        3.38583
1016         4.0612
1016        1.14421
1016        2.29088
1016        4.60696
1016        2.50211
1016         3.6591
1016         2.0205
1016      0.0663996
1016        4.83859
1016        5.53729
1016        3.92361
1016        4.12553
1016       0.706938
1016        2.79031
1016        3.82685
1016        1.64949
1016        2.27651
1016       0.541916
1016       0.802653
1016        4.62468
1016       0.131116
1016        1.24013
1016       0.290539
1016        3.79996
1016        4.12392
1016        1.65653
1016        5.57464
1016       0.563853
1016        2.81751
1016       0.441402
1016        2.00434
1016        3.45072
1016       0.643822
1016       0.535139
1016        5.14935
1016        1.59425
1016        5.44086
1016        4.55216
1016        5.90709
1016          4.832
1016        5.43886
1016        6.14473
1016        3.50377
1016         4.6712
1016        6.20539
1016        3.66524
1016        3.88606
1016       0.367286
1016        4.13454
1016        2.54021
1016       0.900047
1016         2.9639
1016        3.38187
1016        6.18897
1016        4.61502
1016        4.22303
1016        1.84227
1016        5.58861
1016          5.403
1016       0.629904
1016       0.973751
1016        5.01905
1016       0.287561
1016        1.66817
1016        3.82727
1016        4.46362
1016        3.80881
1016         6.0771
1016        3.71321
1016        3.25985
1016        6.03513
1016        6.12874
1016         5.4364
1016        2.63703
1016        5.76564
1016        5.12746
1016        2.22542
1016         4.1239
1016        2.45642
1016        2.14971
1016         5.3005
1016        5.33109
1016      0.0252165
1016        3.80857
1016        2.54766
1016        1.33051
1016        3.42487
1016        2.75189
1016        3.82408
1016        1.35583
1016        2.16854
1016        1.50344
1016        1.17817
1016        5.59283
1016        0.87516
1016       0.520304
1016        2.57435
1016        4.03057
1016        3.08493
1016       0.208047
1016        1.06166
1016        2.54814
1016        1.12762
1016        5.27777
1016         1.2472
1016        1.34876
1016        2.57584
1016        2.08501
1016       0.212275
1016        5.91794
1016        3.36241
1016        4.04255
1016        5.09323
1016       0.253769
1016        3.18963
1016        1.22991
1016        5.29571
1016       0.367681
1016        5.75675
1016         2.5328
1016        5.00523
1016        1.10184
1016        4.86058
1016        5.90902
1016        6.05415
1016        1.24115
1016        6.09905
1016        5.08342
1016        3.26861
1016        2.86025
1016        3.41613
1016        2.92003
1016        2.94026
1016        1.23526
1016        6.24773
1016        4.44801
1016         2.4071
1016        5.71684
1016        5.95735
1016        3.83483
1016        5.39683
1016       0.240457
1016       0.330546
1016        4.61697
1016        5.74893
1016        3.79706
1016        1.70653
1016        5.66358
1016         3.0073
1016        3.37565
1016        5.23712
1016        2.90063
1016        2.00337
1016        4.90116
1016        1.19682
1016        5.51759
1016        4.26888
1016        1.56925
1016        4.49681
1016        2.10805
1016         3.2067
1016        5.13942
1016        5.66247
1016      0.0311865
1016        0.62715
1016       0.872341
1016        2.49922
1016        2.40387
1016       0.947172
1016        4.09093
1016        2.66935
1016       0.425438
1016         6.2019
1016        3.22397
1016        3.30331
1016        5.87197
1016        5.81965
1016        1.00999
1016        2.63553
1016        4.36097
1016         2.7163
1016        4.03931
1016        3.16968
1016        2.10676
1016        3.49449
1016        3.69336
1016        4.71604
1016        0.15376
1016       0.967953
1016        5.85152
1016        2.73899
1016        1.76503
1016       0.431006
1016        2.88166
1016        5.37151
1016         6.2725
1016        6.18008
1016        1.13433
1016        2.83417
1016        1.61055
1016        2.18381
1016        4.62235
1016        5.91203
1016        6.24778
1016        3.84071
1016       0.196399
1016        5.38034
1016        5.87077
1016        4.56468
1016       0.595119
1016        3.73664
1016       0.700454
1016        1.30418
1016       0.905258
1016        3.74366
1016         3.9364
1016        4.99331
1016        5.28412
1016       0.283026
1016        1.55403
1016       0.313753
1016        6.16114
1016        3.39873
1016       0.885073
1016        5.62318
1016        4.67248
1016        5.49655
1016       0.852858
1016        4.15868
1016        2.90652
1016       0.649866
1016        5.31827
1016        2.65307
1016        1.06863
1016        3.37311
1016        3.83102
1016        1.73222
1016        3.84417
1016         5.2117
1016        1.68025
1016        4.54152
1016       0.195086
1016        4.60788
1016        1.43444
1016        1.44644
1016        1.32554
1016        1.31601
1016        5.69487
1016        4.66746
1016        2.81365
1016        3.32052
1016         3.8066
1016      0.0843654
1016      0.0426707
1016        1.95029
1016        5.17502
1016        1.48756
1016        5.37391
1016        2.70554
1016        3.09522
1016        4.08567
1016        4.91329
1016         3.4691
1016          3.308
1016        1.34503
1016        1.62443
1016           5.36
1016        3.97618
1016        5.93742
1016        1.99832
1016        2.30219
1016       0.132219
1016        2.36467
1016       0.306195
1016       0.667757
1016         4.1435
1016        3.90373
1016        3.85562
1016        4.82837
1016        4.23414
1016        4.32621
1016        1.38348
1016        5.56343
1016        2.79697
1016        3.19688
1016        5.57892
1016       0.601381
1016       0.840957
1016        5.32487
1016        4.68003
1016       0.288371
1016        2.98157
1016        1.51154
1016        5.43534
1016        2.95267
1016       0.808151
1016        0.96993
1016         5.5156
1016         5.5605
1016        5.81542
1016         4.4534
1016        6.22107
1016        2.34049
1016        1.21416
1016       0.031314
1016        3.92234
1016        4.63809
1016        1.63601
1016        2.20114
1016        1.31709
1016        2.98284
1016        1.92825
1016        4.78424
1016       0.319898
1016        5.91301
1016        2.90765
1016        5.77857
1016         4.2182
1016        3.61174
1016         2.2954
1016        1.75213
1016        2.46612
1016        3.56611
1016        6.23101
1016         2.8033
1016         1.5558
1016        4.35569
1016        4.07646
1016       0.871774
1016        5.63547
1016        3.35313
1016       0.835165
1016        3.15888
1016        5.45016
1016        2.74133
1016        2.90139
1016       0.448278
1016        4.82307
1016        5.23997
1016        3.44961
1016        1.70894
1016        4.54758
1016        4.51076
1016        2.04496
1016        4.08019
1016        4.89759
1016        2.32432
1016        5.71155
1016        4.23857
1016        1.67409
1016        3.08343
1016        1.51641
1016       0.496811
1016        2.56774
1016         6.0695
1016        3.57566
1016         3.0361
1016        5.66162
1016        2.53957
1016        1.92366
1016        1.31013
1016        5.31895
1016        4.90467
1016        5.74135
1016         5.6238
1016        1.21745
1016      0.0802159
1016        4.46281
1016        4.61242
1016        2.65545
1016        5.66317
1016        6.05088
1016        1.58973
1016        2.58177
1016        4.24174
1016        6.14561
1016        3.96943
1016        4.42206
1016         6.0252
1016        1.35459
1016        1.86664
1016         3.5923
1016        5.88647
1016      0.0949823
1016        3.00723
1016        4.38212
1016       0.909292
1016        4.78706
1016        2.06348
1016        1.74401
1016        4.30661
1016        5.96476
1016       0.877481
1016        3.13587
1016        2.55178
1016        1.70488
1016         3.8664
1016        3.26639
1016       0.258857
1016        1.40349
1016        3.15775
1016        3.32014
1016        1.51737
1016        4.76587
1016        1.41373
1016        3.66585
1016        5.50263
1016        3.43508
1016        4.31853
1016        3.82933
1016       0.139496
1016        1.67587
1016        5.57739
1016      0.0253193
1016        5.79033
1016       0.834958
1016        2.58577
1016       0.286436
1016        5.18251
1016        5.97577
1016         3.4973
1016        1.67194
1016         1.9799
1016          2.663
1016        4.79494
1016        2.79384
1016        5.96857
1016        1.28136
1016       0.116105
1016        2.04894
1016        1.80765
1016        5.85234
1016       0.289685
1016        3.52217
1016        4.90528
1016        5.29053
1016        5.14469
1016        5.75963
1016        6.20576
1016        2.44986
1016        4.55992
1016        1.21165
1016       0.107382
1016        1.85932
1016        2.90731
1016        5.93308
1016       0.962221
1016        2.01589
1016        4.15699
1016        2.39347
1016        1.69868
1016        5.69686
1016        5.71714
1016        6.06722
1016       0.896901
1016        2.21698
1016        1.62641
1016        2.61316
1016       0.442705
1016        0.73633
1016        4.23601
1016        6.00662
1016        3.07092
1016        1.96657
1016        1.78807
1016        5.25066
1016        3.28729
1016        6.08556
1016        6.14324
1016        1.56568
1016        5.61068
1016        5.55909
1016        3.77477
1016        3.43566
1016         2.0847
1016        5.11323
1016         2.0701
1016        3.00049
1016        3.31011
1016        4.31386
1016        6.00526
1016        5.74792
1016        3.89127
1016        6.26986
1016        4.90895
1016         1.3383
1016        0.30074
1016        1.57828
1016       0.950878
1016        3.21029
1016        2.59598
1016        5.61607
1016        6.07659
1016        4.98589
1016        1.79871
1016         0.5896
1016        4.03457
1016        5.04979
1016        1.92596
1016         5.3754
1016         5.1225
1016        3.67295
1016        4.84745
1016         1.1422
1016        5.11035
1016        5.26096
1016        2.09957
1016        2.54153
1016        4.48806
1016        3.76052
1016        3.54358
1016        1.70855
1016        4.98348
1016        2.18378
1016        4.61079
1016        4.05426
1016        5.53356
1016        3.50304
1016        5.83571
1016       0.337414
1016        2.67939
1016        1.87464
1016        2.85814
1016        4.33959
1016        4.29858
1016       0.399008
1016        2.39971
1016       0.377309
1016        4.81709
1016       0.201151
1016       0.243715
1016        3.73084
1016       0.928431
1016        3.46363
1016         2.4547
1016        3.90359
1016        2.26507
1016        3.70037
1016        3.11536
1016      0.0433676
1016       0.571187
1016        5.65575
1016        0.98787
1016       0.182149
1016        1.86122
1016         5.1702
1016        3.58604
1016        4.30409
1016       0.555229
1016        3.73409
1016        1.92092
1016      0.0127962
1016       0.722982
1016        4.59746
1016         1.0049
1016       0.939665
1016        5.34778
1016        4.93902
1016       0.313035
1016         3.0806
1016        4.94481
1016        3.16577
1016        5.43809
1016        6.10149
1016        1.97857
1016        4.32735
1016        5.97115
1016        5.90531
1016        5.52824
1016       0.289832
1016         1.7373
1016       0.272385
1016        1.49128
1016       0.260175
1016        5.98675
1016        6.19159
1016        5.86468
1016        2.21206
1016        1.98306
1016        3.84774
1016       0.893437
1016         5.7501
1016       0.111835
1016         1.2655
1016        4.04624
1016        2.19378
1016        4.95798
1016        1.44444
1016        1.84822
1016        1.72581
1016        5.03658
1016       0.910519
1016        2.19106
1016        1.70233
1016      0.0721847
1016         2.7607
1016        2.66159
1016       0.594013
1016       0.575712
1016        2.74084
1016        4.62956
1016        3.43267
1016        3.88744
1016        4.28861
1016        1.67499
1016        2.00566
1016        3.84978
1016          2.938
1016        4.87485
1016        3.31457
1016        6.06979
1016        4.27494
1016         2.7506
1016        5.19826
1016        1.50886
1016        3.60426
1016        2.50863
1016       0.171384
1016        5.23063
1016        4.84894
1016        2.21681
1016        4.54782
1016        3.16578
1016        2.61112
1016        3.86807
1016        4.66833
1016        1.45701
1016        5.43813
1016        1.66318
1016        4.82947
1016        5.54113
1016        3.80261
1016         5.9723
1016        4.52716
1016        3.10493
1016        6.24081
1016        5.14087
1016        2.81337
1016      0.0258943
1016        5.25053
1016        4.73131
1016        2.52894
1016        3.79728
1016        1.69295
1016        1.76234
1016        1.60881
1016        6.20686
1016       0.725126
1016        3.44138
1016        3.55274
1016        1.11429
1016        5.84638
1016        2.23464
1016        4.63097
1016        5.25674
1016        4.23558
1016       0.705463
1016        2.55128
1016        2.25059
1016        4.73876
1016         4.1458
1016         5.5478
1016       0.492093
1016        2.62754
1016        3.72182
1016        4.69542
1016        2.76395
1016        2.99977
1016        5.47295
1016        2.08858
1016        6.06334
1016        3.85029
1016        3.10596
1016       0.774512
1016        6.24359
1016        4.99089
1016        2.79116
1016        3.87093
1016        3.88222
1016       0.926042
1016        3.87278
1016        1.78493
1016        2.36555
1016        3.72219
1016        2.20961
1016        5.68669
1016        1.19449
1016        4.42986
1016        2.73401
1016        2.82412
1016        2.93876
1016        3.56105
1016        3.27065
1016        1.54506
1016        2.10304
1016        4.26045
1016        3.48861
1016         4.4645
1016        2.91961
1016        2.81749
1016        4.69473
1016        2.06315
1016        4.08863
1016        1.45915
1016        5.17022
1016        4.55182
1016        0.95524
1016        4.15125
1016        1.70385
1016        2.66133
1016        2.45483
1016       0.828694
1016        3.46636
1016        2.03644
1016        1.34787
1016        5.39727
1016        5.80621
1016         4.7955
1016        5.48574
1016        2.96775
1016       0.928432
1016        5.71693
1016        4.57162
1016        3.97992
1016        4.75895
1016        1.25439
1016        2.87756
1016        3.23135
1016        5.79905
1016        1.48777
1016        3.86715
1016        3.49972
1016        2.78499
1016        3.32058
1016        1.61724
1016        2.25768
1016        2.85572
1016        1.77533
1016          2.627
1016       0.171587
1016        5.29506
1016        4.69858
1016        5.90422
1016        4.83345
1016          2.943
1016        6.22287
1016        4.30042
1016        5.64672
1016        2.81055
1016        5.98176
1016        4.74851
1016          4.068
1016        5.43006
1016        3.75943
1016        6.01629
1016        2.60189
1016        6.23612
1016        1.76252
1016        5.75734
1016        5.93673
1016       0.886708
1016       0.475265
1016        5.84233
1016        1.10548
1016        5.66444
1016        5.44355
1016        1.64812
1016        5.61279
1016       0.586717
1016        3.81846
1016        4.08069
1016       0.521971
1016       0.500075
1016        5.58832
1016        1.73337
1016        4.96827
1016        2.55339
1016        3.77822
1016       0.781042
1016        2.55857
1016        3.47153
1016        4.20227
1016        1.96141
1016        4.66315
1016        2.29468
1016        5.89328
1016       0.461411
1016        5.00795
1016        4.07423
1016        4.64746
1016       0.166638
1016        5.93928
1016        2.65359
1016        2.03589
1016       0.418196
1016         4.4636
1016         4.9985
1016        3.88184
1016        6.05783
1016        2.35158
1016        1.07053
1016        2.00719
1016        1.48227
1016        5.15474
1016        3.56864
1016        1.20658
1016        2.62558
1016       0.445728
1016        3.00602
1016        5.10614
1016        2.02301
1016        2.47794
1016        4.47384
1016        6.23895
1016        3.00154
1016        4.45425
1016        1.57449
1016        3.19634
1016        6.00477
1016         5.6941
1016        3.06165
1016        3.24624
1016          2.559
1016        2.37598
1016        6.07267
1016         3.7695
1016        1.97014
1016        3.16961
1016        4.65451
1016         2.9378
1016        2.53871
1016         5.7981
1016        5.24208
1016      0.0517197
1016        1.50445
1016         3.4857
1016        5.64308
1016        5.58939
1016        5.68493
1016        2.89598
1016        4.40081
1016        2.79845
1016        5.60594
1016        1.60791
1016        3.28318
1016        5.95437
1016        3.89422
1016        5.44955
1016        3.63737
1016        2.85012
1016        5.20084
1016         2.9249
1016        5.90183
1016       0.486414
1016        6.19851
1016        3.71329
1016        2.49838
1016        5.28025
1016        3.64426
1016        1.00545
1016       0.711069
1016        2.49476
1016        1.73346
1016         2.4439
1016        4.98076
1016       0.485061
1016        1.51815
1016        2.12833
1016       0.120141
1016        4.71611
1016        2.07694
1016        6.18487
1016       0.194346
1016        1.37834
1016        3.51834
1016        3.82683
1016        4.00838
1016        4.78737
1016        4.84812
1016        6.09585
1016        5.76042
1016       0.402114
1016      0.0569973
1016        5.84596
1016        4.75025
1016       0.600458
1016         3.0624
1016        4.91516
1016        2.59544
1016        5.57406
1016        1.71514
1016        2.04732
1016        4.75442
1016        4.43475
1016       0.578738
1016       0.920074
1016        1.92126
1016         1.9312
1016        1.97974
1016        6.19595
1016        3.99505
1016        3.51891
1016        4.30896
1016       0.696894
1016        5.60508
1016        5.90836
1016       0.112103
1016        4.06502
1016        2.49865
1016        4.24813
1016        2.56611
1016        1.95279
1016        2.36392
1016        3.23458
1016         3.7751
1016        1.12146
1016         4.0839
1016        5.14405
1016        5.00606
1016        2.62915
1016        6.25354
1016        2.36377
1016        6.05074
1016       0.325416
1016        4.99975
1016        4.54366
1016         4.8063
1016         1.4806
1016        5.44289
1016       0.123415
1016       0.465687
1016         4.3876
1016        1.28034
1016        1.45248
1016        6.10483
1016        1.01119
1016        5.04651
1016       0.502302
1016        5.83893
1016       0.757643
1016        4.48821
1016         5.6196
1016        1.93943
1016        4.70467
1016       0.708319
1016        4.26331
1016        3.33225
1016         5.7867
1016        3.27313
1016         1.0668
1016       0.301866
1016        4.02542
1016         3.1684
1016       0.318547
1016        4.55958
1016        3.95596
1016       0.295464
1016        5.59971
1016       0.589351
1016        1.89539
1016        5.45579
1016        2.29183
1016       0.355312
1016        1.56318
1016        5.56133
1016        2.70381
1016       0.588466
1016         2.0257
1016        6.02468
1016        4.01312
1016        2.87273
1016       0.404282
1016        1.26804
1016       0.254616
1016        3.34155
1016        2.79352
1016      0.0819267
1016        5.14487
1016        4.57781
1016        2.59879
1016        1.35967
1016        3.01632
1016        4.56463
1016        3.40898
1016      0.0601168
1016       0.471074
1016        2.85804
1016        3.44628
1016        5.31195
1016        3.48171
1016        4.81115
1016        1.50835
1016        3.17684
1016        5.03819
1016        4.28687
1016         2.5891
1016        2.36772
1016        3.95021
1016          4.402
1016        0.91415
1016       0.403568
1016        3.49966
1016        4.85216
1016       0.292176
1016        3.16152
1016        2.58325
1016        2.19246
1016        2.97652
1016         3.2381
1016        3.22459
1016        5.21072
1016        1.59541
1016        4.28933
1016        3.20768
1016        5.65675
1016        5.85763
1016        4.65422
1016        2.78424
1016        1.02586
1016        3.39284
1016        2.25779
1016        5.43704
1016        6.09137
1016        5.96097
1016      0.0923542
1016        5.44453
1016        5.04117
1016        5.08284
1016        6.04216
1016        4.00903
1016        6.28001
1016        4.17527
1016        2.27743
1016        1.87653
1016        2.83924
1016        6.09387
1016         2.0734
1016        2.20807
1016        2.84886
1016         3.0017
1016       0.219866
1016        3.20459
1016        5.04439
1016        5.78083
1016        2.01075
1016        4.03545
1016        4.00769
1016        5.41999
1016         2.9876
1016       0.937473
1016       0.070156
1016        6.00947
1016         1.7865
1016        4.81889
1016        3.70011
1016         3.2219
1016        1.80703
1016       0.240386
1016        2.18594
1016        2.14875
1016        3.23898
1016        2.41652
1016         3.3054
1016        5.92793
1016        2.98942
1016       0.960444
1016       0.613088
1016        1.69665
1016        3.77702
1016        2.17745
1016        2.93604
1016       0.551221
1016        5.49928
1016        4.81229
1016        5.32278
1016        2.60963
1016        3.69214
1016        2.48025
1016        4.71423
1016        3.18807
1016        4.35722
1016       0.106924
1016        2.86813
1016        3.62747
1016          4.764
1016       0.666042
1016        3.01455
1016        4.09805
1016        5.34653
1016        1.18906
1016        2.32675
1016       0.276986
1016        5.42665
1016        5.66579
1016        2.21071
1016        5.21441
1016        4.29655
1016        1.81701
1016        3.25921
1016       0.447511
1016        3.64497
1016        5.26735
1016         1.6165
1016        1.93561
1016        1.44656
1016       0.717214
1016       0.498413
1016        3.09849
1016        5.44406
1016       0.332398
1016        5.48163
1016        3.10467
1016        5.65271
1016        5.79433
1016        5.58557
1016        1.89522
1016        5.63524
1016        3.12611
1016       0.385924
1016        2.40776
1016        4.49184
1016        2.93304
1016        5.54648
1016        3.92055
1016         2.7003
1016        3.11455
1016        5.12395
1016        1.44847
1016        4.24086
1016        2.82695
1016        1.20488
1016        3.17041
1016        2.26477
1016        1.71391
1016        5.08424
1016       0.299139
1016        5.49656
1016        1.91009
1016         1.2849
1016       0.653113
1016        3.08501
1016       0.350313
1016         5.7866
1016        2.29901
1016         1.6107
1016       0.287519
1016        4.97598
1016        4.97566
1016        2.05132
1016        2.25431
1016        4.01257
1016       0.554307
1016         2.2995
1016        5.09288
1016        3.37138
1016         1.3904
1016         6.1651
1016         4.0915
1016        5.14333
1016        1.05543
1016        5.95089
1016        6.00422
1016        5.85953
1016        2.47529
1016        4.53362
1016        1.48207
1016       0.295271
1016        1.21451
1016        4.71522
1016        3.25845
1016       0.487514
1016        3.13781
1016        5.57871
1016         4.3508
1016         5.9378
1016        3.31215
1016        4.76109
1016        4.63533
1016        2.68908
1016       0.766942
1016        3.62146
1016        2.68506
1016        4.02173
1016        5.39338
1016       0.862445
1016         5.7947
1016       0.139513
1016        1.35289
1016        2.83704
1016        6.17548
1016         3.1735
1016        4.84246
1016        2.54411
1016       0.422265
1016         2.6022
1016        6.14102
1016        2.25943
1016        5.47956
1016        2.16886
1016         2.9401
1016        4.37914
1016       0.621841
1016        1.48302
1016        1.82248
1016        1.90879
1016        2.17961
1016      0.0689919
1016        1.59764
1016        2.78502
1016        3.14396
1016         4.4507
1016       0.515982
1016        1.24119
1016         1.9725
1016       0.120734
1016       0.180625
1016      0.0867497
1016        5.61411
1016       0.490479
1016         1.6133
1016       0.502167
1016        1.30614
1016        1.12562
1016        4.83561
1016       0.692253
1016        5.90724
1016        3.24736
1016        3.26832
1016        5.95737
1016      0.0233496
1016       0.133759
1016        5.14642
1016        5.56557
1016        3.15343
1016        3.80858
1016       0.554482
1016       0.409129
1016         3.9625
1016        5.38926
1016        2.58558
1016        5.45035
1016        3.97653
1016       0.802819
1016        1.87141
1016       0.349237
1016       0.687916
1016         1.4877
1016        2.86398
1016        5.83402
1016        3.12643
1016        2.57931
1016        6.07497
1016        1.70205
1016        5.35283
1016        2.29568
1016        3.32106
1016        4.35882
1016        1.03688
1016        1.57621
1016        4.76838
1016          3.215
1016        4.94735
1016        2.31974
1016        5.24261
1016        3.50319
1016       0.384477
1016        1.64914
1016        6.26136
1016        3.81634
1016        2.02858
1016        6.17791
1016        5.62838
1016       0.982603
1016        2.67888
1016       0.536384
1016        5.94279
1016        6.00036
1016        4.59837
1016        1.08232
1016        4.47867
1016        3.15581
1016        4.95184
1016       0.700688
1016        2.55582
1016        4.16551
1016        1.96407
1016        3.16855
1016        5.77378
1016       0.542452
1016        2.27449
1016        4.42177
1016       0.503377
1016         4.7983
1016        3.58805
1016        5.86784
1016       0.733959
1016        2.04481
1016        2.68897
1016        2.87702
1016       0.242832
1016        5.62448
1016        4.67665
1016        2.62269
1016       0.230285
1016        3.62759
1016        2.29931
1016        4.96684
1016        2.23951
1016       0.192389
1016        5.86329
1016        5.48204
1016    0.000265021
1016         6.0346
1016        4.03594
1016        1.33843
1016        5.01619
1016        2.26484
1016        2.05008
1016        3.90299
1016        5.49323
1016        4.11949
1016        3.20014
1016        5.62944
1016        4.99031
1016        5.82996
1016        1.48771
1016        3.47915
1016        2.39318
1016        3.03872
1016        4.55234
1016        3.88526
1016        4.39186
1016         3.6303
1016        5.44341
1016        1.23427
1016        4.81626
1016        6.02322
1016         4.3746
1016        6.10158
1016        4.13228
1016        3.26137
1016       0.190572
1016        2.96228
1016         4.9521
1016        3.25413
1016         4.6696
1016         3.2212
1016        1.27893
1016        3.72678
1016        5.59456
1016        5.97029
1016        2.53763
1016        4.03402
1016        3.65421
1016        4.96766
1016        5.85193
1016         3.6417
1016      0.0144363
1016        5.19219
1016        4.35882
1016        5.49669
1016       0.883004
1016        6.13472
1016        4.07079
1016        3.92568
1016         3.1696
1016       0.753175
1016        2.06371
1016        3.70166
1016        5.70188
1016        3.52184
1016       0.200673
1016        5.37904
1016        2.18812
1016        6.08161
1016         3.5766
1016          6.283
1016        4.28233
1016        1.22705
1016         1.8018
1016        2.71349
1016        4.03084
1016        1.91825
1016        4.32107
1016        2.57144
1016        4.80252
1016       0.216005
1016       0.178443
1016        1.35312
1016        3.48716
1016        3.58115
1016       0.948655
1016        5.81188
1016        4.94174
1016        3.33494
1016        6.10362
1016        1.86291
1016        4.16213
1016        1.80566
1016        2.54348
1016        6.10443
1016        5.42967
1016        3.23919
1016        4.69899
1016        3.03669
1016        1.70383
1016        6.21017
1016        2.66264
1016        3.78901
1016        3.66102
1016        2.40124
1016       0.390888
1016        3.28725
1016       0.178803
1016       0.751492
1016        2.84298
1016        5.74555
1016          2.642
1016       0.829234
1016        5.37129
1016        5.08536
1016        3.84475
1016        3.96662
1016          3.734
1016       0.893671
1016      0.0642908
1016       0.497169
1016        2.71125
1016        1.11563
1016         3.3306
1016        4.70213
1016       0.321936
1016        2.13481
1016        1.44588
1016        1.63426
1016        5.30237
1016        3.12569
1016        3.61153
1016        4.55184
1016       0.549113
1016        4.35857
1016          4.413
1016        2.89605
1016        5.36777
1016        1.47384
1016         3.7435
1016        2.67357
1016        2.10835
1016        5.56783
1016        0.25313
1016        3.67034
1016         2.6546
1016       0.445153
1016        6.12165
1016        3.32762
1016        5.89795
1016        5.06772
1016        6.25813
1016       0.756577
1016        2.64275
1016         3.3919
1016        2.59261
1016        3.72709
1016       0.325751
1016        2.52665
1016        4.51089
1016        6.03919
1016        2.71263
1016        4.90783
1016        4.40647
1016        1.51679
1016        1.85097
1016         1.3818
1016        2.66633
1016       0.612242
1016        1.80837
1016        2.36738
1016      0.0329919
1016        2.54708
1016         1.2008
1016       0.649027
1016        4.40903
1016         4.7543
1016        2.83273
1016           2.61
1016        2.02061
1016        4.46347
1016        4.81833
1016        5.14627
1016        6.14096
1016        3.45965
1016        5.05022
1016         3.1331
1016       0.944959
1016        6.22074
1016        3.75882
1016        5.92149
1016       0.799067
1016        6.00318
1016        2.32723
1016         3.4906
1016        3.57488
1016       0.477342
1016        5.31762
1016        5.13913
1016         1.2808
1016         3.9158
1016        1.10364
1016        4.91682
1016        6.11949
1016        1.87873
1016        1.15828
1016        1.24043
1016        1.15589
1016         5.8691
1016        3.88223
1016         3.4747
1016        3.46902
1016        5.76729
1016        2.05951
1016        1.03089
1016        4.50185
1016        1.23898
1016        3.24853
1016        5.19978
1016        3.77775
1016        2.43021
1016        5.76752
1016        2.78449
1016        3.24177
1016        5.40857
1016        2.46618
1016        3.24734
1016        4.54021
1016         4.3132
1016        3.06817
1016       0.249809
1016        3.09926
1016        2.50833
1016       0.366637
1016        3.77234
1016       0.178687
1016        6.09288
1016        4.48207
1016        1.10392
1016        1.41059
1016      0.0623028
1016        4.96962
1016        3.43318
1016       0.802138
1016        5.02102
1016       0.344147
1016        2.62481
1016         5.2215
1016        6.11548
1016        5.44082
1016        3.36178
1016        4.10741
1016        6.06822
1016       0.638467
1016       0.614973
1016        3.89798
1016        2.32684
1016        2.53376
1016         6.1909
1016       0.301355
1016        2.01477
1016        5.32393
1016        1.51576
1016        4.43583
1016        3.45923
1016        4.23244
1016        5.37506
1016        6.01962
1016        4.22263
1016        6.03492
1016        4.43849
1016        3.94346
1016        5.75102
1016          5.103
1016        5.26101
1016       0.476115
1016        3.22219
1016        5.82826
1016      0.0603972
1016        1.17546
1016        1.27498
1016        3.15288
1016        6.13438
1016        3.11598
1016        5.02872
1016        5.87232
1016        2.72108
1016        4.32494
1016        1.42162
1016         4.5529
1016        1.96119
1016        5.63123
1016        4.63998
1016        3.50626
1016         5.0645
1016        1.21268
1016        4.28224
1016        5.90708
1016        2.62566
1016        2.98283
1016        4.03349
1016        4.51677
1016        1.25023
1016        5.68406
1016        5.47516
1016       0.694267
1016        2.62225
1016        3.34456
1016        4.65474
1016       0.140321
1016        6.19086
1016        1.56488
1016       0.313098
1016        5.27341
1016        1.02876
1016        2.53447
1016        5.75039
1016       0.183489
1016        2.86841
1016        5.22277
1016        5.10104
1016        0.16106
1016        2.87037
1016        1.95313
1016        1.67286
1016         3.8968
1016        1.86174
1016        3.67979
1016        2.92657
1016       0.746127
1016        1.83303
1016        4.55379
1016        6.08568
1016       0.695991
1016        5.46667
1016        5.04831
1016        3.68876
1016      0.0115722
1016        4.03035
1016        1.31172
1016        4.93725
1016        1.98073
1016        2.36462
1016        3.93449
1016        4.20197
1016        6.08501
1016        5.07001
1016        2.91257
1016        4.36608
1016        4.51697
1016        5.48506
1016        5.90672
1016        4.89845
1016        4.72432
1016        3.14268
1016        2.07022
1016        4.33986
1016         2.5082
1016        2.16536
1016      0.0624499
1016        3.04835
1016        1.93504
1016        4.75725
1016        6.11508
1016        4.10337
1016        2.27038
1016        2.09146
1016        6.04815
1016       0.110099
1016        3.30813
1016         3.4301
1016       0.101313
1016        2.42684
1016         5.7311
1016        3.14759
1016        3.71048
1016        2.02174
1016       0.662979
1016        3.15362
1016       0.686906
1016        1.64249
1016         6.2532
1016        1.58079
1016        2.32446
1016        2.96947
1016        2.00623
1016        3.37743
1016        1.57335
1016        1.03064
1016        4.93917
1016         4.8323
1016        5.06104
1016      0.0267945
1016         3.8515
1016       0.847257
1016       0.584177
1016      0.0593354
1016        5.97458
1016        5.04652
1016        3.73908
1016        1.88416
1016        1.00868
1016        3.89994
1016        2.53819
1016        5.32302
1016        4.67109
1016        5.08134
1016        2.98363
1016       0.596467
1016         1.9191
1016       0.334615
1016        3.60156
1016        1.91298
1016         3.9571
1016        2.53551
1016        5.43966
1016        5.01925
1016        2.07069
1016        5.15719
1016        1.28714
1016        1.02409
1016        4.52426
1016         5.6095
1016        3.55083
1016        3.96938
1016        5.19907
1016        4.73205
1016       0.199044
1016        6.00849
1016        2.80005
1016        3.18725
1016        3.25991
1016        2.77338
1016        3.07271
1016        3.78106
1016        5.81237
1016        5.50409
1016       0.838753
1016        2.25086
1016        2.62597
1016        2.96071
1016        2.53592
1016        6.02298
1016        3.62697
1016        4.55836
1016        5.54312
1016        2.01774
1016        3.33768
1016        2.80967
1016         3.0375
1016        2.11828
1016        4.87986
1016        3.51276
1016        2.03068
1016        2.27657
1016        3.50724
1016        1.22199
1016        5.68884
1016       0.964887
1016        2.11664
1016        3.54272
1016        1.41839
1016       0.319295
1016        1.45074
1016        2.93161
1016        5.73248
1016        5.66187
1016        5.15769
1016        3.02756
1016        2.24387
1016        1.34679
1016        3.01686
1016        3.64129
1016        4.27432
1016        3.12731
1016        1.37234
1016        2.79944
1016        2.01638
1016        2.20265
1016        5.07668
1016        3.66821
1016        3.20554
1016        1.66527
1016        2.79601
1016         5.6628
1016        3.21167
1016       0.308603
1016         4.9355
1016       0.318591
1016        5.21837
1016        1.67141
1016        5.98038
1016        3.12996
1016        3.47132
1016        3.64874
1016        4.11954
1016        3.21809
1016        4.23009
1016        2.72344
1016        2.25295
1016        0.75672
1016        1.67017
1016      0.0853595
1016        6.08973
1016        1.51347
1016        1.94314
1016        6.13381
1016      0.0848782
1016        1.64325
1016        1.68882
1016        5.90248
1016        3.92258
1016        6.14122
1016        4.37837
1016         5.5999
1016        1.51236
1016        3.86869
1016        6.06523
1016        4.38015
1016        6.11577
1016        3.17551
1016        3.73049
1016        1.05122
1016        4.57587
1016        2.89942
1016        5.82318
1016        5.62994
1016        3.36854
1016        4.76577
1016        4.12121
1016       0.637488
1016        5.05532
1016         3.1179
1016        4.33516
1016        1.43701
1016        0.98811
1016        3.12844
1016        2.91411
1016       0.131566
1016        0.11724
1016        3.22132
1016        2.93173
1016        5.17184
1016        2.44177
1016        1.67467
1016          2.486
1016        2.72909
1016       0.238577
1016        3.17664
1016        2.59147
1016        3.36933
1016        5.75887
1016       0.146965
1016        5.04752
1016        4.98925
1016        1.45469
1016        4.67005
1016        1.04186
1016        5.70995
1016        1.08444
1016       0.126762
1016        6.08544
1016        2.98052
1016         2.3469
1016        4.19499
1016       0.628046
1016        2.11977
1016        4.18278
1016        1.13307
1016        3.27835
1016       0.368951
1016        2.97418
1016        4.61871
1016        1.72478
1016        1.59987
1016        2.05459
1016        4.87213
1016        2.41614
1016        4.54314
1016        6.20205
1016         3.2233
1016       0.788668
1016        2.40457
1016        3.19963
1016        2.70832
1016        1.14685
1016        3.57795
1016       0.481016
1016        2.16919
1016        5.96679
1016       0.365524
1016         4.8966
1016         3.1989
1016         2.4899
1016        5.85886
1016       0.738754
1016       0.205802
1016        3.94475
1016         5.4875
1016         1.7117
1016        4.24565
1016        1.55316
1016        5.35112
1016        3.81643
1016        4.16512
1016        2.89508
1016        1.42813
1016        1.27768
1016        3.43469
1016       0.973415
1016        3.15056
1016        4.27957
1016       0.761178
1016       0.140612
1016        1.92071
1016       0.415161
1016        3.64117
1016        1.76341
1016        5.74447
1016        5.69427
1016        1.38391
1016        6.08247
1016        4.33918
1016        4.42891
1016        6.03328
1016        3.46617
1016        3.74116
1016       0.505922
1016        4.64522
1016        3.60113
1016         6.1355
1016        2.14411
1016        1.37982
1016       0.870894
1016          3.047
1016         2.5359
1016        5.11138
1016        2.47458
1016        2.62945
1016        2.20148
1016         3.4955
1016        1.58882
1016        3.53275
1016       0.688685
1016       0.145937
1016        1.53611
1016        4.49008
1016        4.86864
1016        2.04672
1016        5.62112
1016        3.12486
1016        2.54516
1016        5.26984
1016        3.05157
1016        3.25057
1016        4.93926
1016        3.34811
1016       0.639198
1016       0.840693
1016        4.23858
1016        2.99414
1016        6.19732
1016        2.94699
1016        2.66515
1016        6.11862
1016        5.87243
1016         5.5045
1016        2.36914
1016       0.446104
1016        5.07518
1016        3.63112
1016        4.58529
1016        3.26032
1016        3.13459
1016        2.03241
1016        1.30406
1016        4.77591
1016        3.40854
1016        4.46154
1016        5.96698
1016        2.74406
1016         5.3052
1016        5.60855
1016         1.6135
1016        3.64528
1016        5.06174
1016        5.16111
1016        2.99905
1016        3.15599
1016     0.00470939
1016        2.27698
1016        2.42364
1016        5.75016
1016        1.37802
1016        2.07199
1016        0.18072
1016        1.31716
1016        1.17206
1016        5.20346
1016        6.02474
1016        2.41838
1016        1.13126
1016       0.313196
1016        1.46603
1016        4.38766
1016        3.69476
1016        3.25479
1016        2.07829
1016        2.64954
1016          2.151
1016        3.59293
1016        3.46911
1016       0.548974
1016        2.76083
1016        1.12018
1016        5.89006
1016        3.37468
1016        4.87235
1016        2.26234
1016        4.73357
1016        5.62579
1016        2.59743
1016        1.00356
1016        2.44489
1016        3.05012
1016       0.859106
1016        2.98109
1016        5.01413
1016        4.26143
1016       0.580015
1016        2.74756
1016        1.24444
1016        5.90522
1016       0.712136
1016        5.91706
1016        3.54969
1016        4.97686
1016       0.220694
1016        3.38778
1016        5.60889
1016        6.20317
1016        2.70341
1016        3.35881
1016        1.65279
1016        5.39358
1016       0.834427
1016        5.38325
1016        4.00468
1016       0.618111
1016        6.24319
1016        1.87527
1016        2.66072
1016       0.791032
1016        6.15683
1016        5.68561
1016        4.50735
1016        1.55318
1016        4.60871
1016        3.54048
1016        5.63064
1016        4.43271
1016        4.48066
1016       0.184588
1016        3.29721
1016        4.78481
1016       0.694237
1016        4.31372
1016        4.31093
1016        4.66276
1016        1.41783
1016       0.104279
1016       0.375085
1016        4.57235
1016        4.72956
1016         6.1491
1016        6.05141
1016        1.72952
1016        2.65889
1016        1.05734
1016        1.68509
1016       0.535905
1016      0.0586465
1016       0.404718
1016        5.95921
1016        5.05021
1016        4.04073
1016        5.18804
1016        1.33451
1016        5.26054
1016        1.80006
1016        4.36698
1016       0.296318
1016         5.5103
1016        6.11407
1016       0.624168
1016       0.594753
1016        1.96516
1016        4.70986
1016        4.14685
1016        2.37095
1016       0.386176
1016         2.3381
1016        4.91618
1016       0.167197
1016        2.76225
1016         2.8269
1016        2.17286
1016        1.11805
1016        2.71909
1016        4.86062
1016       0.920631
1016        1.99212
1016           4.98
1016        5.43803
1016        5.13493
1016        5.13509
1016        1.45034
1016        6.26475
1016        3.31385
1016      0.0871007
1016        2.45226
1016       0.137771
1016       0.934843
1016        4.13005
1016        1.82172
1016         4.0188
1016        3.26374
1016         2.5622
1016       0.146107
1016        5.06735
1016        3.93515
1016        4.01997
1016        1.33273
1016         1.6252
1016        4.72315
1016        3.21368
1016        2.20515
1016        4.77813
1016         4.4471
1016        5.78231
1016         2.1225
1016        4.58382
1016        5.57904
1016        4.56381
1016       0.729757
1016        2.61898
1016       0.311152
1016        5.24431
1016         6.1334
1016        5.62753
1016       0.717103
1016       0.254312
1016        3.82809
1016        1.17517
1016        5.57507
1016        5.03564
1016        1.77527
1016        2.93542
1016        3.71894
1016         1.4402
1016        1.24481
1016        1.98279
1016       0.971345
1016        2.45673
1016         4.0482
1016        1.82113
1016        1.55996
1016        5.61537
1016        3.75627
1016        1.42267
1016        5.87061
1016       0.199409
1016        3.24421
1016         2.1342
1016        4.54537
1016        4.29139
1016       0.354077
1016       0.844213
1016        4.92788
1016        2.77447
1016        4.88911
1016        6.23931
1016        4.40691
1016       0.265153
1016        3.42336
1016        6.22597
1016         4.9859
1016        3.16633
1016        3.71965
1016        3.08645
1016        3.58093
1016        4.07181
1016        2.08344
1016        3.45985
1016        0.77179
1016        4.30614
1016        4.85843
1016        3.28341
1016        4.64972
1016        3.72391
1016        5.50383
1016        1.20423
1016        2.42537
1016        6.14419
1016       0.712638
1016        1.27567
1016        4.20857
1016        3.00206
1016        3.19345
1016        3.73626
1016        5.59936
1016        2.97846
1016        4.93945
1016        4.22588
1016        5.44576
1016        4.24747
1016        0.12944
1016        3.06222
1016         3.9183
1016       0.905562
1016       0.160975
1016        3.49992
1016        3.73104
1016        2.06586
1016        5.87746
1016        2.44658
1016        1.40412
1016        4.64019
1016        2.23068
1016        4.30088
1016        5.78516
1016        4.10515
1016        6.15688
1016        2.89783
1016        3.39118
1016        5.42385
1016         4.7234
1016       0.844044
1016       0.220001
1016        5.07442
1016        3.64606
1016        2.56505
1016        2.78171
1016        3.53272
1016        3.53892
1016        2.93771
1016        2.18012
1016        2.61611
1016        4.33946
1016        6.20836
1016        2.26532
1016        4.71898
1016        5.57395
1016        3.30289
1016        2.65492
1016        1.91724
1016        4.87457
1016        5.87067
1016         3.3645
1016       0.461575
1016        4.20053
1016        2.70597
1016        4.41244
1016       0.447464
1016       0.537221
1016        2.42221
1016        4.87528
1016        4.12033
1016         5.1171
1016        2.88737
1016        5.71928
1016         3.2197
1016        2.76532
1016         5.9262
1016         3.2013
1016        2.18475
1016        4.54926
1016        2.26265
1016        2.93444
1016        2.91352
1016         5.8809
1016        5.67739
1016        4.86996
1016        2.79087
1016        2.11923
1016        3.05632
1016        1.98378
1016          4.435
1016        3.66657
1016        5.94593
1016        6.22248
1016        3.01914
1016       0.286363
1016       0.212731
1016        4.28142
1016        1.85454
1016        6.06822
1016        2.88523
1016        2.37052
1016        2.09546
1016       0.185241
1016       0.538537
1016        6.24156
1016        5.40471
1016        2.31978
1016        3.49616
1016        3.18075
1016        2.67527
1016        1.21513
1016         1.0911
1016       0.512322
1016        5.05885
1016        0.42501
1016        4.19907
1016        4.38838
1016        3.24983
1016        2.25517
1016         5.9653
1016        2.06005
1016        2.70415
1016        4.44976
1016        4.62457
1016         6.0159
1016        2.66924
1016        3.06461
1016        3.82718
1016       0.750244
1016        2.04666
1016        2.58256
1016       0.811532
1016        2.60267
1016        5.78735
1016        5.02557
1016        5.25338
1016        3.28358
1016       0.484392
1016        4.32082
1016        1.22669
1016        3.30343
1016        4.77157
1016        5.56135
1016         2.9038
1016        3.83513
1016        5.46808
1016        3.50127
1016       0.225752
1016        3.16433
1016       0.492963
1016       0.582444
1016        3.61361
1016        5.93921
1016        5.62514
1016        4.95766
1016        3.68379
1016        2.62298
1016        3.36165
1016         2.1745
1016        4.46098
1016        3.06501
1016        3.53415
1016        4.07427
1016       0.105979
1016        1.63757
1016        5.94574
1016        4.38389
1016        5.37222
1016        2.48535
1016        2.70867
1016        1.94962
1016        2.50491
1016        4.35105
1016        5.85033
1016        1.72412
1016        1.63765
1016        5.32014
1016        0.43898
1016        5.64421
1016        3.65519
1016        3.41034
1016        3.56268
1016        4.81833
1016        2.81915
1016        3.16049
1016       0.220083
1016        3.02924
1016        4.45508
1016        3.45437
1016        1.78339
1016       0.841155
1016        3.12911
1016        1.88127
1016        1.81457
1016        5.31543
1016        1.08831
1016        5.62987
1016        1.25517
1016        2.09712
1016        5.17736
1016        2.06725
1016        6.27064
1016        2.38867
1016        1.43669
1016     0.00246321
1016        4.51545
1016        4.10466
1016        4.30224
1016        2.63005
1016        5.36024
1016      0.0809217
1016        2.48924
1016        5.32773
1016        3.20298
1016         3.6626
1016        3.42734
1016         2.9907
1016        5.80308
1016        4.41181
1016        1.31906
1016         1.3444
1016        5.43238
1016        1.63866
1016        5.02058
1016      0.0209092
1016        1.67627
1016        3.34377
1016        3.06896
1016        4.56178
1016        2.70729
1016         1.1159
1016        4.73867
1016         1.0621
1016        5.49196
1016        1.07962
1016        2.24851
1016        2.31863
1016        5.98714
1016        1.49783
1016        1.80938
1016        3.94788
1016        5.79737
1016       0.646811
1016        3.29691
1016        5.59586
1016        5.38695
1016       0.597973
1016        4.91567
1016        4.59114
1016        1.47299
1016         5.3031
1016        1.00269
1016        1.53591
1016         2.6614
1016        2.63957
1016        2.52069
1016        2.77841
1016        1.26352
1016        1.01654
1016        6.27859
1016       0.253839
1016        5.76534
1016        6.17504
1016        2.23956
1016         3.4797
1016        4.35103
1016        1.48618
1016        2.20348
1016        4.14158
1016        2.59344
1016        5.60643
1016        4.67777
1016        4.56904
1016       0.787954
1016        1.69894
1016        5.35997
1016        1.87698
1016        6.04482
1016        2.24833
1016        5.22394
1016        3.92493
1016        1.10509
1016        3.15801
1016        1.11485
1016        3.57943
1016        1.70501
1016        2.68007
1016        5.00465
1016        5.33623
1016        2.88535
1016       0.145361
1016        2.93455
1016       0.383814
1016        4.92543
1016        2.78714
1016        2.61278
1016        6.12077
1016        2.73982
1016        3.20456
1016         5.9187
1016        3.05361
1016        5.42613
1016        3.29333
1016        3.86664
1016        3.47055
1016        4.37449
1016        5.17735
1016        1.92345
1016        0.87501
1016         5.6421
1016        3.40867
1016        2.80314
1016        1.09347
1016        2.91038
1016       0.632508
1016        5.76498
1016         5.6667
1016        5.56714
1016        5.88957
1016        6.10907
1016        2.11521
1016        4.30113
1016        1.57043
1016        2.61416
1016        2.79876
1016        3.58645
1016        2.87447
1016       0.205101
1016        6.09458
1016        2.78267
1016        5.92774
1016        4.18032
1016        6.25624
1016        5.82698
1016        2.75707
1016        5.84228
1016        5.10906
1016        5.53332
1016        5.72387
1016        1.90595
1016       0.224388
1016        1.10852
1016        5.75148
1016        2.17661
1016        4.88456
1016        3.50033
1016        6.26499
1016       0.219302
1016        2.11243
1016           3.95
1016        2.11382
1016        5.90075
1016        4.99768
1016        2.77061
1016        4.15092
1016       0.743384
1016        1.55106
1016        5.41101
1016        1.04998
1016        4.21455
1016        5.68019
1016        1.56656
1016        4.62234
1016        2.37439
1016        1.00025
1016       0.849321
1016       0.365982
1016        1.31472
1016        2.07795
1016        5.91926
1016         5.1381
1016         2.5156
1016        2.86935
1016        5.75671
1016       0.304613
1016        4.43086
1016        5.68581
1016       0.655863
1016        2.02985
1016        4.57208
1016        3.40191
1016        2.83513
1016        1.34822
1016       0.565308
1016        1.26793
1016        6.05228
1016        3.06153
1016        3.11801
1016        2.73661
1016        1.97124
1016        2.48125
1016       0.879009
1016        4.37665
1016        3.67033
1016        3.15625
1016        3.47356
1016        4.57198
1016        5.82511
1016        4.07647
1016        2.51557
1016        2.39144
1016       0.656758
1016        0.49444
1016        4.55351
1016        1.03953
1016      0.0717834
1016        4.25948
1016        0.72467
1016        1.23678
1016        2.27152
1016        3.93986
1016        4.04996
1016         6.0308
1016        3.15608
1016        5.59943
1016       0.435378
1016        2.03728
1016        4.64404
1016        1.29181
1016        5.75019
1016        4.36217
1016       0.623375
1016        1.26706
1016        3.11978
1016        0.87232
1016        1.21969
1016        2.00702
1016        4.95962
1016        3.76472
1016         6.0804
1016        3.66338
1016        1.54885
1016        3.81607
1016        1.15678
1016        4.02188
1016        1.62198
1016        6.21904
1016        2.35489
1016       0.254929
1016         4.5991
1016        2.18831
1016        3.24994
1016        1.95657
1016         6.0605
1016         2.2747
1016        3.31604
1016        5.09063
1016        1.12463
1016        3.37392
1016        5.75169
1016       0.222787
1016        2.37396
1016          1.771
1016        3.37548
1016        4.67175
1016       0.881555
1016        2.94913
1016        5.54805
1016        3.69106
1016         3.1398
1016        2.71673
1016        4.41716
1016        4.29429
1016        3.42681
1016       0.189466
1016      0.0641091
1016        2.02187
1016        3.45984
1016        4.58516
1016          4.967
1016         4.6479
1016       0.790275
1016        3.92683
1016        2.67155
1016        2.06952
1016        3.42007
1016        1.25913
1016        1.79862
1016        1.42252
1016      0.0764485
1016        3.55493
1016        3.72278
1016        5.55929
1016        5.22673
1016        2.72596
1016        4.89216
1016         4.3669
1016        5.85467
1016       0.154894
1016         1.5783
1016        3.60322
1016        6.10248
1016        5.53298
1016        2.07935
1016          3.817
1016         0.1621
1016       0.255974
1016        1.37924
1016        2.79926
1016        4.43174
1016         1.4068
1016       0.686423
1016        3.35898
1016        1.68148
1016       0.725441
1016        5.11393
1016        4.79644
1016        5.92778
1016        2.54091
1016        1.81685
1016        1.64448
1016        5.37597
1016        5.47008
1016        3.32681
1016      0.0927707
1016       0.322757
1016        4.76741
1016        5.29772
1016        5.25948
1016        2.51365
1016         4.0238
1016         5.4509
1016        1.62306
1016        2.79056
1016        2.65685
1016       0.324467
1016        2.93167
1016        4.67587
1016        3.43204
1016        5.22885
1016       0.913535
1016        2.62749
1016     0.00280498
1016         1.3874
1016        3.44701
1016        1.74921
1016        4.61279
1016        2.38283
1016        4.05044
1016        3.72294
1016        5.08425
1016        3.40342
1016        6.12026
1016       0.577651
1016         2.7232
1016         1.4066
1016          4.727
1016         4.7788
1016        4.85063
1016        5.45902
1016        5.50434
1016        6.07667
1016        3.85588
1016        2.17975
1016       0.917008
1016       0.449751
1016        4.73611
1016      0.0229122
1016        1.93333
1016        6.12566
1016        3.73155
1016          4.241
1016        2.04705
1016        5.85299
1016        3.55345
1016        3.98433
1016         1.5327
1016       0.722933
1016        4.28562
1016        6.12171
1016        5.91691
1016        2.43773
1016        2.53798
1016        2.69244
