1069        2.17962
1069        3.59924
1069        0.59832
1069        5.90007
1069        1.83512
1069         4.9653
1069         4.7516
1069        5.29189
1069        1.19425
1069        1.90626
1069        2.16048
1069        6.03126
1069        5.81122
1069        4.91852
1069         5.1087
1069        3.06974
1069         6.2713
1069       0.219133
1069         4.7534
1069        1.57017
1069        3.42276
1069        4.98807
1069        4.82333
1069        5.85272
1069       0.807295
1069        2.12443
1069        1.66676
1069         6.1855
1069        2.05275
1069        4.90836
1069        1.11686
1069        3.46952
1069         2.4741
1069        1.69079
1069       0.542873
1069        3.39112
1069       0.648109
1069        5.26947
1069        5.10617
1069        5.34798
1069        5.54564
1069        5.36903
1069        2.49696
1069        3.41044
1069        1.87801
1069       0.198365
1069        1.76166
1069        1.05206
1069        1.43682
1069        1.86093
1069        3.63633
1069        2.64122
1069        3.81351
1069        5.13048
1069        2.84097
1069        3.11529
1069        1.81188
1069        1.32331
1069      0.0425738
1069        2.48284
1069        5.91347
1069        2.57647
1069        4.57008
1069        4.88101
1069        1.41667
1069        2.20399
1069        6.13603
1069        3.77269
1069       0.865644
1069        4.68298
1069       0.877584
1069        3.82383
1069        5.46911
1069        1.78094
1069        4.98579
1069        5.15864
1069        6.03278
1069        1.17479
1069        3.34364
1069         2.8216
1069        4.97837
1069        1.82596
1069        4.13437
1069        4.79426
1069        5.12112
1069        2.47022
1069        5.36534
1069       0.909577
1069        6.21328
1069       0.368505
1069        4.30005
1069         0.0256
1069        4.25245
1069        2.82157
1069        1.51973
1069        4.09431
1069         2.0712
1069        2.23951
1069         4.7133
1069        5.57427
1069        1.80766
1069        1.82854
1069       0.104432
1069        5.23727
1069       0.323889
1069        5.10505
1069        1.56191
1069        5.97154
1069        5.85432
1069       0.727086
1069       0.316724
1069        2.50888
1069        1.88499
1069       0.923069
1069         4.0634
1069        2.50018
1069        3.81442
1069        2.88237
1069        5.81744
1069        1.24188
1069        1.37322
1069        4.74526
1069         5.7933
1069        1.58645
1069        6.25102
1069          3.858
1069         2.4563
1069       0.490689
1069       0.727214
1069        3.27683
1069        1.93769
1069         1.1232
1069        1.23064
1069        1.45133
1069         4.3139
1069        5.71247
1069         1.0505
1069       0.723409
1069        1.77632
1069        5.15069
1069       0.109785
1069       0.897926
1069         4.7859
1069        4.99201
1069       0.816195
1069        2.18037
1069        2.66315
1069       0.693403
1069        1.84757
1069        3.64027
1069        2.14258
1069        5.92105
1069        2.18566
1069        2.71613
1069        1.68349
1069        2.66195
1069       0.932293
1069        5.29896
1069        1.32023
1069        4.81187
1069        2.46392
1069        1.90904
1069         5.9076
1069        1.81137
1069        6.10449
1069        5.41798
1069        5.32175
1069       0.980612
1069        2.78375
1069        5.62385
1069        6.06164
1069       0.878053
1069       0.934409
1069        5.21113
1069        5.69964
1069         5.0571
1069        2.02464
1069        3.10174
1069        1.73628
1069         1.3618
1069        1.30808
1069         2.9013
1069        4.69009
1069        2.94251
1069        5.51837
1069        1.84589
1069        1.04025
1069        1.63313
1069        3.93557
1069          2.379
1069        2.93587
1069        5.88185
1069        4.85162
1069      0.0361725
1069        4.92531
1069        3.19251
1069         4.4064
1069        2.34458
1069         5.2537
1069         2.6103
1069        3.56884
1069        2.63297
1069        4.18282
1069        5.41597
1069        1.26154
1069        1.61806
1069        0.64871
1069        3.72504
1069        1.74918
1069        2.40749
1069        2.33762
1069        2.18253
1069        6.09269
1069       0.215585
1069       0.243683
1069       0.234577
1069         4.8525
1069        2.91198
1069        1.72276
1069        4.84406
1069       0.543109
1069        2.39691
1069        1.37887
1069        4.43718
1069        6.22545
1069        3.61526
1069        2.10522
1069        4.73908
1069        5.93468
1069        5.21076
1069        3.46989
1069        2.27206
1069        1.93146
1069        4.82031
1069        1.69578
1069        5.85655
1069        2.33188
1069        3.12303
1069        5.63237
1069         2.5188
1069        2.01784
1069        1.32925
1069        2.68826
1069        1.07414
1069        4.26852
1069        4.79186
1069        1.49145
1069        3.69352
1069      0.0343533
1069        4.02998
1069        4.60976
1069        4.52651
1069       0.674566
1069        5.38123
1069        3.82655
1069        5.03496
1069        3.30081
1069        5.12366
1069        4.17764
1069        4.47622
1069         4.3476
1069        5.83155
1069        4.97458
1069      0.0199298
1069        5.35491
1069        1.17562
1069        5.39048
1069        5.94846
1069        3.82032
1069        1.81072
1069        5.20565
1069        5.28569
1069        2.72703
1069         1.8163
1069        5.18836
1069        0.66836
1069        4.88329
1069        1.91313
1069        2.90363
1069         1.3724
1069        1.49239
1069        2.02879
1069        2.52445
1069       0.874034
1069        5.80328
1069       0.779882
1069          3.094
1069         4.5832
1069       0.955537
1069        2.38944
1069        5.82271
1069        2.65473
1069        4.00051
1069        1.00115
1069        3.64097
1069        4.95006
1069        4.77286
1069         5.4688
1069        1.44914
1069        2.14687
1069        4.70549
1069        1.35357
1069        1.47719
1069        5.07766
1069        1.87451
1069       0.543308
1069         5.1184
1069        5.27936
1069        4.08836
1069        3.04145
1069        5.96731
1069        5.27389
1069        4.35999
1069       0.440632
1069        5.11441
1069        1.14582
1069        5.01041
1069        2.93537
1069        1.69061
1069        5.92494
1069        1.47036
1069        1.75795
1069        1.58977
1069        1.70588
1069        3.43937
1069        4.48073
1069        2.07878
1069        1.59012
1069        2.50642
1069        4.95413
1069        3.06159
1069        4.65606
1069        4.55969
1069        2.61714
1069        5.04386
1069        3.21203
1069         4.9519
1069        2.33022
1069        4.43152
1069        1.15871
1069        3.23856
1069        5.74756
1069       0.859518
1069        1.63818
1069        1.96539
1069        1.25426
1069        4.03379
1069        2.89965
1069        4.62572
1069       0.708853
1069        4.91594
1069        4.43524
1069        5.41211
1069        3.19685
1069        2.64438
1069         5.8693
1069        1.17903
1069        5.50009
1069        1.57801
1069        4.40184
1069        2.67288
1069        3.86287
1069        6.11835
1069        6.23686
1069        3.07867
1069        4.99773
1069        5.47268
1069        3.16266
1069        1.13693
1069        1.99029
1069       0.986976
1069        2.57934
1069        4.27869
1069        2.31343
1069        4.82834
1069        3.49583
1069        3.04765
1069        3.84129
1069        1.35913
1069        1.21862
1069        1.99686
1069        4.77057
1069        4.53882
1069        4.99929
1069       0.360068
1069        1.80499
1069        6.02241
1069        4.98469
1069        5.84756
1069          4.713
1069        3.04369
1069         5.0092
1069        5.73658
1069        5.42612
1069        5.19623
1069        5.47381
1069        2.94122
1069        3.22262
1069         6.2602
1069        5.89085
1069        6.25907
1069        1.91118
1069        5.89372
1069        2.29988
1069        2.72141
1069        2.78475
1069        1.95407
1069        5.70946
1069        2.32701
1069        2.19689
1069        2.02351
1069        2.33392
1069        4.16362
1069        3.91771
1069        1.78969
1069        4.59158
1069        4.91206
1069        2.33175
1069        1.89651
1069         5.5215
1069        3.08674
1069        4.27348
1069        4.84934
1069        2.25011
1069        3.36109
1069        6.25438
1069        2.80799
1069        1.58723
1069       0.268686
1069        2.68729
1069        4.86262
