1597       0.267123
1597         5.4471
1597        2.20637
1597         4.2041
1597        6.23978
1597        4.01801
1597        5.54515
1597        2.49589
1597         3.1938
1597        3.93949
1597        4.45621
1597       0.444473
1597       0.963163
1597        1.84711
1597        1.65048
1597        4.34581
1597        6.13322
1597        5.06993
1597        3.24448
1597        3.09137
1597       0.493728
1597        5.14897
1597         5.5315
1597       0.564419
1597        2.96332
1597        3.38456
1597        1.89291
1597        3.02632
1597        3.76642
1597        1.18934
1597        2.54166
1597        5.27111
1597      0.0901113
1597        4.85471
1597        2.27412
1597        1.47878
1597         2.0182
1597       0.220964
1597        4.17397
1597        1.13726
1597       0.733232
1597        3.03294
1597        4.87837
1597       0.850779
1597        3.60683
1597       0.139875
1597        1.01083
1597       0.234928
1597       0.882093
1597        5.00957
1597        2.26418
1597        5.43621
1597        3.77831
1597       0.107972
1597        3.30128
1597       0.451108
1597       0.621688
1597       0.451408
1597        5.84032
1597        1.57436
1597        0.74846
1597        4.99019
1597      0.0723148
1597        2.22453
1597        5.24464
1597        6.04066
1597        6.08512
1597        4.72701
1597       0.628653
1597        3.46233
1597        1.24168
1597        6.10914
1597        3.56761
1597        6.00578
1597        3.87245
1597        3.67988
1597        4.33233
1597        4.52295
1597        6.05809
1597        2.33864
1597        5.58876
1597         1.6689
1597        3.67603
1597        4.71714
1597        3.61377
1597        3.24489
1597       0.150351
1597        1.51115
1597        6.13813
1597        2.85238
1597        3.63328
1597        1.83628
1597        4.89797
1597        2.30058
1597        2.35933
1597        4.34312
1597        3.93358
1597        5.80555
1597        0.09849
1597        2.80116
1597        6.14349
1597        2.28201
1597        3.40933
1597       0.119652
1597        3.54992
1597        5.73188
1597        4.33576
1597        4.24666
1597        6.25571
1597        4.22572
1597        3.21127
1597        4.86805
1597        4.24421
1597         4.6137
1597        1.94691
1597        2.02062
1597        3.95821
1597        2.25895
1597        1.36992
1597        2.65261
1597        3.13313
1597        5.50462
1597        3.42938
1597        1.95588
1597        2.40657
1597        3.58298
1597         5.1452
1597        3.95063
1597        6.14768
1597       0.144905
1597        5.63869
1597        2.44725
1597        2.86187
1597        2.48136
1597        3.77142
1597       0.586229
1597       0.838239
1597        5.95254
1597        6.25292
1597       0.334405
1597        3.48124
1597        1.37501
1597        3.94857
1597        5.30138
1597        6.02422
1597        3.65453
1597        3.17013
1597        5.75025
1597        2.16642
1597        2.81686
1597        2.84888
1597        2.50618
1597        5.37937
1597        2.60125
1597        3.69479
1597       0.407703
1597       0.989152
1597         4.3404
1597        4.46121
1597        1.17506
1597        2.80695
1597       0.574376
1597        3.21936
1597      0.0326149
1597        6.15731
1597        6.18646
1597          4.276
1597         2.7905
1597        2.70314
1597        1.41669
1597         6.1505
1597        3.14779
1597        4.71341
1597          6.134
1597        6.22141
1597        3.92642
1597        4.23383
1597        2.45835
1597        3.32753
1597        4.57997
1597       0.442923
1597        2.47929
1597        4.08761
1597        2.95616
1597        3.62014
1597        5.30431
1597        4.09535
1597        1.86866
1597        5.15963
1597       0.305739
1597        5.58362
1597        5.34284
1597      0.0560951
1597        1.97711
1597      0.0927281
1597        2.19582
1597        3.66368
1597        3.04103
1597        2.11608
1597        5.96715
1597        1.83644
1597        5.04135
1597        5.51643
1597        1.16572
1597        5.30872
1597        3.80469
1597        3.81385
1597        5.44399
1597       0.103554
1597        3.63527
1597        3.11434
1597        5.94366
1597          6.247
1597        3.05328
1597        1.02422
1597        4.73369
1597        2.87183
1597       0.914364
1597        1.68307
1597         1.3184
1597        4.33821
1597        6.14283
1597        4.18861
1597        5.10848
1597         2.3938
1597       0.543664
1597         6.2213
1597        4.27801
1597      0.0749714
1597        5.22387
1597        4.75997
1597        5.35454
1597        6.23621
1597        2.84266
1597        2.33074
1597        1.30361
1597        4.37279
1597       0.384358
1597        4.28052
1597        6.17175
1597        4.75765
1597        3.80715
1597        3.88573
1597         6.2267
1597        2.07846
1597        1.02001
1597        5.22016
1597        4.03782
1597        3.68224
1597        5.45432
1597       0.681403
1597        5.22435
1597        3.54097
1597         2.7771
1597        5.03171
1597        5.08778
1597        5.93827
1597        3.56511
1597        4.55256
1597        3.13689
1597        3.24948
1597        2.77273
1597       0.968859
1597        6.10902
1597       0.877966
1597        4.85437
1597        4.58494
1597        3.70998
1597         1.1104
1597         0.6589
1597        5.48692
1597        5.55565
1597        1.45059
1597         1.0949
1597        1.43624
1597        2.14958
1597        3.60398
1597         5.7504
1597        6.01154
1597        3.55424
1597        2.91317
1597        5.83652
1597        3.43126
1597        3.19036
1597        5.46949
1597        3.03584
1597        4.60212
1597        1.18718
1597        4.09763
1597       0.292114
1597        6.19364
1597        6.01365
1597        3.80755
1597        1.91657
1597        2.45199
1597        4.85015
1597        3.86021
1597        3.08353
1597        2.75288
1597        4.35731
1597        3.55486
1597         2.1189
1597        2.39415
1597        2.38332
1597        2.40914
1597       0.771225
1597        4.36158
1597        5.42544
1597        1.10311
1597         5.4002
1597        2.19051
1597        1.27113
1597        2.64455
1597        3.57901
1597        3.63714
1597        1.63603
1597        5.20799
1597        1.76338
1597        1.90069
1597       0.308705
1597        3.82014
1597        2.37816
1597        5.85334
1597        3.48199
1597       0.236053
1597        1.98026
1597        1.97381
1597        1.52465
1597       0.070359
1597        2.00921
1597       0.133136
1597         1.1403
1597        5.58255
1597        2.46273
1597        3.53133
1597       0.249965
1597        3.37427
1597        6.15797
1597        2.01717
1597        4.11151
1597        2.68504
1597        2.44238
1597        2.02835
1597        3.22801
1597       0.922484
1597        4.00602
1597       0.442759
1597       0.598805
1597        5.26753
1597        3.61864
1597        4.09518
1597        5.35785
1597        3.23322
1597        2.77026
1597        4.57497
1597          3.337
1597        5.59828
1597        2.30228
1597        2.20247
1597        1.43421
1597        3.87959
1597        2.54036
1597        6.16813
1597        3.89793
1597         2.3985
1597        2.82725
1597       0.566428
1597        5.18628
1597        1.74364
1597         1.9642
1597        5.37104
1597        1.16708
1597        2.32755
1597       0.182089
1597        4.36794
1597        4.36794
1597        3.41337
1597        3.38121
1597        1.35088
1597         6.0085
1597         3.7304
1597        6.13801
1597        4.19709
1597        2.30835
1597         1.4668
1597        4.64795
1597     0.00141734
1597        5.71338
1597         1.7907
1597        4.31504
1597         3.4253
1597       0.810734
1597        1.10439
1597        2.25357
1597        4.06889
1597        3.12126
1597        5.78775
1597        1.00687
1597        2.53779
1597        3.36264
1597        3.82332
1597        5.54614
1597       0.589672
1597        2.99831
1597        2.11701
1597         0.1438
1597        1.41339
1597         6.0488
1597        4.35454
1597       0.666531
1597        1.06689
1597       0.439702
1597        6.23146
1597       0.517768
1597        1.26693
1597        5.41113
1597        4.00291
1597       0.722611
1597        6.15353
1597        2.97134
1597        1.89596
1597        3.36515
1597        4.29445
1597        3.05876
1597       0.353684
1597      0.0602672
1597       0.231002
1597        1.21633
1597        4.93546
1597        3.53955
1597        5.85659
1597        5.55488
1597        4.07133
1597        3.47426
1597       0.514058
1597        4.59789
1597        3.28221
1597        3.65814
1597       0.647328
1597       0.491304
1597        3.44674
1597        1.78344
1597        2.00581
1597        2.44045
1597        6.18458
1597         1.8261
1597        5.69893
1597        5.82213
1597        2.03721
1597       0.856862
1597        4.78104
1597        5.01605
1597        3.21423
1597        3.85607
1597        5.76927
1597        1.18984
1597        2.98584
1597        5.65445
1597        6.16132
1597        2.97346
1597        3.30139
1597        2.89236
1597        2.31795
1597        2.83995
1597        5.90584
1597        4.41459
1597       0.859596
1597        5.96792
1597         2.3766
1597        4.59924
1597       0.171213
1597       0.675824
1597       0.480205
1597        4.07685
1597        1.03751
1597        2.25384
1597        6.03937
1597        1.65397
1597        3.46848
1597        5.69456
1597       0.444008
1597        6.16147
1597         3.8693
1597        5.84718
1597        3.33275
1597        6.06297
1597         4.9157
1597       0.976872
1597        3.43812
1597        3.08143
1597       0.836201
1597        4.90742
1597        3.24886
1597        5.55193
1597        3.95351
1597        5.80274
1597        4.53416
1597        3.53058
1597        5.86471
1597        5.84019
1597        5.41929
1597        1.25262
1597        3.94078
1597        6.08684
1597        2.03469
1597      0.0625374
1597         3.9882
1597        6.10436
1597       0.198294
1597        5.70557
1597         2.0589
1597        2.61942
1597        4.31281
1597       0.694255
1597       0.636742
1597        4.29567
1597       0.986998
1597        3.28352
1597        3.29523
1597        4.25945
1597        5.25803
1597        5.15334
1597        2.13647
1597        1.94116
1597        2.46026
1597        2.50215
1597        1.88843
1597        3.03164
1597         5.8893
1597      0.0240605
1597        1.37109
1597        4.02377
1597       0.661291
1597         3.1521
1597        4.26317
1597        3.02887
1597       0.773843
1597        2.00278
1597       0.902802
1597        4.56442
1597        2.84193
1597        2.93811
1597       0.549786
1597        3.06078
1597        3.34399
1597        5.94623
1597        3.74834
1597        2.20166
1597        1.77138
1597        1.22994
1597        5.35986
1597        5.25064
1597        3.96376
1597        2.92199
1597        3.71407
1597       0.863326
1597        3.02178
1597        6.13432
1597          2.488
1597         2.3659
1597       0.147254
1597       0.637456
1597      0.0722736
1597        4.28101
1597        4.51076
1597       0.612579
1597      0.0317388
1597        2.34622
1597        2.99122
1597        3.63532
1597         2.1514
1597       0.310727
1597       0.131851
1597        4.39059
1597        3.42574
1597       0.506807
1597        5.51949
1597        1.09647
1597        1.47714
1597        1.63469
1597        6.20867
1597        5.79232
1597       0.439178
1597      0.0118242
1597        4.06794
1597        3.17619
1597         3.1897
1597       0.295768
1597        2.29236
1597        4.65171
1597        2.88249
1597        4.20889
1597        3.11949
1597        1.89074
1597        1.07029
1597        5.72874
1597        3.56188
1597        4.55859
1597        5.58616
1597         3.7796
1597         2.2327
1597       0.381337
1597        6.08347
1597        1.82039
1597        2.25457
1597        1.37723
1597        3.07673
1597        3.32713
1597        5.30663
1597        5.10238
1597        4.23282
1597        4.04533
1597        4.16897
1597        1.25656
1597       0.164601
1597        5.31354
1597        2.87044
1597        4.52551
1597        3.99985
1597        3.00905
1597          6.181
1597        2.74811
1597        3.81406
1597       0.741722
1597      0.0807926
1597        4.43987
1597        5.80957
1597        3.27779
1597        5.99323
1597        4.90354
1597        2.48682
1597       0.796512
1597        2.84399
1597      0.0365037
1597        6.23761
1597        4.62445
1597        4.98015
1597        4.72658
1597          3.853
1597        3.18312
1597        5.20478
1597        3.80322
1597       0.505254
1597        5.15146
1597        5.08104
1597        2.96716
1597        4.17766
1597        4.44026
1597          4.024
1597        5.12926
1597        3.54109
1597         2.8374
1597        1.37583
1597        2.69208
1597        1.94646
1597        4.14639
1597        3.00595
1597        3.59782
1597        1.82352
1597       0.392257
1597       0.135053
1597        2.67052
1597        2.85992
1597         0.4022
1597       0.611526
1597        4.66049
1597       0.807702
1597        3.53694
1597        1.93493
1597        3.84866
1597        3.24957
1597        3.81757
1597        5.93336
1597        5.40629
1597       0.698578
1597         5.7284
1597        1.88514
1597       0.810938
1597        5.01721
1597        2.79658
1597       0.357483
1597        4.75961
1597        5.35507
1597       0.404562
1597       0.242427
1597        4.18887
1597        2.95759
1597        4.91265
1597        3.93969
1597       0.584071
1597         3.0232
1597      0.0660841
1597        1.54154
1597        4.21539
1597         4.3022
1597         5.5947
1597       0.756996
1597       0.223048
1597        3.27562
1597        6.17042
1597       0.752029
1597        4.39339
1597       0.884547
1597        1.99805
1597        2.22251
1597        3.09773
1597        4.98215
1597        3.43997
1597        6.00913
1597        2.44565
1597        5.32919
1597        6.24881
1597        3.26662
1597        5.60725
1597        3.44724
1597       0.663516
1597        3.73469
1597       0.508492
1597         2.6001
1597        5.06973
1597        2.26394
1597        4.63776
1597        5.44324
1597        6.03825
1597        3.41852
1597        5.26418
1597        0.29197
1597         5.7445
1597      0.0412932
1597        1.72895
1597        1.48971
1597        3.92768
1597        3.39915
1597        5.52016
1597        4.53103
1597        1.58312
1597       0.177603
1597        4.67642
1597        2.94898
1597        3.62564
1597        1.03273
1597        3.52895
1597       0.455991
1597        1.23291
1597        1.39277
1597       0.732184
1597        4.47804
1597         4.2333
1597        3.29993
1597       0.184165
1597        2.12078
1597        5.80998
1597        1.73185
1597        6.20442
1597         6.1094
1597         4.6532
1597        5.01339
1597       0.458617
1597       0.355938
1597        5.45579
1597        1.70014
1597        6.12969
1597        3.08271
1597        4.38825
1597        3.81585
1597        5.90352
1597        6.17164
1597       0.973284
1597       0.818959
1597        2.63152
1597        6.10655
1597          5.221
1597        1.19829
1597        4.71473
1597        2.48779
1597        2.42164
1597        4.92502
1597        6.21175
1597        3.06991
1597        1.64264
1597        4.58238
1597       0.159984
1597        3.86272
1597        5.89166
1597      0.0364491
1597        3.29757
1597        3.44043
1597        3.53468
1597       0.108199
1597        3.65495
1597        2.58134
1597       0.408926
1597        2.69658
1597        2.87439
1597        3.91865
1597        5.06942
1597        5.12788
1597        3.32286
1597        3.38926
1597        2.42154
1597        3.37394
1597        4.50176
1597         3.7149
1597       0.554868
1597        1.41765
1597        3.12003
1597        2.32455
1597       0.780252
1597        1.63207
1597       0.201541
1597        4.05078
1597        3.26376
1597        0.50553
1597        5.22112
1597       0.413021
1597        5.91819
1597        2.17977
1597       0.448665
1597        0.40188
1597        6.06804
1597       0.891791
1597        6.25808
1597        2.58305
1597        5.52972
1597        4.33859
1597        4.54496
1597       0.840448
1597        5.66399
1597       0.398241
1597        6.26777
1597      0.0191852
1597        6.17657
1597        1.25863
1597       0.616614
1597        6.23415
1597        6.21911
1597        5.33718
1597       0.103111
1597        1.55782
1597        3.31312
1597        6.04832
1597      0.0899691
1597        5.35091
1597        2.81724
1597        3.12454
1597        5.60288
1597        2.00458
1597        0.32108
1597        2.73919
1597      0.0904641
1597       0.438592
1597        5.67787
1597        2.64815
1597        5.03319
1597       0.757935
1597        2.48454
1597       0.747306
1597       0.529437
1597        5.11413
1597       0.425076
1597        3.65532
1597        5.54275
1597          2.733
1597        6.04368
1597       0.701496
1597        1.61983
1597        6.25054
1597       0.948129
1597        3.99936
1597        5.94428
1597        6.21329
1597        2.36272
1597        3.74968
1597        1.85768
1597        6.22007
1597        4.85429
1597       0.291163
1597        3.81795
1597        4.31527
1597        3.42448
1597       0.581414
1597      0.0517202
1597        4.86488
1597      0.0758926
1597        2.89912
1597       0.316249
1597        4.75737
1597        4.97447
1597         4.5909
1597        5.85681
1597        1.75716
1597        4.94382
1597       0.694157
1597        3.04433
1597        6.00041
1597        1.30025
1597        1.22423
1597        3.68048
1597        2.80258
1597        5.20059
1597        0.12772
1597      0.0646682
1597        6.17726
1597       0.113393
1597       0.720098
1597        4.66097
1597         4.6575
1597        2.11809
1597        2.66963
1597           2.31
1597        6.01756
1597        4.43991
1597        1.01364
1597        1.40098
1597       0.217486
1597       0.705275
1597        4.83766
1597        5.37736
1597       0.774292
1597        3.48744
1597         2.2208
1597        5.97322
1597        3.92361
1597        1.99766
1597        2.57053
1597        2.07955
1597         4.3413
1597       0.318596
1597        3.52982
1597        1.40664
1597        4.40442
1597        3.72533
1597        3.01609
1597        2.68618
1597        2.64935
1597       0.471994
1597       0.708605
1597        1.48192
1597       0.539186
1597        4.80528
1597       0.498867
1597       0.531724
1597        2.34477
1597        4.75063
1597        2.95495
1597        1.14765
1597        5.53598
1597        1.14848
1597        3.30423
1597       0.837033
1597        5.72117
1597        1.10234
1597        3.27368
1597        3.29603
1597       0.688626
1597        3.37329
1597       0.306378
1597         3.9681
1597        5.29278
1597        5.47548
1597        5.67308
1597        2.87191
1597        5.44301
1597        3.00917
1597       0.580722
1597         4.0273
1597       0.828517
1597        2.92762
1597        5.20504
1597       0.844524
1597        3.67376
1597         2.0069
1597        6.20418
1597        0.53119
1597        3.19136
1597        3.32348
1597        4.77325
1597       0.747913
1597        3.61564
1597        5.19506
1597        3.65453
1597        5.72784
1597        5.44546
1597        3.11503
1597     0.00062369
1597       0.327933
1597        4.10063
1597       0.484203
1597         4.9937
1597        5.48772
1597        4.98256
1597        2.12104
1597       0.206259
1597        0.12528
1597        3.07039
1597        5.84763
1597          3.848
1597        4.02415
1597       0.987123
1597        1.20955
1597        6.18912
1597       0.839751
1597        3.63782
1597        1.90627
1597         4.1142
1597        5.02986
1597        4.44423
1597        2.03806
1597         3.5901
1597        5.69488
1597        5.62197
1597        2.45315
1597       0.241978
1597        3.88491
1597        4.55151
1597        6.02285
1597        2.89911
1597        1.10924
1597       0.123656
1597       0.107171
1597        6.13115
1597       0.594663
1597        3.41675
1597        2.15357
1597        2.82783
1597        5.88502
1597       0.602098
1597        2.64462
1597        1.33755
1597        6.15349
1597        1.97683
1597        3.78648
1597        2.71607
1597        3.06519
1597        5.74752
1597        3.37083
1597       0.124215
1597        2.82714
1597        2.55632
1597        4.89164
1597        3.97512
1597        3.91875
1597         1.5831
1597        6.27987
1597        6.16807
1597        2.85967
1597        5.64017
1597        3.69725
1597       0.556643
1597        2.21032
1597        5.43797
1597        4.52935
1597       0.599065
1597       0.127679
1597        3.00843
1597        4.11044
1597        3.88413
1597        1.35351
1597        2.40564
1597        3.45095
1597        4.17829
1597      0.0507962
1597      0.0358307
1597        4.31899
1597        6.02613
1597        3.79783
1597        1.04058
1597         3.3036
1597       0.590062
1597        3.86134
1597      0.0800284
1597        5.53174
1597         5.1207
1597     0.00898262
1597        2.34558
1597        3.14102
1597        3.66161
1597        1.57908
1597        2.28612
1597       0.115125
1597         3.0431
1597        1.52006
1597        2.44198
1597       0.776552
1597        3.01116
1597        6.01542
1597        2.90837
1597        2.40955
1597        5.82013
1597        1.20741
1597        1.55585
1597       0.323643
1597        3.60002
1597        1.79309
1597        2.16361
1597        4.26272
1597        6.21964
1597       0.254287
1597        5.74482
1597        5.83272
1597        3.45997
1597       0.303316
1597       0.754595
1597        5.62371
1597      0.0722857
1597          6.062
1597        3.58866
1597        1.89327
1597        3.31772
1597       0.445533
1597        2.63854
1597        4.68669
1597        3.69547
1597        3.54352
1597        3.16926
1597        1.79028
1597        6.25246
1597        2.48441
1597       0.766218
1597       0.469002
1597       0.381727
1597        3.55568
1597       0.590417
1597         1.1727
1597        6.12383
1597        2.59019
1597        2.85607
1597        0.30658
1597        1.62573
1597       0.975512
1597        2.71767
1597        5.93822
1597       0.181686
1597        5.08276
1597       0.816308
1597         5.7978
1597        4.09955
1597       0.215091
1597         4.0908
1597       0.411563
1597        4.01694
1597         5.8346
1597       0.136299
1597        6.10695
1597        3.72327
1597        4.34705
1597        4.30746
1597        5.85863
1597       0.718402
1597        5.75095
1597        4.14379
1597       0.166611
1597        5.67151
1597        2.67433
1597        2.90675
1597        3.88986
1597        3.49261
1597        1.04349
1597       0.549674
1597        4.64626
1597      0.0306388
1597       0.815008
1597        5.91214
1597        6.10557
1597        5.70401
1597         3.1703
1597      0.0648977
1597       0.241867
1597        3.48747
1597        2.87588
1597        2.05715
1597        1.76995
1597        2.38045
1597         6.2829
1597        5.37188
1597        3.57967
1597       0.421573
1597        4.21595
1597        5.94671
1597        5.22756
1597        3.13918
1597        4.08521
1597        2.35096
1597        3.41897
1597        3.04224
1597       0.733693
1597        6.17089
1597        5.89139
1597      0.0635859
1597       0.552558
1597        2.47951
1597        3.00963
1597       0.139654
1597        6.28309
1597        1.86361
1597         4.6365
1597        3.56104
1597        5.12375
1597        3.96016
1597        5.34585
1597        5.56917
1597        3.16605
1597        6.25405
1597        3.36382
1597        1.01386
1597        3.02383
1597        5.44119
1597        3.20086
1597        4.20842
1597       0.158252
1597       0.609882
1597       0.324064
1597        5.44692
1597        5.87917
1597        2.18681
1597        1.89456
1597        0.27041
1597        2.65973
1597          2.721
1597         5.8435
1597      0.0837435
1597        1.12313
1597        1.59023
1597       0.980555
1597       0.563556
1597        4.93097
1597        1.80992
1597       0.118707
1597         3.3698
1597       0.328151
1597        2.62228
1597        4.47804
1597        2.23241
1597        2.14127
1597        2.24454
1597        6.08398
1597        2.88228
1597        2.34569
1597        5.62752
1597       0.037163
1597         4.2339
1597        5.70864
1597         5.8503
1597        2.22274
1597        2.54216
1597        2.73264
1597        5.44232
1597       0.307595
1597         5.1195
1597       0.679403
1597        5.52645
1597        4.06113
1597        1.08579
1597        1.08344
1597        6.18705
1597        1.01256
1597        4.65658
1597       0.729768
1597        2.47245
1597        6.05667
1597        1.93194
1597        3.46452
1597        6.26944
1597       0.682833
1597        1.87542
1597        6.08549
1597        4.31987
1597        2.59687
1597        3.13796
1597         3.1448
1597        3.83457
1597       0.788729
1597        2.93219
1597        5.37785
1597        4.83856
1597        2.62209
1597      0.0718173
1597       0.350993
1597       0.490977
1597        1.40366
1597        1.15655
1597        5.96817
1597        3.82967
1597        5.40171
1597        3.10096
1597        2.12057
1597        1.78729
1597        1.73244
1597        2.75219
1597        4.55464
1597        2.97165
1597      0.0162581
1597         2.8581
1597        4.19469
1597        3.94328
1597        1.22119
1597      0.0236131
1597        5.51287
1597        3.27486
1597        4.96876
1597       0.351787
1597        2.25033
1597       0.311323
1597        1.24302
1597         6.1105
1597       0.786156
1597        3.14334
1597       0.714667
1597        3.34291
1597        2.66077
1597        1.04812
1597        6.13184
1597        4.50705
1597       0.679388
1597       0.347898
1597        2.91987
1597       0.754184
1597        5.42755
1597       0.503129
1597         1.8011
1597        3.52396
1597       0.167878
1597         4.2768
1597       0.802649
1597        6.21212
1597        5.86072
1597        2.30645
1597        3.08648
1597        3.95532
1597        6.20973
1597        5.14251
1597        5.75007
1597        4.27107
1597        4.20514
1597        0.27412
1597        2.46672
1597        0.26376
1597        3.68558
1597        2.54028
1597        4.21504
1597        1.04658
1597        2.59556
1597        2.63365
1597        5.97064
1597         3.0183
1597        3.15755
1597        6.20216
1597        3.54105
1597        3.81446
1597        2.31097
1597        5.41982
1597        4.84622
1597        3.74525
1597        4.35232
1597        2.75431
1597       0.227054
1597        3.83747
1597        2.40271
1597        5.55078
1597        6.23344
1597        5.13599
1597        1.36726
1597        3.84041
1597        3.97017
1597        5.82541
1597        2.52183
1597        3.49424
1597         2.1961
1597        3.74502
1597        4.24649
1597       0.248452
1597       0.356129
1597        5.46617
1597        2.37524
1597       0.290619
1597        3.46595
1597       0.160583
1597       0.570027
1597        2.44716
1597        4.34685
1597        4.36245
1597        5.40558
1597        2.03005
1597        3.62641
1597        2.64172
1597        2.35036
1597        3.45109
1597        3.92643
1597        5.70492
1597        2.44931
1597        4.58678
1597       0.743975
1597         2.6858
1597        5.77871
1597        3.22296
1597        2.50256
1597        5.20661
1597        3.17472
1597        3.43585
1597        6.15742
1597        1.69333
1597       0.691153
1597        2.63925
1597        3.58351
1597        1.69853
1597         2.3375
1597        1.86067
1597        3.54237
1597       0.758439
1597       0.190549
1597         3.5451
1597      0.0469952
1597        6.14639
1597        3.70782
1597       0.498062
1597        6.10211
1597        2.82325
1597        5.19355
1597        5.35953
1597        4.04504
1597       0.198109
1597        2.50991
1597        3.02487
1597        3.20704
1597        1.94554
1597        2.68956
1597      0.0659815
1597        2.51109
1597        2.76594
1597       0.790325
1597        4.29928
1597        2.33924
1597        5.55275
1597        2.57049
1597        3.02446
1597       0.891891
1597        3.59155
1597       0.321321
1597        2.21884
1597        1.87287
1597        1.05343
1597         3.9258
1597        5.04162
1597         2.7962
1597       0.395469
1597        4.02375
1597         2.9303
1597        2.76464
1597       0.171114
1597        5.59168
1597        2.86433
1597         2.0571
1597        2.01451
1597       0.746284
1597        2.86526
1597        5.98106
1597        3.92061
1597      0.0256299
1597        3.14839
1597        5.31986
1597        3.25275
1597        3.63406
1597        2.53884
1597       0.296341
1597        5.44785
1597        1.15529
1597         5.4419
1597        3.66371
1597        2.39985
1597        4.19943
1597         4.5148
1597        4.57437
1597       0.162383
1597      0.0199846
1597        5.71414
1597        2.04869
1597        3.73298
1597        5.66297
1597        3.60377
1597        3.49931
1597        2.26057
1597        1.45868
1597        5.49814
1597        5.02334
1597        3.96639
1597        5.48528
1597        3.73546
1597        3.19933
1597        2.50036
1597        4.75807
1597           3.15
1597        5.79281
1597       0.598268
1597        3.43532
1597        1.17374
1597        5.06078
1597        3.09198
1597        0.77605
1597        1.07455
1597        5.99956
1597        3.03253
1597        3.32199
1597        1.01945
1597         2.2469
1597        5.95732
1597        5.72382
1597        5.77718
1597        1.60495
1597       0.283087
1597        5.25717
1597        2.34113
1597       0.320737
1597        1.25703
1597        6.26159
1597        1.12871
1597        2.76981
1597        6.25114
1597        3.83578
1597        3.03355
1597        1.39168
1597        3.43468
1597        2.27494
1597        3.89547
1597        3.57078
1597        4.55353
1597        3.88881
1597     0.00734994
1597        2.87178
1597        6.07852
1597        5.62061
1597        3.38326
1597       0.780142
1597        2.47225
1597        5.83767
1597        5.42998
1597        1.71448
1597        3.08507
1597        2.64201
1597        5.72373
1597        3.23809
1597       0.547296
1597        3.37497
1597        3.73263
1597        3.00491
1597        2.91738
1597        3.70294
1597        6.05413
1597        3.27549
1597       0.645606
1597       0.819414
1597         3.4271
1597       0.469303
1597        4.00985
1597        3.58258
1597        2.84556
1597        1.46687
1597        3.17368
1597        5.84465
1597        1.70516
1597        3.87357
1597        6.28303
1597        1.51449
1597        6.14874
1597        4.35807
1597        5.46713
1597        5.57967
1597         4.7532
1597        3.12293
1597        1.51897
1597        3.33881
1597        5.70417
1597        4.02239
1597       0.348001
1597        3.40516
1597        2.89107
1597         6.1445
1597       0.873357
1597        5.92724
1597        1.05723
1597         3.8616
1597        5.32054
1597        6.22793
1597        3.58049
1597      0.0427968
1597       0.240281
1597        3.17818
1597        4.92355
1597        5.76017
1597        4.00072
1597        5.49527
1597        4.06534
1597        3.12749
1597        3.51613
1597        4.17681
1597       0.779811
1597         3.1795
1597        2.22855
1597        6.05161
1597       0.625439
1597        3.81708
1597        1.17985
1597       0.538416
1597        6.06755
1597      0.0886056
1597        5.08896
1597        5.41496
1597        3.08364
1597        4.96774
1597        5.84638
1597        2.58733
1597       0.516669
1597      0.0791729
1597        3.84642
1597      0.0325076
1597        2.78646
1597        0.99448
1597        4.13802
1597        3.00701
1597        1.11694
1597       0.721955
1597        0.24572
1597        5.61241
1597        5.49243
1597        3.06106
1597        2.58692
1597        1.99864
1597        5.58524
1597        1.44741
1597        3.35897
1597        2.30774
1597         3.5773
1597          5.335
1597        4.97372
1597        1.45362
1597         0.1647
1597       0.609284
1597       0.792811
1597        2.34924
1597        2.81073
1597        4.21898
1597        3.27627
1597        1.75058
1597       0.267353
1597        6.16397
1597        2.78121
1597       0.355727
1597        6.27198
1597        6.06108
1597      0.0041094
1597        3.97357
1597         3.0937
1597        2.30679
1597        6.00723
1597        3.61934
1597        3.00809
1597        2.43921
1597        3.26181
1597        3.10274
1597        2.48339
1597        3.40774
1597        3.95769
1597        2.03657
1597        1.66985
1597        3.65948
1597       0.703238
1597        2.88108
1597        2.88431
1597        5.52115
1597        5.56867
1597        5.42965
1597        4.68159
1597         2.6618
1597        6.04863
1597        0.18116
1597        3.47258
1597        5.90757
1597        5.93558
1597        5.35552
1597        5.92761
1597        6.02904
1597        4.65961
1597        1.03067
1597        2.55679
1597        2.84063
1597        5.29474
1597        2.42047
1597        1.99818
1597        5.27104
1597       0.841476
1597        5.43802
1597        1.24764
1597        3.34398
1597        2.98516
1597        0.11707
1597        2.97374
1597         5.1833
1597         5.8476
1597       0.293527
1597         3.9445
1597        0.45282
1597        1.03386
1597         4.2203
1597        1.05363
1597        5.83446
1597       0.782906
1597       0.685742
1597        4.80435
1597        2.73771
1597        3.53986
1597        4.17818
1597        6.16181
1597        1.03604
1597       0.974629
1597         2.8387
1597        6.02586
1597        4.02504
1597         2.2843
1597        2.31804
1597        2.49523
1597        2.55496
1597        4.38722
1597       0.515076
1597        3.35522
1597        0.46968
1597        4.93015
1597        3.12289
1597        2.72246
1597        3.39981
1597        3.76808
1597        2.01125
1597        3.72354
1597        3.94605
1597        3.27641
1597        1.51968
1597        1.50948
1597         1.0165
1597        3.52344
1597        5.00236
1597          5.129
1597        5.84232
1597     0.00129363
1597        2.56266
1597         5.9095
1597        2.87446
1597        2.73229
1597        5.71083
1597        2.77613
1597        2.42423
1597        5.33634
1597        3.86987
1597        5.27048
1597        3.14878
1597       0.550711
1597        5.53003
1597       0.345435
1597      0.0305131
1597        3.51417
1597        5.73093
1597       0.275752
1597        3.20769
1597        5.99405
1597         2.7985
1597         2.0544
1597       0.419152
1597        2.56617
1597        1.35192
1597        4.32163
1597         4.8219
1597        1.65435
1597        5.36594
1597       0.155815
1597        5.73919
1597        5.03992
1597        3.44162
1597        5.59434
1597        3.51444
1597       0.225664
1597        3.46279
1597        5.20279
1597        5.21833
1597        4.60747
1597        5.91605
1597        4.70844
1597       0.224736
1597        1.64068
1597       0.121484
1597        6.05932
1597        3.18997
1597        1.14301
1597        5.96486
1597        1.16789
1597        5.93156
1597       0.798225
1597        3.89327
1597        1.80262
1597       0.257908
1597        3.01358
1597        5.63085
1597        4.80465
1597        3.25304
1597        6.02024
1597        5.92442
1597        5.85725
1597         3.3885
1597        3.23008
1597       0.373406
1597       0.731022
1597        4.75737
1597       0.238646
1597        4.08181
1597       0.568334
1597       0.127451
1597       0.762713
1597        2.31101
1597       0.746864
1597        6.15255
1597        5.14797
1597        2.10115
1597        1.99021
1597        4.00269
1597         4.5469
1597        5.30864
1597        3.81547
1597        1.25649
1597        4.45895
1597        3.02167
1597        4.09285
1597        3.24895
1597        3.28479
1597       0.508275
1597        3.72804
1597        6.08759
1597        4.12278
1597        5.51853
1597        3.62635
1597        1.07078
1597        5.16978
1597        6.26553
1597        2.99372
1597        4.25327
1597       0.240103
1597        4.63485
1597        3.61381
1597        2.29978
1597       0.657038
1597        4.21621
1597         2.4116
1597        3.92654
1597       0.234436
1597        4.59066
1597        6.03449
1597        1.11614
1597        2.47728
1597        4.49466
1597        5.88556
1597        1.70817
1597        2.32638
1597        4.48871
1597        6.12283
1597        2.14355
1597        5.88066
1597        0.19499
1597        5.73316
1597        2.50751
1597        5.79894
1597        6.09527
1597        3.89586
1597        6.19075
1597        2.37614
1597       0.729316
1597        1.89284
1597         4.0087
1597        6.01776
1597        4.12653
1597        2.71369
1597        4.71732
1597        5.43312
1597        3.66859
1597        6.06593
1597         1.5884
1597        2.50137
1597        5.03177
1597        1.31481
1597        3.50213
1597        5.26635
1597        6.10429
1597        2.85591
1597        2.58051
1597        2.92815
1597       0.579732
1597        3.93749
1597       0.137099
1597        4.20042
1597        5.35224
