1422       0.752308
1422      0.0801921
1422        5.18645
1422        5.99365
1422        3.06032
1422        5.19981
1422         4.9144
1422        3.11404
1422        4.90999
1422       0.918832
1422        3.39343
1422        5.89965
1422        4.94444
1422       0.843004
1422       0.163939
1422       0.799305
1422        4.67357
1422        3.51437
1422        0.33741
1422        1.82958
1422        3.77971
1422        6.09257
1422        1.91023
1422       0.324052
1422        1.90973
1422        2.67972
1422        4.70101
1422       0.217439
1422        3.21281
1422        4.09841
1422        3.20465
1422        3.21625
1422         1.6557
1422        2.32946
1422        3.14054
1422        5.44368
1422        2.74061
1422         3.0405
1422        2.83914
1422        4.57192
1422        3.33676
1422        3.20021
1422        0.74354
1422        3.59856
1422       0.630779
1422        3.47989
1422         2.7166
1422        2.67948
1422        5.05914
1422        1.10472
1422      0.0869214
1422        2.35936
1422        3.75594
1422        5.77803
1422        2.85066
1422        1.02552
1422        2.41378
1422        6.06357
1422        5.65972
1422        3.10099
1422        3.40487
1422        6.00738
1422       0.466586
1422        1.77147
1422         4.1456
1422       0.137932
1422       0.816867
1422       0.652829
1422        5.31063
1422         2.1132
1422       0.759247
1422         6.2296
1422         2.8832
1422         2.5548
1422        3.12112
1422         6.2055
1422       0.970066
1422        2.63159
1422        1.80309
1422        1.48659
1422       0.848137
1422        3.39374
1422        3.87499
1422        2.42822
1422        4.93113
1422        3.80321
1422         4.9525
1422        6.06488
1422        2.90724
1422        4.44915
1422       0.349384
1422        3.24761
1422        3.39437
1422        1.52241
1422        3.18042
1422        3.01189
1422        2.44621
1422       0.166458
1422        2.77482
1422         6.1904
1422        2.77061
1422        1.11779
1422        3.03052
1422        1.35538
1422       0.271931
1422       0.484751
1422        3.76792
1422        4.27218
1422        6.27653
1422        3.52895
1422        5.33429
1422        4.91022
1422        5.62159
1422        5.59879
1422        5.92051
1422        3.00275
1422        6.16523
1422       0.172798
1422        3.86878
1422        1.97776
1422        1.02782
1422        3.88064
1422        4.79028
1422        3.14899
1422         1.0277
1422         5.1885
1422        1.21994
1422        5.89956
1422        2.42239
1422      0.0334661
1422        1.98615
1422        5.62649
1422         3.0462
1422        5.23528
1422        4.96219
1422        2.83224
1422        4.08736
1422        2.91456
1422        5.84492
1422        3.43249
1422        4.19679
1422        5.81319
1422        4.08443
1422        3.44849
1422        3.47977
1422         3.5776
1422        3.56836
1422        5.56032
1422        3.54843
1422        4.60926
1422        0.75936
1422        1.37556
1422        2.78412
1422        3.43386
1422        3.90238
1422        1.00298
1422        2.00065
1422         3.7568
1422       0.377324
1422        1.65531
1422        6.25348
1422        3.86447
1422        4.11083
1422       0.753609
1422         2.0011
1422      0.0470601
1422       0.854728
1422        4.00258
1422        3.11762
1422        5.65292
1422        2.74298
1422        4.29856
1422        1.00279
1422        4.24675
1422       0.831519
1422       0.259957
1422        1.88861
1422         2.5612
1422        5.91003
1422        1.95426
1422         4.3027
1422        3.10864
1422       0.673485
1422        2.34058
1422      0.0455637
1422        4.75237
1422       0.417151
1422       0.839534
1422        3.75944
1422        3.01337
1422        3.40695
1422        5.09016
1422        1.64005
1422       0.349911
1422       0.702924
1422        2.26143
1422        0.37802
1422        1.25233
1422         5.8463
1422       0.822162
1422       0.711359
1422        6.11238
1422       0.585105
1422        2.86493
1422        5.56383
1422         1.2418
1422       0.145577
1422        4.35998
1422       0.424416
1422        1.42514
1422        5.89729
1422        6.13398
1422        3.27056
1422        2.40727
1422         2.4643
1422         3.8968
1422        4.35913
1422        3.44913
1422        4.95755
1422        4.04772
1422         5.4391
1422        1.20023
1422         2.3239
1422        4.39951
1422       0.685518
1422       0.877649
1422        2.26484
1422        6.16092
1422        5.94308
1422        4.65767
1422        6.20607
1422        5.61369
1422        6.21571
1422       0.940208
1422        2.04278
1422        4.32704
1422       0.127881
1422        2.78528
1422        4.47926
1422        5.74794
1422        4.80857
1422       0.683344
1422        3.85544
1422         3.9451
1422        3.08899
1422         5.5733
1422        1.89475
1422        2.10734
1422        4.61842
1422        5.96955
1422         3.8358
1422        2.61387
1422        4.44591
1422        2.06865
1422        3.51015
1422        3.79645
1422        3.67425
1422        5.44413
1422        1.28282
1422        5.51906
1422        5.27886
1422        5.22337
1422        3.68886
1422        1.35293
1422        1.13499
1422        2.74357
1422       0.893072
1422      0.0892534
1422        5.69055
1422       0.945906
1422        6.16461
1422       0.983915
1422         5.0499
1422        1.19495
1422        2.82347
1422       0.654053
1422         4.5025
1422       0.167461
1422        6.25529
1422        2.07703
1422        5.39399
1422        3.07043
1422       0.227439
1422       0.622916
1422        1.06659
1422        1.60521
1422         5.0601
1422       0.552962
1422        3.47093
1422       0.260122
1422       0.858563
1422       0.146802
1422        4.06497
1422        3.50154
1422       0.962452
1422        6.25203
1422        4.72778
1422        1.01418
1422       0.965822
1422        3.74446
1422        3.45818
1422         3.9089
1422        3.55495
1422        0.99442
1422        5.40075
1422       0.818945
1422        3.46246
1422       0.691383
1422        3.46491
1422       0.271199
1422        1.40872
1422        4.23891
1422        1.80707
1422        2.17417
1422         4.1133
1422        3.60741
1422        3.47515
1422        1.50783
1422        4.57579
1422        6.05101
1422        3.40346
1422          3.772
1422        4.29198
1422        3.98893
1422        2.10889
1422        5.20041
1422        1.05567
1422        4.04624
1422        4.08801
1422        1.42648
1422        1.50952
1422        4.33283
1422        2.14797
1422        2.01506
1422        1.48369
1422        2.75711
1422        4.35711
1422        4.18378
1422        6.17441
1422         6.1622
1422        2.25496
1422       0.465105
1422        1.00371
1422       0.636799
1422        2.84001
1422        4.25398
1422        2.77444
1422       0.581889
1422       0.695914
1422        3.57864
1422        2.02697
1422        2.63875
1422       0.850843
1422        4.38752
1422        1.78616
1422        2.01343
1422        5.24043
1422        2.80308
1422         5.5415
1422        1.03593
1422         4.1098
1422       0.127486
1422       0.041879
1422       0.776684
1422         3.9203
1422        5.03698
1422        3.49465
1422        5.07048
1422        2.13073
1422        3.47776
1422         2.5503
1422      0.0461765
1422        5.45733
1422       0.181907
1422        1.05284
1422        1.17463
1422        5.42367
1422        3.97398
1422        1.64434
1422        3.38077
1422        5.79184
1422        4.52792
1422        4.41958
1422        2.68962
1422       0.530013
1422        3.20892
1422        3.83045
1422        2.99475
1422        2.71441
1422        4.08617
1422        0.79744
1422        3.32235
1422        5.95387
1422        3.11947
1422       0.343451
1422       0.368146
1422        1.34264
1422        2.83526
1422        5.58459
1422       0.927378
1422        1.94269
1422        3.28829
1422         4.3486
1422        5.79883
1422         4.6019
1422        3.02463
1422       0.847275
1422        1.51983
1422        6.22321
1422        2.80804
1422        4.17105
1422        0.51724
1422        6.20461
1422        1.54803
1422        2.74639
1422        2.90685
1422        1.58465
1422        5.48302
1422       0.999857
1422        3.72628
1422        3.51788
1422       0.129437
1422        3.28563
1422        3.75351
1422         4.0145
1422         5.4933
1422        1.79292
1422        1.06696
1422        5.76688
1422        3.21604
1422        3.27529
1422        4.23528
1422        4.01646
1422       0.418858
1422        4.74658
1422        3.38202
1422       0.693589
1422        3.33845
1422        2.47978
1422        2.88004
1422        3.70195
1422        5.13633
1422        5.62821
1422        3.56003
1422        3.74449
1422        1.49941
1422        5.43222
1422        4.24787
1422        1.07297
1422         3.5177
1422        6.24431
1422        1.23258
1422       0.899469
1422        1.77975
1422        2.69411
1422        4.53759
1422        4.58842
1422       0.394551
1422        4.08069
1422        1.00775
1422       0.645089
1422        6.26592
1422        1.50596
1422       0.488674
1422        5.54362
1422        1.49152
1422        1.77385
1422        5.78816
1422        5.23169
1422        5.00483
1422        3.88755
1422        5.95497
1422        5.26803
1422        4.06536
1422        1.02428
1422        1.92425
1422       0.819345
1422        5.72877
1422       0.920338
1422        5.50284
1422        1.48088
1422        3.71123
1422         3.6905
1422         1.4119
1422       0.393673
1422       0.602574
1422       0.301953
1422        6.13752
1422        2.25185
1422        3.32746
1422       0.993965
1422        1.87778
1422       0.571552
1422        3.20791
1422        2.77941
1422      0.0242784
1422        5.53724
1422        0.75087
1422          4.368
1422        1.92791
1422        5.13878
1422        5.90478
1422        3.71259
1422        2.93223
1422        3.09793
1422        2.94746
1422        3.89324
1422        3.96555
1422       0.534769
1422        5.24427
1422        4.17604
1422        6.23731
1422        5.88717
1422        6.15723
1422         5.2782
1422       0.388719
1422        6.18011
1422        2.10059
1422        1.36605
1422       0.754481
1422        3.16704
1422         5.2319
1422        5.40386
1422         2.9929
1422       0.856757
1422        3.67574
1422        2.29851
1422        1.39993
1422       0.530165
1422        2.69942
1422        5.57182
1422         3.6102
1422        6.13367
1422        2.97383
1422        3.79866
1422        1.98638
1422        3.51092
1422        4.30102
1422       0.617369
1422       0.652551
1422        3.20626
1422        3.21568
1422        3.76386
1422         6.0569
1422        4.35265
1422         4.2252
1422        3.11146
1422        2.85102
1422       0.942451
1422        6.17276
1422         3.8779
1422        1.69425
1422       0.243177
1422        3.05338
1422        2.13223
1422        5.89237
1422        6.19785
1422        5.56728
1422       0.980111
1422        2.86303
1422        3.04851
1422       0.758501
1422       0.180649
1422       0.865368
1422        5.70398
1422       0.388063
1422        5.25054
1422        1.97569
1422        3.53348
1422        4.29133
1422        2.88506
1422        3.56395
1422        3.96181
1422        6.28233
1422         3.7782
1422        3.48924
1422        4.19523
1422         5.7331
1422        1.99876
1422        4.40769
1422        4.15777
1422        2.56222
1422       0.867853
1422        2.80693
1422        3.82112
1422        4.95311
1422        3.40604
1422        5.65359
1422        2.45867
1422        4.52804
1422        4.69167
1422        2.92393
1422        1.18738
1422        4.20037
1422        5.67165
1422        5.82942
1422        4.79318
1422        6.14904
1422        2.52356
1422       0.702392
1422        4.27494
1422        2.73894
1422        3.10745
1422        3.28753
1422         3.6446
1422          4.253
1422        5.12137
1422       0.414766
1422        3.33088
1422       0.942737
1422       0.254123
1422        2.71259
1422         2.1103
1422        3.62135
1422        2.44846
1422        5.99071
1422       0.677198
1422        3.78847
1422        1.02578
1422        5.83449
1422        3.79735
1422        1.88098
1422        3.53513
1422        5.98701
1422        2.92841
1422       0.959122
1422        5.05307
1422        1.11006
1422        4.18171
1422        3.92366
1422        5.88456
1422        3.55355
1422        4.99549
1422        1.62292
1422        3.47155
1422        1.55299
1422        6.18535
1422         1.2964
1422        3.35908
1422         3.6583
1422        4.18712
1422        5.47441
1422        4.96009
1422        5.16928
1422        5.99711
1422        3.87304
1422         5.8238
1422        1.51036
1422        2.59619
1422        2.46756
1422        0.18987
1422       0.825358
1422       0.292384
1422        5.41391
1422        3.02997
1422        1.12406
1422        4.56349
1422        5.30734
1422        2.86024
1422        1.06938
1422       0.309716
1422        2.14245
1422        5.87619
1422       0.908632
1422        4.46523
1422       0.956302
1422        1.39102
1422        1.72022
1422        5.86583
1422        2.91646
1422        3.31605
1422        4.66895
1422       0.246678
1422        4.17587
1422        2.70513
1422        6.25964
1422        3.97927
1422        3.92672
1422       0.117367
1422        1.72299
1422        1.06926
1422        1.68623
1422        5.23285
1422        6.20734
1422        6.12737
1422        6.07745
1422       0.865533
1422        4.39468
1422        1.09785
1422        2.45191
1422        3.30272
1422       0.830455
1422        2.63403
1422        2.83416
1422        2.74423
1422        3.76401
1422        4.70025
1422       0.878935
1422        2.74861
1422        4.41792
1422         4.2748
1422       0.500558
1422        4.16542
1422        3.48899
1422        3.33894
1422        2.92132
1422        1.02892
1422        0.03911
1422        3.17281
1422        5.43867
1422        3.39928
1422       0.458452
1422       0.729593
1422        4.94445
1422       0.455793
1422         3.5489
1422        2.79602
1422         3.4048
1422        5.03567
1422        5.97445
1422        3.97137
1422         5.7852
1422       0.499761
1422        1.13319
1422        4.80582
1422        4.08478
1422        3.28719
1422        1.82447
1422        1.72103
1422       0.270273
1422         4.6991
1422        6.12818
1422      0.0599456
1422        3.94534
1422        3.64784
1422        4.16763
1422        6.00996
1422        3.78346
1422        4.45359
1422        3.35823
1422        6.21099
1422        6.19461
1422        1.74283
1422        5.86623
1422        6.10576
1422         2.3497
1422        2.36327
1422         1.9533
1422        5.66954
1422        4.01288
1422        4.04173
1422       0.880355
1422        1.46637
1422       0.435913
1422        3.71308
1422       0.765226
1422        5.46151
1422       0.859962
1422        3.01037
1422        2.61478
1422         3.4419
1422        3.95024
1422        5.83251
1422        4.06369
1422        3.40221
1422        5.49444
1422       0.716661
1422        2.93397
1422        3.26327
1422        1.74616
1422        2.51283
1422        3.18667
1422        1.83984
1422        3.86662
1422        3.44462
1422        5.30894
1422        1.05987
1422        6.26512
1422         1.5605
1422        1.69944
1422         4.6797
1422        2.52926
1422       0.306085
1422        0.69925
1422       0.330846
1422        2.41241
1422        4.22636
1422        2.68563
1422       0.216158
1422        3.24357
1422        3.57247
1422        1.30497
1422        3.53709
1422         2.8194
1422       0.951892
1422        1.99232
1422        6.17432
1422         3.7703
1422         1.3773
1422        5.08252
1422        3.58571
1422        4.90566
1422        5.94097
1422          3.172
1422        4.18939
1422        2.55609
1422        2.43934
1422        2.62625
1422        1.65886
1422       0.777129
1422        4.91362
1422       0.470506
1422       0.140777
1422        6.02328
1422       0.262179
1422        5.98368
1422       0.873795
1422        4.71925
1422       0.541936
1422        5.43797
1422       0.596892
1422        5.13502
1422        0.53445
1422        1.65989
1422       0.309523
1422        6.19772
1422        3.84611
1422      0.0302835
1422        6.20223
1422        6.14562
1422        5.22022
1422        1.33139
1422        4.43721
1422        3.12017
1422        1.41886
1422        3.43761
1422       0.501937
1422       0.877981
1422        3.45456
1422        1.19679
1422        3.30575
1422        4.91274
1422       0.641956
1422        2.65609
1422        4.31515
1422        3.30123
1422        2.48361
1422        3.24863
1422        3.22515
1422        4.59998
1422        3.34149
1422         3.3034
1422        1.77282
1422        1.17733
1422        1.19365
1422        3.56962
1422       0.222308
1422          3.114
1422        2.71046
1422       0.137048
1422        1.44967
1422        4.95208
1422         4.4567
1422        4.31946
1422        3.82975
1422         1.9972
1422        5.29791
1422         0.6801
1422        4.70721
1422        5.36457
1422       0.101332
1422        2.64128
1422        1.16682
1422        6.13135
1422         3.7215
1422        5.48258
1422        3.17057
1422        3.75631
1422        2.14147
1422        4.93247
1422        2.97948
1422        4.37632
1422        3.92848
1422        6.27664
1422       0.823437
1422        4.03113
1422        2.99028
1422         3.1374
1422       0.247582
1422        5.37943
1422        4.01131
1422        4.36317
1422       0.506182
1422       0.064284
1422         2.2063
1422        3.36836
1422       0.343685
1422        4.52193
1422       0.140599
1422        0.35231
1422        3.82818
1422        6.18668
1422         6.2486
1422        2.33964
1422        5.84348
1422       0.786413
1422        4.43498
1422        3.63834
1422        5.88863
1422         2.3363
1422        6.05353
1422        2.08092
1422        5.73723
1422        1.47469
1422       0.875901
1422        0.92692
1422        4.87262
1422       0.717484
1422        6.25525
1422       0.819878
1422        6.10923
1422        4.24971
1422        6.18542
1422        1.44477
1422        5.13334
1422        1.05471
1422       0.262818
1422         3.4381
1422        2.82087
1422        2.18974
1422        3.44084
1422        3.77689
1422        4.67063
1422        3.19615
1422        1.35686
1422        1.95266
1422        1.87433
1422       0.958031
1422        1.36598
1422        1.35894
1422        1.22203
1422       0.429121
1422        1.83451
1422         1.2771
1422      0.0603128
1422         3.2409
1422        3.52825
1422        1.02097
1422        3.15745
1422        4.72647
1422        6.11394
1422        3.96891
1422        6.07416
1422        2.91586
1422       0.456637
1422       0.274637
1422        6.01376
1422       0.638362
1422        2.99693
1422        3.46011
1422        4.80601
1422        5.69217
1422        3.81566
1422        3.99113
1422       0.725405
1422        3.78652
1422      0.0287337
1422        4.91629
1422       0.681258
1422        3.30591
1422       0.830146
1422        3.79523
1422       0.170961
1422       0.085096
1422        6.06493
1422        4.26025
1422        0.03784
1422         4.0298
1422       0.173897
1422        4.57091
1422        6.02805
1422       0.628889
1422        4.98957
1422         4.1229
1422        1.67868
1422        3.31246
1422        2.49492
1422       0.454914
1422       0.762235
1422         6.1594
1422        3.11356
1422        5.48365
1422        2.88811
1422       0.410613
1422        4.75947
1422        4.21893
1422        4.74934
1422        2.95212
1422        2.59681
1422        4.51459
1422        1.04598
1422           2.87
1422        2.33122
1422        3.27698
1422        5.38002
1422       0.456021
1422       0.106204
1422       0.909036
1422        4.03613
1422        6.27723
1422        2.68204
1422        2.95326
1422        3.78879
1422        4.92038
1422        5.55382
1422        5.38286
1422        2.12276
1422        4.29062
1422       0.864033
1422        2.56949
1422        2.24806
1422        5.70525
1422        5.03567
1422        3.42735
1422        1.34326
1422       0.987868
1422        2.97359
1422        1.88745
1422        3.36814
1422        1.67237
1422        4.30886
1422        1.23356
1422        3.00524
1422        2.45338
1422        3.05571
1422        2.31805
1422        3.23107
1422        3.57357
1422        1.13791
1422       0.125947
1422        3.46972
1422        3.79043
1422        3.69124
1422        5.18066
1422        0.62757
1422         1.9287
1422        2.99249
1422        6.20508
1422         4.8632
1422        2.48555
1422        2.79104
1422        5.48866
1422       0.235678
1422       0.502285
1422        3.40445
1422        4.81852
1422        1.50235
1422        6.20055
1422        2.05316
1422       0.718801
1422        1.21363
1422        1.83383
1422       0.269657
1422       0.975891
1422        2.01339
1422        2.36364
1422         4.5704
1422         3.4879
1422        3.32296
1422        5.69071
1422        3.22715
1422       0.578244
1422        3.26629
1422        5.09515
1422        1.35875
1422        5.82774
1422        4.03865
1422        4.26348
1422        6.15529
1422         5.1032
1422       0.804743
1422        3.12081
1422        0.59942
1422        2.87427
1422        3.69819
1422       0.499465
1422        4.13322
1422        4.10687
1422        0.22994
1422       0.541761
1422        0.72158
1422       0.796097
1422       0.934125
1422        2.06776
1422        2.64853
1422        1.51147
1422        3.14522
1422        2.79054
1422       0.270982
1422        6.03453
1422        3.42536
1422        5.84155
1422       0.746283
1422        4.16844
1422      0.0449783
1422        5.38491
1422        1.25796
1422        3.59658
1422    0.000584269
1422        3.78942
1422        5.40203
1422        4.46691
1422       0.939107
1422        1.62672
1422        2.82967
1422       0.178488
1422        6.15505
1422       0.571586
1422        3.95884
1422        6.00898
1422          5.578
1422        4.38642
1422        4.91219
1422        4.90486
1422       0.726106
1422       0.935074
1422        4.32142
1422        3.79601
1422       0.260739
1422        2.04159
1422         4.8935
1422        2.56743
1422        3.14538
1422        4.52444
1422         2.8563
1422        2.61613
1422        0.48086
1422        6.23446
1422        3.00508
1422        1.88817
1422         5.2366
1422        1.48213
1422        2.61593
1422        6.06613
1422        2.47733
1422        2.95481
1422        3.45079
1422        5.58269
1422        5.88175
1422        5.72564
1422       0.302761
1422        1.84483
1422        3.84727
1422        1.19931
1422        4.21566
1422        1.29704
1422        4.17312
1422        1.20608
1422        5.11679
1422        4.02341
1422         3.6224
1422        4.46617
1422        2.51414
1422       0.540986
1422        4.38013
1422        4.82772
1422        4.83207
1422         6.0569
1422        1.81465
1422        2.67548
1422        3.22753
1422         6.0186
1422        1.99304
1422        1.31742
1422        5.59653
1422        3.23874
1422        4.37734
1422        2.73897
1422        1.67282
1422         6.1325
1422        4.44335
1422        3.80116
1422       0.913367
1422        1.87832
1422        1.68747
1422         4.9315
1422        1.32024
1422        1.75729
1422        4.83271
1422        4.61273
1422        5.86167
1422        5.67484
1422        6.14385
1422      0.0413584
1422        2.31275
1422        3.07169
1422         3.8111
1422        3.36101
1422        2.76874
1422        5.75864
1422        5.90935
1422        2.14394
1422        1.99556
1422        1.05745
1422       0.937397
1422       0.631827
1422        1.21816
1422       0.631394
1422        1.69356
1422        3.69494
1422       0.949374
1422        0.70268
1422        3.39324
1422       0.540594
1422        2.37394
1422        4.51734
1422        4.66965
1422        2.23093
1422       0.454577
1422        1.12685
1422        6.16897
1422        1.45571
1422       0.612694
1422        3.01478
1422        5.79839
1422        5.97609
1422        2.44702
1422        1.42552
1422        2.36422
1422       0.254744
1422       0.346428
1422       0.955172
1422        1.16811
1422         2.9467
1422        2.42392
1422        1.64882
1422        1.35623
1422        6.05071
1422         2.2437
1422        4.05631
1422        6.25961
1422        4.49905
1422        6.23483
1422        3.48011
1422        5.78185
1422        3.03674
1422        3.34614
1422        5.61316
1422        2.01063
1422        6.23567
1422        4.67497
1422        2.81962
1422         1.2675
1422       0.252942
1422       0.108192
1422        1.41737
1422        4.28797
1422        3.30975
1422        1.03209
1422         2.4383
1422         2.4226
1422        3.23284
1422        3.56248
1422        3.76177
1422        3.02699
1422         4.0412
1422       0.121977
1422        4.52193
1422        3.07748
1422       0.836147
1422       0.120182
1422       0.334615
1422        5.47606
1422        1.71911
1422       0.795119
1422        1.47148
1422        2.41622
1422        5.10208
1422        1.87019
1422        1.84491
1422         1.2914
1422        3.24207
1422        1.80014
1422        2.34456
1422        1.68517
1422        1.30894
1422        4.56672
1422      0.0246343
1422        5.27425
1422        1.37758
1422        5.78121
1422       0.817821
1422        5.29182
1422        5.02644
1422         4.3177
1422         4.0725
1422        1.86266
1422        2.97384
1422        3.43569
1422        3.17758
1422       0.690925
1422         5.5549
1422        4.63412
1422        5.29093
1422       0.369493
1422        4.43712
1422        5.18136
1422        4.34309
1422        4.25877
1422        3.08684
1422      0.0576377
1422        1.42952
1422        5.79881
1422       0.282642
1422        2.86436
1422        2.07591
1422        1.24841
1422        6.26262
1422        1.08733
1422        5.10972
1422       0.583049
1422         3.3361
1422        6.24579
1422        6.02463
1422       0.940813
1422          6.107
1422        5.08496
1422        4.32486
1422        3.63468
1422        2.18711
1422        3.20142
1422        2.10924
1422        3.45888
1422       0.563228
1422          5.015
1422        3.86032
1422        2.19883
1422        2.68077
1422        2.20327
1422        1.02788
1422        2.80228
1422        1.40269
1422       0.823749
1422         3.4062
1422         3.6751
1422         4.0414
1422        1.66011
1422        3.43417
1422        3.34785
1422        3.26978
1422        4.61937
1422        1.35004
1422        2.22371
1422        5.45523
1422        5.28913
1422        5.59156
1422        1.24276
1422        1.84732
1422        4.17595
1422         5.2408
1422        1.30945
1422        0.78724
1422        5.75892
1422       0.993056
1422       0.765541
1422        5.54311
1422        4.15566
1422        5.84016
1422        5.29165
1422        4.75276
1422        6.21607
1422         0.4795
1422        2.84499
1422        2.08429
1422        1.24438
1422        4.56575
1422        2.03461
1422       0.691545
1422       0.363107
1422         1.2782
1422       0.135842
1422        1.47763
1422        6.05897
1422        3.69265
1422        5.04549
1422         2.8178
1422         0.9601
1422        1.38357
1422        5.08031
1422        5.49913
1422        4.09171
1422        1.71843
1422        4.11754
1422        3.98379
1422       0.785461
1422       0.856914
1422        5.44733
1422        1.49283
1422        5.03827
1422         3.9853
1422        2.57145
1422        0.74773
1422        0.76681
1422        2.65398
1422        5.76842
1422        2.32095
1422        4.74291
1422        1.54713
1422        2.16421
1422          6.111
1422        4.33148
1422        2.15138
1422        3.76916
1422        3.98549
1422        2.78395
1422        2.49441
1422        5.63519
1422         3.1646
1422        3.21358
1422        3.82548
1422        4.69938
1422        4.80209
1422        5.01879
1422        2.23273
1422        2.87576
1422        2.76432
1422        5.43718
1422        2.84577
1422        5.55319
1422        3.82366
1422        1.30759
1422        2.43278
1422        2.81352
1422         5.4031
1422        1.86832
1422       0.698923
1422         5.9872
1422        2.21073
1422        1.34488
1422        4.45686
1422         2.6235
1422        6.24297
1422        5.20733
1422         1.4931
1422        4.40662
1422        3.32819
1422        2.67283
1422       0.131733
1422       0.303627
1422        5.28009
1422        2.19668
1422       0.766908
1422        3.01876
1422        3.50746
1422       0.304424
1422        2.83888
1422        5.81066
1422       0.428787
1422        3.45475
1422        6.06483
1422       0.530415
1422        1.24118
1422       0.651708
1422          1.383
1422        5.89701
1422         4.1341
1422       0.010483
1422        5.44188
1422        3.41535
1422        1.18876
1422        2.30524
1422       0.874056
1422        3.48916
1422        1.82133
1422        3.57602
1422        6.06641
1422       0.809117
1422        1.04319
1422        3.58023
1422       0.302061
1422       0.991208
1422        3.12775
1422       0.989383
1422        3.77941
1422        2.87168
1422        4.22217
1422        5.63305
1422       0.519172
1422        1.58353
1422        5.19883
1422        3.51119
1422        5.19477
1422        1.77423
1422        0.75164
1422        5.50871
1422         3.2163
1422        5.57296
1422        1.61756
1422        1.80332
1422        2.77533
1422        5.81764
1422        6.16029
1422        6.07416
1422         5.6044
1422        6.21586
1422        5.30356
1422        1.27101
1422        5.35341
1422        1.82394
1422        2.95585
1422        5.81023
1422        5.00714
1422        3.92306
1422        3.59229
1422        6.08405
1422        1.72905
1422        5.63954
1422          1.445
1422        2.48081
1422        3.58975
1422        1.49965
1422        2.67641
1422        2.34107
1422        1.51333
1422        1.41129
1422        4.11906
1422        3.84981
1422        1.52939
1422        5.80333
1422        5.60606
1422        5.35086
1422        5.04218
1422        6.15935
1422        2.58771
1422        5.27984
1422        3.91628
1422        1.49715
1422        5.75434
1422        4.37051
1422        1.62353
1422       0.908181
1422        0.77612
1422       0.794474
1422        3.14516
1422        0.35121
1422        3.69845
1422        2.98131
1422        3.95068
1422         6.0501
1422        1.98386
1422        4.98481
1422        4.86708
1422        4.93435
1422        3.61938
1422        3.34332
1422       0.620096
1422       0.438606
1422        2.09731
1422        1.84549
1422        1.02302
1422        5.07101
1422        6.15175
1422        4.01311
1422        3.36374
1422        6.15393
1422        5.73969
1422        4.63563
1422        5.66613
1422         0.2326
1422        1.52207
1422        4.83365
1422        5.82973
1422        3.90463
1422        5.65142
1422        1.07545
1422         5.5452
1422        1.61758
1422         5.2372
1422        4.72245
1422        4.20685
1422       0.252414
1422        0.43735
1422        3.42979
1422        4.90171
1422       0.672596
1422        4.34416
1422        2.35862
1422       0.311235
1422        5.49704
1422       0.272595
1422        2.68452
1422        1.08835
1422         3.5099
1422        2.15519
1422        1.33393
1422       0.703308
1422        2.98089
1422        1.90455
1422        2.14565
1422       0.556314
1422        5.87957
1422        2.54532
1422        4.19313
1422        3.63605
1422        5.92734
1422        5.89425
1422       0.852925
1422      0.0211103
1422       0.747237
1422        4.79874
1422        5.01456
1422        5.07848
1422        3.74836
1422        3.49599
1422        2.38974
1422        4.19017
1422        1.00882
1422       0.203617
1422       0.145583
1422       0.309045
1422        1.20904
1422        5.92656
1422        4.54205
1422       0.706219
1422        2.78574
1422        2.46238
1422        3.85284
1422        5.85463
1422        4.85956
1422      0.0049856
1422        3.65268
1422        6.22762
1422        4.17779
1422        2.31509
1422        5.39744
1422        4.33657
1422        4.62112
1422        3.93467
1422        5.73945
1422        5.84802
1422         2.4345
1422        0.39817
1422        3.95888
1422        0.72554
1422        2.61031
1422       0.218754
1422        3.71715
1422        3.51259
1422        0.78423
1422        4.68667
1422        3.63996
1422        3.78444
1422        5.72599
1422        2.27914
1422        1.99371
1422        2.96711
1422        4.67557
1422        1.96655
1422        1.89045
1422        2.53944
1422        5.58443
1422        1.97575
1422        3.24492
1422        1.28463
1422        3.25302
1422        5.99187
1422       0.939737
1422        0.35456
1422        6.13674
1422        1.20662
1422        4.10304
1422         1.6974
1422        3.27816
1422        5.10771
1422        2.94082
1422        4.14997
1422        2.67062
1422       0.262797
1422        3.91388
1422         2.7375
1422        6.02852
1422        6.17331
1422       0.788245
1422        3.27603
1422        3.53732
1422        5.41727
1422        3.82606
1422        1.90727
1422        2.60825
1422        5.46425
1422        4.11386
1422         5.0636
1422        3.22948
1422        5.54898
1422       0.193314
1422        3.19475
1422        4.11187
1422         2.6926
1422        3.83488
1422        1.57002
1422        4.23783
1422        3.46436
1422        4.04623
1422        5.14115
1422        3.74967
1422       0.606693
1422       0.742196
1422        3.89702
1422        4.87926
1422        2.42831
1422         6.0322
1422        4.48323
1422        3.02699
1422        5.08162
1422         2.4267
1422        3.88867
1422       0.110809
1422        2.09446
1422        2.71103
1422        3.60307
1422        3.67348
1422        5.05883
1422        1.65963
1422      0.0627866
1422        4.30196
1422        3.89638
1422        4.82191
1422        5.75721
1422      0.0965859
1422        5.33096
1422        4.87724
1422        4.16895
1422        2.51977
1422       0.796923
1422        1.87755
1422        1.42463
1422        1.24097
1422       0.884034
1422        4.55303
1422        4.95975
1422        5.23251
1422        5.70795
1422        3.41854
1422        3.15327
1422        3.92459
1422        6.27902
1422        6.15113
1422       0.470092
1422        4.06863
1422        3.44713
1422        3.72486
1422        2.26753
1422        4.18391
1422        5.27696
1422        1.82073
1422        3.88477
1422         6.0682
1422        5.49115
1422        4.53466
1422        1.44277
1422         3.6716
1422        2.69692
1422        2.81072
1422        2.10827
1422        3.97723
1422        4.40212
1422        4.56954
1422        3.93848
1422        6.14911
1422        3.11097
1422        1.01428
1422       0.993724
1422        4.81045
1422       0.202539
1422        4.27612
1422       0.781619
1422        5.00985
1422         6.0784
1422        3.73714
1422        4.52496
1422        3.55038
1422        5.19886
1422       0.732822
1422        4.87085
1422        1.57213
1422         4.7967
1422        1.85792
1422       0.689749
1422        3.27136
1422        4.91168
1422        4.62289
1422        3.07805
1422        3.23454
1422        2.84681
1422        6.12473
1422        5.37184
1422        2.08892
1422        3.75139
1422        3.64863
1422        5.05657
1422        2.61544
1422          5.274
1422       0.401739
1422         3.9483
1422        4.76666
1422        4.86197
1422        2.68734
1422        4.97673
1422        2.03216
1422         5.7456
1422        4.44165
1422        5.74424
1422        4.75449
1422        5.54538
1422        4.11931
1422        3.70737
1422        4.50599
1422        5.43016
1422       0.591932
1422        4.01308
1422       0.874937
1422        3.21681
1422        3.03917
1422        5.90448
1422       0.792125
1422        5.70581
1422       0.471538
1422         3.0936
1422        1.36088
1422        1.31731
1422        6.07793
1422        5.18207
1422        1.81495
1422        1.15484
1422        5.87998
1422       0.312746
1422        1.23159
1422        5.23631
1422      0.0800265
1422        4.09964
1422        5.24235
1422        4.08708
1422        3.23237
1422        3.21186
1422       0.440522
1422         3.8623
1422        3.74371
1422      0.0626399
1422        3.40688
1422         3.5517
1422     0.00753586
1422        3.97046
1422       0.193863
1422        2.08971
1422        5.23509
1422        2.03266
1422        1.67423
1422        5.66857
1422        3.45737
1422        4.74455
1422         1.1647
1422        3.31136
1422        5.94905
1422        4.90499
1422        1.61432
1422        1.43728
1422          4.983
1422         2.6085
1422        5.79339
1422        3.12277
1422        1.27755
1422        6.16323
1422        5.41016
1422        3.32059
1422        3.95962
1422        3.87683
1422       0.150438
1422       0.524395
1422        4.25917
1422        3.41334
1422        2.55056
1422       0.600162
1422        4.53427
1422        3.08095
1422        4.14407
1422       0.920263
1422        3.11805
1422        4.94788
1422        4.68771
1422         2.5299
1422        4.26819
1422        3.77447
1422        6.04153
1422       0.368424
1422         5.7109
1422        1.19877
1422        0.61944
1422       0.441851
1422       0.183092
1422        3.57944
1422        1.96051
1422        5.67079
1422        2.79037
1422        1.98939
1422        2.43304
1422        5.83895
1422        6.20839
1422        6.03692
1422        5.68176
1422       0.455799
1422        5.89308
1422        5.56742
1422        0.34716
1422       0.419064
1422       0.262016
1422        5.81059
1422       0.615968
1422       0.846151
1422        1.29342
1422     0.00181057
1422        1.25271
1422        1.64381
1422        5.60246
1422        2.93828
1422       0.592464
1422        5.59046
1422        3.82256
1422       0.691169
1422        3.33539
1422        3.74089
1422       0.657141
1422        2.43492
1422        1.59394
1422        5.93632
1422         3.4407
1422        3.12826
1422       0.382211
1422        5.13832
1422         4.6748
1422        3.05999
1422        5.43238
1422       0.898112
1422       0.544224
1422        2.67777
1422        4.88314
1422        3.91033
1422        3.47744
1422        4.68285
1422        0.32694
1422        3.66006
1422       0.304205
1422        5.59407
1422        1.54256
1422        3.39647
1422        2.97137
1422        1.13422
1422       0.700401
1422        1.86288
1422        1.31539
1422        3.03328
1422        3.28236
1422        2.07736
1422        4.93946
1422      0.0348239
1422       0.318515
1422       0.449317
1422        2.22282
1422        2.30928
1422       0.650409
1422       0.972421
1422        5.59736
1422        5.15025
1422       0.483306
1422       0.449975
1422         2.7521
1422        1.20644
1422         5.5928
1422        4.99985
1422        1.34214
1422        3.04068
1422        5.47149
1422        1.60856
1422        6.00705
1422          4.925
1422       0.517938
1422       0.742739
1422         1.3854
1422        3.49167
1422        5.93219
1422        5.77738
1422       0.808771
1422         4.5206
1422        2.50884
1422        4.40107
1422       0.768663
1422         2.3111
1422          2.889
1422        4.81457
1422        1.25541
1422        3.50881
1422        3.76916
1422        4.81149
1422       0.125367
1422        5.55529
1422        3.98131
1422        4.22825
1422        3.04569
1422        5.77415
1422         3.2253
1422        5.48978
1422        2.51102
1422        1.82615
1422         3.0014
1422       0.442076
1422        5.13125
1422        5.03322
1422        5.30542
1422           2.86
1422        4.76786
1422        3.62935
1422           1.11
1422          5.602
1422       0.936793
1422        2.92276
1422        1.84148
1422        5.73965
1422        3.31483
1422        1.24978
1422        4.32988
1422       0.220625
1422        4.56439
1422        3.01661
1422        1.61015
1422        2.96158
1422       0.206627
1422        3.89337
1422        1.24375
1422        6.12901
1422        5.99735
1422         4.4067
1422        2.98152
1422        2.87195
1422        2.92589
1422        3.93933
1422        3.12112
1422      0.0371704
1422        5.82078
1422          5.765
1422        4.07468
1422      0.0871176
1422       0.461943
1422        6.10263
1422        5.25218
1422        3.89138
1422        3.89966
1422         2.8735
1422        6.22006
1422       0.954611
1422        3.87411
1422        2.92109
1422        1.09861
1422       0.519985
1422        1.66089
1422        3.65049
1422        5.07762
1422        5.99871
1422        4.41271
1422        2.72841
1422       0.799645
1422       0.217907
1422        4.33854
1422        4.17509
1422         3.0591
1422        2.86927
1422        1.20768
1422       0.695919
1422      0.0732489
1422       0.323119
1422        2.61184
1422         5.0885
1422        4.01744
1422       0.938425
1422        3.56277
1422        4.36678
1422        2.05024
1422        1.98575
1422        0.91768
1422        4.68488
1422        5.06112
1422       0.485906
1422        4.28209
1422        1.30345
1422        2.87213
1422         4.7329
1422        4.46952
1422        2.02301
1422        4.15132
1422         1.0762
1422        1.43816
1422        3.92378
1422        2.88163
1422       0.346018
1422        0.74895
1422        1.05736
1422        1.22352
1422        3.62648
1422        1.45446
1422       0.821574
1422        2.40256
1422        3.44986
1422       0.830236
1422        5.29055
1422        2.31334
1422        1.54171
1422       0.290999
1422        5.46996
1422        2.41852
1422         3.3134
1422        2.45859
1422        5.69415
1422        4.96452
1422       0.857783
1422        4.36253
1422        2.73301
1422        0.51669
1422         5.6601
1422        3.64996
1422        3.94005
1422        2.99531
1422        1.04633
1422       0.467751
1422        1.14871
1422        1.11836
1422         3.8174
1422        1.82274
1422      0.0590607
1422        2.51955
1422        3.57585
1422        1.10704
1422      0.0894024
1422        4.16878
1422        2.32734
1422        1.72794
1422        3.56122
1422        3.10663
1422        3.87164
1422        5.39669
1422        2.15069
1422        4.39699
1422         4.5944
1422        4.01356
1422        3.32568
1422        6.19243
1422        6.04553
1422        6.04389
1422         2.2586
1422       0.325829
1422        3.90929
1422        2.40262
1422        3.22504
1422      0.0972879
1422         2.5261
1422       0.943879
1422       0.180704
1422         6.2523
1422       0.401266
1422        3.73685
1422        1.16415
1422       0.407336
1422        2.33518
1422       0.282118
1422        1.31515
1422       0.578272
1422        4.50731
1422       0.527597
1422       0.917598
1422        4.92402
1422        5.77263
1422       0.123201
1422        3.08585
1422        4.73992
1422       0.145465
1422        3.28592
1422        5.47214
1422        5.35652
1422       0.553082
1422        5.35103
1422        3.86239
1422        2.82067
1422        2.75867
1422        1.96825
1422         4.6029
1422        3.90156
1422        2.58111
1422        5.90941
1422        1.24627
1422        5.23794
1422       0.437402
1422        3.98089
1422        3.29364
1422        5.83312
1422        6.11973
1422        1.18537
1422        4.82081
1422        3.27223
1422        1.31543
1422        5.89011
1422        5.23026
1422          3.483
1422        4.35629
1422        1.45185
1422        3.64397
1422        4.21419
1422       0.609268
1422         4.4797
1422        3.94982
1422        5.83201
1422       0.130985
1422        3.91475
1422        1.89257
1422         5.9774
1422        3.39507
1422        2.26326
1422        2.99905
1422        3.52188
1422        3.53445
1422       0.615353
1422        3.12807
1422        5.94608
1422        3.71419
1422         4.7974
1422        2.96394
1422       0.788704
1422        2.97049
1422        3.85892
1422         3.6931
1422        4.19515
1422        6.14383
1422        2.54984
1422        2.96152
1422        3.74946
1422       0.267394
1422        1.50603
1422          4.966
1422        2.25368
1422        1.30734
1422        5.95261
1422       0.710959
1422        2.92523
1422        3.69916
1422        2.90928
1422        1.45092
1422        4.01333
1422        1.65257
1422        4.24199
1422        5.41168
1422        2.77733
1422        4.51368
1422        6.16857
1422        6.07825
1422        3.28304
1422        4.91131
1422        4.20817
1422         6.2397
1422        4.61485
1422        3.34589
1422       0.159844
1422        4.76889
1422       0.275092
1422        3.87667
1422        5.99806
1422        2.34387
1422         5.5784
1422        3.50824
1422        3.22691
1422        3.69066
1422        1.28877
1422         5.2003
1422         1.4346
1422       0.218209
1422        2.47785
1422        3.24641
1422         5.8189
1422        6.23295
1422        3.51452
1422        5.84625
1422        3.23637
1422        4.63139
1422        2.38525
1422        5.56228
1422        2.54336
1422        1.61062
1422       0.159691
1422        1.54038
1422        2.98602
1422        1.03261
1422        5.69079
1422       0.196683
1422        2.34226
1422        1.83837
1422         6.2443
1422        2.48844
1422        4.71522
1422         3.0869
1422        4.91988
1422       0.879943
1422        3.56647
1422        2.55629
1422        6.01026
1422        2.93231
1422        3.37249
1422        4.27469
1422       0.616887
1422        2.36003
1422        4.44875
1422        5.31247
1422        6.19058
1422        1.13321
1422       0.174502
1422       0.665623
1422       0.729421
1422        3.19741
1422        1.60271
1422        3.84422
1422       0.587971
1422        3.57496
1422        3.84657
1422        4.45911
1422       0.550671
1422        3.67147
1422        5.89865
1422         6.2269
1422       0.871502
1422         3.0969
1422       0.447481
1422        4.26099
1422        3.14759
1422        1.53651
1422       0.746209
1422        5.36795
1422       0.352018
1422       0.315079
1422       0.193778
1422       0.154793
1422        4.18011
1422         5.9818
1422        6.01054
1422        2.44627
1422        1.18559
1422       0.209639
1422        2.71073
1422        0.80158
1422        1.17824
1422       0.991953
1422        5.20763
1422        3.30961
1422        5.35421
1422        3.32687
1422       0.776665
1422         3.3626
1422        6.22449
1422        6.16484
1422        2.94274
1422       0.581114
1422        3.30007
1422        6.01556
1422        5.73915
1422        3.90238
1422        3.68253
1422        4.52671
1422          2.022
1422       0.815926
1422      0.0931763
1422       0.819713
1422        6.24023
1422        4.39481
1422       0.940815
1422        4.62487
1422        1.34889
1422        3.56811
1422        3.37149
1422        2.58241
1422        4.67617
1422        2.36536
1422        1.27719
1422        1.54498
1422       0.966119
1422        3.49959
1422       0.517043
1422       0.532594
1422        2.61188
1422       0.161289
1422        3.02158
1422        5.35817
1422        5.83703
1422       0.415353
1422        4.91571
1422        4.26635
1422       0.312202
1422        2.92872
1422       0.138843
1422       0.502575
1422      0.0236782
1422        3.47406
1422        3.11708
1422        1.45007
1422        5.48422
1422       0.107826
1422        5.29396
1422        2.91689
1422        2.02563
1422       0.479803
1422         2.8798
1422        3.76137
1422        4.68792
1422         4.1151
1422        2.26337
1422        1.78722
1422        3.19867
1422        6.09997
1422        4.50202
1422         1.3687
1422        1.82778
1422        5.16253
1422       0.805889
1422        3.25602
1422        4.50588
1422         5.3562
1422         2.3209
1422        4.28425
1422         5.0245
1422        6.13849
1422        3.05688
1422        6.21467
1422       0.927965
1422        4.67763
1422       0.674137
1422        4.38037
1422        5.94957
1422        5.67954
1422        6.20314
1422       0.529105
1422        4.70951
1422         1.4466
1422         1.0892
1422      0.0206512
1422        2.99609
1422      0.0222552
1422       0.380226
1422        4.36643
1422        3.64022
1422        5.51569
1422        1.36852
1422        2.28846
1422        4.59055
1422        3.84264
1422        4.27268
1422        4.59409
1422        2.72967
1422        4.62791
1422        5.90417
1422        3.37194
1422        2.25256
1422        3.74218
1422        3.11798
1422        1.24674
1422        3.88436
1422        6.19844
1422       0.924874
1422        4.31215
1422        2.36742
1422        4.28019
1422        4.09089
1422       0.914231
1422        3.32476
1422        2.10621
1422       0.691435
1422        2.97121
1422        3.72941
1422        2.96404
1422         6.1558
1422        3.21896
1422        4.43087
1422        0.76669
1422        6.04203
