1078         3.5538
1078        2.93958
1078        5.13422
1078        5.34428
1078       0.792278
1078        5.50734
1078        3.87764
1078     0.00221768
1078        5.70119
1078         5.7862
1078        5.85093
1078       0.168133
1078        5.09949
1078        6.11776
1078        3.43368
1078        5.33475
1078        2.93277
1078        1.64737
1078         3.1661
1078         4.6397
1078        2.47005
1078        4.57207
1078        1.52466
1078        4.57865
1078        3.09685
1078       0.469702
1078        5.16363
1078        2.83629
1078       0.358103
1078        3.95294
1078        4.58309
1078        1.15034
1078         2.0554
1078        6.01229
1078        5.10809
1078        2.17607
1078        4.88746
1078        4.69189
1078        0.86419
1078        2.56262
1078        3.46309
1078        1.07707
1078        3.81303
1078        1.41046
1078        5.69663
1078        3.63246
1078      0.0859082
1078        4.32401
1078        4.46372
1078       0.416266
1078         2.9673
1078        5.41308
1078       0.940477
1078        4.76968
1078       0.205196
1078        2.35183
1078       0.939272
1078        1.30747
1078      0.0765711
1078        1.41335
1078         3.6517
1078        3.58972
1078        2.47226
1078       0.724343
1078        4.23029
1078         1.8404
1078        1.65417
1078         5.5362
1078        1.22928
1078         5.6869
1078       0.564803
1078       0.641164
1078        2.66323
1078        6.23629
1078        2.92745
1078        5.54753
1078        3.12703
1078        0.15131
1078        4.67986
1078        5.21696
1078        5.25831
1078        3.48582
1078        2.04129
1078        3.76795
1078        4.87659
1078        5.46574
1078        2.29706
1078        4.71839
1078        2.60647
1078        2.79331
1078        2.23581
1078        1.68296
1078        2.53198
1078        6.03936
1078         4.4628
1078        5.11698
1078         4.3355
1078        1.72446
1078        5.56102
1078        3.55976
1078        3.03526
1078        1.26799
1078       0.233101
1078        4.36514
1078        3.85564
1078        3.90151
1078        3.50456
1078        5.19473
1078        1.05981
1078        5.75892
1078        1.65554
1078        4.91105
1078        5.54193
1078        5.26722
1078        6.01927
1078        4.89026
1078        6.08159
1078        5.22486
1078        3.26651
1078        4.18818
1078        3.38404
1078        1.03113
1078        4.90779
1078        2.78609
1078        5.80924
1078        3.82469
1078        2.29222
1078        5.91468
1078        3.10667
1078        1.77971
1078        3.64897
1078        3.46641
1078        5.00097
1078        2.30306
1078     0.00943523
1078        4.35329
1078        2.98709
1078         5.6738
1078        2.54573
1078        1.32905
1078        5.93676
1078        2.10808
1078        4.53852
1078        5.36995
1078        4.08152
1078        4.76499
1078        6.11734
1078        2.09222
1078        5.60551
1078        3.93744
1078        6.26262
1078       0.922988
1078        1.21793
1078        4.54005
1078        3.68014
1078        2.32757
1078        5.73304
1078        4.74942
1078       0.922326
1078        2.15905
1078        1.85514
1078        4.26678
1078        1.39325
1078        2.36184
1078        3.92112
1078        5.22012
1078        1.40981
1078        0.70628
1078        4.35011
1078        4.59285
1078        5.51659
1078        2.40145
1078        5.47966
1078       0.670125
1078       0.733212
1078        5.57157
1078        3.14736
1078        2.98911
1078       0.835499
1078        5.61209
1078         4.8701
1078       0.451639
1078        1.81663
1078         2.8921
1078        5.58649
1078         2.8478
1078        1.64324
1078        3.76067
1078        1.77896
1078        5.72809
1078        2.38317
1078        2.85602
1078        1.83886
1078        1.00919
1078        1.37738
1078         3.6423
1078        6.23742
1078        3.05263
1078        3.31862
1078       0.592295
1078        2.11577
1078        2.56995
1078        1.73155
1078        2.58557
1078       0.332811
1078         3.0274
1078        3.33108
1078        3.26504
1078        2.22819
1078         4.4679
1078        4.95631
1078        5.79014
1078        4.81905
1078        5.28969
1078        1.99979
1078        1.61314
1078        1.09095
1078        2.76832
1078        6.19842
1078        2.13631
1078        3.88526
1078      0.0542372
1078        2.17308
1078       0.412251
1078        2.86568
1078       0.277323
1078        2.50539
1078        0.99706
1078        5.98152
1078        4.21111
1078        2.66255
1078        1.56557
1078         2.8488
1078         2.9616
1078        3.02052
1078        2.85636
1078        4.34252
1078         4.1539
1078        4.98784
1078        5.79342
1078        5.55736
1078        1.44261
1078        5.59823
1078        3.88286
1078        2.88844
1078        5.80607
1078        3.72112
1078        3.52598
1078        5.21345
1078       0.958162
1078       0.404147
1078        4.61662
1078        6.04463
1078        3.21987
1078        4.70002
1078        2.84094
1078        5.18568
1078        5.28594
1078        2.17124
1078        1.72709
1078        2.43203
1078       0.348223
1078        3.49197
1078         5.0725
1078        6.20664
1078        2.62172
1078         2.3349
1078        6.09956
1078        2.71701
1078        4.39255
1078         2.5113
1078        2.24209
1078        1.12905
1078        3.45892
1078         2.7363
1078        4.83762
1078          1.718
1078        4.49447
1078        5.76159
1078        1.45218
1078        5.13553
1078        4.19595
1078       0.896503
1078        4.83085
1078        4.61821
1078        1.11941
1078        1.30512
1078         3.6495
1078        1.76477
1078        1.24366
1078        6.17063
1078        4.83923
1078        1.47716
1078        4.15151
1078        3.28066
1078        1.48879
1078        5.58415
1078        3.53857
1078        2.55242
1078        4.67418
1078         1.7399
1078        1.22278
1078        3.99005
1078        4.45961
1078        3.54694
1078        4.91451
1078        3.02732
1078        1.97718
1078        6.11667
1078        3.54348
1078        3.05831
1078        4.74429
1078         5.3746
1078       0.832481
1078        6.16599
1078        5.19181
1078        2.50723
1078        6.22975
1078        5.77319
1078        4.57325
1078        1.54499
1078        1.02849
1078        1.21968
1078        0.10718
1078        2.00471
1078        5.69216
1078        4.98122
1078      0.0473743
1078        6.06652
1078       0.538351
1078        5.68358
1078        5.75839
1078        4.94289
1078        2.56419
1078        3.21182
1078       0.798398
1078        2.68142
1078        6.27025
1078        2.27524
1078        5.98148
1078        1.05997
1078        6.25918
1078        2.17698
1078        2.96424
1078        1.00059
1078        2.36002
1078        1.93017
1078        1.21376
1078         3.2607
1078        5.48838
1078        3.38093
1078        4.63324
1078        1.14855
1078        3.37446
1078        2.25112
1078        2.70951
1078        3.73165
1078       0.194501
1078        5.29274
1078        4.94431
1078        5.91995
1078        5.18377
1078        2.81306
1078       0.630232
1078        2.33185
1078        2.05865
1078        3.66296
1078        2.87616
1078        4.75263
1078        4.47697
1078        5.17527
1078        4.41234
1078        4.66187
1078         4.1935
1078        5.66994
1078        1.29251
1078        3.32328
1078        5.45685
1078        2.43915
1078       0.564762
1078        4.87455
1078        5.50812
1078        5.70863
1078        5.40267
1078        0.56971
1078        5.71869
1078        1.32854
1078        4.50163
1078        3.95533
1078        2.30196
1078        4.77544
1078        5.52334
1078        4.87195
1078         1.6805
1078        2.64648
1078        5.89473
1078        5.09139
1078        2.51258
1078        6.21531
1078        3.71838
1078        1.89645
1078        5.85774
1078        5.66638
1078       0.139053
1078        3.24274
1078        1.70969
1078        5.71983
1078       0.487397
1078        3.12444
1078      0.0492193
1078        3.10783
1078       0.591238
1078        4.82722
1078        4.11466
1078        5.06851
1078         3.6549
1078        1.81163
1078        1.13483
1078       0.206646
1078        5.66888
1078        2.76775
1078          2.534
1078       0.679797
1078        4.50302
1078        1.94097
1078        4.51896
1078        6.04534
1078       0.808064
1078        2.42481
1078        2.46626
1078        5.38043
1078         1.7358
1078        6.00619
1078         1.8254
1078         1.8277
1078         3.4721
1078        5.86401
1078        1.76708
1078        5.62156
1078        3.70386
1078        4.87121
1078        3.43845
1078        1.63886
1078        5.94633
1078        5.92682
1078        6.23309
1078        6.09135
1078         5.5895
1078        5.99543
1078         1.6291
1078        5.02322
1078        1.12969
1078        6.07753
1078        2.59413
1078        5.27272
1078        5.91871
1078        4.10748
1078       0.270666
1078      0.0934486
1078         2.4808
1078        2.37642
1078        5.78971
1078        6.09606
1078        2.43538
1078        1.62452
1078        2.00612
1078       0.350214
1078        1.02066
1078        3.42427
1078        5.53963
1078        2.09306
1078        6.06807
1078        3.80092
1078        5.71078
1078       0.690396
1078        4.09923
1078        1.50619
1078        4.07559
1078         4.9635
1078        2.73032
1078       0.688856
1078         4.1919
1078        3.54247
1078        5.17191
1078        4.47267
1078        2.85248
1078        2.71183
1078        1.52821
1078        5.24801
1078        5.08113
1078        2.87535
1078        5.38754
1078        2.54282
1078        5.59963
1078         2.3579
1078        3.88704
1078         5.6997
1078        3.40129
1078        5.50865
1078        1.20558
1078        6.05461
1078        3.75828
1078        1.15502
1078        5.77439
1078        3.28188
1078        2.10797
1078       0.258469
1078         5.9312
1078        5.59051
1078        6.07814
1078        4.01182
1078        6.05058
1078        0.10897
1078       0.621088
1078        5.72546
1078        5.82925
1078        5.97978
1078        2.57149
1078        4.98652
1078        5.31306
1078        5.38281
1078        1.99751
1078        1.75888
1078        1.72067
1078        1.78702
1078        2.70902
1078        6.01676
1078        3.82087
1078        3.42739
1078        3.61233
1078       0.479656
1078        1.95097
1078        2.41668
1078        1.50177
1078        1.41349
1078        5.56955
1078        3.85978
1078        1.78481
1078        1.00396
1078        5.43279
1078        4.48781
1078        5.81181
1078        5.92418
1078        3.20789
1078        4.13523
1078        1.99415
1078        2.41558
1078        5.43304
1078      0.0201092
1078       0.551382
1078        3.62006
1078         1.2272
1078        2.52019
1078        2.56194
1078        6.25067
1078         5.2385
1078        4.80802
1078        2.45115
1078        1.36088
1078         2.8793
1078        2.39481
1078        2.86579
1078        5.80556
1078       0.367139
1078        5.55344
1078        3.12454
1078        2.44317
1078       0.500756
1078        1.70145
1078        2.86235
1078        5.28512
1078       0.512987
1078        5.17048
1078        4.63195
1078        5.98452
1078        6.01186
1078         1.0093
1078      0.0776924
1078        4.77063
1078      0.0460655
1078        2.92439
1078        3.23874
1078        6.16674
1078        4.33704
1078        4.53424
1078        2.54893
1078        1.78192
1078        1.60481
1078        4.98335
1078         5.7476
1078        2.66288
1078        4.34519
1078        3.46008
1078      0.0855122
1078        2.36702
1078        4.10495
1078      0.0934597
1078        1.05608
1078        3.09853
1078        1.98877
1078        1.54532
1078        1.69376
1078        5.48378
1078        1.39301
1078        4.50196
1078        1.36589
1078        6.04622
1078        1.69581
1078        4.97347
1078         1.4183
1078        2.76334
1078        2.52752
1078        5.97858
1078         3.0302
1078        3.02997
1078        3.34062
1078        1.06844
1078       0.817598
1078        3.26249
1078        1.89132
1078        5.51252
1078        4.76381
1078        5.32853
1078       0.926426
1078        5.99649
1078        4.11997
1078        1.92455
1078        3.11468
1078        2.78069
1078        1.23128
1078        2.78667
1078        4.01995
1078        1.72466
1078        4.60564
1078        4.15234
1078        2.27254
1078        5.93131
1078         1.9368
1078        4.85377
1078        2.04558
1078        2.97358
1078        5.13223
1078        3.67461
1078        2.42778
1078        5.01948
1078        5.11503
1078        5.53162
1078        2.99224
1078        4.82945
1078        3.13264
1078         1.7018
1078        3.00999
1078        2.11099
1078       0.241811
1078       0.976344
1078        3.27925
1078         2.1102
1078        3.41729
1078        4.08805
1078        3.20402
1078     0.00446717
1078        5.56836
1078        5.40598
1078        2.92257
1078        6.08907
1078        3.29291
1078        4.35846
1078        4.31811
1078       0.109468
1078       0.599022
1078         2.3782
1078       0.583093
1078         6.0097
1078        1.68259
1078         3.1523
1078         2.9886
1078        4.06927
1078        6.05863
1078        5.07049
1078        4.22755
1078        4.44464
1078        5.38545
1078        3.37305
1078        2.86017
1078         2.3536
1078        3.15562
1078        1.89737
1078        4.95183
1078       0.349974
1078        4.43674
1078        5.25142
1078        1.00362
1078        4.58609
1078        1.75389
1078        2.64189
1078        1.96714
1078        2.08923
1078        5.93197
1078        1.49873
1078        4.85036
1078        4.64784
1078        4.43522
1078        2.68545
1078       0.971604
1078       0.404475
1078        1.88298
1078        4.17592
1078        2.82317
1078        4.01438
1078        1.09249
1078      0.0223691
1078       0.678851
1078         1.8443
1078        4.98774
1078        2.67799
1078        0.49394
1078        6.17915
1078        5.14599
1078        2.59591
1078       0.149679
1078        5.30733
1078        2.65804
1078        3.07828
1078        1.04369
1078        1.49288
1078        2.04456
1078        3.29107
1078        2.02867
1078       0.170159
1078        6.08976
1078       0.912757
1078        5.40395
1078        1.74064
1078        4.11611
1078         5.8882
1078        3.22885
1078        5.21351
1078         1.1936
1078        3.25799
1078         5.3274
1078       0.293744
1078        3.37046
1078      0.0436673
1078         5.6529
1078        2.19901
1078        1.96349
1078        3.52833
1078         4.6665
1078        5.81964
1078        3.95201
1078        5.53389
1078        0.44648
1078        4.04818
1078        4.98145
1078       0.834208
1078        2.68165
1078        3.22044
1078       0.583439
1078        6.05803
1078        0.13971
1078        1.13332
1078         4.1775
1078        2.08049
1078        5.77073
1078        4.57435
1078        2.07214
1078         3.2509
1078        0.16367
1078       0.363629
1078        5.21537
1078        2.36996
1078        4.09712
1078        2.79257
1078        1.69699
1078          0.858
1078        5.20633
1078        2.63807
1078        5.69208
1078        4.52844
1078        6.25119
1078        1.86088
1078        3.40057
1078        5.52299
1078        3.60478
1078        1.89392
1078        1.88213
1078        4.59503
1078        5.64062
1078        6.06506
1078        5.63252
1078        2.55628
1078        5.37995
1078        5.01042
1078        2.52574
1078        2.73878
1078        1.89439
1078        5.17396
1078        4.67913
1078         4.1048
1078        5.85142
1078        3.02116
1078        2.79631
1078       0.277633
1078        1.78183
1078       0.586123
1078        0.37667
1078        1.78597
1078        4.67555
1078        1.62354
1078       0.292949
1078         2.8439
1078        4.15741
1078        3.80945
1078        2.36661
1078        4.56232
1078          1.244
1078        2.69305
1078       0.776519
1078        4.36923
1078        5.16694
1078        5.51798
1078        5.29461
1078        2.79264
1078        1.32163
1078        5.71098
1078        0.43929
1078       0.759891
1078        1.73347
1078        5.04367
1078        1.34817
1078       0.962566
1078        3.74658
1078        5.20242
1078        6.18548
1078        1.05696
1078       0.993902
1078         4.7337
1078        1.63356
1078        2.73662
1078        3.99817
1078        3.95433
1078        5.50833
1078        2.72895
1078        5.02466
1078        5.78486
1078         2.6134
1078        1.04514
1078         5.2562
1078        1.20115
1078       0.057782
1078        1.42313
1078        5.93637
1078        5.40089
1078       0.313661
1078        6.02555
1078       0.738249
1078        1.75761
1078        3.06083
1078       0.820289
1078       0.678878
1078       0.992998
1078          5.062
1078       0.159549
1078       0.001718
1078        5.79398
1078        1.74298
1078        3.44375
1078       0.426251
1078        5.02255
1078        5.76459
1078        5.00359
1078        2.50894
1078        2.05463
1078        5.83986
1078        1.84982
1078        4.10983
1078         2.2672
1078        5.78648
1078        1.07322
1078       0.750552
1078        4.52688
1078       0.623706
1078        3.77655
1078        5.25065
1078        4.40226
1078       0.793593
1078        2.18326
1078        5.18315
1078        2.54958
1078       0.561005
1078        1.67603
1078        4.68112
1078        5.30377
1078       0.780187
1078        5.29055
1078       0.940971
1078        2.42083
1078        2.15245
1078          3.302
1078        5.91392
1078        1.07926
1078        1.68545
1078          4.192
1078        6.07485
1078        4.12161
1078        2.48731
1078        5.62306
1078        2.57086
1078        1.26873
1078         5.5437
1078        3.08443
1078        1.34404
1078        2.02567
1078        2.55608
1078        2.86879
1078        5.72069
1078        4.33698
1078        1.58651
1078        4.38656
1078        3.71667
1078        1.45692
1078        4.59522
1078        6.24491
1078        1.48305
1078        5.09108
1078        4.98001
1078        0.24891
1078        3.85375
1078        5.43526
1078        2.93716
1078        3.12648
1078        2.60577
1078        0.24015
1078        3.00539
1078        3.93083
1078        4.97074
1078         4.0683
1078        2.83279
1078        3.49222
1078        1.00671
1078        2.11553
1078        3.36037
1078        5.75305
1078       0.408537
1078        3.11079
1078        1.64739
1078        6.13674
1078        2.71506
1078         4.9671
1078       0.109867
1078        5.42719
1078        5.27198
1078        1.60516
1078         2.1117
1078        3.87507
1078        2.76733
1078        5.62746
1078        3.64682
1078        1.47379
1078        1.03004
1078       0.639163
1078        2.06503
1078        1.92802
1078        3.87303
1078        3.34679
1078        3.66132
1078        2.96485
1078        1.19262
1078         5.1163
1078         2.5133
1078        4.81781
1078        1.40492
1078        5.57538
1078       0.767232
1078        2.06338
1078        2.18676
1078        6.27983
1078        1.85242
1078        1.84988
1078        6.03971
1078       0.764595
1078       0.291886
1078        3.94499
1078         4.7349
1078        1.70054
1078        5.81353
1078        4.50153
1078        3.11305
1078         4.2586
1078        1.61383
1078        6.24236
1078          2.834
1078         3.6671
1078        2.62479
1078        2.98245
1078        6.12284
1078        5.11727
1078       0.554229
1078        3.50824
1078        2.08359
1078        5.56636
1078        1.08339
1078        2.45008
1078        1.53299
1078         1.5154
1078        4.60937
1078        1.53593
1078        2.84422
1078        6.25137
1078        5.79052
1078        1.20982
1078         4.6107
1078        5.45233
1078        3.23466
1078        1.60362
1078        3.43634
1078       0.879763
1078        5.71124
1078        2.54339
1078        2.87998
1078        1.52691
1078        1.57818
1078        5.50169
1078         5.1274
1078        5.65982
1078        5.94109
1078          4.093
1078         4.3593
1078        3.30779
1078        2.44975
1078        2.70068
1078        6.08775
1078     0.00897552
1078        2.86934
1078        5.74734
1078        1.79499
1078       0.237333
1078        3.29529
1078        3.32556
1078       0.305228
1078        5.47309
1078        4.72362
1078        3.02427
1078        2.19527
1078        2.66927
1078        4.22356
1078        2.42125
1078        2.61233
1078        2.29854
1078        1.49861
1078        5.87057
1078       0.126487
1078        5.46502
1078        2.14429
1078        3.58411
1078        1.70239
1078        2.98337
1078        2.90917
1078        4.12728
1078        1.08627
1078        6.26704
1078        1.09955
1078        1.99894
1078       0.046746
1078        1.66004
1078       0.721189
1078        1.89673
1078        2.91264
1078        3.65843
1078         1.4817
1078        2.44681
1078        2.80181
1078        1.18107
1078        5.59215
1078         3.7242
1078        5.24721
1078        3.13398
1078       0.213832
1078        5.14617
1078       0.998794
1078        5.28117
1078       0.278959
1078         4.8362
1078        4.22479
1078        3.11057
1078        5.21447
1078        2.28278
1078        3.96853
1078        5.27566
1078       0.492878
1078        3.85053
1078        3.26693
1078       0.143328
1078        1.26652
1078        2.70431
1078        3.61931
1078        3.50265
1078        5.21611
1078        5.60441
1078        2.17956
1078        5.74001
1078       0.462625
1078        5.36925
1078        4.56556
1078        4.54267
1078        3.35232
1078        2.82808
1078        2.18338
1078        4.07142
1078        4.80623
1078        1.05018
1078         1.9523
1078        5.46641
1078        3.29804
1078        4.70238
1078        2.39887
1078        4.40004
1078        1.88272
1078         5.2404
1078          2.173
1078       0.157653
1078        3.67187
1078        1.17187
1078        5.98661
1078        4.77708
1078        4.97204
1078        5.66805
1078         1.4057
1078       0.979172
1078      0.0508257
1078        5.00159
1078        4.80986
1078        2.40934
1078       0.117694
1078        6.26945
1078        1.60385
1078        2.96513
1078        1.09289
1078        1.73252
1078        5.32254
1078        2.03081
1078      0.0754754
1078        3.44508
1078        1.33632
1078        1.38493
1078       0.712252
1078         2.9134
1078        2.34786
1078        4.48955
1078        1.35071
1078        4.19388
1078         5.5401
1078        4.53584
1078         1.5435
1078        5.52024
1078        3.52549
1078       0.884325
1078         2.7845
1078        2.29342
1078        5.52645
1078       0.041837
1078        4.75952
1078       0.190082
1078        1.16433
1078        2.56849
1078        5.15859
1078       0.157488
1078        3.00756
1078        5.34206
1078        5.29679
1078       0.496021
1078        4.60086
1078        3.00864
1078      0.0914941
1078        2.61831
1078        3.11798
1078        5.56167
1078        5.53404
1078        4.51923
1078        2.13254
1078        1.15036
1078        6.05263
1078        2.40643
1078        1.29947
1078        1.40248
1078        5.77169
1078        4.01371
1078        1.74076
1078        6.17901
1078        3.28602
1078        1.59726
1078        1.38907
1078        2.09412
1078        1.63256
1078        5.46395
1078        3.10254
1078        5.79474
1078         2.3118
1078        5.41314
1078        2.26303
1078        4.37676
1078         1.0228
1078        5.71416
1078        1.36697
1078        3.02924
1078        2.63709
1078         2.8465
1078        1.37618
1078        4.91276
1078        1.01834
1078        3.54589
1078        1.08139
1078        5.18327
1078        5.47836
1078        2.50171
1078        2.34185
1078        1.20216
1078       0.148153
1078        5.27408
1078        6.24887
1078        6.03894
1078        2.35443
1078        1.25294
1078        2.13719
1078       0.203485
1078        2.61306
1078        1.15685
1078       0.364323
1078        1.32392
1078         3.7546
1078        3.73934
1078        5.97296
1078        2.61653
1078        2.12235
1078        2.37672
1078         3.7447
1078        5.58535
1078       0.434532
1078        2.38013
1078        1.33748
1078        6.10815
1078       0.608337
1078        5.75186
1078        5.96183
1078       0.785609
1078        5.65647
1078        3.39061
1078        6.13031
1078        5.31785
1078         1.8758
1078        2.07454
1078        2.18867
1078        4.14192
1078        5.86945
1078        5.45557
1078        2.10901
1078       0.673586
1078        4.14388
1078       0.696901
1078        4.25662
1078         1.9779
1078        6.28304
1078      0.0111393
1078        2.98298
1078        2.30718
1078        4.14479
1078        1.17847
1078         4.7742
1078        4.52139
1078        5.73102
1078        4.53079
1078        1.11499
1078          2.503
1078        5.55681
1078        3.29984
1078        1.96446
1078        3.04271
1078        1.60407
1078        5.21468
1078        5.40105
1078        5.93771
1078       0.137522
1078        1.30678
1078        2.36804
1078        4.64038
1078        1.62619
1078      0.0729634
1078        3.69114
1078         5.6009
1078        1.64386
1078        1.93711
1078       0.157391
1078       0.378809
1078         3.1735
1078        2.16279
1078        6.03699
1078         4.1404
1078      0.0733299
1078        5.24077
1078        4.96126
1078        0.13857
1078        4.71289
1078        4.20492
1078        3.74736
1078        3.43085
1078         1.8821
1078        2.28858
1078       0.335686
1078       0.598497
1078       0.876226
1078        5.08315
1078        3.10163
1078       0.021046
1078        2.94763
1078        2.79156
1078        4.75274
1078      0.0914844
1078        5.80699
1078        4.88654
1078        4.72221
1078        4.77154
1078        4.54865
1078        3.31975
1078        1.40958
1078        3.81382
1078        5.52736
1078         2.3361
1078        5.51315
1078        5.88542
1078        3.29268
1078        4.65922
1078        6.21239
1078        2.84757
1078        5.43846
1078         5.2775
1078       0.714421
1078        5.50585
1078       0.468291
1078        5.28965
1078        2.65592
1078        5.16887
1078        1.69108
1078        1.78131
1078        3.57025
1078       0.805663
1078        2.89079
1078        2.23472
1078        2.75137
1078        1.33296
1078        4.18263
1078       0.953896
1078         2.4498
1078         4.8033
1078        2.15297
1078        6.00475
1078       0.510052
1078        4.30749
1078        3.33959
1078        6.21866
1078        2.43727
1078        4.65214
1078        3.27209
1078        6.07284
1078        2.46048
1078        1.00118
1078         6.2539
1078       0.705626
1078        2.25263
1078        4.39942
1078        2.41015
1078        1.49806
1078         4.8153
1078        2.04719
1078        3.29508
1078        3.90875
1078        4.65149
1078        1.48219
1078        2.14933
1078         2.5316
1078        4.72578
1078        5.45975
1078        2.17245
1078        2.82363
1078        5.47305
1078        0.51672
1078        3.01695
1078        3.79061
1078         3.5521
1078       0.884932
1078       0.163075
1078         5.5549
1078        5.09783
1078        5.20834
1078        2.64732
1078        5.60838
1078        1.15441
1078        5.10812
1078        2.09413
1078       0.107062
1078        2.17702
1078        5.20089
1078        5.82778
1078        1.19106
1078        4.42106
1078        3.35101
1078        4.74775
1078        5.33622
1078       0.212152
1078        4.11928
1078        1.55047
1078        5.03708
1078        5.45388
1078        1.21721
1078        1.81138
1078        2.01375
1078        2.23928
1078        2.84659
1078      0.0998885
1078       0.311439
1078        4.85063
1078        5.54523
1078        5.64094
1078        3.12558
1078        4.28842
1078        2.80813
1078       0.397986
1078        3.92476
1078        5.16729
1078      0.0474009
1078        3.45742
1078        5.38348
1078         1.9321
1078        4.39927
1078        4.73425
1078        1.30442
1078        1.63169
1078        1.74909
1078         2.3539
1078        2.20864
1078       0.435107
1078         4.5325
1078         2.8806
1078        1.67648
1078        4.45639
1078        4.61275
1078         2.5361
1078        2.19322
1078       0.776545
1078        1.23637
1078        5.74105
1078        3.74483
1078        2.57133
1078        3.88119
1078        6.25723
1078        5.95916
1078        5.88171
1078        3.97565
1078        1.43552
1078        2.34374
1078        5.33715
1078        2.53831
1078        5.27515
1078        5.54579
1078       0.981656
1078        3.48821
1078        5.16054
1078        2.87111
1078        5.65155
1078        5.17932
1078        3.59251
1078         2.4896
1078        1.46451
1078        5.14061
1078        4.44326
1078        3.15952
1078        1.68092
1078        4.66935
1078       0.466737
1078       0.396645
1078        5.96549
1078        4.90094
1078         3.6664
1078        3.44519
1078        3.99352
1078        4.81766
1078        2.83034
1078        1.66806
1078        5.69915
1078        2.70821
1078        2.31195
1078        4.34266
1078        5.71637
1078       0.505736
1078        1.76799
1078        2.87273
1078         4.0603
1078       0.724124
1078        4.42728
1078        2.94373
1078        1.82218
1078        5.08886
1078        3.00585
1078        3.10409
1078        2.71611
1078        1.58883
1078        2.37816
1078        1.96271
1078        3.79477
1078       0.175229
1078       0.528014
1078        5.61161
1078        5.50625
1078         6.2076
1078        3.33493
1078        2.25939
1078        3.23855
1078        5.04581
1078         3.5943
1078        6.08205
1078        1.67531
1078        3.99213
1078        1.08286
1078        2.45235
1078        5.24938
1078        2.65245
1078        5.83888
1078        2.91963
1078       0.136391
1078       0.570686
1078        1.69518
1078        5.99973
1078       0.476376
1078        2.19599
1078        2.00169
1078        1.96678
1078       0.406731
1078        2.08965
1078        2.36349
1078        5.83321
1078        2.88915
1078        2.77588
1078        5.34424
1078        2.44909
1078       0.180268
1078        2.53614
1078        3.58199
1078        1.83342
1078       0.194415
1078       0.163631
1078       0.890106
1078        2.48901
1078        4.87731
1078        1.39041
1078         5.4454
1078        5.53931
1078        2.26444
1078        3.05292
1078        5.65623
1078       0.103037
1078       0.582994
1078        5.78368
1078        2.08876
1078        4.32757
1078        2.12223
1078        4.57362
1078        5.84839
1078        4.01669
1078        5.36048
1078        5.93442
1078        4.96527
1078        1.99378
1078        6.10334
1078        5.66328
1078        3.54847
1078         2.3185
1078        1.60969
1078        3.91912
1078        5.77768
1078        3.89802
1078        2.80408
1078        1.75001
1078        3.40079
1078        6.26499
1078          3.655
1078        4.84955
1078        4.41007
1078        3.59262
1078        4.92886
1078       0.673764
1078        1.75948
1078        4.49366
1078        5.99377
1078       0.607384
1078        4.39644
1078        3.14682
1078       0.481603
1078        3.05515
1078     0.00121531
1078       0.856484
1078        4.27223
1078        4.84793
1078        1.49133
1078        1.98172
1078        5.71336
1078        4.50865
1078        2.44263
1078       0.524419
1078        5.88262
1078        4.58356
1078        5.93136
1078         2.6025
1078        4.05725
1078        2.14518
1078        2.77536
1078        3.35404
1078       0.144626
1078        3.11234
1078        1.58818
1078        4.73624
1078        5.32762
1078        3.71281
1078      0.0076937
1078        2.37562
1078      0.0970399
1078         4.7455
1078        0.89471
1078         2.2742
1078       0.397418
1078         1.2439
1078        4.19187
1078        3.81866
1078        1.96868
1078        2.56068
1078        1.14866
1078        1.24061
1078        1.82987
1078       0.799602
1078        3.52089
1078        2.26289
1078        4.86449
1078        2.78455
1078      0.0917753
1078        2.61739
1078        6.11607
1078        5.40989
1078       0.965069
1078        1.39014
1078        1.08883
1078        5.46912
1078        1.51771
1078        1.12835
1078        4.78294
1078        5.76245
1078        5.61035
1078        3.32774
1078        4.49268
1078       0.878069
1078        4.32963
1078        3.15889
1078        2.11344
1078        5.34257
1078       0.601355
1078      0.0773929
1078         5.5215
1078        4.96535
1078        6.22739
1078        5.96122
1078        5.32379
1078        2.45637
1078        5.41517
1078        4.52248
1078       0.316606
1078        5.85419
1078        2.27187
1078        6.24744
1078        2.24604
1078       0.568879
1078        1.03131
1078        3.56627
1078        6.07829
1078        2.29477
1078        4.39983
1078        2.43471
1078        4.79692
1078        1.78223
1078        5.32936
1078        4.75227
1078        1.91689
1078        5.52314
1078        4.86082
1078        5.56138
1078        1.78868
1078        4.03901
1078        4.63028
1078        4.61274
1078        3.89635
1078        3.13057
1078        1.48319
1078        5.21664
1078        4.97662
1078        2.49372
1078        3.97523
1078        1.50571
1078        0.62503
1078        2.62178
1078        5.50171
1078       0.393965
1078        3.05944
1078        2.44175
1078        2.86906
1078       0.455944
1078        1.78422
1078        2.27178
1078        3.05734
1078        4.04057
1078        3.97514
1078        2.01234
1078         6.0502
1078         4.3927
1078       0.671129
1078       0.283966
1078        3.20662
1078         2.4779
1078         5.2213
1078         2.5291
1078        2.40506
1078        2.81426
1078        6.12269
1078        6.19355
1078        3.11967
1078        4.53272
1078        3.51512
1078       0.985297
1078        2.99433
1078        3.66519
1078        3.18599
1078        5.74254
1078        5.13519
1078        5.33339
1078        1.46405
1078        1.02545
1078         3.2791
1078        3.70245
1078         4.5033
1078        3.34051
1078        2.35516
1078        1.45151
1078        6.07785
1078        2.30792
1078        5.42808
1078        4.97773
1078        5.13163
1078         5.2515
1078       0.949062
1078        1.97035
1078      0.0622977
1078        2.35518
1078        1.15849
1078        5.56216
1078        5.27313
1078        2.64334
1078        1.68329
1078        5.84131
1078        1.62807
1078          2.981
1078        4.13135
1078       0.890222
1078        4.63548
1078       0.601633
1078        6.02618
1078        1.82605
1078         6.2529
1078        5.60599
1078        2.66687
1078        1.42046
1078        4.66663
1078        5.22313
1078        2.97894
1078        2.62899
1078        5.37025
1078        4.51567
1078        5.77039
1078        6.27154
1078       0.132721
1078        1.89238
1078        6.17706
1078        1.59362
1078       0.337304
1078        5.51071
1078      0.0320048
1078        2.83379
1078        1.08816
1078        0.58369
1078        4.66812
1078        2.20472
1078        4.33331
1078        1.23687
1078        1.14117
1078        4.68686
1078        5.26193
1078        4.90503
1078       0.073296
1078     0.00273503
1078        4.12138
1078         5.8889
1078        0.96973
1078        2.14347
1078         6.1581
1078        6.22896
1078        2.63064
1078        5.37191
1078        2.62619
1078        5.65877
1078        1.44598
1078       0.344002
1078       0.153576
1078        4.13621
1078        2.70077
1078        3.53561
1078        5.58729
1078       0.809362
1078        4.32526
1078        2.06193
1078         1.5314
1078        1.48824
1078       0.495816
1078       0.543786
1078        1.18896
1078         6.0476
1078       0.169746
1078        2.33758
1078        6.03217
1078        4.49616
1078        1.32428
1078        1.99464
1078         3.0996
1078        2.64639
1078        3.30199
1078        4.42129
1078        3.99003
1078        2.87266
1078        2.34439
1078        5.12472
1078        3.60913
1078         1.4995
1078        1.09489
1078         5.4671
1078        1.71776
1078         3.9854
1078        5.45621
1078        6.15306
1078         3.6634
1078        1.65262
1078        3.51995
1078        5.26416
1078         4.8389
1078        4.08348
1078        4.78036
1078        2.20789
1078        2.43507
1078        2.95198
1078        4.23011
1078        3.64207
1078        2.96092
1078         3.1834
1078        3.53452
1078        6.14674
1078        3.05912
1078        2.76816
1078        1.18501
1078        1.81018
1078        4.70593
1078        4.77297
1078        2.19214
1078         2.9401
1078        5.62384
1078       0.237296
1078       0.213782
1078        2.18861
1078        5.72168
1078        6.15442
1078        1.85554
1078        4.94469
1078       0.019289
1078        5.18121
1078        4.03693
1078       0.270749
1078        5.50795
1078        4.92101
1078       0.807109
1078        1.56859
1078        6.05754
1078          1.085
1078        4.45674
1078        1.97825
1078         6.0582
1078        3.01899
1078        1.17665
1078        5.89472
1078       0.663108
1078        1.17065
1078        5.65948
1078        1.17112
1078        3.95374
1078        2.44977
1078        2.94397
1078        1.55254
1078        5.34134
1078        0.73584
1078        5.64467
1078         0.8486
1078        5.36979
1078        5.50982
1078      0.0974695
1078        1.69297
1078        1.43236
1078       0.262867
1078       0.181401
1078        5.00135
1078        2.25715
1078         2.4191
1078        3.44907
1078        3.82013
1078        1.13403
1078        4.92885
1078       0.762671
1078        5.34029
1078        5.07008
1078        5.16432
1078        5.39126
1078       0.784392
1078        1.27982
1078        3.90895
1078        3.85319
1078        3.06841
1078        4.22438
1078        3.90088
1078        5.64007
1078       0.812298
1078        4.63904
1078        6.08661
1078        5.21492
1078       0.200248
1078        6.01804
1078        5.12891
1078        2.99864
1078        2.32421
1078       0.932855
1078        3.26412
1078        1.95974
1078        3.31526
1078         4.3683
1078        1.15334
1078        5.83298
1078        3.43774
1078        5.61494
1078       0.816219
1078         4.9937
1078        0.75076
1078        5.02473
1078        2.51898
1078        2.75471
1078         1.9631
1078         6.0398
1078        3.99895
1078        1.09239
1078        4.42511
1078        3.46642
1078        5.01157
1078        2.52089
1078        2.05399
1078        3.69503
1078        3.22975
1078        4.14776
1078        5.51557
1078         1.3841
1078        2.35044
1078        5.56072
1078        3.50327
1078        2.36789
1078        4.98583
1078        5.55407
1078         5.5078
1078         1.4073
1078        3.71139
1078       0.972401
1078        5.05141
1078        3.02383
1078        5.09698
1078        1.91799
1078        6.02259
1078        5.90558
1078        4.17976
1078        2.72337
1078        2.92311
1078        5.50074
1078        5.53121
1078        5.67588
1078        3.57774
1078        3.81879
1078        6.02024
1078        5.60103
1078       0.323516
1078        3.57505
1078        4.73224
1078         5.0887
1078       0.755824
1078         2.8903
1078       0.811458
1078       0.964558
1078        4.45162
1078        4.72437
1078        2.82413
1078        3.74955
1078        4.43389
1078        3.87262
1078       0.885266
1078       0.308763
1078        2.55939
1078        2.92005
1078        4.44447
1078       0.719227
1078        2.60821
1078        4.62817
1078        5.65039
1078        5.18341
1078        3.49205
1078        3.99891
1078        5.27365
1078        5.33303
1078        3.86423
1078        2.84321
1078       0.786497
1078        1.40772
1078       0.999095
1078        2.37301
1078        3.15805
1078        3.25713
1078        1.67569
1078        1.09142
1078      0.0924783
1078        6.05735
1078        2.76319
1078        6.24425
1078        6.02662
1078        5.35973
1078        5.36393
1078        5.05475
1078        5.95534
1078       0.207535
1078        1.25894
1078        1.55601
1078       0.999278
1078        6.14494
1078        6.27312
1078        2.23674
1078        4.93569
1078         5.9924
1078        5.94165
1078        2.95118
1078        1.75426
1078       0.916225
1078        1.47558
1078        2.94971
1078        5.59038
1078        3.02949
1078        5.14709
1078        5.37571
1078        4.34874
1078        1.11286
1078        6.08023
1078        2.31163
1078        2.94358
1078         5.7643
1078        6.11986
1078         4.5641
1078        5.76159
1078        1.02099
1078        5.25593
1078         1.4918
1078       0.158304
1078       0.314344
1078        2.07197
1078        5.81166
1078        3.21543
1078       0.710869
1078         5.8574
1078        3.12817
1078        2.44981
1078        3.39222
1078        1.94033
1078         5.1602
1078        1.81341
1078        2.67851
1078        5.25549
1078        6.16334
1078        3.60854
1078        4.36577
1078        3.00272
1078        2.62489
1078        0.77652
1078        5.67426
1078        2.73331
1078        3.37438
1078        3.91011
1078        2.86146
1078        1.57863
1078        5.69392
1078       0.421681
1078        5.23091
1078        4.53872
1078        1.88972
1078        5.38984
1078       0.567031
1078        4.86189
1078       0.441099
1078        2.51571
1078        4.83289
1078        4.71551
1078       0.243651
1078        4.02802
1078         1.2518
1078        4.75936
1078        4.77139
1078       0.851351
1078        3.27922
1078       0.222931
1078        2.48272
1078        3.21934
1078        3.15128
1078        5.86648
1078       0.653924
1078         4.9264
1078        1.56332
1078        4.53872
1078         1.1367
1078        5.09875
1078        2.98029
1078        5.64931
1078        2.63844
1078        2.71912
1078        4.19046
1078        2.42924
1078        3.42578
1078        3.34225
1078        5.19574
1078        5.20446
1078        1.08741
1078         5.9674
1078        2.83556
1078        5.37607
1078        2.37687
1078        1.92557
1078        1.79812
1078        4.85039
1078        5.00201
1078        5.03391
1078         5.0004
1078        2.70911
1078         1.7376
1078        4.54881
1078        2.29893
1078        5.65839
1078       0.489379
1078         3.4875
1078        1.28804
1078        1.06414
1078        2.77264
1078       0.727525
1078        5.14352
1078        2.87288
1078        4.42994
1078        1.20724
1078         3.8927
1078       0.927993
1078        2.75641
1078        5.02407
1078        5.39468
1078        4.64513
1078        3.88302
1078        2.95825
1078        6.14466
1078       0.732434
1078        5.26943
1078        1.53122
1078        2.74787
1078        5.02197
1078        4.46632
1078        2.28712
1078        5.65125
1078        3.16247
1078        5.69926
1078        1.19032
1078        1.36238
1078       0.472912
1078          4.561
1078        0.86377
1078         2.1855
1078        3.08628
1078        3.42029
1078      0.0122551
1078        4.54513
1078        4.20458
1078        2.54158
1078        6.19286
1078        0.72078
1078        3.80775
1078        2.69939
1078        6.00838
1078         3.3936
1078        4.72792
1078        1.47607
1078        1.12522
1078        3.59199
1078        4.01084
1078        3.68774
1078       0.431296
1078        5.80662
1078        5.49431
1078        1.43923
1078        1.79314
1078        2.89993
1078        3.57315
1078        3.95534
1078        5.02827
1078         2.6756
1078        3.19486
1078        4.45798
1078      0.0588061
1078        1.04997
1078         5.3217
1078        5.33354
1078        6.15807
1078         2.1809
1078        5.28569
1078       0.186874
1078       0.816691
1078        5.61689
1078        4.17803
1078       0.963715
1078        3.15732
1078        2.24937
1078        5.48291
1078       0.642665
1078        3.19385
1078        3.90433
1078        4.62021
1078        1.93996
1078       0.254112
1078        4.57548
1078        4.07496
1078        3.26325
1078        5.46182
1078        1.93924
1078        4.07992
1078        2.50408
1078        2.24105
1078        6.20555
1078         2.2673
1078        4.57674
1078        3.12219
1078          3.037
1078        3.20253
1078        2.26301
1078        3.39149
1078        1.63074
1078        5.82112
1078        2.46501
1078       0.674073
1078        2.62049
1078        1.75686
1078        2.26782
1078        1.00591
1078       0.381393
1078        2.75465
1078        5.31607
1078       0.978781
1078        1.71694
1078        1.88446
1078        6.25053
1078        3.11893
1078        2.01415
1078        5.21602
1078        1.34658
1078        5.55887
1078        5.36533
1078        5.55494
1078       0.810615
1078        6.17544
1078      0.0233174
1078       0.747947
1078        2.99266
1078        4.68751
1078        4.51802
1078        5.40879
1078        3.63247
1078        4.88741
1078        2.57809
1078        1.61442
1078       0.281859
1078        2.17242
1078        2.93993
1078        2.91086
1078        3.07232
1078        3.07683
1078        2.19576
1078        3.72013
1078        4.31669
1078        2.81043
1078        0.47097
1078       0.313398
1078        1.43623
1078        3.16851
1078        1.23594
1078       0.256574
1078      0.0620946
1078        5.62924
1078        1.31906
1078         3.3229
1078        5.20085
1078        5.96657
1078        6.20928
1078        2.79481
1078        2.22351
1078        6.12933
1078        4.58776
1078        3.07913
1078        3.57873
1078        2.35649
1078        5.50722
1078        2.00605
1078        5.08766
1078        5.62599
1078        1.43642
1078       0.613385
1078        3.69489
1078         2.5227
1078        3.88866
1078        5.25726
1078        1.88631
1078        5.48159
1078        2.62112
1078        4.61002
1078        6.00862
1078       0.547763
1078        1.16722
1078        2.47621
1078        5.92047
1078         3.4699
1078        3.35818
1078        3.57714
1078        5.35476
1078        3.03928
1078        4.03358
1078        4.42162
1078        3.25948
1078        2.72147
1078        1.44448
1078        2.79495
1078         4.9305
1078        3.81398
1078        4.70934
1078        1.61503
1078         5.0234
1078       0.875359
1078        6.01885
1078       0.569587
1078        4.55462
1078        5.38961
1078        2.74042
1078        6.12841
1078        2.83686
1078        3.89666
1078         4.1911
1078        1.06373
1078      0.0135016
1078       0.254503
1078        3.18346
1078        5.87721
1078        4.58214
1078        2.28594
1078        2.03012
1078        3.86232
1078        1.55342
1078        1.75487
1078        5.46246
1078       0.534695
1078        4.54402
1078        4.58918
1078       0.990502
1078        4.42389
1078        2.13404
1078        3.05107
1078       0.711849
1078        5.07821
1078        6.03626
1078       0.924282
1078        5.87171
1078        6.09807
1078        4.57504
1078        2.97558
1078        3.69634
1078        2.00575
1078        6.28051
1078        1.70077
1078        5.85494
1078      0.0298305
1078        4.87603
1078        5.05057
1078        5.47418
1078        5.25788
1078        3.31389
1078        3.45695
1078        3.56522
1078        4.79941
1078        1.20577
1078        5.05186
1078        2.87863
1078        3.64648
1078        2.75791
1078        1.42978
1078         5.3691
1078        5.75646
1078        3.42837
1078        5.90585
1078        1.24696
1078        1.12142
1078        1.87738
1078        1.73983
1078        1.92202
1078       0.391053
1078        1.85749
1078        6.08363
1078        3.72239
1078        4.83404
1078        5.87818
1078        1.91945
1078        2.27683
1078        2.00244
1078        4.82828
1078        3.04936
1078        5.20435
1078        4.84587
1078        5.61034
1078        4.85222
1078        5.75705
1078        2.95612
1078        1.65665
1078        4.87587
1078        2.01132
1078        2.89405
1078        4.55979
1078       0.809921
1078        1.35938
1078        4.24284
1078        5.87048
1078        4.95276
1078        5.38135
1078        2.53453
1078       0.315118
1078       0.265625
1078       0.546774
1078        3.73623
1078        2.82109
1078        2.37902
1078        2.47217
1078        6.09469
1078      0.0204117
1078       0.118335
1078        4.27784
1078        6.24713
1078        3.09693
1078        1.13081
1078        1.13131
1078        0.98037
1078         6.0452
1078        3.33548
1078        2.11905
1078        1.64429
1078         5.4368
1078        5.64328
1078        6.08249
1078          4.987
1078       0.991483
1078        3.99372
1078        5.31568
1078        1.33018
1078        2.44652
1078       0.686264
1078        3.76043
1078        4.46684
1078        2.25874
1078        4.10244
1078         2.6814
1078        6.25211
1078        2.57583
1078        4.16176
1078      0.0556278
1078         4.0025
1078         5.4717
1078        5.61078
1078        2.84977
1078       0.822256
1078        1.62113
1078        1.41783
1078       0.815052
1078        3.31935
1078        5.57558
1078        5.27336
1078        4.75019
1078        5.46869
1078        5.49357
1078       0.131499
1078        2.41246
1078       0.795666
1078        2.62238
1078        3.06801
1078         5.1798
1078       0.400495
1078        4.71914
1078        5.57776
1078        2.37442
1078        6.03882
1078        4.63607
1078        4.09084
1078        1.52184
1078        1.28428
1078        5.71756
1078        1.52238
1078        6.05449
1078        2.04012
1078        5.41789
1078        5.58257
1078        4.30319
1078       0.450578
1078        5.58138
1078       0.658088
1078    0.000282059
1078       0.759985
1078        1.51575
1078         1.2013
1078       0.340722
1078        3.40428
1078        2.12099
1078        2.92888
1078        2.29857
1078        1.55637
1078        2.23084
1078        3.55783
1078        2.08198
1078        5.45882
1078        3.06693
1078         2.1893
1078        2.26032
1078        4.77877
1078        1.23569
1078      0.0427616
1078        1.39694
1078        4.09996
1078         2.3032
1078        3.42693
1078        2.14903
1078       0.980936
1078        3.59467
1078        1.85676
1078        5.50017
1078        4.72111
1078        5.27479
1078        4.77233
1078       0.282847
1078        3.05686
1078       0.441711
1078        2.77835
1078        2.12742
1078        3.17095
1078        4.85037
1078        6.03496
1078        5.64093
1078       0.375895
1078        4.19531
1078        4.23061
1078       0.999538
1078        3.37744
1078        3.02373
1078        4.53686
1078        5.11092
1078        5.22732
1078          2.523
1078        1.96766
1078        1.73384
1078        4.23494
1078        6.01752
1078        5.25286
1078        3.11249
1078        3.97239
1078        2.38796
1078        1.62126
1078          0.091
1078        2.59882
1078        2.13109
1078        2.18115
1078       0.747083
1078         1.5882
