1799        2.68271
1799        5.28015
1799        2.02676
1799       0.581706
1799        4.95774
1799        5.89132
1799        5.48142
1799        4.44488
1799       0.373605
1799        3.15629
1799         4.1543
1799       0.291572
1799        2.59766
1799      0.0981473
1799        5.25856
1799        2.30367
1799        3.41377
1799        3.66701
1799        1.69233
1799        1.43364
1799        4.99998
1799        3.40294
1799        3.98437
1799        1.71678
1799        5.89425
1799         5.7985
1799       0.982739
1799         1.4112
1799       0.028197
1799        4.24254
1799        3.16453
1799        2.41487
1799        5.65291
1799        5.20927
1799        3.10914
1799        3.73327
1799         5.5581
1799        2.84005
1799        2.90584
1799         5.1733
1799        4.99658
1799        3.75765
1799        1.92921
1799        5.74971
1799        3.86144
1799        3.07464
1799        3.49493
1799         2.4195
1799        3.20534
1799        5.68572
1799         2.0709
1799        4.02086
1799        3.76826
1799        1.03442
1799       0.974581
1799       0.697824
1799        3.30652
1799        5.68777
1799       0.240177
1799        4.75766
1799        3.95579
1799        5.04649
1799        1.20643
1799         2.0346
1799        4.00072
1799        6.22727
1799        4.12761
1799        2.99523
1799       0.521848
1799         6.0597
1799        2.23151
1799        4.35565
1799        2.87664
1799        3.27467
1799        2.08361
1799        5.62206
1799        3.66933
1799        1.78966
1799        5.68554
1799         2.7456
1799       0.898938
1799        3.27501
1799        5.87182
1799        5.58051
1799        4.23261
1799        1.34026
1799        3.85781
1799        2.99507
1799        6.27291
1799        6.08281
1799        5.85852
1799        2.46272
1799        4.87649
1799        4.19686
1799        1.15633
1799        3.22413
1799        6.23513
1799        5.30958
1799        5.91805
1799        2.52357
1799        5.98439
1799        5.67497
1799        5.00009
1799        3.11208
1799         4.5914
1799       0.873606
1799     0.00532149
1799        2.44413
1799        2.58946
1799        1.02381
1799        3.63774
1799        5.17191
1799          1.197
1799        1.04407
1799        2.81396
1799        2.83313
1799        1.05767
1799        4.35066
1799        3.20097
1799        3.07453
1799       0.322088
1799        4.10609
1799        6.02444
1799        4.89971
1799        3.74573
1799       0.828158
1799      0.0646278
1799        4.46171
1799        5.63666
1799        5.02122
1799        2.26709
1799       0.911278
1799        2.56244
1799        2.09203
1799        3.06297
1799        5.14532
1799     0.00927334
1799        4.48446
1799        0.85388
1799        5.92898
1799        1.77015
1799        3.78555
1799        1.46976
1799        6.24938
1799        5.64941
1799        2.62622
1799         1.2292
1799        5.87849
1799        2.32823
1799       0.110225
1799        3.54606
1799        2.92169
1799        5.47706
1799        6.23307
1799        2.13804
1799        2.23611
1799        3.27519
1799       0.239688
1799         5.4864
1799        1.80431
1799        5.71558
1799         1.0974
1799        1.65099
1799        5.62897
1799       0.884986
1799        1.68909
1799       0.980246
1799        6.15129
1799       0.137212
1799        5.95016
1799        4.47858
1799       0.475026
1799        3.78317
1799        3.47696
1799        2.32229
1799        0.88498
1799       0.265152
1799        5.85561
1799        1.27549
1799        4.59807
1799       0.220323
1799        1.40809
1799        3.49029
1799        5.88642
1799        6.13113
1799          3.933
1799        5.31564
1799        2.79825
1799         6.1819
1799        3.66115
1799        3.39689
1799        5.67352
1799        1.29869
1799        1.03423
1799        5.12896
1799        2.36792
1799       0.732504
1799        4.12862
1799        3.29593
1799        1.62451
1799        5.26359
1799         3.1607
1799        0.72701
1799         2.0703
1799        3.62117
1799        4.55205
1799        2.52319
1799        5.85476
1799        6.07601
1799        4.97092
1799        5.48857
1799        3.42607
1799        2.35288
1799        4.40657
1799        5.45389
1799        1.90994
1799        5.43488
1799        3.88087
1799       0.866127
1799        5.62324
1799        3.45028
1799        5.81224
1799        2.97751
1799        2.33034
1799        1.75816
1799         1.6794
1799        4.59377
1799          5.457
1799       0.452377
1799        6.20798
1799        3.34938
1799        6.04726
1799        5.94201
1799        2.97842
1799        5.23949
1799        5.15792
1799          5.754
1799         6.2564
1799         4.5826
1799      0.0182417
1799        3.26895
1799       0.532453
1799        5.93891
1799        1.42702
1799        3.70422
1799        3.08409
1799        5.25349
1799        3.49199
1799        3.76165
1799        4.77591
1799        5.18106
1799        3.35705
1799         2.0926
1799        3.44391
1799       0.803514
1799         1.0653
1799        1.55414
1799        2.97659
1799        5.20298
1799        4.54263
1799        4.26504
1799         4.5107
1799        1.92959
1799         4.6699
1799         3.3353
1799       0.438102
1799        4.30058
1799        3.85727
1799        3.60755
1799        3.63994
1799       0.363976
1799        4.77173
1799        1.18301
1799        3.38168
1799        2.82271
1799        5.66131
1799       0.923444
1799        1.69297
1799        5.94744
1799        1.39455
1799        5.25342
1799        2.33314
1799        3.92767
1799        5.20405
1799        3.73882
1799        3.83055
1799        6.15625
1799       0.714259
1799        2.47201
1799      0.0690657
1799        3.68253
1799         1.8222
1799        3.54758
1799        4.91592
1799        5.20397
1799        5.62217
1799       0.152377
1799        3.03807
1799        2.76635
1799        5.71261
1799         6.1799
1799        5.94922
1799        6.10687
1799        1.40668
1799        6.00684
1799        1.33086
1799        2.52357
1799        5.32653
1799        1.74588
1799        1.03581
1799        3.11961
1799        4.47062
1799         5.0647
1799        2.19249
1799        3.75909
1799        3.31655
1799         1.7698
1799        4.77245
1799        5.56074
1799        1.34307
1799        3.64246
1799        2.10793
1799         3.6024
1799        5.88039
1799        2.44703
1799        1.96307
1799        2.85761
1799        3.47536
1799        2.37071
1799         2.9094
1799         2.6966
1799        1.81569
1799        2.37218
1799        1.81326
1799      0.0481424
1799      0.0983572
1799        0.69889
1799        5.92882
1799       0.839794
1799          4.183
1799       0.332906
1799        4.93553
1799         3.2083
1799         4.5649
1799        1.17741
1799         2.2748
1799       0.331625
1799        5.69071
1799       0.848629
1799       0.750855
1799        5.00852
1799         4.9606
1799        4.90393
1799        5.95473
1799        0.28453
1799        1.70618
1799        5.20332
1799        5.32452
1799        5.71106
1799        6.14271
1799        2.76079
1799       0.516348
1799        2.40668
1799        4.79397
1799       0.112208
1799        5.67646
1799        5.20281
1799        5.53922
1799        3.95878
1799        5.61742
1799         4.6752
1799       0.510371
1799        3.51994
1799         4.3645
1799       0.615588
1799        5.13603
1799       0.294748
1799        2.66941
1799        2.75703
1799       0.269077
1799        4.31522
1799        4.79464
1799        3.90424
1799        6.08356
1799        5.01684
1799        6.08833
1799        5.94462
1799        5.66135
1799         3.6075
1799        4.83133
1799        4.70617
1799        3.60356
1799        5.29655
1799        5.74495
1799        1.69376
1799        4.15394
1799        1.33056
1799        3.66029
1799        3.01343
1799        2.58836
1799        1.47198
1799        1.93506
1799        6.15494
1799        5.66248
1799         4.1206
1799        5.82594
1799        1.15237
1799        3.95452
1799        2.26153
1799       0.956996
1799        5.54277
1799        5.68609
1799        1.92593
1799        2.78037
1799          5.564
1799        3.85828
1799        3.45319
1799        5.51886
1799        4.60558
1799         2.5738
1799        2.51386
1799        4.11752
1799         5.6759
1799       0.497212
1799        6.18993
1799        3.90403
1799       0.886205
1799       0.294302
1799         4.1868
1799        3.67198
1799        2.62429
1799        4.04281
1799        4.06928
1799        1.51838
1799        1.13914
1799        3.34411
1799        3.35982
1799        2.91952
1799        2.57081
1799        1.51195
1799         5.6447
1799        5.95957
1799        0.81242
1799       0.436042
1799        5.75984
1799        5.78398
1799        1.76191
1799        3.69004
1799        3.43683
1799        4.36375
1799        1.29112
1799        5.11126
1799        4.05662
1799        5.98783
1799        4.34087
1799        4.60301
1799        1.59187
1799        5.09506
1799        5.95197
1799        2.53759
1799        4.56007
1799        4.63456
1799        1.85954
1799        3.24923
1799         1.5797
1799        5.59314
1799        5.60333
1799        5.71641
1799        4.12634
1799        1.03989
1799        2.36578
1799        5.22413
1799       0.588899
1799         3.6912
1799        2.40603
1799         1.2506
1799        1.04364
1799        2.59021
1799        4.56949
1799        4.20844
1799        1.04554
1799        3.13971
1799        0.73351
1799        1.62177
1799        5.58019
1799        4.93058
1799       0.804676
1799        4.70256
1799         2.4142
1799        3.75622
1799       0.407049
1799         3.3105
1799         6.2023
1799        5.68543
1799       0.307734
1799          0.416
1799        5.73375
1799        2.45088
1799        2.78081
1799       0.888981
1799        5.22971
1799        3.74486
1799        2.45477
1799        3.69581
1799        6.18765
1799        2.79078
1799         5.1299
1799        5.85199
1799        1.23866
1799         2.5203
1799         2.7567
1799        1.92547
1799        4.37347
1799      0.0468405
1799        1.75146
1799        2.16059
1799        5.81219
1799        5.37132
1799        0.89568
1799        3.86079
1799        4.45576
1799        2.79591
1799        5.92133
1799        5.12288
1799        2.00004
1799        5.58263
1799        2.12941
1799        2.64311
1799        1.66208
1799        4.06941
1799        1.44543
1799        2.19647
1799        2.40619
1799       0.378696
1799        3.64664
1799       0.586905
1799        3.86058
1799       0.572957
1799        5.73479
1799       0.626873
1799        0.18029
1799        5.85321
1799        5.04907
1799        2.22567
1799        5.46413
1799        1.35626
1799         4.8228
1799        5.94594
1799        1.29014
1799        3.47718
1799        2.87086
1799        3.69028
1799        5.80183
1799       0.042123
1799        2.96576
1799        1.61946
1799        4.25302
1799        6.20629
1799        5.64978
1799        3.89848
1799        3.17143
1799        0.48844
1799       0.809374
1799        3.13889
1799        5.20226
1799        1.98435
1799        2.92248
1799        1.67559
1799        2.77348
1799        5.88533
1799        5.84358
1799       0.335511
1799         3.3889
1799        2.64927
1799        3.73084
1799        1.64053
1799        3.23165
1799        2.59208
1799        0.27125
1799        5.13679
1799        5.98904
1799        2.28064
1799        5.71987
1799      0.0757825
1799        4.64163
1799        4.04122
1799         1.5672
1799        4.20702
1799        1.00774
1799        4.77599
1799        1.86485
1799        1.37095
1799        1.66194
1799        3.28603
1799        1.10703
1799        4.83489
1799        3.51798
1799        5.10747
1799        2.17593
1799       0.369815
1799        6.09461
1799        2.44892
1799       0.180857
1799        4.10279
1799        1.03744
1799        2.27008
1799        5.09466
1799        2.49966
1799        2.55144
1799        3.91738
1799        2.13619
1799        5.02777
1799          4.261
1799       0.383345
1799        3.16473
1799        5.84469
1799        6.27259
1799        1.60729
1799        4.58415
1799        3.39476
1799        1.40649
1799        4.55422
1799        4.34713
1799        4.99134
1799        5.84787
1799        5.33591
1799        2.90439
1799       0.513438
1799        2.68208
1799        5.78875
1799        0.98887
1799        2.88506
1799       0.790695
1799        2.68716
1799        4.44461
1799        2.86084
1799         5.3952
1799        1.55564
1799        4.34971
1799        6.17422
1799        5.53307
1799        2.00799
1799       0.983696
1799        2.12174
1799         2.4141
1799        1.89591
1799         5.6523
1799        3.28817
1799        5.68123
1799        3.22343
1799        6.15607
1799        1.69334
1799        2.73575
1799        3.88291
1799        2.68292
1799        3.44697
1799         1.3927
1799        5.35081
1799        4.09952
1799        4.34683
1799        2.74832
1799        2.77356
1799         6.1185
1799        5.34885
1799        2.31147
1799        3.29852
1799        5.85432
1799        4.55976
1799       0.817905
1799        2.23944
1799         1.8325
1799        6.00863
1799        5.63842
1799        3.24683
1799        1.81096
1799        3.33019
1799        3.84129
1799        3.95241
1799        4.57606
1799       0.208179
1799        4.11904
1799        1.96326
1799       0.134601
1799        3.11854
1799        2.45292
1799        1.69307
1799        3.35586
1799       0.900831
1799        2.58184
1799        4.66624
1799      0.0745422
1799      0.0304785
1799        2.92202
1799        3.36241
1799       0.934952
1799       0.772077
1799        2.33663
1799        4.76726
1799        2.86941
1799        3.64799
1799        5.95101
1799        5.18339
1799        2.77907
1799       0.761205
1799      0.0676833
1799        1.48349
1799         4.8383
1799        0.44491
1799       0.814222
1799        3.98768
1799        3.30274
1799        5.70922
1799        2.18866
1799         1.8356
1799        2.00969
1799       0.690759
1799        4.92774
1799        5.07742
1799        2.94734
1799        4.26898
1799        3.75511
1799        5.26584
1799        1.91008
1799        5.76085
1799        4.70808
1799           1.55
1799        2.52595
1799       0.671363
1799         5.2718
1799        3.35154
1799        4.06519
1799         2.8867
1799        4.09454
1799        2.64649
1799        5.28094
1799        4.59197
1799       0.126738
1799        1.62692
1799        1.14281
1799        5.08644
1799       0.340085
1799        2.37538
1799        6.17507
1799        2.90884
1799        5.69152
1799        4.57596
1799        4.60351
1799          6.165
1799        3.92397
1799       0.951626
1799        3.34561
1799        2.42003
1799       0.754691
1799         5.1328
1799        1.05049
1799        5.21854
1799        3.62046
1799        1.36417
1799        3.86929
1799        3.21544
1799        1.29068
1799        4.56074
1799        1.05061
1799        6.14675
1799        1.62953
1799        2.53238
1799        2.07449
1799        2.49171
1799        6.12663
1799        3.60797
1799        1.53421
1799        4.86137
1799        2.44227
1799        3.03458
1799        5.60672
1799        6.21168
1799        6.22035
1799        2.93273
1799        3.31949
1799        2.71208
1799       0.754453
1799        3.08628
1799       0.827282
1799        5.70815
1799       0.920377
1799         0.3296
1799        1.02357
1799        4.15359
1799         1.9901
1799       0.657785
1799        2.52121
1799        1.33951
1799        4.63664
1799        3.99675
1799        6.10489
1799        4.63336
1799       0.607086
1799        6.10943
1799        4.01491
1799        5.95447
1799         3.6997
1799        4.77967
1799        1.07443
1799        5.21521
1799        4.37377
1799        4.48429
1799        4.66278
1799       0.203451
1799        5.18096
1799        2.54197
1799        4.18746
1799        5.42991
1799        6.17075
1799        4.08841
1799        3.36329
1799        2.32558
1799        3.23724
1799        1.73373
1799        5.42142
1799        3.36964
1799        3.58669
1799        5.03742
1799        5.85607
1799        4.95977
1799        5.99526
1799        2.27137
1799         3.5238
1799         4.5698
1799        3.05116
1799        5.82487
1799        3.53387
1799        3.37102
1799        5.77169
1799        2.31809
1799        5.05076
1799        3.65621
1799       0.952768
1799        2.39449
1799       0.222821
1799        3.54545
1799        5.44315
1799       0.111875
1799        4.92612
1799        1.00694
1799      0.0577723
1799       0.244654
1799        6.26187
1799        1.57978
1799        3.92221
1799        1.79409
1799       0.874758
1799       0.741235
1799        2.06783
1799       0.817668
1799         1.5173
1799       0.505356
1799        6.17865
1799        1.30036
1799        2.93186
1799        3.42754
1799        3.28539
1799        2.26982
1799        5.41382
1799        4.04745
1799        0.47172
1799        2.07674
1799        2.66809
1799        3.19409
1799        1.11122
1799        3.14874
1799         4.6573
1799        4.35983
1799        2.09935
1799        2.78796
1799        2.72142
1799        2.65103
1799       0.941667
1799        5.45936
1799        6.18449
1799        4.13678
1799        3.46147
1799        4.66371
1799        1.24499
1799       0.227002
1799        5.31362
1799        1.88217
1799        5.69389
1799       0.266715
1799        4.53352
1799        5.63327
1799        6.07293
1799        1.71048
1799        2.74247
1799        2.42219
1799        2.18035
1799        3.38593
1799        5.54618
1799        1.92379
1799        4.86396
1799        3.78739
1799        5.83924
1799        1.55574
1799        5.97936
1799        2.69486
1799        5.77083
1799        2.74709
1799        2.28518
1799        5.88286
1799        1.68849
1799        5.58049
1799        3.22432
1799        4.48752
1799        6.17938
1799        1.83158
1799        5.46299
1799        3.25537
1799        3.76784
1799        4.61659
1799        5.36847
1799        2.64779
1799       0.513843
1799        5.73469
1799        5.27423
1799        4.57981
1799        4.27801
1799         1.9526
1799       0.489775
1799        1.29644
1799        3.13689
1799         1.8743
1799        5.00007
1799        3.45164
1799        2.70966
1799       0.641165
1799        1.02313
1799       0.893294
1799        4.80717
1799        5.80756
1799        2.36154
1799        2.94845
1799        5.82762
1799       0.249788
1799        5.53332
1799       0.880899
1799        6.25862
1799        2.85433
1799        2.31321
1799        2.66848
1799      0.0927385
1799        4.27207
1799        4.23692
1799        2.67939
1799       0.352829
1799        5.62767
1799        1.40401
1799        2.61281
1799        2.33591
1799       0.133221
1799         3.1044
1799        2.99521
1799        2.04128
1799        4.59463
1799        2.70198
1799        2.05356
1799        3.45971
1799        2.31954
1799        2.49093
1799         1.6621
1799        6.11607
1799        4.18202
1799        6.09189
1799        5.07787
1799        6.15134
1799        5.54525
1799        2.61344
1799         0.6681
1799        2.94295
1799        6.17137
1799        3.34089
1799        3.75153
1799        5.16416
1799        5.03334
1799        1.34699
1799        4.45613
1799        3.17955
1799        1.71876
1799        1.88406
1799        5.15817
1799        2.50107
1799        2.21703
1799       0.994185
1799       0.608338
1799        2.81966
1799        3.71033
1799        6.02202
1799        1.64024
1799        3.89453
1799        3.45257
1799     0.00194375
1799        4.57682
1799        4.52403
1799        4.68046
1799        2.86244
1799        2.32378
1799        5.38598
1799        5.87659
1799        4.69368
1799        5.92578
1799        0.12363
1799        5.32339
1799       0.776905
1799        1.47504
1799          1.281
1799      0.0329041
1799        3.15235
1799        1.48262
1799        1.62323
1799        4.03601
1799        0.39995
1799        1.83424
1799        3.22803
1799         3.1746
1799        2.57206
1799        0.26968
1799        5.93859
1799        1.54966
1799        5.47064
1799       0.973671
1799        1.74005
1799        1.92103
1799         1.6556
1799        4.15099
1799        5.45833
1799        6.17638
1799        1.86968
1799        3.03913
1799        5.49675
1799          1.695
1799        4.12721
1799        2.93102
1799        2.48454
1799        4.01021
1799        2.58415
1799        3.16704
1799         3.7721
1799        3.26193
1799        5.46991
1799        2.40603
1799        3.39158
1799       0.682055
1799        4.70547
1799        4.33607
1799       0.866715
1799        5.35625
1799        5.98774
1799         5.6512
1799        4.72793
1799        4.08552
1799         1.5256
1799         4.7241
1799        4.49393
1799        3.26738
1799       0.470679
1799        3.94951
1799        1.59594
1799        4.90148
1799       0.383341
1799        5.71375
1799        5.12436
1799        2.08751
1799        4.68622
1799        4.60055
1799        2.16497
1799         4.4366
1799        1.82176
1799        5.39744
1799       0.272292
1799        2.09441
1799        0.20001
1799         2.8649
1799         1.7913
1799        4.69236
1799        2.58153
1799        3.17302
1799        1.39961
1799        4.11423
1799        5.68677
1799       0.632063
1799        3.25056
1799        4.20435
1799        4.73797
1799        5.18445
1799        5.55029
1799        5.08769
1799        3.94729
1799        1.13939
1799        3.31737
1799        3.60263
1799       0.602482
1799        5.03442
1799        1.70367
1799        2.79382
1799        3.80237
1799        3.09612
1799        4.87243
1799        2.29123
1799        5.05711
1799        3.27747
1799        1.59292
1799       0.820404
1799        2.15194
1799        5.91297
1799        5.57927
1799        5.55122
1799        5.05215
1799       0.663457
1799      0.0225983
1799        4.22562
1799        3.50537
1799        3.20005
1799       0.384361
1799        5.12348
1799        3.04491
1799        5.77377
1799        3.64286
1799        5.00863
1799        0.23832
1799        4.66644
1799        2.06638
1799        4.00227
1799        3.91161
1799        5.93465
1799        3.26568
1799        1.32771
1799        5.20168
1799        1.37134
1799        5.75277
1799        6.03154
1799        3.07834
1799         6.1918
1799        2.50593
1799        5.66741
1799       0.778583
1799        4.66246
1799        1.68696
1799        2.20528
1799        3.34893
1799        3.93381
1799        3.29167
1799        3.32377
1799        5.98757
1799        5.92625
1799        2.24063
1799        3.69255
1799        5.52952
1799        2.89889
1799        2.17897
1799       0.366575
1799       0.873064
1799        3.35049
1799        4.54831
1799        6.15784
1799        1.17322
1799       0.876303
1799        1.32872
1799        3.44893
1799        4.16029
1799       0.416379
1799        2.65832
1799        2.75395
1799        6.27551
1799        5.49342
1799        5.69784
1799        3.77538
1799        6.01684
1799        3.52986
1799        1.41944
1799          2.234
1799         3.4483
1799        1.96458
1799        4.78258
1799       0.962689
1799        2.47159
1799        5.29404
1799        3.81017
1799        3.46575
1799        4.17112
1799       0.360493
1799       0.862239
1799        5.72178
1799        4.16819
1799        5.77849
1799         3.7829
1799         3.5161
1799        2.20955
1799        4.35027
1799         3.2285
1799        1.62899
1799        4.80472
1799        2.65131
1799       0.909942
1799       0.740089
1799        2.65343
1799        4.20355
1799         2.5716
1799         6.0036
1799        2.59137
1799         5.3775
1799        5.80273
1799        2.16202
1799        2.16505
1799       0.836018
1799        4.46209
1799        3.28227
1799        2.78774
1799        0.26255
1799        5.63819
1799        4.53884
1799        5.40047
1799        1.46161
1799        1.83639
1799         2.9569
1799        3.64847
1799        1.75183
1799        4.08505
1799        2.19615
1799        2.14873
1799       0.347907
1799        3.51372
1799        1.22032
1799         4.5079
1799        3.97821
1799        4.57006
1799        5.86689
1799        4.24455
1799         4.8439
1799        5.94266
1799        2.53894
1799        3.13745
1799        2.46641
1799        5.15527
1799       0.741745
1799        5.57544
1799        2.65275
1799        6.18956
1799       0.569455
1799        1.78551
1799       0.672678
1799        2.51314
1799        3.45121
1799        3.89041
1799        2.00848
1799        6.10717
1799         1.5331
1799        4.22006
1799        1.12398
1799        2.95995
1799        1.81286
1799        3.00526
1799        1.98018
1799        5.96228
1799        3.87403
1799        4.86206
1799        1.88448
1799        3.55981
1799       0.355067
1799         1.3356
1799        3.02139
1799        1.95957
1799        1.67519
1799        5.61757
1799         3.7632
1799        4.64265
1799        5.90353
1799        0.70785
1799        5.86432
1799        2.92664
1799        2.91605
1799        4.64426
1799        5.68404
1799       0.595738
1799        4.97304
1799        2.88415
1799        5.21213
1799        2.82923
1799        1.56544
1799        4.63783
1799        4.82809
1799        2.73325
1799       0.783308
1799        2.14576
1799        2.09684
1799         3.5152
1799        5.47668
1799        5.33105
1799        2.95465
1799        5.96779
1799        3.71874
1799        3.62024
1799        3.40195
1799        4.66468
1799        4.40805
1799        2.34195
1799      0.0465576
1799        5.22977
1799        3.94379
1799        1.86981
1799        4.02916
1799        2.83485
1799        6.13096
1799        2.91177
1799        1.28294
1799        3.20271
1799       0.881749
1799        4.01091
1799        3.43628
1799        3.57576
1799         5.3359
1799         1.4081
1799        5.57525
1799        2.53247
1799         2.3141
1799        3.36236
1799        1.28346
1799        2.93162
1799       0.953853
1799        2.75608
1799        0.60497
1799         6.2235
1799        3.20357
1799         5.4629
1799        4.01131
1799       0.294715
1799        4.55145
1799       0.719633
1799        2.70201
1799        3.98727
1799        5.38374
1799        5.16037
1799        5.48036
1799       0.713623
1799        1.85491
1799       0.656614
1799       0.465366
1799        2.16561
1799        4.35276
1799        3.19071
1799        5.71558
1799        2.07529
1799       0.872764
1799        5.16699
1799        5.88364
1799      0.0869911
1799        4.75361
1799        3.11872
1799         4.9092
1799        1.50341
1799         4.9922
1799        2.63574
1799        3.39615
1799       0.731479
1799        2.59001
1799        2.97039
1799        5.96898
1799        2.81943
1799        1.79428
1799        3.44555
1799        3.10495
1799        5.54074
1799        6.15379
1799        5.18992
1799        3.36568
1799        3.08788
1799        2.31414
1799        1.24753
1799        6.14947
1799        5.36018
1799        1.79551
1799         4.0237
1799      0.0968935
1799        5.03065
1799        4.99853
1799        2.36806
1799        4.87109
1799        3.52253
1799        2.58418
1799        4.52626
1799        3.03028
1799        5.60145
1799        2.66375
1799        5.25891
1799       0.112543
1799        4.87427
1799        1.78385
1799        5.82665
1799        1.78761
1799        3.42931
1799        4.69564
1799         4.3268
1799        3.82894
1799       0.862371
1799        1.99397
1799        2.60535
1799         5.1903
1799         5.9245
1799         4.0584
1799        5.35888
1799         4.6301
1799        3.48912
1799        3.85893
1799        2.47557
1799        2.78787
1799       0.942288
1799        5.60854
1799        6.28114
1799        2.86595
1799        4.02246
1799        5.46508
1799        2.37629
1799        5.09989
1799        3.28404
1799       0.430378
1799        3.21071
1799        5.40985
1799        5.51313
1799        6.08914
1799       0.170957
1799        6.03903
1799        1.68695
1799        5.63252
1799          4.593
1799         2.5671
1799        2.21437
1799        3.56298
1799        1.51764
1799        4.02241
1799        3.38697
1799        3.28245
1799        4.36743
1799        5.05062
1799        2.40115
1799        4.98731
1799        2.00411
1799        6.00963
1799        2.40485
1799        5.00584
1799        1.84901
1799        2.87779
1799        1.18973
1799       0.573745
1799       0.691704
1799        3.45156
1799        1.01685
1799        6.06744
1799        5.15879
1799        5.82518
1799       0.349555
1799        5.78784
1799        1.73009
1799        4.86143
1799        1.53692
1799        5.92136
1799        3.76297
1799        4.65986
1799      0.0452238
1799        5.68189
1799        2.19039
1799         5.0027
1799        5.19439
1799        2.43961
1799        1.83958
1799        2.38098
1799        5.26345
1799        2.64075
1799       0.333969
1799        6.27714
1799        5.21414
1799        2.49934
1799        3.15973
1799       0.470731
1799        3.26057
1799        3.08841
1799        3.28206
1799        2.24937
1799        1.84316
1799        1.10183
1799        1.09332
1799        3.83235
1799       0.791865
1799        1.83953
1799         4.6665
1799        2.98606
1799      0.0381421
1799        2.48681
1799        6.06642
1799        3.05719
1799        1.78134
1799        3.15204
1799       0.247626
1799        2.19934
1799        1.89745
1799        1.57798
1799        2.18172
1799        1.78997
1799         5.4389
1799         6.0492
1799      0.0295189
1799        1.31849
1799        1.45551
1799        4.01315
1799        1.24845
1799        5.80477
1799        5.13118
1799        4.75283
1799       0.019975
1799       0.867881
1799        1.75666
1799        5.17287
1799        2.45758
1799        5.68602
1799        5.43273
1799        3.74273
1799        1.54694
1799      0.0515747
1799        0.11322
1799        5.90579
1799        1.69302
1799        4.30754
1799       0.156993
1799       0.141872
1799        3.74518
1799       0.341784
1799        5.13202
1799      0.0121267
1799        5.86824
1799        6.00018
1799       0.310277
1799        1.80427
1799         5.9836
1799        2.26054
1799        4.04759
1799        5.67641
1799        3.31674
1799        4.34975
1799        1.76839
1799         3.0711
1799        2.52742
1799        1.01506
1799        2.14263
1799        1.91988
1799       0.722865
1799        1.19274
1799        3.22139
1799         3.9864
1799        4.89194
1799        2.56717
1799        2.10723
1799        5.25875
1799        1.66445
1799        1.75496
1799       0.340034
1799        3.13115
1799        4.36321
1799        4.01632
1799        2.98307
1799        5.62374
1799        1.87897
1799        2.97072
1799       0.395677
1799       0.517878
1799        3.99298
1799        4.44584
1799        5.68461
1799        5.45601
1799         2.2819
1799        5.57841
1799      0.0605307
1799         1.7235
1799        5.51762
1799        1.33865
1799        5.52293
1799         5.8274
1799        2.19874
1799        5.91906
1799        2.70325
1799        3.09381
1799        5.73454
1799        3.29718
1799        1.23217
1799        4.47621
1799        3.09992
1799        5.54907
1799        5.39181
1799        4.87452
1799        4.40935
1799        2.67444
1799        1.29861
1799        1.49431
1799        6.26818
1799        3.27002
1799        1.10261
1799       0.287873
1799        5.78427
1799        5.96324
1799        4.61491
1799        5.19252
1799        6.15554
1799        2.70906
1799        1.43172
1799        1.64378
1799       0.956685
1799         1.4732
1799        5.31457
1799        1.40733
1799        2.88229
1799        6.07262
1799        5.89856
1799        5.79007
1799        4.36044
1799        3.65056
1799        6.00988
1799        1.71422
1799        2.27866
1799         4.4488
1799        3.86084
1799        1.97605
1799        3.78658
1799        5.76234
1799        2.79758
1799       0.227844
1799        3.89325
1799         1.8095
1799        2.10417
1799      0.0576566
1799         1.4547
1799        5.35583
1799       0.276884
1799        0.89415
1799        3.92023
1799        5.66053
1799         4.6666
1799         2.8048
1799        4.73158
1799         2.6074
1799        2.40303
1799        1.01701
1799        3.15759
1799        1.52153
1799       0.228939
1799        3.73975
1799         3.5163
1799        2.59231
1799       0.715283
1799        2.01746
1799        1.90369
1799        5.41208
1799        2.79491
1799        2.85078
1799         5.6466
1799        1.26953
1799        2.28197
1799        2.25567
1799        4.56591
1799         2.4483
1799        1.87819
1799         3.9112
1799       0.770752
1799        4.66794
1799       0.709372
1799         5.5239
1799       0.324787
1799        4.66596
1799        3.40908
1799        3.26028
1799        1.47107
1799        2.80214
1799        3.16104
1799       0.456961
1799        4.90523
1799        6.10578
1799        2.40573
1799       0.316266
1799        1.21854
1799        3.15241
1799        3.60729
1799        3.92354
1799        2.59961
1799        3.21498
1799        2.51349
1799        5.15615
1799        3.35054
1799        4.95915
1799        2.17329
1799        3.24985
1799      0.0195799
1799        2.47785
1799       0.682849
1799         2.1624
1799        4.73888
1799        5.87026
1799       0.994009
1799        2.53538
1799        3.11884
1799       0.475888
1799        1.94614
1799        3.03559
1799       0.770625
1799        3.65906
1799        4.56191
1799        6.13523
1799        6.10433
1799       0.449602
1799        3.78974
1799        3.29237
1799        3.76156
1799        5.84647
1799        5.91257
1799        3.80362
1799        4.70563
1799        1.01543
1799         5.8083
1799        2.90358
1799        5.52755
1799        3.16648
1799        5.90769
1799       0.204475
1799        5.78133
1799        5.93527
1799        3.29597
1799        5.87053
1799        2.26033
1799        5.90765
1799        0.91039
1799        5.06105
1799        2.98909
1799        1.51034
1799        2.72175
1799       0.800957
1799        5.72292
1799        1.90297
1799        1.05048
1799        5.87279
1799        3.54332
1799        4.73193
1799        2.21334
1799       0.606074
1799        1.96881
1799        5.20552
1799        2.06258
1799        5.81888
1799       0.711774
1799        2.88673
1799        5.45116
1799        2.59706
1799         1.2041
1799        5.21646
1799       0.499245
1799        3.69968
1799        3.24477
1799        4.92284
1799        1.48872
1799        2.66455
1799        4.85826
1799        4.09399
1799        5.36423
1799        4.72905
1799        1.04706
1799         2.7594
1799        3.31595
1799        5.36001
1799        2.03495
1799       0.540851
1799        5.81029
1799        3.46862
1799        2.47757
1799        3.24142
1799        1.41206
1799        2.02665
1799        1.75912
1799       0.679144
1799        2.28899
1799        2.85354
1799        3.10821
1799        5.20188
1799        3.79815
1799        1.17399
1799         3.8692
1799        2.65675
1799        2.14412
1799        5.25065
1799        2.61778
1799        6.02197
1799        5.05143
1799        2.48697
1799        5.66183
1799       0.484805
1799        1.78412
1799        1.45772
1799        2.96409
1799        5.87097
1799        1.51023
1799        1.84735
1799        1.91085
1799        5.62092
1799        4.52512
1799        1.38581
1799       0.478154
1799        3.50486
1799        2.60178
1799        4.52409
1799        1.68133
1799         5.0461
1799        4.09547
1799        6.00472
1799        2.93346
1799        5.04028
1799         3.2117
1799        4.17695
1799         5.7405
1799        4.44039
1799        4.80925
1799        5.90503
1799        5.47513
1799        2.48398
1799       0.644681
1799        5.05049
1799        1.12606
1799        4.83409
1799        3.33988
1799         2.3106
1799        3.20378
1799        3.55331
1799        4.04338
1799        3.99298
1799        2.43033
1799        5.46966
1799        5.42679
1799        5.16057
1799        1.34223
1799        2.57179
1799        5.36292
1799        1.85549
1799        5.43955
1799        1.13587
1799        6.16086
1799        5.74078
1799       0.903638
1799         2.3912
1799        3.08652
1799        5.85175
1799        5.71795
1799        1.61035
1799        3.48892
1799         5.4008
1799        5.97364
1799        3.38342
1799        1.73581
1799        3.38328
1799        5.86689
1799        4.18956
1799        2.82454
1799        1.27426
1799       0.729047
1799        3.47208
1799        5.23903
1799        6.05361
1799        4.66979
1799        4.00665
1799        2.64127
1799        3.92334
1799        5.31764
1799        4.64332
1799        3.05008
1799        3.10253
1799        2.56855
1799        5.67939
1799        2.74148
1799        5.76091
1799        5.49431
1799          4.001
1799        3.10221
1799        2.77819
1799        5.34766
1799         5.6533
1799        3.02554
1799        1.12376
1799        2.06326
1799        4.75325
1799        2.19814
1799         3.4871
1799        3.13982
1799        5.62975
1799        4.98404
1799        4.39921
1799       0.752112
1799         2.7181
1799         2.9408
1799        2.41956
1799        1.92578
1799        3.63279
1799        4.93095
1799        5.27344
1799        4.43147
1799        3.45268
1799        1.91104
1799         2.6809
1799        3.74346
1799        5.68865
1799        4.68934
1799        1.04955
1799        1.00437
1799        5.37884
1799         4.9762
1799        4.34061
1799         4.0128
1799        2.69323
1799        2.23127
1799        5.01092
1799        3.74712
1799        2.91731
1799       0.685392
1799       0.396682
1799      0.0379809
1799         1.6681
1799        3.28799
1799        1.00364
1799        2.14293
1799        5.46046
1799         2.6916
1799        5.62885
1799        5.65964
1799        1.03016
1799        2.28298
1799        1.94483
1799        6.10154
1799        2.07591
1799        5.32532
1799        1.57244
1799        4.26814
1799        3.31034
1799        6.07962
1799        0.20479
1799        3.86698
1799     0.00915629
1799        1.89484
1799        3.86898
1799        2.55993
1799      0.0842593
1799        3.47176
1799        1.57198
1799        4.93323
1799        3.08273
1799        5.63132
1799        5.52597
1799        5.14152
1799        5.45847
1799        1.71279
1799        2.28335
1799        2.21016
1799         1.2581
1799        4.52479
1799        4.60436
1799        2.59173
1799        4.00981
1799        0.67105
1799        3.19907
1799          3.328
1799        1.84035
1799       0.117922
1799        1.21468
1799        1.09265
1799        5.99132
1799        4.14314
1799        3.73321
1799       0.216773
1799        1.93753
1799        4.78118
1799        2.18634
1799       0.199361
1799        2.79408
1799        1.44731
1799        5.09813
1799        0.61092
1799        4.22021
1799       0.936359
1799        1.46561
1799         3.1106
1799        3.11693
1799        5.63344
1799         3.4566
1799        2.52095
1799       0.407425
1799       0.944654
1799       0.104605
1799        3.47244
1799         6.2803
1799        4.47587
1799        1.14802
1799        3.85404
1799       0.354148
1799        4.51244
1799        2.74767
1799      0.0617634
1799       0.960767
1799        3.58925
1799        4.28331
1799        3.42275
1799        6.25223
1799        2.31122
1799        2.84683
1799        1.91248
1799        5.43016
1799       0.472749
1799        4.79388
1799       0.133442
1799       0.844023
1799        2.33369
1799       0.432264
1799        6.16119
1799        1.26814
1799         2.8092
1799        2.79184
1799        2.32073
1799        4.65392
1799       0.783067
1799        3.25419
1799        3.74594
1799        3.19866
1799        2.87133
1799        4.92458
1799        5.07353
1799      0.0915514
1799        2.07102
1799        3.20792
1799        5.83308
1799       0.979667
1799        2.06424
1799        6.08661
1799        1.70688
1799        1.57506
1799        1.45326
1799        2.56461
1799        4.79331
1799        3.57953
1799        4.30435
1799        5.18763
1799        2.74036
1799        6.27804
1799        1.66025
1799        6.08533
1799        1.26734
1799        4.87667
1799       0.435679
1799        3.54309
1799        4.74605
1799        2.62225
1799        2.95087
1799        1.79411
1799        1.90318
1799        2.76009
1799       0.316494
1799      0.0975796
1799        6.12077
1799       0.945746
1799        3.09202
1799        3.12719
1799         1.4151
1799         1.0768
1799        3.02036
1799        3.28743
1799        2.32191
1799        3.78083
1799        4.69623
1799       0.704669
1799        4.27062
1799         1.8737
1799        1.13924
1799        1.76187
1799        2.96945
1799        3.26017
1799        3.32362
1799        3.34976
1799        5.47699
1799        1.98977
1799        1.95207
1799        4.48819
1799        1.45155
1799        4.04082
1799         5.0293
1799        3.03721
1799        2.11332
1799        3.06099
1799       0.851251
1799        5.31759
1799       0.756594
1799        1.53598
1799        1.86252
1799        2.58778
1799        3.30552
1799        3.02682
1799        5.54001
1799        6.09001
1799        2.64973
1799        4.78683
1799        6.07689
1799         2.6628
1799        2.29685
1799        5.70473
1799        5.06962
1799        5.71655
1799         2.7822
1799         3.8058
1799        1.32617
1799        3.48012
1799        1.63726
1799       0.785848
1799        4.25672
1799        4.42118
1799        3.33353
1799        1.70579
1799        6.23502
1799        1.13764
1799       0.096413
1799         1.7349
1799        3.08059
1799        3.03287
1799        3.01949
1799        2.70684
1799        2.76228
1799        1.69292
1799          2.474
1799       0.417277
1799       0.906936
1799        3.82975
1799       0.153834
1799       0.166687
1799        3.49259
1799        1.78285
1799         1.5727
1799         2.5165
1799        3.59426
1799        2.86026
1799       0.692381
1799        6.14891
1799        5.80373
1799       0.146215
1799        2.96687
1799        2.21687
1799        5.36197
1799        5.74347
1799       0.796574
1799       0.505914
1799        3.41967
1799       0.564085
1799        1.91271
1799        1.66158
1799        4.85141
1799        5.40979
1799        3.50001
1799     0.00791938
1799        1.77163
1799      0.0172117
1799       0.282665
1799        2.70529
1799        5.86331
1799        3.82603
1799        5.16841
1799        3.07768
1799        6.12142
1799        3.37358
1799        3.31198
1799        1.23064
1799        4.35808
1799        0.37673
1799       0.593931
1799        2.10885
1799        2.68569
1799        4.06262
1799        1.41126
1799        2.14385
1799        1.19633
1799        6.01671
1799        4.38234
1799        2.96244
1799        3.85163
1799       0.468681
1799        1.27309
1799        5.86034
1799        1.83959
1799        5.91738
1799        3.41148
1799        1.17758
1799        3.24498
1799       0.572181
1799        4.13458
1799        3.50751
1799        4.99786
1799        3.81622
1799       0.330023
1799        0.82035
1799        5.53451
1799       0.768396
1799        4.37969
1799        1.46008
1799        1.74365
1799        6.02331
1799        3.06018
1799        4.13579
1799         2.8759
1799        3.23882
1799        1.93504
1799        2.09491
1799        3.24433
1799        2.83167
1799        3.99983
1799         3.9945
1799        1.03074
1799      0.0614356
1799        5.80704
1799        4.89854
1799       0.496144
1799        2.74234
1799        5.34105
1799        4.33503
1799        5.82807
1799        4.59404
1799        1.65443
1799        5.04452
1799        5.12502
1799         4.5776
1799         1.5403
1799        1.76512
1799        3.27212
1799        5.44235
1799        2.54422
1799        5.09193
1799        3.38908
1799        5.38084
1799         4.2691
1799        2.35798
1799        2.53603
1799        5.04871
1799        1.00257
1799        3.25134
1799        1.60434
1799        6.00388
1799        2.70178
1799        2.60913
1799        1.41246
1799        2.33389
1799        3.48885
1799        2.86108
1799        3.43859
1799        5.67406
1799        4.35634
1799        3.62451
1799        2.90137
1799        3.45527
1799         4.3347
1799        3.38408
1799       0.365851
1799        1.57385
1799        2.22728
1799       0.145014
1799         2.5483
1799        2.96351
1799        2.50398
1799        3.65049
1799          4.334
1799        1.01964
1799        2.95061
1799        2.67376
1799       0.265027
1799       0.693106
1799       0.223953
1799       0.930068
1799         1.7664
1799        2.84215
1799         4.2894
1799         0.7024
1799        5.58619
1799       0.510697
1799        2.71562
1799        3.66821
1799        2.55824
1799        4.32716
1799        4.30521
1799         3.4488
1799       0.528968
1799        1.29244
1799        5.25877
1799        5.36617
1799        5.49303
1799        4.08147
1799        2.50254
1799        5.90425
1799        3.56527
1799        5.86536
1799       0.460362
1799         5.9729
1799        4.01705
1799        3.75348
1799        4.99018
1799      0.0242717
1799         3.0075
1799       0.672521
1799        5.04276
1799        3.35353
1799        5.54294
1799        2.64148
1799        5.69548
1799        3.80884
1799        5.65787
1799         6.1472
1799        3.05651
1799        2.50568
1799        5.15517
1799        5.72568
1799        4.45947
1799        1.55819
1799        5.39292
1799        4.23386
1799       0.115279
1799        2.53582
1799        0.67227
1799         4.2096
1799        3.90656
1799        6.11003
1799        2.35527
1799       0.422611
1799        4.15852
1799        3.99356
1799        6.09061
1799        3.53757
1799      0.0326805
1799        1.65591
1799        2.93372
1799        1.06644
1799        1.95663
1799        3.19313
1799        3.73228
1799         4.4357
1799        3.29465
1799        5.82396
1799        5.32343
1799        3.13018
1799        3.30269
1799        6.09837
1799        1.16343
1799       0.762068
1799         3.5113
1799      0.0185518
1799        4.48825
1799        2.44453
1799         6.2548
1799        2.60607
1799       0.633194
1799        5.67783
1799        2.39607
1799       0.938669
1799        3.82774
1799        4.37895
1799        6.20778
1799        0.60453
1799        3.61995
1799         3.6462
1799        1.38772
1799        3.66694
1799        4.57609
1799         5.8286
1799        2.06461
1799        5.75883
1799        6.27011
1799       0.240251
1799        3.86811
1799        4.20425
1799        4.41137
1799        2.53839
1799        5.58066
1799       0.278457
1799        5.02025
1799        1.13539
1799        2.79363
1799        1.19543
1799       0.201581
1799        4.93141
1799        2.63091
1799       0.477922
1799        5.12693
1799        5.36678
1799      0.0341026
1799        1.83227
1799        2.32013
1799        2.33436
1799         2.9273
1799       0.577312
1799        1.54502
1799        3.29707
1799      0.0142656
1799        4.90722
1799        3.93186
1799        4.76855
1799        2.89821
1799        1.49414
1799        4.06758
1799        1.64783
1799        3.21142
1799        3.68164
1799         5.7438
1799        2.86536
1799       0.684654
1799        2.04375
1799        3.57173
1799        5.06917
1799        2.53775
1799        1.97269
1799        2.19675
1799        2.16141
1799        1.44468
1799      0.0543621
1799        3.71225
1799        1.88898
1799        4.12587
1799       0.161766
1799        3.23069
1799        0.81583
1799       0.647514
1799        3.27352
1799         1.7447
1799         5.9742
1799        0.16472
1799         0.1366
1799        2.15047
1799        4.96069
1799        1.57146
1799       0.391448
1799        4.42103
1799        5.47701
1799        4.25101
1799        4.70546
1799        5.47575
1799        1.42958
1799        3.18784
1799        3.82256
1799        2.21226
1799        2.77197
1799        4.52352
1799       0.889141
1799      0.0407944
1799        5.29077
1799       0.237761
1799        5.32344
1799        4.20843
1799        2.46184
1799         4.0382
1799        1.54031
1799        5.94395
1799       0.324507
1799        1.89468
1799        1.56043
1799        5.33694
1799        2.78578
1799        5.94863
1799        5.94421
1799        2.70941
1799        6.02166
1799        3.14698
1799      0.0233369
1799        6.16908
1799        3.14682
1799        5.26859
1799        1.84189
1799        1.42317
1799        2.39155
1799       0.159151
1799         4.6843
1799        5.69647
1799        5.93023
1799        5.68539
1799        5.33376
1799       0.156562
1799       0.376535
1799        4.83903
1799        6.09854
1799        3.15378
1799        5.29956
1799        2.74866
1799        4.54089
1799        2.14412
1799        5.88081
1799        3.73728
1799        1.83681
1799      0.0781729
1799       0.709721
1799        1.41637
1799         1.4756
1799        1.22023
1799        2.83079
1799         4.5238
1799        5.00705
1799       0.445263
1799        2.68418
1799       0.165472
1799        4.43478
1799        6.06142
1799          0.413
1799        4.90754
1799        2.95004
1799         4.8396
1799        6.14451
1799        3.18912
1799        4.20421
1799       0.281253
1799        0.41363
1799       0.306181
1799        5.96668
1799        1.52169
1799        1.63301
1799         6.2195
1799        3.10168
1799        2.11766
1799        5.54963
1799      0.0817982
1799        6.18529
1799        1.85111
1799        2.45607
1799        3.30518
1799        2.51046
1799        1.56443
1799        3.08572
1799        3.98188
1799        6.24137
1799        3.69784
1799        2.93453
1799        4.68589
1799        6.03679
1799        5.12604
1799        3.80465
1799        0.40686
1799        6.15504
1799        4.55963
1799         5.6513
1799        5.95767
1799        2.94345
1799        1.11973
1799        5.63922
1799        2.38932
1799        5.16703
1799        3.97815
1799        3.86672
1799        4.94498
1799        2.78864
1799        3.54622
1799         3.2971
1799          1.495
1799        4.50955
1799       0.790797
1799        4.84421
1799        1.12592
1799        1.64633
1799        2.42398
1799        3.17411
1799       0.833153
1799         4.5815
1799        1.10251
1799       0.296413
1799        3.32403
1799        2.50467
1799        1.28891
1799        2.37707
1799        2.60317
1799        1.55237
1799         5.9089
1799        4.45401
1799        2.04649
1799        5.01698
1799        2.27543
1799        3.84117
1799        4.33869
1799        1.89461
1799        4.79796
1799        1.25608
1799        1.31499
1799        3.84834
1799        1.40872
1799        1.78216
1799        4.04113
1799        2.82617
1799         2.5302
1799        2.42647
1799        4.77353
1799        2.88668
1799         2.9662
1799        1.65884
1799        4.48406
1799        5.17268
1799         5.8144
1799        2.10725
1799       0.552924
1799        5.85537
1799       0.140646
1799        1.44584
1799        1.76822
1799        2.21014
1799        5.58424
1799        0.27631
1799        2.72498
1799        3.64579
1799        2.62068
1799        2.92326
1799         5.5334
1799        6.01488
1799          1.982
1799        2.43569
1799        5.16395
1799         3.4409
1799        1.69116
1799       0.241791
1799        1.98755
1799        3.52385
1799        1.80114
1799         2.2337
1799        2.06428
1799        4.00061
1799        1.92319
1799        5.04945
1799        4.84997
1799        5.82396
1799        2.57617
1799        1.45732
1799       0.501109
1799        5.85108
1799        3.87362
1799        1.73349
1799         3.7692
1799       0.928465
1799        2.01101
1799        4.22555
1799        6.26184
1799        2.45992
1799        3.20063
1799         5.1699
1799        1.13144
1799        3.55619
1799        4.28024
1799        1.62117
1799        3.43637
1799       0.397573
1799       0.242098
1799        3.08025
1799        2.48958
1799        5.41355
1799       0.818482
1799        1.42847
1799       0.893326
1799        2.76897
1799       0.554038
1799       0.598926
1799        4.05913
1799        4.21379
1799        4.38756
1799       0.124207
1799        5.27548
1799        3.17604
1799        5.86213
1799        1.68147
1799       0.119677
1799        5.35338
1799        1.16076
1799        2.09045
1799        2.84895
1799        5.16697
1799        5.56264
1799        2.95563
1799         2.6808
1799        2.75736
1799       0.107363
1799        1.79635
1799        5.71132
1799        5.44476
1799       0.127877
1799        4.14373
1799        2.99006
1799        3.94444
1799       0.588051
1799        2.96831
1799        5.44616
1799        4.41466
1799         2.8706
1799        5.59947
1799        4.48835
1799        5.58587
1799        4.87608
1799        5.34813
1799        5.59194
1799        2.56507
1799        3.47509
1799        2.98896
1799        4.78803
1799        5.88875
1799        3.33415
1799         2.6534
1799        5.90601
1799        3.23133
1799        4.57937
1799        6.00323
1799       0.840564
1799        4.86393
1799        6.20451
1799        2.01378
1799        5.38695
1799        3.41149
1799       0.151626
1799       0.258187
1799        1.18606
1799        2.71079
1799        4.81146
1799       0.444333
1799        4.74585
1799        1.23108
1799        0.40163
1799         3.5573
1799        3.44073
1799         3.0656
1799        5.19521
1799       0.576512
1799        5.19673
1799        5.68277
1799        0.54906
1799        1.41869
1799        5.83408
1799        2.11221
1799        5.16195
1799        5.31883
1799       0.147979
1799        1.04626
1799        5.69601
1799        2.88024
1799       0.746817
1799        3.20857
1799        6.15081
1799        1.61489
1799        3.52656
1799         5.6632
1799        5.83818
1799        1.84961
1799        4.93032
1799        3.04804
1799        3.57226
1799        5.53634
1799        2.70887
1799        6.05881
1799        3.39377
1799          2.734
1799         3.7067
1799        1.05446
1799        1.57425
1799        4.25594
1799        4.87796
1799        2.95931
1799        3.92739
1799        2.26712
1799        2.08808
1799        5.85324
1799       0.271323
1799        2.45741
1799       0.805004
1799         2.8874
1799        6.25872
1799       0.689223
1799        5.97837
1799        0.33966
1799        2.25075
1799         2.2766
1799        3.14531
1799       0.582637
1799        2.67204
1799        3.18288
1799        5.29424
1799        4.92373
1799         2.5516
