694       0.657131
694       0.616918
694        4.39333
694        5.60969
694         3.2342
694        4.42664
694        5.51881
694        1.31416
694        1.79154
694      0.0696998
694        5.19279
694        4.92401
694        2.83408
694        4.56647
694        4.83093
694       0.112506
694        1.08811
694         5.6339
694         4.0389
694        1.21965
694        2.15885
694        1.51205
694        2.79473
694        4.54222
694        4.19527
694        1.38401
694        3.91272
694       0.807724
694       0.413466
694        6.14113
694         3.3589
694        5.10265
694       0.863296
694        2.67958
694      0.0540481
694        1.10822
694        3.09194
694        2.06993
694        4.04355
694        1.36768
694       0.341525
694       0.513436
694        6.06195
694       0.262746
694         5.8821
694        3.65498
694       0.066448
694        1.46029
694      0.0368643
694        3.29666
694        1.19042
694        5.41692
694        4.46825
694        3.28985
694        1.44081
694      0.0745409
694        2.41131
694        5.47438
694        5.13493
694       0.325871
694        4.61074
694        1.83067
694        2.12221
694        3.06203
694       0.585497
694        2.10163
694        4.34879
694        3.55138
694        3.73157
694        4.78718
694        5.76805
694        4.01148
694        4.98662
694        4.83961
694       0.996843
694         3.5568
694        0.42997
694       0.768029
694        6.17515
694        4.00942
694        3.70509
694        1.94992
694        5.19343
694        5.00006
694        2.18372
694        4.09121
694        3.03066
694        6.19981
694        4.37367
694         1.3509
694        3.33481
694        3.72354
694         2.6683
694        5.69742
694        3.58503
694        1.95517
694        5.17512
694        1.46147
694        2.13294
694       0.218719
694        2.18536
694        1.53336
694        1.03521
694       0.921217
694        5.15419
694        5.59017
694        1.30486
694        4.90287
694        4.32338
694        1.03588
694        5.71458
694        1.24499
694        4.38962
694       0.425733
694        4.23254
694        3.51342
694        6.19782
694        1.32206
694       0.894892
694        3.85026
694       0.368449
694        1.05914
694        5.33443
694         5.9449
694        1.94315
694       0.317638
694        3.50116
694        2.33306
694         6.1803
694        4.41366
694        2.86605
694         1.0176
694       0.847855
694       0.577392
694        2.74453
694       0.828193
694       0.815293
694        3.09039
694        5.76093
694        2.01236
694        1.56493
694         3.2133
694       0.354822
694        3.13611
694        3.68864
694        3.99322
694       0.489237
694        1.72245
694        1.05024
694        3.67821
694        3.47577
694        3.24245
694        1.24204
694        5.31428
694        4.97248
694        5.44526
694       0.780532
694        1.95261
694      0.0041442
694        4.85787
694        4.65849
694        2.16382
694       0.988537
694        6.15909
694        4.75838
694        4.04099
694        1.26315
694        4.38074
694      0.0196176
694        2.75897
694        6.11256
694        5.17365
694        4.47914
694       0.879131
694        1.05059
694        4.73859
694        1.01356
694         1.1159
694        4.59534
694        2.88356
694        4.47199
694       0.760152
694        2.92525
694         4.5015
694        4.50908
694        3.71352
694        5.45866
694        3.39603
694       0.347874
694        2.48618
694        6.01159
694        3.26784
694         2.7492
694       0.321298
694        3.85114
694        1.38812
694         1.2967
694        2.04463
694        3.68654
694        4.24609
694        4.77349
694        4.44196
694        2.71119
694       0.714629
694        3.66988
694        4.62392
694        3.25186
694        4.91972
694        5.47759
694        2.49951
694        2.77252
694        6.03613
694        1.65344
694        5.08034
694        4.35079
694        1.77206
694        4.05591
694        6.25592
694        3.20125
694        4.49385
694       0.792844
694        3.24984
694        1.66171
694        5.44977
694        3.73178
694        5.23088
694        1.43853
694       0.727285
694       0.171158
694        3.40354
694        2.79716
694        2.03465
694        3.11543
694         5.5712
694       0.130586
694        2.26166
694        4.29474
694        3.87775
694        4.41206
694        4.53904
694        2.85517
694        4.65985
694        1.04258
694        3.02485
694        4.51751
694        1.26574
694      0.0344357
694        2.67228
694          3.025
694        3.76497
694       0.859919
694        5.35377
694       0.231756
694        5.24899
694        4.37765
694        1.06914
694        2.41877
694         3.3403
694        3.61088
694        2.01416
694         4.0916
694        5.96233
694        3.02953
694        2.48223
694        3.22959
694        4.17935
694        3.09727
694        4.47801
694       0.720019
694       0.471144
694        4.55797
694        3.02824
694        2.83851
694       0.759139
694        5.89901
694        1.12774
694        3.95874
694         3.3589
694        3.76642
694         4.0253
694       0.347993
694        2.09682
694        6.05895
694        5.51903
694        3.19447
694       0.267458
694       0.257882
694        2.92871
694        3.52543
694        4.94199
694        3.72603
694        3.10631
694        2.83159
694        4.45082
694         4.8303
694         1.6989
694        5.87093
694        1.37217
694        1.06963
694        4.43772
694        5.07712
694       0.300665
694        1.85268
694        2.43176
694        5.48219
694        2.77439
694        4.62889
694       0.243333
694        6.21701
694        3.97043
694        6.11615
694       0.513692
694       0.567262
694        2.51957
694        3.01386
694       0.557189
694        2.12132
694          0.348
694        6.18059
694        4.90785
694        1.52717
694        4.54702
694        4.51148
694        4.94704
694        4.48599
694        3.28791
694        2.59557
694        6.05474
694        1.71811
694        1.26242
694        5.61906
694       0.564972
694        1.00883
694        3.02949
694        0.24236
694        6.05538
694        1.23429
694        5.03346
694       0.292566
694        2.94812
694      0.0545566
694        5.58985
694        3.44397
694         0.4186
694        1.55268
694         2.7034
694         3.1367
694       0.657957
694        3.11966
694        3.95654
694        2.30828
694        2.47512
694        6.15924
694        1.33105
694        4.20898
694        4.07846
694        1.00824
694        4.94644
694        5.52852
694        3.26709
694        2.31938
694        4.16343
694       0.651509
694        4.98841
694        3.23416
694        1.93145
694        1.36638
694        2.86345
694       0.891869
694        3.57942
694         3.0392
694        3.44913
694        3.68728
694        1.29112
694        4.97679
694        1.50375
694        1.49814
694        1.19461
694        3.73373
694        2.88564
694        3.70876
694        3.27443
694        4.51608
694       0.362216
694        2.94754
694       0.364856
694        1.01989
694       0.538017
694        1.77232
694        3.61812
694        1.08782
694       0.944903
694        4.24662
694        3.82505
694      0.0323605
694        3.87018
694        5.71394
694        2.77724
694        5.90949
694        2.27028
694        4.52118
694        6.02703
694        2.43372
694        4.10235
694        3.61863
694        5.80984
694        1.06315
694        3.59455
694        5.72116
694        0.19916
694        5.61267
694        1.09429
694       0.595257
694        5.88022
694        4.19082
694        1.83968
694        5.34726
694        5.42353
694        4.23791
694        3.12163
694        1.34773
694        3.44604
694        2.94338
694        5.81139
694        4.96569
694           1.31
694       0.521497
694        5.24891
694        5.91189
694        2.52061
694       0.567592
694        3.54967
694        3.20442
694        1.76579
694        1.29842
694        5.61229
694        3.19952
694        1.56004
694        3.40015
694        5.79457
694       0.452842
694         3.7217
694        4.16066
694        2.55117
694       0.704606
694        2.69745
694        4.50912
694        3.56367
694        6.14432
694      0.0928009
694        6.23868
694        4.35161
694        3.75581
694        1.97523
694        5.98044
694        6.28124
694        5.27373
694        6.08656
694        1.78205
694        3.65481
694        1.58854
694        3.65767
694        1.00508
694       0.877178
694        3.04202
694        2.46077
694       0.688908
694        3.82678
694        6.15124
694        3.74514
694        6.09297
694        4.39463
694         4.6522
694        2.40898
694       0.563413
694          4.558
694       0.955251
694        4.20901
694       0.542427
694        1.77111
694        4.19239
694        4.68209
694        3.59261
694        5.57932
694        2.15363
694         6.2569
694        1.41264
694        4.64553
694        5.50227
694        1.99076
694        3.06632
694        2.00975
694        1.32645
694        4.54494
694        6.15017
694        1.29742
694        4.38594
694       0.643503
694        3.44782
694        2.93627
694        1.78737
694        3.77754
694        2.68696
694        6.24969
694       0.913387
694        1.25827
694        5.38899
694          2.393
694        2.69679
694         4.0912
694       0.618828
694        1.90227
694       0.248406
694       0.390101
694        3.84527
694        3.90649
694        5.47205
694        2.16326
694        3.26594
694        2.54419
694        2.99951
694        4.71097
694       0.132352
694        4.34091
694        1.00221
694        3.08137
694        2.50755
694        3.37856
694        4.60963
694         1.6434
694        5.99376
694        3.69049
694        5.85782
694        5.63672
694        2.85249
694        4.72679
694        1.56047
694       0.801311
694        3.64599
694         3.0761
694        3.10159
694        0.77991
694       0.418768
694        6.22895
694        4.11722
694       0.591624
694        5.79305
694        3.11524
694        6.22495
694        3.34185
694       0.790926
694        3.63475
694        1.23817
694        4.08637
694       0.311206
694        2.58492
694         1.3558
694        4.75304
694        3.90835
694        2.95158
694        1.24085
694        3.85773
694        6.02341
694       0.208072
694        3.78219
694        5.15639
694      0.0797513
694        2.74719
694         5.5157
694        5.90174
694        4.12839
694        2.24351
694       0.764525
694        5.44228
694        5.18969
694       0.547744
694        4.39973
694       0.558785
694        2.76843
694       0.907426
694        6.17769
694        3.65865
694        3.99054
694        4.00169
694       0.513225
694        1.40754
694        3.65719
694         3.4578
694        4.41552
694        2.44241
694        2.61905
694        4.17818
694        4.46001
694        2.86894
694        6.25615
694        4.80732
694        2.84336
694        5.48296
694        4.25515
694       0.356781
694        4.39354
694        2.38367
694        6.27064
694       0.582093
694        3.95489
694        3.89328
694        6.10331
694        1.91368
694        2.36592
694        2.68828
694        4.81191
694         4.3734
694        3.03087
694        1.87877
694       0.633707
694        6.11345
694        1.92249
694        4.07863
694        5.04545
694        4.18605
694        6.07927
694        4.45265
694        5.13609
694        5.08629
694        3.06304
694       0.621606
694        2.25913
694        1.52155
694        4.44477
694        1.08116
694        3.53086
694        5.00385
694       0.581443
694        4.85131
694        3.54273
694        3.01499
694        2.70522
694        6.23378
694        3.65318
694         5.9258
694        1.12421
694        3.54333
694        0.21486
694        1.81145
694        6.05563
694        4.84174
694        2.02824
694        4.81019
694       0.270031
694        1.40766
694         3.0389
694        4.98849
694       0.661634
694        2.41155
694        6.25593
694        5.59293
694        4.86302
694        2.98149
694      0.0523979
694         2.8946
694        2.90135
694        3.22887
694        3.65697
694       0.257385
694       0.131643
694         1.2869
694         6.0093
694        4.43737
694        3.29924
694        5.56369
694        5.28656
694        4.52936
694        6.23604
694        2.22932
694       0.305172
694        5.29155
694        3.56105
694       0.571969
694        4.47792
694        4.64082
694        2.75749
694        4.82146
694         3.2131
694        3.58601
694        6.16744
694        1.04822
694        3.27968
694        3.35442
694        2.90087
694        5.23834
694        4.28363
694        4.43599
694        4.05876
694        1.66495
694       0.393547
694       0.286254
694       0.452673
694        1.68854
694        4.84944
694        5.15887
694        3.46753
694         3.2099
694        1.86934
694        3.06089
694       0.966016
694        1.78217
694        3.29345
694        2.38371
694        4.75351
694        5.33499
694        1.57212
694        3.16055
694        1.21856
694        4.91175
694        4.04204
694        4.50184
694        5.51509
694        1.61067
694        3.25326
694       0.826952
694         0.1492
694        6.14382
694       0.850533
694        3.28612
694        1.39626
694         5.9284
694        4.01435
694       0.917642
694       0.232204
694        2.44552
694        1.52476
694        3.17383
694        2.35706
694        5.41757
694        5.20424
694        3.22838
694        5.41347
694        3.61914
694        1.65021
694        2.59239
694         1.6812
694        2.20116
694        4.27818
694        3.18622
694        3.41856
694       0.535327
694        3.51962
694        3.57591
694        3.72434
694        5.23598
694        3.72699
694        1.98962
694        3.44266
694        1.49388
694        1.02705
694        3.22423
694       0.835447
694        4.12054
694        3.40145
694        5.94342
694       0.710609
694        3.35153
694         6.2189
694        2.23696
694       0.939667
694        3.73686
694        4.49525
694       0.815023
694        6.19183
694        4.44421
694        3.86813
694        1.11604
694        4.90052
694        2.85594
694         5.4914
694        6.15814
694        1.64255
694        3.43131
694       0.271936
694        0.12538
694      0.0316248
694          6.216
694        1.97314
694        2.85885
694        4.67159
694        1.06661
694        3.65258
694        5.86831
694        2.13621
694         1.4553
694        3.96119
694       0.625552
694        2.08937
694        3.44973
694        1.19337
694       0.955028
694        3.05072
694       0.936831
694        3.17396
694       0.795858
694        3.33941
694        4.47049
694        3.03196
694        3.62226
694         2.0928
694        3.54958
694       0.830669
694        1.01005
694       0.927683
694       0.876075
694        3.49326
694        1.57938
694        1.85433
694        3.67615
694        4.46699
694        3.07636
694       0.849329
694        4.59142
694        3.00186
694       0.463227
694        3.54762
694        0.28043
694        3.09596
694        2.16274
694        5.15763
694        4.53765
694        6.22373
694       0.922021
694         3.4757
694       0.100672
694       0.983135
694        2.09033
694        3.32981
694        3.81454
694        2.30833
694        3.74055
694        3.28526
694        1.50197
694        5.84264
694         5.0139
694        0.70936
694        1.28678
694        5.94377
694        2.22212
694        3.54163
694        4.02651
694        3.25514
694        2.60634
694        2.40499
694        5.38727
694        5.65786
694        3.53515
694        2.56711
694        1.39002
694        5.00508
694        6.21793
694        3.07642
694        4.43623
694        2.59451
694        4.55953
694        3.23563
694       0.774518
694        5.27878
694        4.28985
694        5.28815
694        1.54004
694        4.26806
694         4.6336
694        3.30532
694        5.76718
694         6.0548
694        3.99272
694       0.142511
694        2.94319
694        1.25228
694       0.237626
694        4.02221
694        4.53404
694        2.50455
694        5.97172
694        6.20994
694        5.55557
694        4.27716
694        4.96767
694         1.6318
694        4.33545
694         1.8661
694        5.32479
694         4.7338
694        2.21021
694        5.68634
694        4.01814
694       0.427408
694        1.37476
694        6.06746
694        6.04453
694        6.19116
694        3.13572
694        1.88743
694        2.17472
694        3.32688
694        2.13481
694       0.707346
694       0.439889
694        1.41594
694        3.32533
694        3.29123
694        2.55552
694       0.111849
694        3.30468
694        2.07452
694       0.829359
694        4.42769
694        5.35541
694        1.56934
694        3.41743
694       0.993515
694        3.17091
694        3.24552
694        4.40754
694        5.36965
694        4.21474
694       0.561725
694        3.47888
694        5.40659
694      0.0466879
694        2.61093
694        3.16102
694        2.98603
694       0.288321
694        2.26708
694        4.10195
694        2.16784
694        4.39949
694        1.80113
694        3.16702
694        3.71622
694        1.31645
694        0.24157
694        5.49182
694       0.789419
694        3.12867
694        1.63391
694       0.135981
694        3.34384
694        4.10251
694        6.25089
694        1.56337
694        1.21936
694         2.5043
694        4.66887
694        5.85883
694       0.619874
694       0.635366
694        1.64034
694        2.31899
694        6.17616
694          3.475
694        4.70684
694        3.05759
694        5.02219
694        2.09396
694        3.77026
694        4.49654
694         3.9544
694        4.63982
694        3.41788
694       0.831404
694        4.21827
694       0.881323
694        1.53629
694      0.0387827
694        6.11206
694        5.14993
694        2.56268
694        2.76589
694        3.13587
694        1.71029
694        5.93652
694        1.36079
694        5.10305
694        2.67429
694        2.39335
694        3.85035
694        3.21078
694         2.3312
694       0.237687
694        1.64817
694        5.44589
694        6.08848
694        1.75333
694        3.25889
694        4.43487
694         6.1934
694        1.10189
694        1.52076
694        5.35088
694        5.66132
694      0.0442927
694        4.27019
694       0.971383
694        3.58741
694        4.23099
694        1.40392
694        3.59224
694       0.784323
694        2.98639
694        4.82268
694        3.72168
694       0.454178
694        2.58917
694        6.21937
694        2.00961
694        4.00393
694          6.159
694        5.28726
694        0.21279
694        1.25017
694         4.1092
694        2.12719
694        1.19817
694        3.22715
694        1.61932
694        1.29206
694        3.66975
694        3.12044
694        1.10773
694       0.549706
694        2.12455
694        5.71756
694       0.836225
694        4.43301
694         6.2721
694        3.62505
694        1.25646
694        4.51945
694        3.35968
694        4.44549
694        2.59378
694        3.30299
694         1.4647
694        2.52079
694        5.50494
694         6.2297
694         2.4314
694        2.27062
694         5.6646
694       0.242745
694        1.74422
694        2.13045
694        3.85124
694       0.281593
694        5.44435
694        3.34523
694        3.65145
694        5.06636
694        2.16419
694        6.02949
694        2.96006
694        1.85545
694        4.87411
694        5.11888
694        3.34723
694       0.245451
694        4.88585
694        5.68784
694        3.10223
694       0.158538
694        4.47597
694        4.38392
694         5.8187
694         2.4413
694        5.53209
694         4.6591
694        2.33892
694        1.73725
694       0.482857
694        4.20471
694       0.459078
694        4.61379
694        4.19983
694        5.90728
694         1.0594
694        4.82918
694        1.70889
694        3.97709
694         3.7393
694        0.68628
694        4.01012
694        3.60108
694        6.11066
694        4.14597
694       0.487642
694        4.96465
694        4.44979
694        6.14921
694        2.00739
694       0.293374
694        1.16736
694         5.3157
694        1.22854
694       0.423501
694       0.635576
694          4.055
694         2.7872
694        2.68341
694       0.757728
694        3.45622
694        6.05425
694        1.67712
694        5.40531
694        3.67734
694        3.23086
694       0.771579
694       0.818269
694        5.87449
694        2.27021
694        5.75432
694        1.06132
694        1.74289
694        6.05396
694        0.75809
694        0.94064
694       0.689112
694       0.315502
694        3.99205
694        5.11283
694        5.82309
694        5.59287
694        4.42142
694        2.28513
694       0.538774
694        3.45936
694        2.21798
694        1.18861
694        5.47849
694        2.45614
694        6.27381
694        4.97414
694        2.73383
694       0.921741
694        3.87463
694        5.77551
694        6.01778
694        4.16283
694        1.85528
694        3.52799
694        4.52741
694        1.23603
694        3.32273
694        0.54471
694        3.54814
694        2.83324
694        2.15381
694        2.64021
694         3.4277
694         1.6909
694        2.89942
694       0.559163
694        6.18622
694        5.84558
694         4.7371
694        6.09196
694        3.59476
694       0.997226
694       0.295623
694       0.635841
694        3.45567
694        4.21333
694       0.619977
694        6.04593
694        1.96697
694        5.23721
694        2.77394
694        3.53016
694        5.08927
694        1.24725
694        3.39024
694        3.51116
694        5.31966
694        5.38948
694        2.68128
694        1.42313
694        5.86575
694        5.23049
694        1.49899
694        5.34628
694        1.33592
694        4.47994
694        4.35293
694       0.736016
694         4.5421
694        4.23939
694        2.69389
694       0.709517
694        5.68189
694         2.4834
694        4.17677
694        3.31282
694        3.68914
694         2.7925
694        3.40447
694        2.18598
694        4.17488
694        1.68618
694        2.33238
694         5.9122
694        2.74877
694        3.58197
694        3.31608
694       0.434373
694        6.03333
694          1.321
694        6.02006
694       0.522946
694        3.28016
694        4.76819
694        5.53306
694        5.32813
694        4.54243
694        5.82256
694       0.597812
694       0.913161
694        5.20855
694        3.37345
694        2.56375
694       0.688375
694        2.99794
694         1.3742
694        3.41477
694         3.0415
694        3.36285
694        4.18649
694        5.86804
694         4.1562
694       0.402859
694       0.275191
694       0.934052
694        4.25071
694        5.43129
694        4.35673
694        3.26053
694       0.481059
694        3.61992
694       0.442412
694       0.162877
694         2.3917
694         3.6857
694        6.22039
694        3.46955
694        5.74683
694        3.67991
694        3.52634
694        2.54408
694         2.2459
694       0.944747
694         0.5229
694        2.65555
694       0.175084
694        2.02166
694         3.5334
694        1.46939
694       0.340013
694        5.34586
694       0.802422
694        5.67596
694        3.75179
694        1.40887
694        6.03611
694       0.504472
694         5.1046
694       0.290894
694        5.71154
694        2.13548
694        2.80206
694       0.176689
694         0.5622
694        4.11465
694        5.25925
694        1.78689
694        4.86473
694         5.6953
694        2.56551
694        2.64221
694        3.62069
694         2.8712
694        4.57017
694       0.714454
694        4.33447
694        5.84049
694        0.85642
694       0.276221
694        5.20736
694        4.85288
694        1.09737
694        2.94639
694        3.16511
694        3.10062
694        2.32306
694        1.62051
694        4.01972
694        2.37186
694        2.42044
694         3.0067
694        2.11891
694       0.846924
694        5.15525
694       0.711194
694        4.01711
694        2.68935
694        4.97582
694      0.0352425
694        4.12457
694        3.25723
694        3.75299
694        1.92783
694       0.271871
694       0.262587
694        6.08414
694      0.0997147
694        5.49411
694        5.44258
694        5.06589
694        3.10274
694        1.44924
694       0.709316
694        3.09356
694       0.838197
694        5.15097
694       0.284348
694        1.78571
694        6.27572
694         3.7771
694        4.10286
694       0.500228
694        6.20154
694        1.91069
694        5.04932
694        2.84599
694        4.79022
694        3.40655
694        3.12325
694        6.26332
694        2.82898
694        3.55048
694        4.19106
694        2.42174
694        5.46598
694        2.50304
694        4.87572
694        1.69942
694       0.999082
694        0.47572
694        5.60564
694       0.296137
694       0.350943
694       0.257349
694        4.32334
694        6.19831
694       0.787703
694        2.78951
694        1.43043
694        5.90439
694        3.18149
694        4.49801
694       0.895062
694       0.279989
694        4.65379
694        4.60476
694        4.02268
694        2.58219
694        4.00151
694        2.54628
694        5.89418
694        3.21385
694        3.90368
694       0.443582
694        3.36097
694        1.12041
694       0.963314
694        3.88282
694        4.88799
694        2.63101
694        4.95608
694        4.92434
694      0.0785568
694        2.16831
694        2.47265
694         3.8987
694        3.44966
694        6.12476
694        5.56003
694     0.00748474
694        3.16219
694        3.80924
694        4.62113
694        2.44183
694        3.68043
694        4.33053
694        4.80979
694        2.92472
694        4.14556
694        5.89346
694        2.30873
694        2.88952
694        4.65387
694        5.26003
694        3.70089
694        1.81512
694        3.43783
694        3.99606
694        2.61722
694        3.42088
694        5.42738
694        4.09048
694       0.313242
694        4.06921
694      0.0849234
694        0.12549
694        1.92976
694       0.912698
694        5.96447
694        4.93563
694        2.70159
694        3.76266
694        6.15762
694        2.97007
694        4.66795
694        2.07627
694         2.4709
694       0.129893
694         3.6325
694        2.44198
694        3.59619
694        3.57282
694       0.760191
694        6.03944
694        3.08931
694        5.36816
694       0.659602
694        3.78549
694        2.62154
694        1.21364
694        1.25053
694        1.43653
694        3.83874
694         4.3697
694        1.94979
694        4.68347
694         1.2695
694       0.414101
694        1.04816
694        5.65694
694       0.710193
694        4.76029
694        1.47648
694        2.86506
694        3.05319
694        1.65278
694        1.53372
694        1.01167
694        3.21928
694        1.40787
694       0.692044
694        5.58331
694       0.400802
694        5.09561
694        2.09258
694        4.33262
694        2.55592
694        1.43271
694        1.98493
694        3.35483
694         5.7571
694        6.02418
694        5.97492
694        1.43943
694        2.15791
694        2.88578
694     0.00674074
694        4.31819
694        2.59606
694        2.21072
694        4.07071
694      0.0849973
694        2.55638
694        2.42933
694         3.8829
694        3.83727
694       0.664772
694        5.93219
694       0.207839
694        1.58853
694        2.08766
694        3.47562
694        4.73679
694        4.53807
694        3.82832
694        3.45525
694        3.48922
694        5.69987
694        3.96789
694        3.57944
694        3.96049
694        5.47727
694        1.69694
694        4.13159
694        3.16598
694        4.31074
694          3.194
694        0.40164
694        5.98152
694        1.75951
694        3.89263
694        5.68788
694        1.92244
694       0.376299
694        1.22015
694        2.99602
694        5.05788
694        5.95544
694        1.91727
694        2.83131
694        5.16474
694         2.0209
694       0.786759
694        1.16682
694        2.67418
694        3.11348
694        4.78564
694        3.14836
694        4.31627
694       0.603373
694        3.36664
694        5.90706
694        4.32801
694        5.25186
694        1.01334
694        1.47131
694        3.86553
694        5.06123
694        3.47503
694        4.29048
694        2.90377
694       0.747342
694       0.151208
694        3.24323
694        4.41068
694        1.94337
694        5.77869
694        3.23622
694       0.508954
694       0.321293
694        3.04118
694        5.03043
694         4.4109
694        5.12183
694        2.05992
694        4.45909
694        2.85614
694        1.45093
694        4.02649
694        5.45629
694       0.458474
694       0.485774
694        6.10638
694        2.39064
694        2.00744
694        2.78441
694        4.81676
694        1.06428
694        3.73367
694        1.00571
694         4.2935
694        3.63444
694       0.492144
694       0.557844
694        2.74326
694       0.175307
694      0.0346857
694        6.26092
694        4.30098
694        4.56674
694        3.91163
694        4.80639
694        4.31658
694        3.37273
694       0.823757
694         2.3918
694        2.82595
694        3.54807
694        2.42019
694        6.21734
694        3.93268
694        4.29266
694        4.88724
694        3.90812
694        1.28415
694        4.13285
694        2.83739
694        2.91992
694         3.2359
694       0.231328
694       0.318755
694        1.56787
694        4.63578
694       0.850198
694       0.111901
694        2.33741
694        2.71458
694        1.23598
694         1.1189
694        3.35667
694        2.21409
694        5.23972
694        2.84997
694       0.269066
694        2.49208
694        6.06183
694        2.23823
694        2.39412
694        3.64759
694        3.99056
694       0.549254
694        3.06104
694        5.09053
694        1.40209
694       0.267124
694       0.177155
694        1.49354
694        3.90243
694       0.124692
694        3.19691
694        4.97698
694        2.03195
694        2.28943
694        3.54608
694         6.1769
694        2.75609
694        3.50741
694        3.25109
694        0.31059
694        2.08415
694         6.2638
694        1.37005
694        3.38657
694       0.557624
694       0.432913
694        4.81183
694         4.0244
694        3.70704
694        1.03991
694        3.63383
694       0.752841
694        3.23069
694        3.57513
694       0.156963
694        1.92243
694        3.39596
694       0.508818
694         2.5365
694        2.64207
694        5.29964
694        4.06414
694       0.972257
694        1.76531
694        4.57574
694       0.985376
694        5.40506
694        2.33379
694        5.95246
694        4.87843
694        1.15406
694        3.34941
694       0.544839
694        3.90048
694        5.57505
694        1.77215
694        5.85675
694        0.52259
694        5.27074
694        5.07104
694        4.56922
694        2.87464
694        5.89333
694        3.30981
694        5.96892
694        1.85723
694        3.87281
694        3.54296
694        1.99893
694        3.97472
694        5.15433
694        4.21994
694        5.17949
694        4.29571
694        3.38682
694        2.67049
694         6.0459
694       0.375762
694        4.34087
694        3.30228
694        3.74108
694        1.22706
694          3.571
694        3.79512
694        0.40402
694        1.69475
694        1.44859
694        4.90701
694        0.98044
694        5.97701
694         4.5317
694        2.61473
694        4.40719
694        5.55597
694        6.07812
694        3.03551
694        4.78257
694        3.38623
694         2.5287
694        5.17348
694        3.75546
694        6.26314
694        1.23154
694        0.99387
694        1.78858
694      0.0483098
694         3.5625
694       0.086804
694         1.9228
694        3.93609
694        5.18641
694        5.95166
694        6.20937
694        4.23324
694        2.10563
694        3.70345
694        3.58937
694       0.642374
694        1.60288
694        2.88007
694        4.49583
694       0.743365
694        5.72695
694        2.79212
694        1.32204
694        3.48558
694        4.08832
694        3.98754
694       0.393963
694         5.6482
694        4.91385
694       0.291237
694        3.19516
694        3.62871
694        3.97587
694        5.70342
694        2.98242
694       0.384592
694        4.85812
694       0.979981
694        3.36126
694        2.73945
694        1.31309
694        3.38824
694       0.461848
694        3.85357
694        2.02193
694        2.56313
694        5.25119
694          5.744
694        1.76515
694        2.07141
694        5.26067
694        4.37601
694        3.22623
694        2.32201
694        3.98618
694        6.01018
694         4.6189
694        3.83708
694        2.45585
694       0.962678
694        5.92726
694         1.9482
694        3.97016
694         4.7917
694        6.26335
694        3.44568
694        2.28687
694         3.7739
694         5.4324
694        2.25373
694        4.87762
694        2.00871
694         6.2226
694        1.77916
694        5.01036
694        3.44169
694       0.951417
694       0.571434
694        1.42427
694        1.82192
694        3.96989
694        3.37375
694        1.36557
694        4.19253
694        2.40926
694        3.91306
694        4.88235
694        4.62319
694       0.849759
694        2.71893
694        3.91805
694        3.11158
694        2.13327
694        2.27121
694         4.2058
694         2.9624
694         4.5577
694        2.90847
694       0.101403
694        4.21407
694       0.291826
694        3.33206
694       0.941682
694        1.92594
694        3.64327
694        3.70192
694        4.98577
694        6.18129
694        6.10458
694         2.7362
694       0.821528
694       0.398191
694        1.69105
694        2.37882
694        4.00441
694       0.457458
694        1.04157
694        4.82719
694        4.17654
694        3.54447
694        1.58174
694        5.68037
694        1.00664
694        2.62303
694        4.74374
694        3.04267
694        3.29134
694        6.02894
694       0.812418
694        1.82101
694        5.50714
694        5.50087
694        3.60159
694       0.188596
694        4.59426
694        3.40879
694        2.98487
694       0.492445
694        6.05514
694        4.13107
694         4.3615
694        3.52546
694         1.9963
694       0.381175
694        2.49654
694        5.88736
694        3.13747
694         4.8026
694         4.2413
694        2.61317
694        1.68072
694        5.36239
694          1.755
694       0.877861
694        1.92788
694        5.89291
694        3.27057
694         1.4126
694        5.58381
694        1.67265
694       0.876445
694        4.87271
694        6.01938
694        4.69405
694        4.86889
694        3.40258
694        5.20603
694       0.491999
694        3.86108
694        5.16886
694        4.18572
694       0.653107
694        0.46899
694        4.04335
694      0.0270774
694        5.34975
694        2.81974
694          1.305
694        2.13443
694        5.39721
694       0.127815
694       0.902577
694        3.99571
694        1.36366
694         3.2483
694        2.86793
694         5.4531
694        6.01767
694         4.5932
694        3.29191
694        6.13388
694        3.47782
694       0.095277
694        2.56415
694         4.2607
694        4.78561
694       0.527345
694        3.67818
694        4.97932
694        1.17048
694        2.07916
694        6.11312
694        3.28725
694        3.54373
694        5.25688
694        1.98492
694        1.04875
694        6.01523
694     0.00842947
694        4.10933
694        4.08725
694         3.5489
694        5.79449
694        3.21042
694        5.23981
694        4.52283
694        3.76349
694        3.40891
694        1.16506
694        2.30251
694        4.37109
694         6.1247
694         2.3778
694        4.96611
694        3.78103
694         5.2252
694        1.39015
694        5.72613
694      0.0896375
694        3.42575
694         5.0543
694        3.26557
694        5.82738
694        4.89411
694        1.86508
694         5.6458
694        3.03043
694        1.31097
694        4.44001
694        4.94462
694        4.21444
694        3.07537
694        4.00895
694        5.12272
694         4.6606
694        4.44051
694        4.20608
694        2.26352
694     0.00548518
694        2.21093
694       0.192017
694       0.919844
694        5.48961
694         2.8461
694        2.81135
694        1.97268
694       0.417236
694        2.92331
694         5.2627
694        4.35767
694       0.119313
694        5.76762
694        3.45413
694        4.89506
694        5.38938
694         3.7953
694       0.498243
694       0.478433
694        5.35462
694        4.28543
694        2.99434
694        3.80683
694       0.183809
694        1.27478
694        3.38172
694       0.560049
694        5.31584
694        1.65227
694         1.1914
694       0.889932
694        5.65856
694        2.16028
694        1.94481
694         2.2638
694        2.29942
694        3.59103
694       0.370667
694        2.57414
694        3.60038
694        3.75884
694         2.7952
694       0.562147
694        2.94768
694        5.85139
694        2.52962
694        1.80595
694       0.848163
694        3.04051
694        4.27039
694       0.813338
694        1.31632
694       0.427106
694        4.66823
694        3.45668
694       0.370611
694        2.72062
694        1.91876
694        5.28521
694        4.78336
694       0.258142
694        5.24466
694        3.71092
694        3.42687
694        1.79337
694        3.47665
694        3.21169
694         1.5328
694       0.710668
694        6.12445
694        5.16782
694        1.19174
694        4.59002
694       0.246815
694        3.30322
694        2.20626
694        4.59671
694        3.17386
694        1.33691
694        5.50614
694        3.38355
694        2.09831
694        6.20734
694        5.64782
694         4.6531
694        2.90509
694        2.85265
694        5.34277
694        4.07924
694        1.01601
694       0.506821
694        3.38579
694        4.14296
694        2.12334
694        5.19548
694        5.23831
694       0.836035
694        2.74273
694       0.724937
694        5.25616
694        5.15081
694       0.275394
694        1.44484
694       0.762258
694         5.2921
694      0.0729906
694        4.24583
694        6.24156
694        2.71424
694       0.130131
694        5.04671
694        6.14457
694        5.74797
694        0.87607
694        5.33865
694        3.19496
694       0.179221
694        3.72208
694       0.840697
694        5.85328
694        4.84549
694        4.97592
694        4.95143
694        2.42634
694        3.79862
694        2.32986
694        1.37168
694        3.88891
694       0.198645
694       0.795267
694        3.43054
694        1.64265
694        3.45497
694        2.43398
694        3.21456
694        3.32979
694       0.953388
694        4.36121
694        1.57497
694         4.8603
694        3.15681
694        1.80292
694       0.339166
694        3.20243
694        5.85449
694        1.39372
694        4.92332
694        2.62321
694        1.22246
694         2.5988
694        1.51311
694       0.143232
694        3.47357
694        1.21499
694        3.73624
694        5.15464
694        1.41984
694        6.18588
694        3.03605
694        2.73674
694        5.85319
694         2.9367
694        1.78276
694        6.04104
694        1.28775
694        6.17207
694       0.362681
694        5.42746
694        5.65395
694       0.198793
694       0.465709
694        4.74295
694        2.57266
694        4.38689
694        1.90809
694        1.33459
694        3.95074
694         4.2081
694          5.863
694        5.50625
694        2.56814
694        5.56544
694        4.13886
694        6.23376
694        3.82729
694        4.90992
694        5.76363
694        1.16769
694        6.20869
694        2.27381
694        4.06998
694        1.74272
694        3.52267
694        3.70781
694        5.44695
694        3.06686
694       0.632932
694        5.19799
694        5.43844
694        4.96377
694        3.74942
694        0.62015
694        5.01155
694        2.73669
694        2.21669
694       0.594869
694        4.38226
694       0.375783
694        4.77079
694        4.38084
694       0.758538
694        4.56671
694        3.41891
694        3.50378
694        2.60529
694         3.4034
694        1.84311
694        3.48988
694       0.299996
694       0.607562
694        1.09275
694       0.254899
694       0.377702
694        1.66704
694        3.13331
694         2.1764
694        1.77945
694        2.95575
694        4.00574
694        5.34267
694        5.81562
694        5.34606
694       0.731695
694        1.79084
694       0.633734
694        5.26665
694       0.518724
694        3.01642
694        2.71986
694        0.56972
694        3.74247
694        3.75598
694        6.20898
694       0.633671
694        0.34613
694        3.60583
694        5.64134
694         4.7108
694        4.82948
694        4.05278
694       0.396821
694       0.912322
694        1.10862
694        6.06298
694        2.66749
694       0.696415
694        5.17588
694        3.19603
694        2.70486
694        3.49475
694       0.590785
694        4.76122
694        5.77361
694        5.76556
694        4.59772
694       0.421175
694        6.14713
694        5.88742
694       0.405975
694        4.90873
694        2.19453
694        4.34766
694        1.98977
694          5.084
694        5.73971
694        1.55016
694        1.13241
694        3.18259
694        5.26243
694        5.22003
694        4.80777
694        4.25034
694        5.27222
694        4.83952
694        2.58465
694        3.20739
694        5.43179
694       0.214184
694        4.23147
694        5.06764
694         2.2732
694        5.75552
694        3.63617
694        2.92351
694       0.313066
694        2.99185
694        4.00668
694        3.41787
694         3.8401
694        4.98002
694       0.517174
694         4.0361
694        3.40938
694        3.09444
694        1.19453
694        1.78821
694        4.27428
694        4.14713
694        6.02575
694         4.1291
694        3.57143
694        2.57685
694         5.3488
694        4.28961
694        4.56087
694        3.78787
694        1.55964
694        6.08858
694       0.641513
694         0.8072
694        5.48496
694        5.39722
694        4.23475
694        2.79966
694        5.07005
694        4.49062
694       0.404836
694       0.707194
694        4.71343
694        2.82794
694        5.62552
694        1.01408
694        3.67706
694      0.0658468
694         3.0893
694        1.80755
694        3.00658
694         3.4068
694        4.66637
694        5.78539
694        4.32236
694        2.06574
694         4.5846
694        4.99039
694        3.47327
694        5.21989
694        5.13966
694        6.18319
694        2.07062
694        3.42996
694        5.87544
694        4.17995
694        2.63532
694        6.10431
694       0.802886
694       0.360171
694        1.91936
694       0.979246
694       0.384728
694      0.0400905
694        5.01448
694       0.738135
694        6.11536
694       0.634162
694        5.50511
694        2.42471
694        1.69627
694         4.7732
694        2.38471
694        5.80614
694        6.12688
694       0.356508
694         3.5624
694         3.1356
694        4.39476
694        4.37533
694       0.356098
694       0.646094
694        4.96244
694       0.121561
694        3.61655
694        1.47971
694        2.48762
694         0.7531
694       0.629186
694        4.39602
694       0.974778
694        5.14405
694        4.11981
694        3.09298
694       0.428295
694        2.70198
694       0.638286
694        2.30513
694        4.30182
694        2.39588
694        5.68411
694        5.27867
694       0.801526
694        3.19375
694        2.06719
694        4.93246
694        1.82884
694         5.8558
694       0.330453
694        3.01399
694       0.361341
694        4.74021
694       0.476165
694      0.0205849
694        1.92079
694         5.2717
694         1.0779
694         4.1166
694        1.42462
694        5.40726
694       0.203414
694        4.54071
694        1.56785
694        4.40272
694        3.92545
694        2.40259
694       0.959612
694         4.1983
694        4.64094
694        1.21944
694        5.88267
694        5.61294
694        3.56824
694       0.807843
694        4.68197
694        3.94619
694       0.246477
694       0.272752
694        2.27878
694       0.646065
694       0.942717
694        3.93506
694        5.99251
694       0.197242
694       0.897924
694        4.26427
694        1.46834
694        2.71269
694        3.91217
694        1.84092
694        4.71274
694        6.12267
694        1.42453
694        1.58751
694        2.75353
694         3.0045
694        4.76438
694       0.130262
694        4.72451
694      0.0173292
694        2.72921
694        3.19142
694        2.79547
694        3.85293
694        3.90066
694        2.93998
694        0.31537
694        2.92123
694        2.52727
694        3.18286
694        2.48317
694        2.27905
694        2.15466
694        6.02255
694        1.72889
694        3.53712
694      0.0212286
694       0.357271
694        4.67491
694        3.23155
694        5.23524
694        2.43668
694        5.60957
694        5.42492
694        2.28657
694        4.17103
694        1.99694
694        4.40782
694        5.10703
694        2.26726
694        3.48815
694        4.06513
694          3.469
694        4.09903
694        4.44084
694        2.63102
694        5.80494
694        2.11386
694        1.60634
694        1.42805
694       0.132446
694        2.31429
694        4.77094
694        5.93935
694        1.09922
694       0.920212
694        5.14806
694        2.54526
694        2.71397
694        2.47957
694        4.39162
694        5.56892
694        5.98657
694        4.01069
694         4.6043
694        4.30391
694        4.25702
694        4.48325
694        2.03249
694        3.27155
694        4.22842
694        4.67561
694        4.38571
694        2.92384
694        4.08826
694        5.63673
694        5.31412
694       0.180633
694      0.0751781
694        4.24119
694        3.15545
694        3.32009
694        5.23316
694        3.54178
694        5.60271
694        3.73615
694       0.882577
694        4.22756
694        1.47219
694       0.426091
694        6.24601
694        3.56196
694         3.0898
694        0.67513
694       0.647621
694        4.86568
694        4.19721
694        2.63379
694        0.96903
694        3.64581
694        5.47063
694       0.199955
694         2.6749
694        5.26599
694        3.48896
694        3.73464
694        5.97547
694        3.33963
694        6.16019
694        4.11384
694       0.114771
694        3.59848
694        1.38272
694       0.548257
694        4.36699
694        4.41696
694        4.59253
694        2.17106
694        1.85338
694        1.64056
694        3.24096
694        5.05407
694        1.38991
694         3.6281
694        3.76653
694       0.836692
694        5.90878
694        4.87786
694        2.22759
694        5.72011
694        4.23984
694        2.59877
694        2.88007
694        2.79822
694      0.0627163
694       0.226573
694        5.66094
694        3.19865
694         4.9232
694        6.06214
694        3.88656
694        5.75483
694       0.188826
694        3.65927
694        6.25143
694        4.46928
694         3.9309
694         1.0197
694        3.38866
694        3.20667
694        1.95846
694        5.43255
694       0.331171
694        2.34485
694        4.85167
694        2.39116
694        2.49774
694        3.92783
694      0.0464296
694         2.4772
694     0.00423285
694        5.39309
694        5.10262
694        1.99905
694        4.32498
694        3.57586
694        5.86857
694        4.75082
694        3.57565
694        2.71874
694        3.36313
694         1.2654
694        3.84211
694         3.5531
694        5.14757
694         2.6629
694        6.27278
694        1.81845
694        0.69194
694         3.5894
694        1.84374
694        1.92796
694        1.84029
694        3.24293
694        6.15479
694       0.215809
694       0.371269
694        1.12677
694        2.54299
694        5.91604
694        3.30955
694        5.85517
694        4.72233
694        3.71025
694       0.863795
694        4.50138
694         4.0996
694        3.49333
694        3.78301
694        4.36557
694       0.100673
694        3.14708
694         3.6652
694         3.9197
694        5.49498
694        2.14913
694        1.48805
694        2.75684
694        5.50778
694        5.14727
694        2.78437
694        1.89783
694        4.81586
694        2.57365
694       0.646774
694         3.7087
694        6.26415
694        1.09251
694        3.91061
694        6.13251
694        3.60442
694        5.65745
694        6.24542
694         2.4242
694        3.23798
694        4.48845
694        5.80015
694        4.81631
694        3.69105
694        2.97772
694        2.11738
694       0.846638
694         4.8601
694        3.82399
694      0.0953339
694        2.77949
694        4.00135
694        5.12987
694        4.27123
694        4.42942
694        5.30537
