802        4.64401
802        1.02053
802      0.0883201
802        3.25141
802        5.13778
802        3.81925
802       0.039946
802        2.84775
802        2.85244
802        4.92207
802        1.06909
802        1.72143
802        4.64919
802        1.56939
802        5.50255
802        4.39708
802        4.86574
802        3.76835
802         4.2544
802        1.70988
802        4.25213
802        3.13928
802       0.962407
802        3.52085
802        4.43334
802        1.20411
802        3.65669
802       0.107285
802       0.527234
802        3.55753
802        1.18486
802       0.958339
802       0.241135
802         0.1394
802        1.28198
802        4.54783
802        4.11402
802        1.25074
802        4.50822
802       0.549092
802        1.01563
802       0.600007
802       0.125199
802       0.675464
802        6.03663
802       0.656999
802       0.928721
802        1.09783
802       0.354888
802        3.11385
802        3.86198
802        2.34696
802        0.41978
802        1.72701
802        3.98973
802        3.86477
802        3.88165
802        3.89593
802        2.39993
802        1.31129
802        4.20553
802        3.17249
802       0.186807
802        4.17094
802        4.06975
802        3.97871
802        1.97514
802        2.09541
802        2.08853
802        1.91881
802        2.96446
802        4.39981
802       0.551445
802        5.68109
802         4.7131
802        4.77705
802      0.0212994
802       0.441255
802        2.97766
802        1.38427
802       0.212695
802        2.22762
802       0.955568
802        4.28565
802        2.85586
802        6.10948
802        5.57078
802        3.82038
802       0.963059
802       0.212466
802        5.75724
802       0.736206
802        6.19612
802        5.60335
802      0.0391616
802        3.82024
802        2.98174
802        0.47091
802       0.375038
802       0.786279
802        4.33376
802        6.07603
802       0.290585
802        2.87747
802        3.28491
802        5.84397
802        3.09157
802         2.2184
802       0.771731
802        3.37672
802        2.30592
802        1.24279
802         1.5022
802        2.02489
802        1.50524
802        1.33867
802        5.97596
802        4.35485
802        5.44382
802        3.54949
802           2.75
802        3.75564
802        2.63995
802        1.64055
802        4.88924
802        3.44579
802        1.38086
802         5.2992
802        4.32131
802       0.545405
802        3.93028
802        1.18336
802        4.37283
802        1.61743
802       0.510252
802        2.15169
802        5.83038
802        2.93785
802        1.40888
802       0.408928
802        3.93221
802        3.50053
802        4.33889
802          3.585
802        1.38857
802        5.34734
802        6.13503
802       0.157661
802        4.61402
802        1.50445
802        1.08064
802        5.98428
802        1.38545
802         0.4334
802        4.45898
802        3.91938
802        4.04998
802        4.85811
802         3.0343
802        5.96011
802        3.88035
802        3.97138
802      0.0814925
802       0.114572
802        3.38304
802        3.53169
802         4.4386
802        5.62873
802         3.8473
802       0.341689
802        3.45993
802        1.66752
802        3.39673
802        4.59701
802        6.00846
802        3.94844
802        5.35654
802         5.0319
802      0.0834649
802       0.172878
802       0.768971
802         5.4305
802        2.86077
802        2.97792
802         1.0963
802        5.85079
802        3.69917
802      0.0441469
802        3.96148
802        5.71714
802         4.0725
802        4.32975
802        4.36052
802        5.16974
802        5.81526
802         6.1831
802        1.38873
802       0.563969
802       0.362076
802        5.54451
802        4.10472
802         2.4487
802        1.51967
802        2.99722
802        3.81974
802        3.51391
802        3.77003
802        3.78561
802         5.4962
802         1.5248
802        3.10583
802        1.52356
802        3.30841
802        1.15737
802        3.06317
802        5.83419
802        4.00728
802        2.91176
802            3.3
802        4.71621
802        3.73366
802        3.06723
802        1.21313
802        1.61464
802        1.56427
802        2.67314
802        0.71069
802       0.999738
802        6.10888
802        1.09242
802        6.19813
802        1.83365
802        2.48636
802        2.70066
802        4.78722
802       0.541084
802        5.98791
802        3.00072
802        4.93676
802        2.36625
802         5.2124
802        5.12128
802        1.25853
802        2.74131
802        6.27547
802       0.250536
802       0.933188
802       0.181734
802       0.582275
802        1.03828
802        2.68972
802       0.381823
802       0.893945
802        3.89917
802       0.298364
802        4.58775
802        3.40281
802        3.21274
802        4.46237
802       0.879357
802       0.531731
802        1.09766
802         6.2258
802        1.95193
802         5.3286
802        3.36317
802        3.40651
802        5.16167
802        1.59157
802        3.05986
802        2.73984
802        3.25229
802        1.40616
802        1.07978
802        2.99689
802         2.7696
802        4.26713
802        4.18121
802        5.16625
802        5.80369
802        4.34798
802        2.92416
802        5.23568
802        5.62067
802        6.24202
802        1.90003
802         1.3629
802       0.788004
802       0.193212
802        4.56177
802        1.84625
802        4.21225
802          2.734
802        4.70638
802        4.31643
802        3.02609
802        3.56831
802         5.9519
802        3.59625
802         2.6233
802        3.71842
802       0.915143
802        2.97368
802        2.90469
802        5.93376
802        3.84543
802        5.46433
802        3.89212
802        1.16768
802       0.522216
802       0.360653
802       0.133989
802        2.77834
802        3.19762
802        3.20149
802        3.99364
802       0.985507
802        1.37307
802        1.70942
802        3.13446
802        2.59252
802        0.35355
802        3.48029
802       0.417943
802        5.91605
802         1.0817
802        1.75932
802        4.19483
802        4.23219
802         1.3216
802         4.4461
802        1.71858
802        2.53997
802       0.655976
802        0.96144
802        1.96981
802         1.0869
802        2.09098
802          4.597
802        1.23581
802        4.38817
802        3.95556
802        3.23416
802        4.29459
802         1.5194
802        1.21273
802        2.24989
802        1.37998
802        1.66855
802        0.81663
802        2.48017
802        1.97906
802        4.69045
802        4.58927
802        3.34553
802       0.727461
802        1.46624
802         3.9129
802        2.73174
802        6.26843
802       0.972413
802        1.35499
802        4.16679
802        1.44194
802        1.68115
802        4.80842
802        3.57777
802        5.10135
802        1.12641
802        2.56489
802       0.592734
802        3.15345
802       0.325247
802        2.22479
802       0.368381
802        2.97048
802        3.66138
802        2.94468
802        5.99298
802        4.50918
802       0.498279
802        0.13375
802        4.96627
802        6.24463
802        6.27169
802       0.209607
802        1.02652
802        3.14369
802      0.0762432
802        1.02691
802        1.29268
802        5.56136
802         1.2268
802        5.61521
802        3.47069
802        6.25183
802       0.780738
802        2.29165
802        4.12676
802       0.450167
802        2.98668
802       0.797128
802       0.993966
802        1.75846
802        3.96554
802         1.4008
802       0.718262
802         1.2208
802        5.78234
802         2.0371
802         1.4057
802       0.426979
802        1.95518
802       0.679847
802        4.07295
802        3.18832
802        4.18025
802        3.28668
802         3.7759
802        3.13386
802        5.30339
802        3.84563
802        1.62227
802        4.15173
802        5.43258
802        4.92578
802        1.04529
802         6.2453
802        4.79228
802       0.586666
802        1.70956
802       0.655847
802         2.2383
802       0.140147
802        5.48409
802      0.0637731
802        2.71341
802        1.55441
802       0.947714
802        1.19063
802       0.570544
802        3.57476
802        5.39977
802        2.81137
802        4.07664
802       0.508047
802        1.72413
802        3.16654
802        0.11341
802        1.23769
802       0.450658
802        2.47295
802        1.13682
802          3.551
802        3.23783
802        3.15868
802        3.53178
802       0.495364
802        6.15609
802        1.71141
802       0.439836
802        4.19253
802        1.23076
802        3.21686
802        5.73394
802        5.81715
802        5.33785
802         4.3691
802       0.800273
802         1.0461
802        4.00214
802       0.975925
802        6.11026
802        4.30124
802        5.30442
802        4.38446
802        1.53109
802        4.63249
802      0.0375476
802        3.70792
802        1.02321
802        4.35504
802        2.20432
802        6.16993
802        4.23901
802         4.6907
802        3.56807
802        4.59166
802        4.47054
802        5.31056
802       0.830882
802        6.11061
802         1.9033
802        4.32467
802        4.85988
802        2.84416
802        2.22975
802        5.79517
802        4.21892
802        4.55381
802        3.85522
802        1.17325
802        3.15149
802        3.76887
802        2.54485
802        5.20684
802        3.00021
802        5.35301
802        0.61407
802       0.991078
802        3.51707
802        5.09399
802        4.77718
802        3.03953
802        3.20963
802        4.77894
802        2.35324
802        3.00708
802        3.71913
802        2.33263
802       0.451688
802        2.09045
802        6.25781
802        3.29322
802        1.24409
802        3.81153
802         4.1233
802        1.12649
802        4.08784
802        5.53903
802        3.74539
802       0.551303
802        3.64584
802        3.22068
802        2.13051
802       0.043375
802       0.907854
802        4.15295
802        3.48045
802         3.3653
802        5.71301
802        1.22782
802        1.07352
802        2.94307
802        2.35237
802        5.93204
802       0.848868
802        5.02071
802         6.1346
802        3.01555
802        3.21461
802        3.33324
802        1.29462
802        1.48772
802         5.2766
802        3.62337
802        1.83306
802        4.75798
802        4.88585
802        2.84703
802        2.15465
802       0.541698
802        1.34846
802        3.27102
802        4.08772
802        4.01787
802        1.92812
802        2.63955
802        1.01388
802        4.92676
802        3.91792
802       0.532885
802        4.34634
802         3.2792
802        3.99551
802        4.01595
802        3.88448
802        1.34775
802         3.7418
802         4.6952
802        4.32984
802        2.75203
802        4.78551
802        1.39618
802      0.0505415
802        3.79865
802        3.08035
802        4.68774
802        4.36452
802        4.44837
802        5.56714
802        6.24646
802       0.711746
802        5.36805
802        6.12109
802         1.1404
802        2.46667
802        3.84059
802        4.86908
802        1.45741
802        3.07649
802        5.82323
802        2.25097
802        1.12116
802         1.9495
802        3.58289
802        5.18228
802        1.78462
802        3.35069
802        1.52728
802        4.12292
802        5.22791
802        1.38786
802        5.70874
802        3.19103
802        4.22481
802        3.76294
802        2.13323
802        5.16292
802        4.53846
802       0.895573
802        3.12384
802        4.99961
802       0.950949
802        5.64591
802        4.18996
802        1.37419
802        3.64444
802        5.66722
802        3.32203
802        4.48269
802        1.94693
802        2.69264
802        4.29514
802        2.83968
802        4.67359
802       0.973814
802        1.83974
802        4.22244
802        4.15362
802        4.06401
802        2.76779
802        3.89456
802      0.0342531
802        3.62994
802       0.466441
802        5.93676
802         1.2395
802        2.15802
802       0.819437
802        1.01184
802       0.645643
802       0.435348
802        5.06513
802       0.684802
802       0.942725
802        1.51365
802       0.418112
802        4.45599
802        2.17129
802         4.2429
802        3.45919
802        5.16908
802        4.78539
802        1.04175
802        1.74582
802        3.04227
802        2.98303
802        3.77323
802        5.84489
802        6.13418
802        4.27124
802       0.919366
802       0.858419
802        5.88409
802        1.18974
802       0.560984
802        4.20073
802        4.43439
802       0.849921
802         5.0074
802         1.1875
802        3.54011
802       0.341775
802        3.53049
802        3.19563
802        2.41346
802        3.15305
802        1.45081
802        5.44504
802        5.16769
802        5.77038
802        1.13099
802        6.27998
802       0.469256
802        3.26484
802        3.79897
802        3.20307
802        3.63407
802        2.95101
802         5.2426
802        2.05142
802       0.249192
802        5.97633
802        5.69847
802        3.73632
802         3.9172
802        2.62452
802        1.35503
802       0.696538
802         2.9632
802        6.05092
802        4.11152
802        4.48315
802        5.95552
802        1.59907
802        5.00662
802        2.86697
802        5.32816
802        2.25671
802        1.17921
802      0.0856389
802        1.30564
802        4.41802
802        1.08318
802        3.37832
802         2.4409
802        5.70466
802        3.80098
802        4.55202
802        1.50931
802         5.5673
802        2.60652
802        5.94094
802        5.98824
802        4.65803
802        3.07746
802       0.403905
802        2.81079
802        1.72945
802        3.54988
802        3.93663
802        1.37105
802        3.73602
802        2.43622
802        5.65228
802        6.00111
802        1.17756
802        2.00781
802        4.21283
802       0.394331
802       0.363919
802        3.85866
802        3.53629
802        1.79646
802        1.45364
802        4.35681
802        4.59239
802       0.469835
802       0.826789
802       0.579031
802        5.63388
802        2.18614
802        2.34181
802        1.17468
802       0.796055
802        3.84641
802       0.146497
802        3.38954
802        2.61047
802        2.26539
802        4.00831
802        2.12849
802       0.425232
802        1.81446
802        4.02782
802        5.12106
802        5.53357
802        4.82844
802        4.44233
802        2.48158
802       0.356364
802        4.87217
802        3.66248
802        1.77104
802        4.07414
802       0.444219
802         1.0329
802         3.6093
802        2.90404
802        3.66466
802        2.57932
802        2.00135
802        3.39936
802        0.55625
802        2.63951
802        1.34054
802        3.86646
802        5.45639
802        4.61542
802        0.51262
802        3.84978
802        5.83595
802        3.74338
802        2.56129
802        3.68364
802       0.764264
802        4.25934
802        2.97742
802        0.80317
802        3.37652
802        5.60489
802        6.21916
802       0.513159
802        1.18577
802        3.44928
802         1.0855
802         3.9784
802        1.86786
802        5.05144
802       0.564801
802        4.98749
802         1.2184
802        1.21605
802        3.48313
802       0.581609
802        3.40861
802        5.41033
802        1.56936
802        3.05775
802        1.30814
802       0.693741
802         4.0299
802       0.222755
802       0.815297
802         5.5213
802        2.49292
802       0.720977
802        3.11745
802        6.04237
802        2.47016
802        6.19868
802        3.78952
802        4.55468
802        2.34798
802        1.43061
802        1.26925
802        5.21877
802        3.86188
802        1.72955
802        2.98534
802        5.40947
802        2.07829
802       0.540588
802        3.62245
802       0.836197
802        3.33166
802        3.65108
802        4.43492
802        0.39669
802        1.27533
802         3.0689
802       0.537284
802        1.71652
802        3.64613
802       0.293521
802        2.43122
802        0.45503
802        4.75683
802        3.44662
802        2.43884
802        1.76292
802        4.45141
802        4.21734
802        2.78722
802         1.8357
802        4.16329
802        2.04776
802        4.33366
802        2.52866
802        3.60155
802        5.23252
802         1.1949
802        1.13621
802        6.04368
802        3.34646
802        4.39875
802       0.567925
802        1.38082
802        1.93984
802        5.14942
802        3.09325
802        0.64779
802       0.210128
802        4.12065
802        1.21217
802        4.02068
802        1.06098
802         1.5091
802        4.26243
802        4.84352
802         4.8507
802        3.64468
802         2.3562
802        1.21433
802        1.60613
802       0.239819
802        1.36215
802        1.37994
802        4.96021
802        2.38415
802        3.38339
802        1.66937
802        2.49506
802        4.90204
802      0.0619012
802        4.41354
802       0.875904
802        2.54328
802          4.582
802           3.44
802        5.25016
802       0.739552
802        2.87573
802       0.674461
802        5.39387
802       0.222969
802        1.01909
802       0.540906
802        4.92058
802        4.34649
802        3.80346
802       0.358318
802        1.92784
802       0.178164
802         5.8107
802        3.59406
802        1.53807
802        3.51282
802        2.80275
802        3.97698
802        3.15047
802        5.72704
802        1.26167
802         1.4681
802        3.40853
802       0.508621
802       0.587065
802        5.26086
802       0.453522
802       0.786964
802       0.298633
802        1.15033
802        6.12539
802         4.9594
802        4.97863
802        3.85216
802       0.733339
802         5.8368
802        6.21539
802        5.86746
802        1.36869
802        4.52593
802         2.4949
802        2.45458
802        3.39366
802       0.183923
802        4.62814
802        1.30443
802        0.46396
802        3.72722
802        1.62945
802        4.79745
802      0.0352145
802       0.353152
802       0.949185
802        3.17849
802        1.38234
802        3.11404
802        5.30642
802        2.27604
802        6.26446
802        4.67898
802        2.75812
802        4.38444
802        4.63264
802        1.74442
802        4.94064
802        2.20074
802        3.09761
802        4.11641
802        1.42205
802        3.99966
802        4.04258
802        3.75563
802      0.0414438
802        3.35169
802        1.63273
802        5.08235
802        1.59959
802        6.14897
802        1.94673
802        5.36042
802        1.22741
802        4.28419
802       0.322292
802       0.443586
802        4.47354
802        1.26541
802       0.251175
802        4.54811
802       0.849104
802       0.715691
802        5.39256
802       0.538268
802        1.82879
802        3.35217
802        3.64397
802        2.56344
802        3.81859
802        4.32667
802         4.1946
802        4.22322
802        3.49305
802        1.93337
802       0.812706
802        2.03721
802       0.581947
802        3.81653
802       0.210302
802        0.17288
802        3.03152
802        3.25859
802        1.83289
802        3.25346
802        5.00174
802        0.12875
802         3.5514
802        6.20644
802        3.44064
802        3.78745
802       0.395288
802        2.93716
802        6.07186
802        4.49179
802        3.52152
802        4.72317
802        5.32457
802        2.40865
802        1.02321
802        1.69175
802      0.0164445
802        2.21852
802        3.00176
802        1.89339
802       0.211999
802        6.19557
802        3.59837
802        3.98865
802        3.61008
802        4.27026
802        1.91099
802        1.16116
802        1.37883
802        3.34125
802        1.17383
802        3.90724
802        3.79284
802       0.839944
802        6.21972
802        4.22002
802        4.26608
802        1.93033
802        5.95545
802        4.47875
802        2.50465
802        4.14205
802         2.2873
802        1.44087
802        4.73284
802        1.45503
802        3.39995
802        4.51656
802         2.3803
802        3.96033
802        2.56228
802        3.75931
802        3.44556
802        3.37937
802        2.89093
802        4.93218
802        2.21464
802       0.443459
802        2.22363
802        3.67216
802        3.34969
802       0.897017
802        2.26477
802        5.95065
802        1.75975
802        1.15616
802        1.52379
802         3.5326
802        4.29122
802       0.564173
802        1.16971
802         4.6069
802        5.56616
802        3.88506
802        4.26225
802       0.438234
802        3.35722
802        3.49534
802         5.9963
802         3.3449
802        4.87819
802        0.90145
802        4.54674
802       0.930902
802        3.49087
802       0.339491
802       0.862888
802      0.0203552
802        4.40431
802         5.9522
802       0.609771
802         3.1023
802        2.16622
802        1.39941
802        5.37174
802        4.64518
802        4.22511
802        1.13082
802        1.51299
802       0.901462
802        3.90314
802        3.15596
802        4.54039
802       0.189177
802        5.07925
802        1.08159
802        6.07052
802       0.241032
802       0.993921
802        4.22223
802        4.47667
802        5.30914
802        3.58559
802        2.99678
802        1.70013
802        1.35247
802        3.08005
802        2.63451
802        2.69763
802        5.84889
802        4.24831
802        3.42742
802        4.56033
802        2.96472
802        3.46033
802        2.04223
802        1.77582
802         4.0779
802        4.97472
802        3.75181
802        2.90474
802       0.757009
802        6.08507
802        3.07435
802        3.38445
802        1.98237
802        3.22689
802       0.667062
802        3.19778
802        2.40127
802        3.75634
802        1.43013
802        1.67896
802        3.61299
802       0.552428
802        5.05772
802        4.99244
802        1.92807
802         2.2177
802        4.96287
802       0.930591
802        3.79426
802        1.59385
802        1.74564
802         2.9051
802         3.5894
802        1.19658
802         1.0763
802        1.54019
802        5.54406
802         5.0728
802       0.701633
802        3.71877
802        4.70522
802       0.738476
802       0.148992
802        2.86253
802        1.52781
802        5.00047
802        2.62247
802       0.812156
802        4.39313
802        4.06166
802        5.63511
802        1.87644
802        1.23132
802       0.248578
802        3.53567
802         1.2671
802        5.72186
802       0.379808
802        3.17255
802        1.58323
802        4.22397
802       0.094033
802        1.75681
802       0.169191
802        3.93545
802        3.72266
802       0.230993
802        5.04784
802        3.77568
802        1.22866
802        3.72509
802        3.38065
802        6.17009
802       0.852322
802        2.20807
802          3.732
802        1.70703
802        1.13102
802       0.394697
802        4.89508
802        3.49958
802         3.7792
802        5.99711
802        4.32541
802        3.95901
802       0.240267
802        3.04824
802         1.6668
802        3.49598
802        4.17719
802         3.8788
802        1.48517
802        4.47119
802       0.162279
802       0.931181
802        2.70585
802        1.41754
802        4.78626
802        5.92782
802        4.61377
802        4.04529
802        1.25945
802       0.359308
802        5.07216
802        5.56453
802        3.64885
802        3.72721
802        3.41851
802        1.29455
802        2.69416
802        3.03794
802       0.205796
802        2.91793
802        4.18116
802       0.667652
802        1.40965
802        4.51211
802         3.3648
802        3.36299
802           3.14
802        2.92008
802       0.226965
802        5.15084
802        1.08781
802         4.0768
802        0.87661
802        4.11795
802          2.601
802        5.27168
802        3.90739
802       0.782253
802        3.45593
802        2.85505
802       0.427846
802        5.75774
802        4.29167
802        3.12009
802        2.25083
802        1.08806
802        4.58298
802        3.43756
802         3.3914
802        3.32292
802        2.91435
802       0.851331
802          4.324
802         3.7019
802        3.35074
802        3.26133
802        1.32465
802        5.95069
802        3.50985
802       0.555009
802        4.87031
802       0.568761
802       0.903492
802         1.4967
802        2.86847
802        3.69596
802        1.43175
802        4.79196
802        0.40384
802        4.13467
802       0.582357
802        3.21184
802        4.23233
802        1.16431
802        2.32231
802        1.28766
802        1.03919
802         2.3991
802        2.74016
802        2.18124
802        2.97783
802         4.0013
802         3.0387
802        2.11894
802        3.53014
802        1.34705
802         6.0777
802          4.786
802         3.1761
802        3.36605
802         5.5601
802        3.44717
802        4.60328
802        2.26424
802        2.48364
802        1.59846
802        1.05311
802        4.22083
802         1.9046
802      0.0248306
802        4.88421
802        1.00842
802        5.33227
802        4.61522
802        4.84478
802        4.85896
802        2.64062
802        2.31314
802        3.58813
802        6.16435
802        2.54197
802        2.82865
802        1.66608
802        2.33747
802        1.60818
802        2.83269
802        5.87319
802        4.01535
802      0.0468723
802        3.90917
802       0.618128
802        4.25844
802       0.559614
802        1.25365
802        1.07604
802        3.73334
802        3.56093
802        4.37354
802       0.818683
802         1.3927
802        1.71288
802        2.09687
802         2.9035
802        5.81653
802        1.18894
802       0.906283
802        1.15076
802        6.21396
802     0.00771237
802       0.448829
802        4.32648
802        1.23144
802        4.51365
802        5.96268
802       0.871405
802        1.00228
802       0.666546
802        2.83201
802         4.0184
802        5.22878
802        4.46012
802        3.28581
802       0.586784
802        4.67684
802        2.42389
802        1.23622
802        1.40018
802        4.49323
802        2.78198
802       0.825309
802        1.48538
802       0.501628
802        6.05039
802       0.391011
802        5.18344
802        3.22144
802        5.78371
802        2.22826
802        6.15711
802         1.8531
802        2.59123
802        3.64512
802       0.639968
802        3.90416
802        2.65618
802       0.232497
802        1.22322
802        3.98484
802        2.80201
802        3.50262
802        4.53576
802       0.663033
802       0.928852
802        3.84334
802       0.587325
802        5.00426
802        1.43131
802       0.673169
802        4.29528
802        4.58112
802       0.438893
802         1.4709
802       0.415346
802        3.27162
802       0.742485
802        4.58447
802        1.35893
802        3.74471
802          5.145
802        2.94752
802        6.28124
802       0.158118
802       0.735244
802         1.2592
802         1.3967
802        3.77197
802       0.233579
802       0.769248
802        1.71519
802        6.21596
802        4.51688
802        4.74232
802         2.9995
802        1.04399
802        2.92096
802        6.22093
802        3.44946
802         2.4727
802        1.63179
802       0.835369
802        1.19607
802         0.9856
802        1.17126
802        1.21058
802         4.9345
802        1.54234
802        6.06226
802        1.17763
802       0.761621
802        5.60461
802        5.91649
802        5.19924
802       0.142867
802         3.4182
802        4.19925
802        5.67631
802        1.27659
802      0.0745103
802        3.36662
802        1.02356
802        4.41619
802        3.67495
802        5.19354
802        5.98344
802        4.29492
802       0.393618
802       0.597283
802        5.95351
802        3.65785
802        2.46252
802        3.65782
802        4.51715
802        2.10478
802        2.75438
802         3.1909
802        2.22925
802        3.90224
802        3.60223
802        1.00772
802         4.7493
802       0.588112
802        3.10679
802        5.08184
802        3.42938
802        6.03111
802         6.0916
802       0.165012
802        3.99181
802        6.05482
802        4.30965
802        2.27023
802        3.88366
802        1.79437
802        4.15996
802        0.88863
802       0.956261
802         3.4945
802        4.65344
802        1.78913
802       0.933703
802        5.91395
802        1.90686
802        3.90019
802        1.23939
802        3.33809
802        1.38861
802        1.95532
802        6.19448
802        5.25846
802        3.58434
802        1.14433
802        4.69479
802        4.02468
802        5.87601
802        1.63118
802        5.97117
802        5.53494
802        1.54331
802        4.07928
802        5.41931
802      0.0644026
802        2.69365
802       0.208718
802        5.48949
802        4.29975
802        1.17114
802        4.83368
802        2.26939
802         2.5937
802        5.10608
802        1.65356
802          2.017
802        3.39238
802       0.768226
802        2.97467
802        5.25305
802       0.542878
802        5.55817
802        5.85722
802        3.99354
802       0.843619
802        1.39749
802        1.61162
802        3.51522
802       0.457736
802        1.15245
802      0.0509331
802        4.05963
802         4.3756
802        1.56995
802        6.26383
802        3.35838
802        3.80898
802        3.80944
802        1.00112
802        3.19562
802       0.404115
802        4.77417
802        3.88484
802        4.33252
802       0.450487
802        3.02957
802         3.2872
802           4.23
802        3.97049
802       0.172494
802        6.05287
802          2.845
802        1.15004
802        3.06735
802        1.38366
802       0.692872
802       0.962871
802        4.58173
802       0.278922
802          6.133
802        1.49116
802        1.14678
802        2.18741
802        3.19842
802         2.1722
802       0.637924
802         3.1375
802        4.61565
802        2.84833
802         4.2621
802        3.99715
802        4.01146
802        1.31782
802        1.88699
802        4.83332
802        4.96472
802       0.892076
802        2.66316
802        6.04273
802        3.61487
802       0.207872
802        2.19209
802        1.24191
802        2.97378
802        1.34788
802        1.41341
802        4.11572
802        4.06082
802        5.58088
802        4.26294
802       0.334459
802        1.23188
802      0.0672382
802        3.24933
802         2.1289
802        4.09942
802       0.386006
802        3.15649
802        5.48831
802        3.47113
802        2.64234
802        0.44831
802       0.302702
802        1.44051
802        1.08091
802         4.1148
802        4.94024
802        3.04616
802        2.63002
802        2.70194
802        3.43791
802        6.14689
802       0.354079
802       0.116111
802       0.814123
802        0.70301
802        1.33522
802        1.66506
802         1.0555
802        2.20209
802        4.77192
802         3.3338
802         4.3685
802        3.68626
802        5.22801
802       0.139615
802        3.98032
802       0.857219
802        0.34313
802        4.76267
802        2.51397
802        1.23245
802       0.317472
802        5.30974
802        3.97914
802        3.90683
802        3.46013
802         3.8396
802        4.18211
802        5.05263
802        3.99319
802        4.69987
802        1.36295
802        1.90073
802        6.12839
802        4.97151
802        4.41335
802       0.524345
802        4.80708
802       0.125357
802         3.4227
802        1.44192
802        2.16714
802        2.46818
802         3.0535
802         2.8751
802        2.03185
802        6.04361
802        0.74333
802        4.14705
802       0.243093
802        2.24319
802       0.894869
802        1.33961
802        1.91817
802        3.70163
802         3.0377
802        5.43871
802        5.67308
802      0.0389335
802        3.07341
802        4.49223
802        3.82927
802        5.14014
802        1.91308
802        5.93654
802       0.933523
802       0.329359
802       0.602301
802       0.901163
802       0.110486
802        1.55909
802        5.67779
802        3.36401
802        4.78485
802       0.566979
802        4.61015
802        5.73852
802        5.43761
802        2.34207
802         5.8047
802        4.77797
802        2.40286
802        4.16754
802        3.93366
802        2.74058
802        4.51349
802        4.43096
802         1.9917
802        5.25185
802        5.45516
802         5.2652
802        5.99256
802        2.91124
802        3.85602
802         3.2228
802       0.780211
802        4.30823
802        5.51015
802        6.14423
802        5.03368
802         4.8798
802        2.35609
802       0.106837
802         2.6262
802        2.00293
802        3.51978
802         3.3477
802        6.04619
802       0.249175
802        1.70068
802        5.44925
802         6.0727
802        4.81438
802         6.0878
802         3.2891
802       0.393081
802        1.15686
802       0.410141
802        4.63955
802        5.96853
802        4.30731
802       0.707363
802        5.69346
802        2.05572
802         3.6046
802       0.819979
802        1.10074
802        3.48905
802        3.59581
802         5.8954
802        4.02559
802        6.13427
802        6.10871
802        1.71654
802        5.16522
802        4.52962
802       0.819938
802        3.79035
802        1.46804
802        5.26197
802        4.65245
802       0.676744
802      0.0841803
802        4.74218
802        4.14771
802        3.80213
802         2.9666
802        4.32338
802        5.04628
802        3.79286
802       0.316653
802        3.74833
802        4.58579
802        5.19875
802        6.14766
802        1.09086
802        3.50982
802        5.31459
802       0.879778
802       0.404007
802        3.29614
802        5.79777
802       0.969002
802        1.18728
802         6.2794
802        1.16741
802        4.82938
802        3.64188
802        2.60643
802        3.70901
802        5.43395
802        4.38949
802        2.32023
802        3.16924
802        1.75854
802       0.488755
802        1.11525
802        3.39492
802        4.24107
802         3.5958
802       0.653025
802        2.84805
802        2.12293
802        5.18596
802        6.02359
802       0.674484
802        4.77124
802        2.99744
802        5.39615
802        2.02779
802        4.81409
802        5.86772
802        3.68005
802        2.19688
802       0.706394
802        4.78582
802        1.04078
802        3.22794
802        1.51165
802        5.52023
802         5.2424
802        2.55623
802        3.20379
802        4.92606
802        2.74092
802       0.295389
802        3.22442
802       0.915398
802       0.285734
802        0.17968
802        3.76877
802        1.51475
802         2.8829
802         6.0569
802        3.33174
802        4.78612
802        3.40186
802        1.84885
802        1.68717
802       0.593165
802       0.348833
802        0.86541
802       0.133306
802        1.92836
802       0.582839
802        4.72792
802        2.79347
802       0.898838
802        4.24221
802        5.62264
802        4.90821
802        2.64139
802        2.75686
802        1.94123
802        5.17004
802       0.927705
802        5.37954
802        2.47621
802        2.81766
802        2.43404
802        4.96542
802        4.31108
802        4.21623
802        5.66566
802        4.28468
802        4.32426
802        2.29602
802        1.52544
802        4.03638
802        4.44485
802        3.35362
802      0.0765037
802        1.11485
802        1.97719
802        2.71791
802        4.39444
802        3.42322
802        3.84876
802        4.66078
802        5.77063
802        3.25257
802        5.89107
802       0.193412
802        4.34906
802        5.00389
802        1.15321
802        3.34175
802        2.86343
802        2.47003
802        1.39244
802         4.2439
802        3.86619
