983       0.557522
983        4.34659
983        2.98312
983        3.36768
983        2.40655
983        1.72414
983         4.9549
983       0.677166
983         2.4546
983        1.92704
983        3.67683
983        1.99142
983         5.1982
983        4.02786
983      0.0111076
983        5.06742
983        5.25359
983        5.24261
983        5.54708
983       0.296911
983         2.2951
983        2.84393
983        6.01669
983        1.94691
983        2.46783
983        4.63214
983        1.03687
983        5.16091
983        4.62851
983        5.38137
983        4.69585
983        4.88336
983        5.96051
983        2.30832
983        1.54042
983        5.13699
983        3.79211
983         5.1524
983        5.44488
983        5.90023
983        6.26414
983        3.22523
983        3.73005
983        5.32483
983        6.25964
983        0.64723
983        3.48134
983        3.29432
983        3.89856
983        0.44462
983        1.82951
983        3.36439
983        3.18452
983        4.78168
983        4.28927
983        4.00946
983        2.06346
983         1.5275
983       0.361833
983        5.38709
983        1.82527
983        6.01209
983        1.97086
983        1.39427
983        5.17908
983        1.20393
983         5.4085
983        4.05202
983        2.75342
983        4.39917
983        1.13738
983        4.55538
983        1.36639
983         1.9212
983         2.9464
983      0.0760718
983        5.35722
983        1.91772
983        2.87155
983        2.99668
983        1.90095
983        2.32735
983        4.88896
983        5.19026
983        2.32852
983        4.33271
983        6.11709
983        5.12895
983        1.90454
983        5.73896
983        1.29276
983        1.72123
983        1.54845
983        5.57891
983        5.50005
983        2.44624
983        4.82237
983        6.24343
983        4.78483
983        2.28437
983        2.89057
983         3.7432
983       0.308162
983        5.49768
983         1.7803
983        4.06179
983        6.18008
983        3.46907
983         2.9834
983        3.38175
983        3.43396
983        2.20581
983       0.597937
983        5.10352
983        5.20672
983        3.38445
983        2.34143
983        6.00557
983        3.53758
983        3.80441
983        4.78479
983        2.85034
983        2.43522
983        5.71899
983        5.05217
983        1.86993
983         2.8079
983        1.74468
983        5.79749
983        6.14448
983        2.01305
983       0.243533
983         5.3539
983        2.17337
983        3.43619
983        3.48803
983         4.4702
983        2.02942
983        5.14711
983        1.45624
983         3.3361
983        5.77842
983        2.71634
983         2.2656
983        5.95698
983        4.80459
983        1.33121
983        1.91912
983         4.9022
983         4.7953
983        4.24538
983      0.0379111
983        2.63097
983        1.61899
983        4.03055
983           2.35
983        4.85013
983        2.32978
983        1.73221
983        4.65361
983       0.541007
983         4.3123
983        5.39493
983        1.48376
983        5.56556
983        5.13938
983          5.404
983        2.15134
983       0.978606
983        1.47208
983        2.73608
983        4.00502
983        5.31498
983        5.36351
983        1.71681
983        5.75707
983        3.49089
983        2.87689
983        1.66465
983        1.43545
983       0.159004
983         3.7767
983        4.25375
983       0.194372
983        5.61185
983       0.392236
983        3.02555
983        3.39044
983        2.96894
983        5.44904
983        5.29742
983       0.430404
983       0.651426
983        1.04425
983        4.03896
983        3.18529
983        4.07763
983        4.14702
983        2.50365
983       0.441147
983       0.439818
983        1.83377
983        2.94852
983        5.78447
983        3.75488
983        1.73943
983        5.85797
983        4.90023
983        4.46845
983      0.0646102
983        6.21983
983        2.27851
983        3.51189
983        2.74587
983        4.12249
983        3.60529
983        5.26165
983        2.81789
983        2.20492
983        4.80702
983        2.18113
983        5.29947
983        3.24145
983        6.03934
983        3.54535
983        5.54402
983        5.46755
983        3.47258
983        2.27925
983        6.21127
983        5.39978
983        1.05941
983       0.967558
983        3.23852
983       0.930929
983        2.34172
983        5.74179
983        5.28715
983        4.89931
983        6.10334
983        3.30575
983        5.07103
983         4.0795
983        3.66719
983        5.53603
983        3.04701
983       0.531409
983        1.28248
983      0.0414694
983        1.04538
983        1.55851
983        3.70282
983        5.73353
983        6.01873
983       0.401236
983        3.73603
983        5.01705
983        1.79599
983         5.2234
983        4.68709
983        1.80782
983        5.01793
983       0.659844
983        1.05896
983       0.693779
983        5.01992
983        4.61251
983       0.576329
983        6.01904
983        2.74822
983        2.00696
983         1.9309
983        2.57973
983        4.09871
983        4.03586
983        3.50212
983        4.61798
983       0.192832
983      0.0736166
983          3.294
983        5.72417
983      0.0824945
983         5.5662
983        3.23988
983        2.88721
983       0.445446
983        5.83852
983        2.13653
983        3.85586
983      0.0785503
983        6.26697
983        4.71913
983        2.34861
983        4.80962
983        1.35105
983        6.21223
983        0.39182
983        5.97596
983        2.45645
983        1.24394
983        5.46744
983        5.72681
983        0.66596
983        2.68129
983        3.50107
983        4.77166
983        1.73772
983        3.92478
983        4.56856
983        4.63082
983         2.5383
983        1.90219
983        3.14447
983        4.92362
983        5.15441
983        5.24741
983       0.095619
983        1.70312
983        5.63481
983        3.49017
983        5.47862
983        6.19318
983        2.62658
983        6.15899
983        2.02058
983        2.54604
983        5.76879
983        2.76507
983        1.39944
983        5.53582
983         2.5609
983       0.217345
983         1.3592
983       0.910604
983        2.90614
983        2.50723
983        5.67795
983        2.32539
983        2.13497
983        2.93747
983         5.8784
983        4.01104
983        2.08554
983         3.3337
983         2.4754
983        6.02188
983        4.16173
983        6.22765
983        5.52818
983        2.81149
983        2.56845
983        1.88239
983        5.76653
983        1.95204
983        3.11793
983        5.58526
983        2.33103
983        2.74435
983        5.65637
983        5.87118
983        4.14972
983         1.6371
983        5.41982
983         5.1968
983        4.22721
983        2.37887
983        5.75716
983       0.252045
983        3.89298
983        4.56496
983        4.49786
983       0.280115
983        2.67361
983        5.39442
983        1.93193
983        3.70465
983        6.12662
983        5.41668
983        6.14509
983       0.142515
983        6.14666
983        5.73379
983        5.27397
983        1.45953
983        6.10276
983       0.453423
983        3.95543
983       0.912611
983         3.2491
983        3.44518
983        4.30321
983         2.4289
983        1.73203
983        5.60423
983        2.88466
983        6.02339
983        4.69203
983        5.75487
983        4.47001
983        5.28206
983        1.48597
983       0.901404
983        5.01882
983        6.13795
983       0.117863
983        5.85063
983        4.69831
983        2.43051
983        4.01026
983        1.74146
983        5.97705
983        1.54763
983        3.02101
983        2.20688
983        6.15142
983        3.46251
983        1.37291
983        2.77755
983        3.46313
983        4.14687
983        5.24338
983         3.0881
983        2.90498
983       0.996998
983        5.76204
983        5.98497
983        5.96109
983         4.6345
983        2.86094
983        3.29126
983         2.0778
983         2.9512
983        1.58973
983        5.76604
983        4.32064
983        5.50701
983        5.89767
983       0.829484
983        3.68831
983       0.924792
983        5.31435
983        2.38028
983        2.05276
983         6.0391
983        5.99366
983        3.47333
983        2.20977
983        3.78138
983        0.29964
983        5.64326
983        2.63115
983        3.53222
983        5.92666
983        4.68247
983        5.74562
983        2.61116
983        5.81341
983        1.82492
983        2.75668
983        4.84486
983        4.50617
983        2.77599
983        6.18406
983        5.49073
983        2.45351
983       0.301845
983        1.17025
983        4.68744
983        5.18052
983        5.49687
983       0.240692
983        1.89231
983         6.0319
983         1.5567
983        6.11065
983        4.44069
983        4.07187
983        6.21826
983        3.68106
983        5.59633
983       0.298795
983        3.87648
983        2.15208
983       0.407139
983        5.04114
983         5.0059
983        2.13622
983        2.12078
983        4.67697
983       0.599745
983        2.52215
983       0.504194
983        5.56813
983        5.73244
983        2.98025
983        4.31947
983        5.66222
983        4.84794
983        3.28959
983        5.78639
983        4.75554
983        4.13015
983        4.66201
983        5.21683
983         4.4069
983        5.56384
983       0.149001
983        1.19846
983        3.26626
983        4.54638
983        4.97238
983        4.95813
983        5.02879
983        1.81574
983        2.07036
983        3.30598
983        4.93558
983        2.52913
983        1.55618
983        5.27402
983        4.87574
983        2.56726
983        4.19548
983        3.04865
983        2.47133
983        2.03301
983        6.23036
983       0.619641
983        4.55057
983         2.9155
983        5.72399
983        5.65329
983        5.67028
983        2.81357
983        5.71904
983        2.20987
983        0.40594
983        1.49237
983        3.58607
983        3.59677
983        1.21265
983       0.846338
983         4.7105
983        2.10302
983        3.48517
983        0.60283
983        3.80141
983         3.2502
983        5.60317
983        5.74693
983          1.957
983        4.71994
983        4.68377
983        6.14762
983        4.98632
983        4.88532
983        5.06805
983         4.1908
983        1.27616
983        2.89903
983        2.73123
983        5.74955
983       0.335516
983        4.39127
983        4.48356
983        1.32452
983        2.55197
983        5.47954
983        5.57312
983        6.20027
983        5.82667
983        5.98743
983        5.32966
983       0.325033
983        5.74529
983       0.850859
983        5.32892
983        3.21073
983        5.22017
983         2.8144
983        1.35892
983          3.233
983        2.30293
983        3.28893
983        5.22942
983         1.2205
983       0.147007
983        3.24949
983        2.39467
983         1.1419
983        2.47517
983        4.79025
983       0.482874
983        5.43112
983        3.21493
983        2.99812
983        3.40184
983        6.16269
983       0.165251
983        2.56056
983        5.95836
983        1.38772
983        3.47893
983       0.181653
983        3.14868
983        6.24612
983        5.52406
983        4.85283
983         3.0653
983        3.80268
983          4.749
983        5.78448
983        3.22754
983        2.46326
983        4.93146
983        5.46981
983        1.59017
983        4.70349
983       0.446499
983        5.95713
983        1.64773
983        6.20324
983        1.60167
983       0.412352
983        5.51918
983        3.07986
983        5.41618
983         2.1839
983        1.93169
983        2.46641
983        6.06943
983          2.401
983        1.32381
983        6.02066
983        1.78352
983        1.64329
983        3.65034
983        5.29989
983       0.813834
983        2.75014
983        1.85106
983        1.60652
983        2.35288
983        2.27001
983        1.44716
983        3.49584
983        2.99585
983        2.28991
983       0.994987
983        5.16472
983        4.71146
983        3.23785
983        5.38871
983        2.56167
983        2.15942
983        2.73785
983        4.71478
983        2.81053
983        1.59134
983        2.57759
983        4.68447
983         3.0019
983        5.71173
983        4.18658
983        6.06473
983        1.23973
983        4.60615
983        5.22348
983         3.4717
983        1.40926
983       0.854166
983        4.78288
983        2.22788
983        5.54438
983       0.734631
983         4.6638
983        1.81536
983        2.21796
983       0.190655
983        1.67123
983        2.21232
983       0.171432
983        2.51796
983        2.82632
983         2.5129
983        2.95189
983       0.628024
983        1.81533
983         5.6304
983        5.59267
983        1.08978
983        3.11537
983       0.595704
983        2.09663
983       0.140246
983        3.76991
983        6.14082
983        2.90943
983          4.746
983       0.729968
983        4.61427
983        5.27144
983        2.53313
983         3.7531
983        2.37048
983        5.12998
983        2.21585
983        5.89648
983         1.4451
983        2.59898
983        5.13269
983        3.61015
983        5.94251
983         2.0976
983        4.48979
983        5.69416
983        1.99496
983        4.88575
983        5.33912
983         4.7321
983        3.60639
983        4.99878
983        5.93591
983        5.26188
983        5.12758
983        5.70614
983        5.49948
983        1.91196
983        2.49402
983        5.09465
983        1.27466
983        1.81831
983        4.36316
983        1.67013
983        2.88249
983        1.96349
983       0.807875
983        0.64519
983        3.97576
983        1.59982
983        6.20886
983        4.23898
983       0.213963
983           5.29
983        1.88557
983       0.892227
983        1.94926
983         5.0743
983       0.557119
983        3.22882
983        5.15669
983        5.59734
983        6.06513
983        1.57085
983        4.17162
983        4.66764
983        4.56647
983        1.32775
983        1.34336
983         2.3297
983        4.80467
983        2.55681
983       0.241139
983        2.84675
983        5.60638
983         1.9875
983       0.362568
983        2.24111
983        5.41839
983        5.84343
983        4.57459
983        4.85657
983        6.23861
983        5.02323
983        1.69457
983        5.67506
983        4.99056
983        2.36771
983        2.50248
983      0.0111664
983        6.21509
983        4.88448
983        5.69125
983        2.19904
983        2.30892
983        1.53868
983        4.79018
983        4.25149
983        2.06752
983        2.81691
983       0.164906
983        2.51314
983        6.19898
983        2.77645
983        2.94618
983        5.73393
983        2.06274
983        6.05581
983        5.11639
983        3.26237
983        1.29798
983        6.28079
983        2.95117
983         2.7629
983        4.95722
983        2.41832
983        2.75546
983        4.99372
983        6.22155
983        2.02755
983        5.78361
983        5.62822
983        4.34037
983        1.10328
983        5.58786
983        3.23926
983          2.827
983        2.47948
983        5.48694
983        1.64556
983        4.86296
983        2.84769
983       0.807255
983        4.86425
983        1.62998
983        2.46588
983        5.30327
983      0.0983361
983        3.30541
983        3.29155
983        3.36171
983        2.30584
983        4.98964
983       0.287549
983        2.00125
983        6.23838
983        3.56586
983        1.38566
983       0.374779
983        5.60762
983        6.18099
983        1.94433
983       0.905616
983        1.86606
983       0.015175
983        4.36234
983        5.76236
983       0.731902
983        6.00079
983        2.65458
983       0.102667
983         1.4375
983       0.591028
983        6.25652
983       0.144086
983        5.25702
983        5.16085
983        2.22443
983        5.85577
983       0.198973
983       0.406203
983        4.11151
983        3.04099
983        2.64469
983        5.99681
983        2.89796
983        5.71251
983        4.96658
983       0.163192
983       0.667457
983        4.64024
983        5.98722
983        2.15901
983        5.50197
983        3.92264
983        1.65591
983        1.34067
983         1.3709
983        0.34387
983        2.98522
983        5.63187
983        2.37882
983        1.59835
983        4.84823
983        1.68126
983        0.37291
983        5.10545
983        5.55978
983        5.36903
983        5.18262
983       0.866107
983       0.992407
983        5.58262
983        2.86459
983        5.77489
983        5.47083
983        5.59526
983       0.702263
983        5.64987
983        5.86336
983        6.26929
983         5.5004
983        2.21793
983       0.488144
983        2.58256
983        2.87199
983        2.01348
983        6.09548
983       0.345122
983        5.27653
983        5.03026
983        4.84339
983        5.68116
983        1.43467
983        5.82372
983        2.20621
983        5.78451
983        6.19686
983        2.46911
983        4.46392
983        3.33426
983        2.15095
983        5.21587
983        2.81117
983        5.38843
983        2.15576
983        3.01987
983       0.841716
983        3.21747
983       0.263008
983        2.25745
983        5.61307
983        2.32164
983        5.85293
983        2.66265
983        5.17217
983        2.46645
983         1.2551
983       0.806314
983        3.61476
983        3.88479
983        6.25593
983        6.20638
983        2.33995
983        5.67659
983        1.88212
983         5.1602
983        1.96845
983        5.56437
983        5.30531
983        4.07891
983        2.10079
983        6.19447
983         4.6545
983        0.82133
983       0.964862
983       0.698254
983        2.74478
983        1.80239
983        2.49286
983        2.41718
983        5.91675
983        4.76576
983        5.23238
983        3.77879
983        1.22488
983        5.79393
983        1.00764
983        0.58376
983      0.0716548
983        2.19024
983       0.174329
983       0.843683
983       0.197459
983        2.97745
983        6.17699
983        6.27237
983        4.90724
983        5.46029
983       0.718165
983        1.77915
983        1.30324
983        1.99241
983        5.18322
983        5.85136
983        4.80445
983        2.54283
983        3.98111
983        2.55886
983        4.94079
983        4.75745
983        1.14867
983       0.869737
983        1.89101
983        6.26193
983        2.41205
983         1.2995
983        1.70657
983        4.90024
983        5.84889
983        5.64835
983        5.72725
983        1.69225
983        2.49899
983        2.04113
983        3.08553
983        5.44855
983        3.88947
983        4.87902
983        5.15597
983        5.25609
983        3.83293
983        2.81989
983         6.2146
983        1.79987
983        2.43119
983        2.27665
983        3.17671
983        2.42361
983        3.40791
983        2.55915
983        2.36028
983        1.73305
983         1.0456
983        1.88273
983        1.46218
983        1.02363
983        3.06747
983        4.19192
983        5.04664
983        2.40628
983        2.77949
983       0.297704
983        3.08632
983        2.30579
983        2.08405
983        3.17588
983         5.9511
983        2.34842
983       0.031628
983        4.73146
983        2.96213
983        3.99108
983        2.68596
983        2.13424
983        5.46132
983        2.93294
983        2.44642
983        5.06777
983        4.97406
983        4.72884
983        5.12781
983        2.90329
983        2.74285
983        4.43397
983        4.98726
983        4.80592
983        4.84204
983        2.22713
983        4.73469
983         1.6645
983        2.22254
983        5.56168
983        5.09528
983         2.7319
983        2.45932
983        4.17677
983         2.9126
983        1.56429
983        2.38133
983        1.32619
983        5.04137
983        6.27313
983        3.83013
983        2.52614
983        6.24332
983         5.8174
983        2.94961
983       0.777809
983        5.52996
983        1.51002
983        2.12408
983       0.691703
983        1.74236
983        1.86086
983        5.73099
983        4.20439
983        2.42927
983        2.51211
983         1.9025
983        2.38706
983        2.63284
983    6.69231e-05
983        3.76493
983        1.89714
983        5.18302
983        4.87369
983        4.67948
983        4.87823
983        5.89971
983        5.56315
983        1.63123
983        3.60044
983        2.39071
983        1.92335
983         4.7553
983        1.98503
983       0.388258
983        2.05212
983         5.6403
983        1.76762
983        2.17038
983        4.08402
983        4.90501
983        5.20076
983        1.79203
983       0.332942
983        4.53954
983        6.19934
983         2.8495
983      0.0693165
983        2.33428
983        2.01491
983        6.10191
983        5.50932
983         4.7538
983        3.20873
983        5.04668
983        2.07276
983        6.26252
983        5.95899
983        4.53906
983         0.6443
983        1.28914
983         5.4964
983        2.37233
983          1.586
983        5.95271
983       0.488383
983        5.33929
983        6.25859
983        4.86783
983        2.36221
983        5.59873
983        3.91915
983       0.678533
983        5.75376
983        6.23998
983         2.2433
983       0.949362
983         4.9749
983        3.11961
983        3.00832
983        1.50953
983        3.98692
983        1.97926
983        2.03025
983       0.523697
983        4.17779
983        3.27315
983        6.07677
983       0.502964
983        3.33936
983         4.6016
983        4.01345
983         1.7316
983        2.15374
983        3.23826
983        5.65989
983        4.93271
983        2.18229
983        5.71746
983       0.333142
983       0.268318
983        1.80573
983        3.52616
983        3.66693
983          3.034
983        2.45558
983        1.82199
983        5.23431
983        5.37553
983         4.9324
983         5.8401
983        6.10816
983       0.996833
983         4.0732
983        4.37182
983        3.23157
983        1.24095
983        4.35173
983        2.47935
983        5.46309
983        4.40312
983       0.629221
983          3.666
983        2.18172
983        2.52606
983        2.24188
983        2.93515
983        3.51029
983        2.90998
983        4.57758
983        4.01932
983       0.339878
983        5.90036
983        3.21289
983        5.55626
983        1.43975
983         3.0302
983        1.37473
983       0.775287
983        1.44281
983        5.01113
983        1.66418
983        1.54744
983        1.92987
983        2.13092
983        4.10166
983        1.15383
983        6.03446
983        2.45264
983        4.99238
983       0.148164
983         3.5764
983        4.42022
983       0.625795
983           2.65
983        3.17355
983        2.53079
983         4.3535
983        3.21067
983        1.43838
983        4.40617
983        3.13376
983        3.25213
983         5.6673
983        3.92425
983        5.72332
983        2.38891
983        3.36262
983         2.4876
983        4.37363
983        3.47673
983        6.25671
983        4.73948
983        5.99357
983        1.33411
983        2.08351
983        3.32071
983        2.16548
983         2.9919
983        1.67153
983        5.18792
983        2.82309
983        3.51509
983        5.45538
983        1.29549
983        4.91003
983        4.81042
983        4.24937
983        3.03185
983        2.17245
983        5.01754
983         6.2696
983        4.87837
983       0.273744
983        1.32918
983        4.84955
983        1.84796
983        5.71335
983       0.711147
983        3.88424
983       0.270707
983        1.50769
983        2.90558
983        5.95245
983        2.74212
983        2.26129
983        4.08096
983        2.51484
983        5.41085
983        2.04942
983       0.146057
983         2.7466
983        5.09336
983        4.66311
983        6.11701
983        2.16631
983        2.38804
983         1.9871
983        1.37492
983      0.0488947
983        5.46859
983        3.20064
983        1.96222
983        5.58459
983        5.75517
983        1.25512
983        3.67589
983        5.21811
983         5.2362
983      0.0248717
983        4.51959
983       0.577516
983        5.38592
983        5.58304
983         1.7329
983        2.86849
983        1.42627
983        2.07421
983        3.02138
983        3.96121
983         2.1339
983        5.53821
983        6.09541
983        5.92765
983        3.35031
983        1.98985
983        4.14687
983       0.971129
983      0.0301405
983        3.17409
983         5.2818
983       0.442292
983         5.7867
983        5.27453
983        5.69689
983        4.73264
983        5.81559
983        6.17188
983        5.54602
983       0.655632
983        1.38523
983        4.72295
983        4.41399
983        3.78934
983        4.86201
983       0.640232
983        4.08284
983        3.34276
983        2.02042
983        2.33778
983        3.10229
983        4.99488
983        5.12361
983        3.20427
983        2.51294
983        2.51326
983        1.01606
983       0.356917
983        3.79161
983        4.49144
983        3.61711
983        5.70416
983        4.66233
983         4.1451
983        5.72063
983        3.59722
983        5.80844
983        4.93991
983        1.14896
983        2.47932
983        5.98277
983       0.388136
983        4.47208
983        2.77287
983        2.33225
983       0.864769
983        6.02898
983        6.09009
983        5.38239
983        5.22474
983        4.51125
983        5.87705
983       0.485871
983        5.51617
983         1.5555
983        5.66042
983         3.8134
983        5.86444
983       0.662834
983       0.180421
983       0.383354
983        6.00959
983        4.39243
983        2.10034
983        1.62731
983        4.69875
983        5.97279
983        3.35339
983        6.24235
983        4.86716
983         1.7887
983       0.595729
983       0.875143
983        5.01049
983        4.09859
983        4.18442
983        5.86477
983        3.01088
983        4.51942
983        2.44759
983        1.22911
983        5.68844
983        2.62487
983        2.11232
983        3.18944
983        3.54807
983        3.04834
983        5.29407
983        1.10021
983        2.10633
983        1.60739
983        1.85791
983       0.929915
983       0.443695
983       0.840812
983        2.98257
983       0.366133
983        3.17626
983        6.27926
983        5.55284
983        1.71628
983        6.12425
983        2.61493
983         5.0371
983        5.93059
983        4.39745
983        2.02713
983        6.19134
983       0.903307
983        4.66489
983        1.12721
983        3.01785
983        1.88169
983        6.17267
983      0.0480504
983        1.88049
983        1.85658
983        3.36708
983        2.78111
983        5.28518
983        1.63358
983        1.77668
983       0.940968
983        2.38491
983        2.09579
983        4.69952
983        4.15219
983         1.8222
983       0.773094
983        4.12641
983        4.85065
983        3.35759
983        2.66797
983        4.44761
983        1.15742
983        5.21498
983        6.19839
983        1.74145
983        4.72571
983       0.274098
983        1.21542
983      0.0356165
983        1.55108
983        3.30626
983       0.496632
983        3.63042
983        2.56222
983        2.36857
983        2.71833
983      0.0492673
983        2.64555
983        6.27286
983        3.84708
983        2.39575
983         2.8016
983        4.39084
983       0.273918
983        6.15287
983          5.493
983        2.40312
983        5.21841
983        5.16044
983       0.807361
983        2.96762
983        4.84532
983        5.11442
983        5.84277
983        4.76511
983        5.76815
983        6.14168
983        5.46054
983       0.941327
983        2.53714
983        6.08937
983        4.21117
983        2.63857
983        3.84222
983        1.78935
983        3.48286
983        5.93875
983         5.5935
983         2.7339
983       0.659675
983        3.74966
983        5.53801
983        2.50121
983        1.47359
983        4.64281
983        1.73684
983        3.10841
983        5.48526
983        1.77079
983        5.13208
983        5.78761
983        2.68541
983        2.35825
983        5.36875
983        1.33838
983        4.80941
983        5.16428
983        2.59461
983        5.96034
983        1.88217
983        5.99177
983        3.78145
983        3.60357
983        2.37115
983        3.88541
983        4.29994
983        4.69777
983        5.77961
983        5.20127
983      0.0663536
983        3.59612
983         5.5097
983        5.41788
983        2.87189
983       0.337853
983         6.1053
983        4.67747
983       0.547829
983        4.88662
983        2.88524
983         5.3407
983        4.97259
983        5.02039
983        2.42095
983        4.79748
983        5.66402
983        1.86821
983        1.86554
983        5.22134
983       0.348133
983        4.40002
983        4.72904
983        2.30417
983        1.45263
983        4.76189
983        1.53778
983        1.96257
983        0.14909
983        4.05058
983         6.0306
983        6.23253
983       0.475882
983         1.0985
983        5.64956
983       0.963928
983       0.593459
983        3.18251
983        2.98747
983        4.17585
983        5.46185
983        5.76126
983        4.89653
983        5.68095
983        2.06865
983        2.18925
983        5.07914
983        1.10496
983         3.1898
983        1.56427
983        4.15822
983        3.12857
983        1.06752
983        5.77965
983        1.15638
983        5.84692
983         2.0223
983        2.59643
983        4.75892
983        5.00719
983        5.04494
983        3.64109
983        1.09647
983        2.03022
983        1.44906
983        0.80449
983        5.21515
983        2.22986
983        2.40457
983        2.84556
983        1.77278
983        1.03126
983        3.08982
983        1.72885
983       0.315122
983        1.05506
983       0.531031
983        1.43233
983       0.330867
983        5.28681
983        5.13997
983        1.79829
983        5.07113
983        5.12301
983        3.79523
983         1.3686
983        2.26735
