201        4.78676
201        2.33576
201        3.42839
201       0.570908
201        5.58706
201        1.72314
201        5.65973
201        5.29238
201        4.49872
201        4.65643
201         4.7995
201        5.94724
201        4.71926
201        5.86916
201        6.10852
201        6.22396
201         3.4853
201       0.388899
201        3.77541
201        2.70276
201        1.03902
201         1.4788
201        4.29393
201       0.739466
201        5.93624
201        3.66126
201        3.78485
201        1.91737
201        4.34899
201        3.43271
201        5.84683
201        4.64712
201        3.86055
201        2.69257
201        2.97775
201         3.5307
201      0.0257222
201        5.21934
201        4.62327
201         3.3747
201        2.97739
201        3.61533
201       0.762572
201        4.21626
201        2.92117
201       0.281369
201       0.385601
201       0.724978
201        1.94013
201       0.010958
201        1.82411
201        3.01569
201        1.35659
201        5.67074
201        4.88914
201        3.04155
201        4.39279
201       0.968797
201        3.20606
201        1.58957
201        3.78085
201        2.84981
201       0.265807
201      0.0665513
201         4.7698
201        2.97964
201        2.61323
201        2.62383
201         3.3033
201       0.545486
201         3.8339
201       0.760106
201        1.66259
201        2.98912
201         2.8037
201        5.89022
201        6.06778
201        1.15675
201        3.30443
201        1.52421
201        3.31656
201        5.33378
201        1.02486
201        4.86254
201        3.03069
201          1.125
201        5.80659
201       0.133986
201        4.83707
201        6.17221
201        3.13684
201        4.12985
201       0.875153
201        4.14384
201        5.56479
201        3.87487
201        5.71145
201       0.572745
201       0.664319
201       0.490147
201      0.0392636
201        1.65446
201        3.82488
201       0.145747
201       0.397597
201        1.53034
201       0.338191
201        4.35656
201        3.23561
201        3.37891
201        6.26227
201         1.0343
201        3.31077
201        1.00833
201        3.47618
201        5.62929
201        3.55675
201        4.26438
201        5.87893
201        3.46743
201        4.69923
201        1.39623
201        6.20422
201        6.25695
201          4.821
201        2.81508
201       0.333896
201        4.13623
201        4.43532
201        1.19065
201        1.36986
201        5.10425
201        3.24335
201         5.6535
201        3.68246
201        3.81139
201        3.04902
201        1.65121
201       0.530744
201        5.72713
201        4.43288
201        4.14419
201        4.52737
201         1.2381
201        3.84463
201        4.99332
201        2.46197
201        1.01349
201        4.75256
201        3.96979
201        5.93884
201        1.19355
201        3.98722
201        4.08761
201        1.46819
201         2.0068
201       0.711463
201         3.8781
201        0.82012
201       0.662629
201       0.997597
201        1.01674
201        4.51812
201       0.318366
201       0.512566
201        3.81315
201        3.89192
201        1.20908
201        5.69863
201        3.80617
201      0.0588622
201        1.22697
201       0.852914
201        1.93189
201        4.39859
201        2.94792
201        3.70267
201        4.34587
201         3.2217
201        1.20072
201        5.60856
201       0.600863
201        4.93173
201        3.97247
201        1.42876
201        0.10912
201        5.32053
201        6.19359
201        1.64766
201        3.80499
201        3.25989
201        3.43664
201         3.9615
201        1.33795
201        3.52723
201        5.29487
201        1.82326
201        5.30017
201        1.73555
201       0.129029
201        4.29267
201       0.424939
201        4.24842
201        3.09147
201        4.85095
201       0.233113
201        6.26692
201         2.5017
201        1.59365
201       0.731667
201        3.78429
201        2.20852
201        3.52486
201        1.33614
201       0.276017
201        3.50162
201        6.08198
201        3.16895
201        5.05227
201        3.40299
201        5.56632
201        3.60991
201       0.711526
201        4.17816
201        4.11728
201       0.842675
201        6.18235
201       0.551617
201        4.36523
201        3.83778
201       0.658078
201        5.03781
201        5.20518
201         2.9914
201        1.46885
201      0.0695566
201        1.60026
201        3.07113
201        5.48073
201        2.49925
201       0.753686
201        3.53622
201        2.69039
201        4.05499
201      0.0639693
201        3.09556
201        3.85998
201        2.79864
201       0.915374
201        5.11537
201       0.162021
201       0.169902
201         4.7039
201        4.59219
201        3.22869
201        1.49957
201        3.63375
201        6.02576
201        3.84478
201        3.71669
201        2.96509
201       0.745714
201       0.393893
201        5.41829
201        2.95668
201        3.77561
201        4.44443
201        1.99364
201        6.07298
201         1.3255
201        4.43506
201        3.77616
201        5.04314
201        2.80624
201        4.20673
201        3.16307
201        4.68129
201        2.37246
201       0.397937
201      0.0761067
201         4.4702
201        5.12453
201        3.99227
201       0.369472
201        1.37326
201        3.64817
201         5.3656
201        4.11142
201         3.6868
201        4.94352
201        1.97148
201        4.09388
201       0.550428
201        2.08539
201         3.0037
201       0.100337
201         4.0642
201        4.86967
201       0.408503
201        4.06039
201        3.73031
201       0.220903
201        3.87313
201        4.64122
201        4.14159
201        4.85312
201         4.1213
201        1.42249
201       0.439126
201        4.37472
201        5.64102
201        3.87574
201        3.51918
201        4.09384
201        3.94433
201        4.65725
201        3.56805
201        3.51695
201       0.929976
201        1.87708
201        4.51736
201        4.44903
201        3.76356
201        3.76283
201        5.01608
201        3.26311
201        3.01068
201        3.79193
201         4.4379
201       0.523972
201        1.94987
201        3.84368
201        4.20903
201      0.0423092
201       0.594333
201        2.78553
201        6.06155
201        6.23776
201       0.413947
201        3.92786
201         1.6725
201        3.00209
201         1.5207
201        4.75485
201       0.721912
201        4.43358
201       0.873724
201         6.0628
201        6.14398
201        5.28055
201        3.11815
201       0.279949
201       0.237056
201       0.514072
201       0.903923
201        0.55579
201         2.5534
201        2.51662
201        6.07816
201        4.12828
201        3.51204
201        3.15049
201        3.74509
201        3.94646
201        2.63323
201        2.12524
201        1.26634
201        2.95364
201        4.07411
201        5.14352
201        2.96718
201        4.78713
201        2.85152
201        4.58988
201        2.81366
201        1.03446
201        4.06368
201        3.51156
201       0.970494
201        2.35204
201       0.533107
201        4.69148
201       0.907785
201       0.647681
201        3.68905
201        2.96572
201        0.37226
201         5.0615
201        3.46582
201        1.45101
201        4.82234
201       0.663994
201        4.42331
201        5.98162
201        5.15809
201        2.56857
201        4.17174
201       0.382063
201        2.92777
201        4.25936
201        4.83382
201        4.30562
201        1.96944
201        6.09269
201         1.4354
201        1.18997
201        4.86096
201        3.24536
201     0.00829215
201       0.462375
201        5.71979
201        5.80007
201         1.6672
201        1.38154
201       0.759346
201       0.395859
201       0.448355
201        1.25681
201        5.58934
201        5.87674
201        4.01591
201        1.82436
201         3.6927
201        3.82532
201        4.66608
201        5.28434
201        3.66269
201         0.2111
201          3.614
201        0.59096
201        2.82939
201        3.02523
201        5.46472
201       0.530295
201        2.56908
201        5.25181
201       0.583419
201        3.94764
201        4.02684
201       0.219145
201         3.2324
201        3.18177
201        3.22839
201      0.0195275
201        5.64555
201        5.54964
201         3.5255
201       0.346669
201       0.578615
201        3.54059
201        1.71363
201       0.392298
201        1.25785
201        4.14115
201        4.85054
201       0.214927
201        5.41046
201        3.08528
201       0.363797
201        2.37465
201        4.52821
201        2.20455
201       0.863639
201        3.28883
201        3.00689
201       0.506404
201        1.30481
201       0.873052
201        3.43796
201        5.75258
201        3.94068
201        4.26571
201        1.03352
201        3.66622
201        3.67657
201        3.51683
201        5.39539
201        1.34081
201       0.421564
201        4.99658
201        5.88468
201        6.07852
201        3.50455
201        6.05251
201       0.629481
201       0.762674
201       0.568745
201        3.14668
201        5.38844
201        1.70645
201        2.70769
201      0.0195762
201         3.4022
201       0.656567
201       0.421697
201        2.88672
201        3.94374
201        4.54011
201        0.01982
201        6.12352
201       0.374372
201        1.64275
201       0.605478
201        4.07154
201        5.10863
201        4.42255
201         4.8121
201       0.721535
201       0.861872
201        4.32408
201        0.27198
201        1.09903
201        5.01287
201       0.197854
201        5.91531
201        5.81236
201        5.04299
201        3.53283
201        1.12201
201        4.33183
201        4.56858
201        3.62154
201          1.523
201        2.24051
201      0.0745068
201        5.56204
201        4.10831
201        5.92312
201       0.603206
201        5.13187
201        1.00151
201        5.88608
201        2.84273
201        4.47447
201        4.35051
201        3.54706
201        3.04266
201        6.03692
201       0.737954
201        1.82009
201        3.26689
201        2.97875
201         4.4228
201        3.17873
201        3.01007
201        0.82613
201       0.593159
201        3.93093
201       0.952747
201        4.80088
201        1.34257
201       0.408313
201        4.71665
201        1.29173
201       0.280785
201        1.37431
201        1.03256
201        4.26824
201        4.87816
201        2.12016
201        4.59462
201       0.565136
201        3.59904
201        3.17051
201        3.85135
201       0.897534
201        2.68912
201       0.161475
201        4.97474
201        2.68912
201        1.54566
201        6.20148
201          3.492
201       0.472746
201        3.03822
201       0.954916
201        3.53538
201        4.97188
201        1.10054
201        4.20695
201       0.794813
201        1.64252
201        4.38773
201       0.219344
201         4.0974
201        5.53422
201        3.28551
201        4.24845
201        5.96552
201        1.46788
201        4.56508
201       0.501003
201        3.75657
201       0.862336
201        1.55571
201        4.10341
201        4.35617
201        1.14299
201        1.55505
201        5.03789
201        1.22602
201        4.62185
201        1.94788
201        4.30732
201       0.461074
201         1.8473
201         3.1417
201        1.73161
201       0.537373
201        5.23083
201         5.8881
201        5.70139
201        6.13113
201       0.720849
201        2.80003
201        4.81521
201        1.39152
201       0.843706
201        2.90389
201        2.20202
201        1.69846
201        2.40758
201       0.903931
201       0.994949
201        4.68017
201        4.91077
201      0.0432965
201        1.51193
201        3.86539
201        4.62961
201         1.6753
201        1.07321
201        2.10681
201       0.244078
201        4.42182
201         5.4488
201        1.08117
201       0.276193
201        3.93737
201        4.45409
201        4.55806
201        5.23035
201        3.36875
201        6.17016
201        1.09589
201        1.19906
201        5.97389
201        1.67249
201        3.13841
201         3.0768
201       0.775177
201         1.8832
201       0.751042
201         3.6676
201        4.03149
201        4.38231
201        5.21099
201        0.39019
201         4.0981
201        1.18711
201        4.58838
201       0.744492
201        3.44441
201        4.21234
201        3.75673
201        4.73286
201       0.887009
201        6.08242
201        5.20462
201        3.57042
201        4.43652
201       0.411145
201        1.03693
201        0.81866
201        1.36957
201        4.19568
201        3.14418
201        3.88038
201       0.571192
201        6.17433
201        5.61282
201        3.75457
201        5.88598
201        3.30129
201        2.85473
201        4.13079
201        5.29855
201        6.25889
201       0.586559
201        5.78691
201        1.63307
201        2.61459
201        5.02753
201       0.366759
201        3.36472
201        1.71072
201        3.90494
201       0.101749
201        3.01648
201        3.60363
201        3.10937
201        2.77544
201        1.06131
201        3.68624
201        3.76765
201        3.66494
201        1.65763
201       0.944506
201        4.08669
201        5.51911
201        4.28613
201        1.10671
201        5.79123
201         4.7858
201        5.99755
201       0.918321
201        3.98805
201        4.06469
201        3.43463
201        3.76108
201        1.09454
201       0.739164
201       0.156318
201       0.411488
201        4.83618
201        4.23755
201         1.1719
201        4.46056
201         3.5042
201        1.03515
201       0.804012
201        4.40054
201        2.08632
201       0.555153
201        1.68829
201        4.75185
201        3.20448
201        3.44452
201        3.17667
201        4.15242
201        3.49198
201        3.20081
201        4.41947
201        5.15267
201        3.10347
201        3.88425
201        3.35061
201        0.31102
201       0.301264
201         3.5249
201        4.03628
201        1.99704
201        5.77106
201        3.13695
201        5.23285
201       0.764009
201       0.697798
201        3.62013
201        5.43773
201        4.24853
201        0.21976
201        3.28806
201        3.51752
201        3.17296
201      0.0739184
201        3.48195
201        3.27549
201        4.95082
201        1.56411
201        1.69665
201        4.63682
201        2.26031
201        3.94966
201        6.03556
201        3.81718
201        5.05328
201         3.3306
201        2.12494
201        6.23509
201        1.37831
201        3.17929
201        5.01131
201        2.68434
201        2.44226
201       0.647462
201        1.07177
201        3.70643
201      0.0696456
201        5.83863
201        2.97946
201        4.07929
201        3.83516
201       0.768411
201        5.73937
201        2.55562
201        3.50928
201        3.09085
201       0.332425
201        4.70864
201        0.30524
201       0.335446
201         1.1114
201        4.26742
201        4.51493
201       0.160384
201        1.26861
201         1.8379
201       0.467319
201        5.88389
201        5.65117
201        4.43625
201        3.47505
201        3.29498
201        4.38663
201        1.72954
201        2.63739
201        1.28729
201        3.18456
201        3.99659
201        6.16582
201        4.30075
201        4.32221
201        4.54929
201       0.382108
201        1.29811
201        3.49393
201       0.529654
201        4.01873
201       0.404222
201        1.51935
201        3.20585
201        4.40373
201        1.07608
201        4.59358
201         4.9228
201        4.04831
201        3.16035
201        5.14769
201       0.641571
201         3.6817
201        3.06368
201        3.77449
201        1.33427
201        3.00804
201         1.2717
201        3.79828
201        0.76621
201       0.255449
201        4.04532
201        3.61291
201        2.84485
201        1.45248
201       0.496268
201       0.969306
201        3.63484
201        4.53321
201        3.25437
201        5.66619
201        3.05236
201        1.82511
201        5.05346
201        1.05723
201        5.25915
201        3.32513
201        5.84003
201        3.18518
201        3.50196
201        1.36785
201       0.885878
201        3.67763
201        3.99912
201        4.30563
201        3.17403
201        3.50929
201        3.65229
201         3.2057
201        3.47045
201      0.0438511
201        4.28136
201        1.54483
201       0.760308
201        6.05962
201       0.971925
201        1.54909
201         5.8698
201          5.363
201        3.16795
201         5.5972
201        0.28351
201        5.73904
201        2.93623
201         4.2162
201        4.81545
201        4.31728
201        1.44402
201        6.08998
201       0.920604
201       0.759149
201        4.29991
201        4.14758
201        1.09724
201        1.53752
201        2.84748
201        5.90234
201        1.58745
201       0.519688
201        5.08952
201        4.92215
201       0.919829
201        3.53297
201        2.18709
201        1.44379
201       0.285656
201        4.24229
201        5.49308
201        3.98307
201        2.61994
201        3.34742
201         3.6815
201        4.95254
201        1.33814
201        6.10398
201        2.12102
201        4.38442
201        1.88176
201        4.25348
201        1.00987
201        3.89674
201        6.12974
201        1.22429
201        3.83682
201         1.2308
201         3.9687
201        1.11832
201       0.101791
201        5.19612
201        1.31116
201        3.97921
201        3.53398
201        3.86056
201        3.88589
201        5.59332
201       0.224511
201         6.1041
201         1.1079
201       0.659703
201       0.732924
201        1.90608
201        3.48527
201        1.17578
201        1.57484
201        1.18499
201        5.85486
201        4.49663
201        3.91499
201        2.46305
201       0.491775
201        1.16067
201        5.65332
201        3.18465
201        5.31833
201        3.56744
201        3.77263
201       0.497987
201        2.37614
201        4.52373
201         0.2838
201        2.87761
201        3.41243
201       0.437202
201        3.64887
201        3.42314
201        3.75728
201       0.839533
201        3.56263
201        4.20945
201        1.74328
201        2.07289
201        5.39795
201        3.30314
201        4.83762
201        2.18227
201        4.30305
201       0.950891
201        1.74364
201         4.4477
201       0.425867
201       0.428846
201        2.62179
201        4.22756
201        4.68346
201        5.21975
201        1.29752
201        1.79433
201       0.623174
201        4.74153
201       0.977505
201       0.731114
201      0.0727805
201        3.48851
201       0.919423
201        4.10317
201           3.87
201        3.29033
201        0.97889
201         3.8229
201       0.671479
201        2.75992
201      0.0938046
201        5.08047
201        3.91757
201       0.526569
201        0.82995
201        1.49452
201        3.55111
201        0.43766
201        5.47877
201        3.65988
201        5.02872
201        5.81755
201        1.65056
201        2.14871
201       0.975686
201       0.204507
201        4.67286
201        3.70653
201        1.20785
201       0.149937
201        2.96467
201        4.29649
201        2.46403
201        5.88872
201      0.0582166
201        5.39413
201        4.52256
201        4.88264
201        4.62181
201        6.03631
201        3.36615
201        3.82562
201        3.31593
201       0.681008
201         4.4376
201        4.04663
201        6.25576
201        1.06363
201        4.10296
201        5.54281
201         3.3218
201        3.84665
201        5.04096
201        4.08425
201        5.28112
201        1.30428
201        5.83917
201        2.03034
201       0.311048
201        3.41805
201       0.766986
201        1.88858
201         0.8471
201        2.20117
201        4.88243
201        3.71991
201        4.56601
201        1.54094
201       0.512689
201         5.8476
201        1.15793
201       0.875409
201        6.25545
201        5.20815
201        5.30758
201        4.14164
201        5.54305
201       0.620944
201        1.19856
201       0.832662
201        5.29028
201        1.22876
201        3.94258
201        2.88557
201        5.28634
201        1.22647
201        3.76153
201        4.09758
201        1.50316
201       0.606242
201        3.85762
201        4.59678
201        4.81758
201        2.55833
201          3.825
201        6.21141
201        5.11988
201         1.0654
201       0.692699
201        3.92961
201       0.527973
201        5.04539
201       0.238777
201        6.23728
201         1.1833
201        1.20338
201        3.83923
201        1.75171
201       0.266809
201        5.35712
201        4.15253
201        1.18981
201        5.58151
201        1.99251
201        3.44123
201        2.73046
201      0.0550123
201        0.50795
201        4.25335
201        1.52809
201        1.01762
201        2.39123
201        2.76724
201        4.44932
201        2.19964
201        5.60359
201         2.4139
201        1.34061
201         1.3843
201       0.279045
201        1.04247
201        5.74754
201        4.17552
201        4.23307
201        4.23906
201        5.32746
201        6.14119
201        1.73157
201        4.24239
201       0.843334
201        3.03628
201        5.92972
201        2.89312
201        3.65636
201        6.22446
201        4.11526
201        1.19766
201       0.732737
201        2.01917
201        2.44481
201          2.546
201        4.09208
201        3.90224
201        1.34416
201        1.31074
201        1.43389
201        1.40756
201         4.7949
201        5.39091
201        1.49719
201        3.75363
201         3.3049
201         1.4303
201        4.02945
201        5.94453
201        2.60063
201        1.94292
201        2.44761
201       0.345995
201        3.71416
201        3.37732
201        4.02873
201       0.182161
201        3.64245
201        2.64188
201        2.39179
201        4.14983
201        2.89364
201        4.04981
201       0.532806
201        4.90853
201        1.57473
201        2.02961
201         3.4289
201        2.30879
201       0.273329
201        1.67556
201        3.51449
201         1.7421
201        2.48921
201        2.03759
201       0.352822
201        3.68813
201        1.58134
201        3.61195
201        3.82391
201        4.10034
201        4.08718
201        1.67307
201         3.7018
201        3.80927
201        4.63683
201        3.84075
201       0.951691
201        4.23074
201        4.90476
201        3.78927
201        4.22519
201        6.11927
201        1.47697
201      0.0211454
201       0.475799
201        4.93124
201        3.61105
201       0.926301
201        3.07643
201      0.0925729
201        5.18613
201        3.34658
201         3.3825
201        1.57568
201        2.15442
201        1.55087
201        1.72932
201        5.19244
201        4.29819
201        3.11486
201        5.32112
201        3.66348
201         1.0983
201        4.76877
201        1.26613
201        2.39975
201        2.11764
201       0.734091
201       0.536592
201         4.1696
201        2.69643
201        4.05038
201        2.96686
201        1.19233
201       0.697141
201        2.42239
201        1.14732
201         3.0228
201        1.63298
201         2.2497
201        6.23634
201        0.62999
201        2.94642
201        1.00355
201        3.17994
201       0.243134
201         4.5869
201         2.0601
201        5.75567
201        5.57111
201        3.40243
201        5.36093
201        0.98816
201       0.214468
201         2.0116
201        3.53544
201       0.965423
201        1.94809
201        3.91645
201        4.05646
201        5.88962
201        4.88866
201        1.37904
201       0.675099
201        3.25646
201         5.8281
201        5.98978
201       0.991956
201         6.1801
201        3.72607
201        2.60148
201        4.50381
201        4.24064
201       0.897728
201        5.83893
201        4.14592
201        4.05292
201        3.77281
201        3.82424
201        3.72518
201        3.75335
201        4.69071
201        6.22229
201        3.56686
201        1.79533
201         3.4519
201        1.49282
201         2.6811
201       0.771544
201        3.55281
201        2.74821
201        3.35321
201        3.53138
201       0.791405
201        3.44296
201        3.53858
201       0.429873
201        4.23107
201        1.11772
201       0.493502
201        3.75455
201        3.10509
201        2.91493
201        5.90358
201        1.23585
201         2.0087
201        6.03603
201        4.49403
201        3.45519
201       0.192258
201        2.37186
201       0.244584
201        3.16685
201        3.39912
201        3.88473
201        1.07576
201         5.5976
201        2.22682
201        3.65491
201        5.87313
201       0.724896
201       0.948725
201       0.304944
201         3.1653
201        3.36603
201        3.27418
201        2.16704
201        1.69353
201        0.16407
201        1.82636
201        3.63693
201       0.413767
201        3.80739
201        3.71859
201        5.89018
201       0.185779
201       0.818471
201       0.759526
201       0.650477
201        3.35181
201       0.380013
201        3.39662
201        3.93728
201        5.91535
201        4.08645
201        2.90828
201        3.42058
201       0.672513
201        1.38659
201        2.50529
201       0.636097
201        3.79975
201       0.195429
201        3.89675
201        5.53774
201       0.794966
201        4.84325
201        1.27471
201       0.796926
201        5.94919
201        3.38036
201        1.68811
201        4.65121
201        3.43265
201        3.67877
201        4.90367
201        6.03698
201        4.81847
201        6.13819
201        3.53293
201       0.540063
201        4.90074
201        4.90307
201        4.23341
201        4.50408
201         4.5671
201        1.20084
201        4.53526
201        3.67805
201        0.49927
201        2.88637
201        5.50523
201        4.42009
201        1.69581
201         6.2249
201        2.95646
201        5.79338
201        3.42442
201        1.42655
201       0.778096
201        2.99373
201        4.24551
201        2.94614
201       0.645943
201        0.93564
201        5.60113
201        6.25967
201         5.4516
201         4.5237
201        1.30693
201        5.15188
201        1.91294
201        3.93536
201        3.88196
201        2.59337
201        6.12768
201        3.98122
201        1.52992
201        1.24273
201        2.50159
201        3.63904
201        5.16307
201        4.03004
201         5.0518
201       0.172157
201       0.523808
201        1.53401
201       0.959159
201        3.98416
201        2.42044
201        3.23128
201       0.951246
201       0.943907
201       0.322774
201        3.86007
201        1.98817
201        3.09346
201       0.406945
201        3.40387
201        5.74292
201        3.84799
201        3.51751
201       0.769702
201         3.8369
201        1.77977
201        2.77798
201        3.75163
201       0.767467
201        3.53137
201       0.305493
201         3.3515
201       0.449164
201        3.03046
201         3.6734
201        2.55079
201       0.810535
201        1.82906
201        4.80589
201         0.9546
201        1.64855
201        0.12357
201        3.46581
201        2.87202
201        4.40145
201        6.27349
201        4.53991
201        3.29671
201        1.83454
201        3.47316
201        3.73431
201        6.12708
201        3.56463
201        2.25101
201        5.76282
201        4.33678
201        3.77026
201         6.0739
201        3.03492
201        5.56707
201       0.823532
201        1.39642
201        3.45778
201        4.25242
201        1.21795
201         1.1316
201        3.78502
201        4.10057
201       0.423286
201        3.46019
201        4.19913
201         2.8101
201        3.65907
201        3.02842
201          4.823
201        5.02281
201        5.53745
201       0.651304
201        6.17633
201        5.16087
201        1.58357
201        6.24675
201       0.639827
201        4.75931
201        5.29357
201        5.62523
201        4.97879
201        1.53183
201         4.2159
201        5.74653
201        4.54751
201        5.88021
201        3.34417
201       0.850672
201         3.7635
201       0.372539
201        5.10197
201         5.9594
201        3.96656
201        5.02177
201        4.47264
201        3.43244
201       0.476836
201         2.2149
201         3.8068
201        3.72948
201        2.91232
201        5.50307
201        2.86771
201        4.94262
201         4.4253
201        1.90323
201        3.04415
201       0.660528
201        2.09993
201        3.13307
201       0.559872
201        4.30234
201        1.54342
201        4.18887
201         2.3185
201        3.06505
201        1.26741
201        1.18078
201        1.19644
201       0.564536
201        2.92275
201         4.6029
201        4.80312
201       0.851085
201       0.335534
201        1.49371
201       0.363886
201        3.40809
201        3.63326
201        3.79172
201       0.691357
201        2.00879
201        3.51584
201         1.0739
201        1.34393
201        2.69187
201       0.851986
201        1.30422
201        3.83081
201        1.12336
201         1.9384
201        1.66862
201       0.831813
201        1.80568
201        1.16951
201        2.78613
201       0.373901
201        5.03078
201        4.47195
201        0.39881
201        2.72346
201         3.0607
201        4.45295
201        6.00019
201        5.78985
201        4.31375
201        3.63948
201        3.68919
201         2.1824
201        2.27149
201        2.14846
201       0.176064
201        6.25203
201         4.8505
201        6.05742
201        3.18703
201       0.441567
201        3.36623
201        3.04771
201        1.05914
201        6.11757
201       0.895975
201        3.67138
201        5.66605
201         6.0614
201        5.39314
201        2.88085
201        4.72195
201         3.1367
201        3.26098
201          1.385
201       0.316082
201        4.36798
201          4.543
201       0.607362
201        6.09141
201        2.35686
201        1.02645
201         0.8413
201        1.22817
201        2.87127
201        3.32209
201        4.04987
201        4.30291
201        1.35122
201        4.41607
201        6.27403
201        1.16161
201        5.92449
201        4.04748
201        1.02887
201         3.4416
201        4.06581
201        2.64155
201        5.93758
201        0.74976
201        4.50338
201        3.50408
201        3.34197
201        0.14436
201         1.8223
201        2.45729
201       0.163446
201        4.53036
201       0.824427
201       0.820591
201        5.32706
201        5.83843
201        6.23105
201        4.71983
201        2.82355
201        1.05321
201        1.04929
201        3.97885
201         3.9076
201        1.83459
201        2.73708
201        2.74354
201        3.39668
201       0.450761
201        2.47819
201       0.267848
201        4.38547
201        3.55759
201       0.367604
201        1.27365
201         3.3812
201        5.83272
201        3.38804
201       0.302812
201       0.773018
201      0.0846231
201        3.06224
201        4.33896
201        1.79728
201        4.71774
201        3.21047
201        3.28485
201         1.2299
201        3.70341
201        3.23585
201        4.33696
201        5.95824
201        3.91822
201        4.86348
201       0.827945
201        4.90887
201        1.49168
201       0.762828
201        3.62149
201       0.547721
201        0.20993
201        1.35005
201        6.13877
201        4.12168
201       0.366444
201       0.625398
201        4.14087
201        5.31794
201       0.469691
201        4.67202
201        2.05214
201       0.188953
201       0.331779
201         5.9399
201        1.39377
201        1.67584
201      0.0518921
201        5.27639
201        1.75223
201        1.97628
201       0.444039
201       0.306444
201        5.94476
201        1.30279
201        5.91293
201        5.58053
201         5.9336
201        3.63801
201        2.54248
201        0.25324
201        3.87294
201         3.5082
201         4.9498
201        1.69409
201       0.471834
201        1.85712
201        1.42141
201      0.0966426
201        0.82854
201        4.24932
201     0.00773732
201        3.21351
201        1.86159
201        5.02654
201        3.23675
201        2.38425
201        3.21008
201       0.854271
201         4.6427
201       0.793969
201       0.766523
201        4.61601
201         1.3059
201        3.37761
201        3.78541
201         1.6048
201       0.897583
201        1.10249
201        5.77527
201      0.0216523
201        0.83459
201        1.53992
201       0.760109
201        3.69192
201        3.33915
201        3.08553
201        2.48795
201        5.23951
201        1.37677
201       0.107545
201        4.83138
201        1.19754
201        4.51538
201         3.5345
201        3.49913
201        3.40051
201        3.30699
201          1.136
201        4.30678
201        3.48111
201        6.20353
201        2.69834
201       0.325637
201        3.25796
201        5.54356
201        3.44065
201       0.639021
201        3.07553
201        5.11154
201        3.94575
201       0.481172
201       0.144144
201        4.59112
201       0.539213
201          3.517
201        3.44952
201        4.60015
201       0.631776
201         5.7086
201        2.62536
201        5.79859
201        2.98095
201        6.26998
201        1.77592
201        1.98187
201         3.7948
201        4.31112
201        1.00995
201        2.43244
201        3.97909
201        5.48799
201        3.63473
201        5.58618
201        4.13637
201       0.999367
201       0.528506
201        2.58274
201        5.10953
201        5.22801
201        3.81476
201        1.10561
201        3.69564
201        2.46824
201       0.274116
201        2.12333
201        5.67362
201       0.732745
201        3.81933
201        4.81214
201       0.900677
201        5.01778
201        2.45883
201       0.500898
201        3.32318
201       0.327271
201       0.574357
201         3.5045
201         2.6955
201       0.225022
201        2.72568
201        2.82262
201        2.06235
201        4.91996
201        3.08935
201        4.57321
201         3.2122
201        4.60453
201       0.495866
201      0.0957611
201        3.78055
201        4.89384
201       0.748409
201        1.61297
201        1.82899
201        5.82645
201        4.65443
201         4.1883
201       0.590854
201        3.51468
201        1.41797
201         4.1956
201        1.72551
201        3.86731
201        1.07059
201        3.89354
201        4.47619
201        1.86358
201        1.05718
201        1.45131
201        3.53943
201        1.41321
201        5.79526
201        3.16027
201        4.19601
201        4.33105
201        2.82983
201       0.424867
201       0.847461
201        1.56361
201        4.27885
201        2.45218
201        3.64101
201       0.675618
201        6.05996
201       0.438851
201        1.44757
201        3.00761
201        3.19926
201        2.74313
201        2.76916
201        1.09636
201        1.51023
201        4.66211
201        3.78187
201        4.90034
201       0.456405
201        0.32697
201        4.43663
201       0.298264
201       0.986047
201        1.56566
201       0.712606
201        6.12682
201        3.53893
201        1.94659
201       0.591803
201        3.57617
201       0.222366
201        5.54101
201        2.34497
201        2.70893
201        6.09349
201        6.27254
201        4.36791
201        3.05212
201        5.44843
201        2.91838
201        4.47727
201         4.6145
201        5.95623
201        4.01561
201        5.94657
201       0.995087
201       0.336351
201       0.760974
201        4.38063
201        1.19026
201       0.508931
201        3.41924
201        4.36865
201        4.46673
201        2.25261
201        3.48358
201       0.191022
201        3.77285
201        1.28054
201        4.23107
201        5.92994
201        4.20011
201        1.32442
201       0.422081
201        4.31885
201        4.06187
201        4.65811
201          3.961
201       0.789613
201        0.29031
201        3.99441
201        5.43948
201        3.19151
201        4.35724
201        2.50317
201          1.445
201        1.47461
201        1.78077
201        4.77496
201        5.40972
201          5.333
201        3.19953
201        4.84858
201        2.99781
201        3.79314
201         4.6168
201        2.39958
201       0.830958
201        5.59043
201        2.56079
201        2.99454
201        4.31339
201         6.1992
201         4.6041
201        3.60838
201        1.45231
201        2.29625
201        5.02458
201       0.345739
201        3.39549
201       0.285388
201        3.69894
201       0.351991
201        3.15523
201        3.43787
201        4.84547
201       0.838496
201       0.265324
201        4.11607
201       0.416744
201        4.37811
201        5.29592
201        2.07361
201        5.97471
201        2.05784
201         3.9738
201        3.48921
201       0.305125
201        6.24874
201       0.318237
201        4.70711
201        3.48903
201        1.33257
201       0.778103
201        1.14604
201         6.0583
201        4.56139
201        3.34279
201        4.67501
201       0.604054
201       0.437523
201       0.924516
201        2.91071
201        1.20663
201        4.14685
201        4.36311
201       0.220722
201        5.91884
201        4.66513
201        3.42968
201        3.50736
201        5.63494
201          3.317
201      0.0473798
201        5.99983
201         2.3913
201         5.5733
201        4.13743
201        2.71405
201        6.07338
201        1.16462
201        4.65889
201        1.43192
201         5.5537
201        5.87679
201        3.55318
201        2.55443
201       0.828549
201        3.42439
201        4.06778
201       0.770178
201        3.48103
201         2.7215
201        1.05816
201        2.45502
201        4.72036
201       0.773997
201        5.74311
201        2.71087
201        2.77454
201        4.89738
201        1.01154
201        4.64089
201        4.65061
201        3.12978
201        2.06918
201        3.27008
201        4.08978
201        2.11705
201       0.827667
201        5.47675
201        5.03673
201        4.37504
201        3.21323
201        3.11089
201        5.35499
201        4.76769
201        1.45749
201       0.463191
201       0.316818
201        4.01889
201        1.65051
201        5.02692
201        5.75899
201        4.97518
201        4.01439
201        4.89745
201       0.881251
201        1.16787
201       0.511877
201       0.297845
201        1.16219
201         5.7977
201        1.03211
201        3.38343
201        1.05986
201         2.4467
201         3.8649
201        1.52264
201        4.38869
201        4.49934
201       0.818485
201        2.93967
201        3.18258
201       0.944259
201       0.259923
201        3.99463
201        0.28645
201        5.67376
201        4.51877
201        2.62307
201        2.67224
201         4.2452
201        3.57605
201     0.00700264
201        6.27849
201        1.04173
201        4.61124
201       0.879458
201        4.01695
201        2.60218
201        6.25058
201        2.47469
201        3.59796
201       0.878287
201        1.79425
201        1.57241
201        2.03984
201        2.68048
201        1.30953
201        0.60778
201        3.00044
201        2.48686
201        4.02476
201        4.93623
201       0.968639
201         1.1401
201        4.09216
201       0.920604
201         5.9501
201        2.97445
201        1.73128
201        3.24098
201     0.00788729
201        2.28537
201         3.5057
201        4.85058
201        2.98639
201       0.599467
201        5.58437
201        2.10806
201        3.69716
201        2.52712
201        4.70915
201         2.3622
201        1.08761
201       0.988388
201       0.739323
201      0.0738289
201        5.32002
201        1.21951
201        3.11616
201        2.79106
201        5.66559
201        5.15734
201        2.90601
201        1.53279
201       0.525726
201         2.7553
201       0.394704
201        1.89409
201         1.0416
201        4.24292
201       0.689974
201        4.03904
201        4.44034
201        2.02354
201        5.50073
201        4.77374
201       0.770612
201        4.18177
201        1.97563
201        3.56486
201        2.77561
201        3.35078
201        3.82731
201        4.27817
201        4.30695
201        1.70918
201        4.48797
201        5.85522
201        4.82841
201        1.09872
201        4.73759
201        5.34925
201        2.85765
201       0.470725
201         3.5421
201        1.00011
201        1.35758
201        4.77097
201       0.745103
201        5.57554
201        3.59025
201        4.62692
201        6.09086
201        3.83482
201       0.299679
201        4.02078
201        5.18307
201        5.85969
201        5.79246
201        1.41602
201        4.38928
201        2.44062
201       0.708434
201        2.41842
201        3.72166
201        5.16494
201        1.78882
201        2.34818
201        1.36973
201        2.84779
201          2.141
201        3.84734
201      0.0520801
201       0.424817
201        0.10887
201        4.14695
201        1.65785
201       0.280825
201        3.26004
201        3.60703
201        2.78818
201       0.797425
201        5.43237
201        4.36358
201        2.07834
201       0.315839
201        3.08173
201        3.73735
201         4.2767
201        3.91014
201        3.95213
201       0.929995
201        3.45929
201       0.840302
201        2.77809
201        3.32462
201        1.15887
201        3.76571
201       0.341934
201        3.93619
201        6.24596
201        3.55262
201         4.8472
201        3.73455
201        3.42356
201         4.7682
201        5.53872
201        3.98637
201        5.46634
201        2.89997
201        2.24843
201        4.55629
201        1.44598
201        4.10097
201        6.05445
201        4.94978
201         1.4257
201       0.528202
201        6.25328
201       0.790739
201       0.935859
201        1.44683
201        3.10239
201       0.871886
201        2.71156
201       0.735688
201        2.55625
201        3.30999
201         6.1308
201       0.927412
201         1.1703
201         3.4373
201        1.25634
