943         4.9483
943        3.57358
943        3.33189
943        2.53442
943        3.36431
943         1.7821
943       0.550884
943        3.83829
943        4.83814
943        1.51195
943        5.91782
943        4.73356
943        4.65489
943        4.92526
943       0.645774
943        3.51387
943       0.854339
943        5.96966
943        2.14185
943        1.96828
943       0.221936
943        2.50197
943        2.32821
943        1.19739
943        2.37128
943        3.10987
943        2.45578
943        2.46466
943       0.374364
943       0.122182
943        4.87448
943        6.10943
943        4.10461
943        3.62629
943        4.18111
943        3.17939
943        3.74644
943        2.37622
943        3.76339
943        1.59391
943        2.45305
943        2.77167
943        3.10696
943        1.79731
943         5.3502
943        1.45305
943        3.87997
943        3.60152
943        4.53046
943        5.71482
943        2.75896
943        4.56272
943       0.871314
943        5.47641
943        3.39013
943      0.0902216
943       0.752464
943        6.26993
943         1.5328
943        2.61166
943        5.92549
943       0.485224
943        3.17169
943        2.72546
943        1.28324
943        5.65594
943        5.35104
943       0.206897
943         3.4373
943        2.49601
943        2.26934
943       0.674975
943        4.66566
943        4.54299
943        3.48481
943        1.47873
943        4.68334
943        4.38054
943        4.95995
943        3.11895
943        1.55729
943        5.11131
943        5.75218
943        1.86782
943        6.18975
943        5.52463
943        2.40395
943        1.40211
943        2.09482
943         4.1874
943        6.09387
943        2.92989
943        5.76736
943        5.27377
943        2.58018
943       0.972179
943        4.28481
943        5.34074
943        5.05856
943       0.296893
943        5.80004
943        6.03546
943        2.92788
943        6.02683
943         2.0541
943        2.04118
943         2.8427
943        1.30957
943        6.14168
943        0.94108
943        3.77426
943       0.537249
943         3.2414
943        3.33182
943        2.66802
943        1.87314
943        2.98742
943        4.16388
943        0.17059
943        2.04504
943        3.82261
943        2.92375
943        3.57123
943        0.21853
943        2.74173
943        5.10239
943        5.47853
943        3.13901
943        2.06519
943        4.59512
943        1.82311
943         5.6233
943       0.784753
943        5.87843
943        3.04182
943         1.5624
943       0.708378
943        5.65831
943        5.58199
943        4.83268
943        6.14371
943       0.499223
943       0.688888
943        2.98387
943        3.27847
943         3.8973
943        2.83973
943        3.40344
943        2.19963
943        5.62215
943        2.38256
943          5.268
943        4.66562
943        0.15447
943        4.77113
943        4.99917
943       0.329723
943        2.30701
943          3.573
943        2.13411
943        5.47143
943        5.71475
943        2.53241
943        5.80601
943        5.84328
943        2.31686
943        6.25876
943        2.64969
943         5.8405
943        6.22377
943        4.02434
943        3.21328
943        2.68338
943        5.84275
943       0.675496
943        3.69541
943        1.41043
943       0.162727
943       0.263884
943        4.80304
943        5.10287
943        1.29652
943        3.11964
943        4.01324
943        2.37941
943        1.08287
943        5.50868
943        5.31043
943        1.37396
943         5.5769
943        1.81141
943        3.33754
943        0.81337
943        6.02652
943        1.49512
943       0.583614
943        2.89816
943        2.73058
943       0.226392
943        4.61955
943        2.74454
943        6.10323
943        3.49658
943       0.664441
943        2.83459
943        5.23703
943        1.63871
943        3.18718
943         3.5778
943         2.2751
943        6.06788
943         4.5673
943        2.24694
943       0.651633
943        2.86548
943        3.40106
943        3.49029
943        6.06806
943       0.328052
943       0.520659
943        5.88603
943        3.02557
943        3.02592
943        3.03862
943        3.21258
943        3.91749
943        1.68426
943        5.17525
943       0.697707
943        3.43698
943        5.23635
943        2.26891
943        1.18448
943        1.13905
943        5.97903
943        1.46405
943        4.64265
943      0.0555034
943        6.00085
943        5.11226
943        1.85096
943        6.04903
943        4.14673
943        2.96752
943        5.38852
943        5.54466
943        2.97762
943       0.374904
943        5.63817
943        1.17786
943        5.99965
943       0.777035
943        5.35334
943        4.07809
943        3.00082
943      0.0692434
943        5.78023
943       0.416903
943        5.49332
943        2.61729
943        2.11988
943       0.982231
943       0.165216
943        1.71024
943        3.31823
943       0.967229
943        5.00122
943       0.168857
943        5.39364
943        2.18236
943        4.20048
943        4.00951
943        1.77288
943        3.39181
943        1.69366
943        5.51177
943       0.311455
943     0.00742724
943        0.95451
943       0.759863
943        2.07039
943        3.22637
943        2.52745
943        3.96321
943         1.9043
943        2.96431
943       0.321367
943        5.97282
943         3.3202
943       0.101731
943        4.66266
943        3.22766
943        1.40235
943        4.32808
943       0.477437
943        6.16135
943        0.42492
943        5.99076
943        1.63569
943       0.962031
943        2.02834
943       0.220253
943        1.82624
943        5.87611
943        1.01244
943        5.86665
943        5.53159
943       0.402502
943        2.66492
943        3.43067
943        2.14502
943        1.23768
943        2.35712
943       0.683262
943       0.495159
943      0.0436503
943        1.44561
943        4.13406
943       0.299252
943        5.83429
943        5.65142
943        3.17422
943        4.38473
943        1.26158
943        6.20276
943      0.0496065
943        1.42782
943         6.2726
943        3.33548
943        3.09681
943        1.09686
943        3.16396
943        5.76676
943        4.52945
943        3.01864
943        1.63656
943        4.15363
943       0.225838
943       0.799603
943       0.431952
943        3.61461
943        4.94368
943        3.97308
943         3.7802
943        2.43825
943        4.96403
943        5.23755
943        5.99336
943      0.0204725
943       0.143165
943        6.11347
943        2.50933
943        1.10138
943        1.74283
943        4.21228
943        2.05846
943        1.77322
943        3.67734
943        4.78347
943       0.205425
943        1.74397
943        2.34934
943        4.88427
943        1.57308
943        2.44099
943        6.18082
943        3.12673
943         4.1579
943        5.93574
943        3.11243
943        3.95652
943        1.18988
943         3.3171
943       0.749726
943          3.573
943        3.31878
943        6.13264
943       0.552671
943       0.426719
943        1.55403
943      0.0775743
943      0.0606229
943        2.36323
943        6.18316
943        5.03102
943       0.232676
943        6.12633
943        4.63988
943        5.93296
943        5.19627
943        6.23065
943        1.41985
943        5.37531
943        5.87775
943       0.803424
943        4.15029
943        1.46796
943        3.51304
943        1.31888
943        3.50386
943        1.16664
943        6.04982
943        3.25669
943       0.293374
943        4.22504
943        3.41479
943        2.83282
943        3.70932
943        1.26593
943      0.0800132
943        2.45631
943        5.88429
943         3.5977
943        2.04166
943        1.53938
943         1.9736
943        2.91061
943        4.51338
943       0.470825
943        1.03967
943        2.37382
943        6.15988
943        1.70665
943        3.89481
943       0.181237
943        5.49593
943        3.91853
943       0.162082
943        4.77834
943        4.90485
943        4.12396
943        1.53626
943        2.41722
943       0.369654
943       0.152636
943         5.9797
943        6.10433
943        3.43432
943        6.18729
943        5.83605
943        3.10095
943        3.82811
943        2.77365
943         3.1525
943        1.78415
943        1.23768
943        6.15437
943        2.93436
943        1.38338
943        4.56683
943        6.16635
943        2.79435
943        5.64303
943        3.14113
943         2.3607
943        0.42412
943         4.6879
943        4.66429
943       0.138748
943        6.17993
943        6.09468
943     0.00743859
943        1.11034
943        1.60388
943        4.16653
943      0.0718976
943        4.45133
943        3.07083
943         4.0424
943        3.02801
943        3.21666
943        2.64583
943       0.746839
943        1.41237
943        2.87146
943        2.34218
943        5.76509
943        2.30687
943        1.91405
943        3.99831
943        3.24682
943        1.62752
943        5.75628
943        2.89211
943        3.55474
943         5.3141
943       0.573285
943      0.0377162
943      0.0331998
943         1.6606
943        2.80205
943        2.19835
943        2.59908
943        5.44289
943        2.14062
943       0.356255
943         5.2776
943        3.15904
943        4.98333
943       0.540045
943        2.13931
943        2.97381
943        1.18249
943        3.37929
943         4.0045
943       0.107556
943        3.58812
943        3.72517
943        5.60866
943        2.86239
943       0.819842
943        3.51737
943         4.9061
943        2.55627
943        0.26699
943       0.806338
943         2.7287
943        5.62207
943        3.15972
943      0.0793363
943        2.36932
943        2.82537
943       0.190578
943        1.63861
943        3.88328
943        4.84621
943        4.56231
943        5.01321
943        3.13712
943        2.69602
943        4.55129
943     0.00959979
943        1.50858
943         2.7756
943        2.86706
943        5.80663
943        4.85754
943        5.23297
943        3.65896
943        3.67781
943       0.178173
943       0.337391
943        1.41603
943        6.04811
943        2.80589
943        4.94339
943       0.204575
943        1.41978
943        3.32842
943       0.826526
943        1.69948
943         4.6389
943        1.97793
943        4.17159
943      0.0547426
943        1.02565
943       0.829404
943         3.2022
943        1.44978
943        5.69466
943        1.76102
943      0.0572335
943       0.195435
943        2.64675
943       0.678784
943       0.886612
943        5.55519
943      0.0162832
943        2.85152
943      0.0060127
943         1.9916
943        1.57811
943        5.40139
943          6.164
943        2.99974
943       0.113316
943        5.07035
943       0.550504
943        3.93168
943        4.04023
943       0.979965
943        1.46366
943        6.21494
943        2.63537
943        5.37195
943        6.25164
943         3.8099
943        5.36371
943          1.639
943        1.65457
943        5.33916
943        5.46762
943         4.6894
943        4.54502
943         6.1944
943        1.45686
943        1.34205
943        2.79973
943        2.99202
943        5.98117
943        2.61451
943        2.73728
943        5.76812
943        2.87587
943       0.847596
943       0.631315
943        3.30988
943        4.71786
943         2.0961
943        3.96778
943         3.3625
943        3.14865
943        3.48695
943        5.73109
943        2.63773
943        4.30686
943        4.24639
943        2.30031
943        4.01074
943        2.31509
943        1.02717
943        4.29379
943        1.38775
943        3.71247
943        4.75028
943        1.36942
943        4.08783
943        6.19692
943        5.88207
943         6.2615
943        2.87771
943        2.44722
943       0.471975
943        5.50598
943        3.87353
943        2.94298
943        5.56418
943        3.92799
943        1.53971
943        4.34793
943        5.09957
943        4.21688
943        3.63226
943        5.40834
943        4.88224
943        2.86469
943        2.37473
943        2.31807
943        2.10694
943        2.98195
943        5.95305
943        2.75809
943        2.94205
943        3.76871
943        3.43067
943         4.3661
943        3.72638
943        5.74824
943        3.24651
943        2.24248
943        5.97102
943        4.74361
943        5.28185
943        2.34594
943       0.107006
943         3.7815
943       0.453484
943        5.39506
943        4.48105
943        4.07992
943        3.27582
943        2.98871
943        1.18392
943        1.18219
943        4.04761
943        4.97444
943       0.808531
943         1.1664
943        5.74509
943        2.70195
943         1.8621
943        5.01387
943        3.82512
943        5.75286
943        3.26002
943        3.87271
943        2.89023
943        3.33643
943      0.0919558
943        3.03374
943       0.699861
943        4.66864
943        1.01468
943       0.758319
943        2.83962
943        1.93692
943       0.789601
943        6.10118
943        5.93871
943        4.18076
943        5.83376
943        3.42393
943        3.45527
943        3.47713
943        1.39511
943        3.09262
943        1.62032
943        4.39131
943       0.632538
943       0.393009
943        5.88525
943        5.15908
943       0.194631
943        4.77774
943        3.94047
943         3.8448
943        1.14992
943        0.70431
943        2.02229
943        5.99715
943        4.86192
943         2.5696
943        1.27959
943        6.19199
943       0.512638
943        1.35642
943        2.36184
943       0.518888
943        2.88153
943       0.750735
943        3.05901
943        3.22162
943        4.79023
943        4.92437
943        3.00643
943        2.50296
943       0.898296
943        2.08503
943        6.18538
943         1.7196
943        6.04787
943        2.98885
943        4.11069
943        2.47921
943        1.74136
943        2.42067
943        2.84709
943        4.76683
943       0.538105
943        3.60472
943        0.20108
943       0.223665
943       0.167079
943         2.0774
943      0.0943085
943       0.238103
943        1.11966
943        0.48625
943       0.434395
943        2.15506
943        3.05917
943        3.34177
943        2.50419
943        4.01594
943        1.33426
943        3.98617
943        4.09155
943        6.04243
943        2.86649
943       0.122876
943        3.78178
943        2.00378
943        2.99848
943       0.268765
943        4.65439
943        5.44674
943        3.76267
943        4.94609
943       0.702439
943        1.77304
943          3.925
943        1.91168
943       0.310697
943        5.94837
943        2.75909
943        1.37053
943        4.74521
943        2.28839
943        1.82342
943        2.93378
943         2.2536
943        3.68391
943        5.39972
943        2.44593
943        4.65605
943       0.397075
943       0.960807
943        5.91947
943       0.269602
943       0.514797
943        3.39279
943        5.05015
943       0.508909
943        2.84601
943        2.32564
943       0.864947
943        3.92572
943        4.93759
943        6.14663
943        3.08272
943        5.43862
943        2.32137
943        2.34189
943        4.48909
943        4.06564
943        3.69178
943        5.23268
943        4.15318
943        3.73491
943        1.10599
943        2.72179
943        2.99247
943        5.50595
943        5.20176
943        2.26923
943        4.63451
943        1.26397
943        6.06448
943        5.37561
943        4.25439
943       0.345859
943        2.34364
943        5.99218
943        2.30012
943        2.20693
943        4.50374
943       0.488868
943        5.10167
943         5.4993
943       0.368654
943       0.770147
943        3.09288
943        5.86883
943        3.09323
943        5.63725
943        4.87758
943        2.42302
943        5.62356
943        3.24738
943        5.43729
943        5.29704
943        3.97951
943        3.53842
943        5.28243
943        4.33414
943        2.76012
943        5.61684
943       0.584536
943        4.47461
943        5.48246
943        5.92375
943        2.15621
943       0.837931
943        5.01537
943       0.597815
943        1.43304
943        3.86023
943        1.71743
943        5.41588
943        6.06497
943        1.61231
943        4.55297
943       0.760029
943        3.02637
943        4.29591
943       0.197588
943        6.06967
943       0.585038
943        3.06005
943        1.04497
943        2.31923
943        5.93781
943         4.2339
943        5.76186
943        3.30328
943        4.83579
943        1.01204
943       0.333625
943        3.27637
943        4.46546
943        3.42919
943        4.01725
943        2.88583
943        3.18214
943        5.00394
943        3.29294
943        5.50928
943        5.77974
943        3.07832
943        2.55034
943        2.46301
943        6.15494
943        3.53884
943      0.0641643
943        1.86023
943       0.768903
943         2.9544
943        5.71834
943        2.43678
943        4.22456
943        2.92274
943        2.69346
943        0.20127
943        5.45243
943        6.20393
943        1.12349
943        3.42497
943        3.74529
943         5.2667
943        5.01827
943        5.11935
943        5.02665
943        4.17636
943        2.39253
943        5.27062
943       0.227972
943        1.36498
943        3.75381
943        2.54881
943        5.70639
943        5.31432
943        5.03794
943        3.06883
943        4.07133
943        3.86187
943        3.56084
943       0.974984
943        3.82654
943         5.4266
943        1.98482
943        2.88819
943        0.15081
943        3.19527
943        4.13948
943       0.738953
943        4.19348
943        4.49987
943        3.10518
943        5.42306
943        2.22054
943        1.68085
943        1.09919
943        2.55858
943        3.48179
943       0.980215
943        2.03088
943        2.81779
943        3.02799
943        2.53367
943        4.96117
943         3.7564
943        6.28241
943         3.7186
943        1.57454
943        1.39001
943        5.27139
943        2.33073
943        4.75186
943        5.34955
943        3.14157
943        5.67599
943        2.50699
943         4.9253
943        4.63021
943        5.37407
943        6.21326
943        3.27816
943        2.40315
943        1.70019
943        1.71291
943      0.0282315
943        4.08542
943        3.42148
943       0.342158
943        3.33911
943       0.618446
943         1.7149
943        4.99419
943        5.71726
943        5.95133
943        4.51638
943         2.5431
943        1.02684
943        4.41968
943         5.6558
943       0.705792
943         2.2963
943        0.50874
943        1.99604
943       0.530657
943        1.32439
943        2.04888
943        4.44945
943        3.46295
943        3.77408
943        2.94821
943        2.65944
943        3.31895
943        4.58936
943        5.84346
943        4.53776
943       0.618295
943         2.3151
943        3.10808
943         4.3999
943        1.45896
943        2.79535
943        2.45878
943        1.38622
943        4.04781
943        3.04853
943        0.26926
943        6.00042
943       0.298809
943        1.67466
943        6.05332
943       0.798798
943        5.76544
943       0.941958
943        4.42378
943         4.5918
943        5.30821
943        4.07948
943       0.932695
943        5.40558
943        4.13504
943        3.38129
943        3.45803
943        2.09263
943        6.08145
943        4.62565
943        6.17705
943        3.36822
943        4.66251
943       0.117662
943        1.89643
943        2.26838
943        2.83538
943       0.309503
943        5.05895
943        3.78857
943        5.24145
943        5.85398
943        5.95553
943        4.19514
943        5.85174
943        3.06836
943        1.85457
943        4.72664
943        5.52615
943        3.35821
943        5.96379
943        5.43708
943        3.25786
943        1.72696
943       0.896945
943       0.951972
943        1.19486
943        5.79089
943        3.71949
943        1.62946
943        6.15738
943        3.73675
943        6.27607
943       0.908489
943        2.82013
943        2.84488
943       0.939976
943       0.918104
943        3.97018
943       0.843478
943       0.775059
943        5.00468
943        6.03035
943        1.76207
943        3.40433
943        0.21644
943        5.09305
943        1.95294
943         5.6143
943        2.62325
943        3.54977
943        2.96472
943        6.23507
943        2.67272
943        5.33618
943        4.84225
943        3.54872
943        5.28054
943        3.18345
943        4.05089
943        1.20984
943        4.75367
943        3.16875
943       0.219209
943        2.67074
943        3.90701
943        2.94708
943        5.26121
943        4.01293
943        3.55816
943        6.00313
943        2.04824
943        1.23242
943        5.31073
943        1.90421
943        4.15432
943        2.57408
943        3.40279
943        5.02547
943        4.14045
943        5.34071
943        3.46391
943        5.66907
943        3.37002
943        5.69343
943        2.63518
943        3.77344
943        6.16776
943        5.86962
943        1.06926
943           4.89
943          1.549
943        4.17675
943        2.41855
943        3.31796
943       0.199409
943        5.18075
943        5.89306
943        1.38343
943        5.71394
943        4.83122
943       0.467409
943        5.42651
943     0.00289498
943        5.53712
943        0.58404
943        5.34791
943        2.07351
943        4.40374
943       0.450856
943       0.431892
943        3.19154
943        5.71595
943         2.0124
943        2.67422
943        3.51295
943        2.37304
943        1.30251
943        4.56977
943         3.4887
943        1.90189
943        2.27682
943       0.267134
943        2.86156
943        1.95151
943        5.58732
943        6.19053
943       0.692879
943        5.24505
943        2.65118
943        0.49027
943        4.07512
943        2.46394
943        3.78197
943        2.04656
943        4.48146
943        2.55961
943         1.1285
943        5.42792
943        5.43749
943        1.50936
943        5.32418
943        5.95197
943        2.73326
943        5.89239
943        4.08272
943       0.282164
943        3.66725
943        4.06758
943        0.22817
943        2.21968
943        4.44054
943        1.25857
943       0.826627
943        4.57747
943       0.865698
943        5.73694
943        2.84176
943        3.11169
943        5.22541
943        1.56586
943        2.79544
943        4.68494
943        3.63082
943        2.12076
943        5.69075
943        3.95867
943        4.08254
943        2.74994
943       0.199448
943          3.627
943        3.40177
943        2.43068
943        5.79863
943        3.48177
943        1.74391
943         1.5295
943        5.88888
943        4.31852
943        4.59064
943        6.04378
943      0.0810602
943        5.30724
943        3.43961
943       0.326755
943        2.89294
943        5.23435
943        5.48334
943        5.09383
943        6.02388
943        4.24215
943        1.55374
943       0.789504
943       0.853753
943      0.0971792
943       0.653114
943        2.19888
943         1.6855
943        1.10648
943        3.65873
943        1.35734
943        2.22526
943         3.9885
943       0.740894
943        2.82253
943        6.07322
943         3.0166
943        2.22476
943        2.71092
943       0.127898
943        2.96205
943        4.73282
943        4.73977
943         5.8976
943        2.11615
943        3.42413
943        2.35057
943        4.85803
943         3.2553
943        5.34406
943        1.86029
943        4.98787
943        3.17903
943       0.122821
943        5.03753
943        2.13623
943        4.53772
943        1.16506
943        3.21347
943       0.301161
943        5.34223
943        2.29524
943        1.58737
943        4.49139
943        1.78746
943        2.13934
943        3.27713
943        3.15506
943        4.95111
943        5.00795
943        2.92095
943        1.20416
943        5.83542
943        1.84273
943       0.113847
943        0.43773
943        3.68048
943        6.03215
943        5.74252
943        2.41843
943         1.3892
943        1.96445
943        1.73782
943        6.21848
943     0.00276461
943        5.11277
943        2.47863
943        4.61023
943       0.397225
943       0.753826
943       0.310483
943        2.68428
943        3.63627
943        2.57314
943        4.91584
943        1.77855
943         3.1432
943        1.24469
943         5.1265
943        3.73806
943        1.58139
943        6.15525
943        2.85954
943        6.19013
943       0.552905
943        5.55085
943        5.51493
943        0.74104
943        3.50382
943        1.39304
943      0.0895218
943        4.17059
943        3.44008
943        1.43458
943        1.53666
943        2.59795
943        4.10307
943        0.13462
943        3.06159
943        3.63197
943        4.64468
943       0.106485
943         3.2694
943        1.43298
943         1.6161
943       0.396251
943        1.25966
943        4.54933
943         3.8743
943        2.78462
943        2.90464
943        5.67227
943        6.08737
943        4.77879
943        4.58183
943        4.05379
943        4.97673
943        1.34618
943        3.37912
943        6.16786
943         3.7819
943       0.356384
943        1.74753
943        5.56795
943        1.09293
943       0.489722
943        2.37423
943        4.11142
943        4.14921
943       0.792915
943        4.74072
943        5.75034
943        3.48651
943        3.32218
943        1.57507
943        3.84348
943        3.62197
943        1.17633
943       0.143126
943        3.07979
943        4.95398
943       0.540859
943        4.92706
943         2.5971
943        2.29736
943        4.97127
943        2.97008
943        3.20641
943       0.421762
943        2.95819
943        2.59421
943        4.46224
943        2.02239
943        3.08052
943        1.28642
943        1.67965
943        4.51994
943        3.97771
943         5.9114
943        3.09163
943        1.39702
943        3.79655
943        3.66369
943        2.58706
943        5.15328
943       0.530669
943        6.10722
943        5.71187
943        2.59286
943         2.3727
943      0.0480826
943        4.44359
943        3.84773
943        2.37532
943        5.09438
943        5.37638
943        2.43872
943        3.34713
943         3.9545
943        2.49908
943      0.0682993
943        3.03162
943        2.64957
943        4.53835
943        4.24273
943       0.457615
943        4.35508
943        0.58955
943         5.4301
943        4.80303
943        5.26853
943        1.82178
943        0.39659
943        4.31731
943        3.06299
943        3.92071
943        3.45984
943       0.297842
943        2.79769
943        4.40662
943        4.28132
943        2.06862
943        5.81659
943        4.21275
943        6.16113
943        3.51154
943       0.261089
943       0.699903
943       0.523519
943        2.03489
943        2.20302
943        5.58498
943        5.16683
943        1.79968
943        5.12067
943       0.124661
943        1.31033
943        6.02718
943        4.62279
943        2.89807
943        4.34403
943        2.16447
943        5.62296
943       0.119032
943        4.15687
943        1.56835
943        2.42222
943        3.87175
943      0.0974373
943        5.73526
943        1.86868
943        5.86368
943         5.3092
943        4.65529
943        1.99899
943         4.6597
943        5.49811
943        2.15234
943        2.76587
943        6.15002
943        5.85068
943        3.45873
943        6.16852
943        3.58718
943       0.244177
943         3.3594
943       0.301992
943        5.38123
943        1.84577
943        4.62855
943        4.99277
943         3.5528
943        5.89234
943       0.411997
943         2.3082
943        3.77461
943        1.46295
943       0.787854
943        4.19497
943        2.09503
943        3.04866
943        2.21058
943       0.611419
943        4.91988
943         1.3541
943        1.34534
943        4.06895
943       0.891305
943        3.49622
943        2.77035
943       0.354812
943           6.18
943      0.0491319
943       0.756467
943        4.89529
943         2.0696
943        3.01888
943        4.07053
943        3.39945
943         5.4676
943        5.65554
943       0.530445
943        2.55132
943        4.39737
943       0.954939
943        1.72817
943        5.51881
943        3.50108
943        5.77079
943        2.27351
943        3.76677
943         3.1261
943        2.35134
943         2.1131
943       0.534652
943        3.02105
943        5.88306
943       0.897293
943        5.40913
943        6.10404
943        4.55567
943         2.1303
943        4.18076
943        1.98161
943        3.29897
943      0.0421202
943         4.4995
943        3.21801
943        1.52339
943        5.45359
943        4.13911
943        4.04733
943        3.31122
943        2.05374
943         5.5708
943        5.63344
943        4.41788
943        2.55893
943        4.56847
943        1.74944
943        5.85529
943        5.21289
943        5.81111
943       0.971991
943       0.952839
943        1.55032
943       0.898843
943        4.18327
943        2.47259
943        2.64766
943         5.0126
943         1.2522
943       0.936837
943        6.26197
943        3.46678
943       0.874311
943        2.50587
943        3.17746
943         5.3497
943        2.58006
943        1.70909
943         5.0471
943       0.788778
943        3.98445
943        4.18243
943        6.10061
943        5.25072
943        6.17686
943        3.47682
943        1.47763
943        2.86186
943         2.3089
943       0.184865
943      0.0390854
943        6.11544
943        5.31266
943        1.37884
943        5.75949
943        4.31516
943        2.90367
943        1.61584
943         6.2584
943        2.84918
943      0.0964979
943        5.13724
943        6.19465
943       0.813066
943        2.92026
943        4.92041
943        4.90015
943        2.48257
943        2.16909
943       0.687126
943        4.93411
943       0.145891
943        3.27852
943        5.55238
943        2.12143
943        2.30708
943        1.86842
943         3.9706
943        1.89155
943        5.53636
943        1.42559
943        2.79523
943        2.34016
943        5.67316
943        1.93301
943        4.49268
943        5.67288
943        4.73128
943        1.48879
943        2.44541
943        4.30917
943        5.69622
943        4.98658
943        3.99341
943        1.31796
943        2.99832
943        3.12478
943       0.148741
943         2.4515
943        3.33112
943       0.965331
943        5.12543
943       0.177996
943        1.90885
943       0.454958
943        2.37535
943        2.11023
943        1.50057
943        4.80971
943       0.123342
943        1.09173
943       0.742341
943       0.166273
943       0.445099
943       0.113078
943        5.29525
943       0.538657
943       0.669587
943       0.552254
943         5.2574
943       0.908349
943        4.84338
943        4.51725
943        0.92818
943        3.47671
943        5.01274
943       0.644597
943        1.57428
943        3.82343
943        5.88517
943        5.91343
943       0.769494
943        3.19424
943        5.44082
943       0.741364
943         1.1918
943        2.29572
943       0.312477
943        3.79903
943      0.0497759
943        5.10052
943        2.06221
943       0.697845
943        5.39849
943         5.9786
943         4.8527
943         3.8299
943        3.34966
943        4.04215
943        5.12092
943        6.27984
943        0.89095
943       0.142198
943        2.90899
943        1.77998
943        5.88873
943        1.98663
943        0.92065
943        5.43236
943        2.48278
943         2.8384
943       0.371402
943        4.48571
943        4.35143
943        5.76377
943        4.90434
943        5.38328
943        1.18023
943       0.215217
943        3.75664
943        5.82635
943        2.05419
943        5.60095
943        2.89038
943        1.82256
943        5.25536
943      0.0430525
943        3.18395
943        5.71783
943         2.8195
943        4.65599
943        5.90859
943        5.18484
943        3.51133
943        5.36218
943        3.30779
943        1.23678
943        2.72972
943        2.80654
943        2.63961
943        5.06932
943        2.27418
943        6.18729
943        6.26274
943        3.60528
943        4.44667
943        5.75735
943        5.62513
943        1.73987
943         2.8148
943        3.02625
943        5.70705
943        5.58911
943        0.24843
943          3.504
943        4.47727
943        3.38007
943        3.17871
943        5.59442
943        5.07972
943        4.81706
943        1.73992
943       0.628576
943         3.7684
943        5.87043
943        4.25461
943        5.31261
943        1.43163
943        3.97353
943        5.54908
943       0.961714
943        2.50019
943        3.21926
943        1.96125
943        0.29713
943        4.33642
943       0.214304
943       0.833598
943        3.44864
943       0.351697
943        4.05772
943        3.47447
943        3.70742
943        6.08197
943        3.51996
943        2.80221
943        6.14734
943       0.190754
943        3.38932
943        1.19164
943        1.42792
943         2.1078
943       0.255052
943       0.715351
943        1.28818
943        1.73558
943        2.24943
943        2.37248
943        1.41669
943        4.07877
943       0.632413
943        2.69245
943        3.78818
943       0.640053
943       0.648358
943        2.04611
943        2.98091
943        3.82441
943        1.06426
943        5.94946
943       0.151604
943        1.04505
943       0.527677
943        4.32506
943        4.39201
943        3.92053
943        1.32398
943        5.98426
943       0.939611
943        5.76933
943       0.927764
943        4.53353
943        1.09602
943        2.97618
943       0.722632
943        3.48545
943        5.19283
943        4.65402
943        3.54488
943        5.86493
943        6.12223
943       0.703187
943        4.00712
943       0.149948
943        5.49076
943        0.69599
943        2.06455
943       0.111626
943        2.01188
943        2.72014
943        5.92805
943        4.34726
943        5.54781
943        3.09122
943        3.74135
943        5.25225
943        2.84014
943         3.4962
943        1.28661
943        2.91693
943         1.5777
943        3.93002
943        2.05134
943        2.90605
943        2.94172
943         3.5875
943        5.28188
943       0.754705
943        5.23529
943        4.03898
943       0.852237
943      0.0452921
943        3.55433
943        0.97577
943       0.767005
943       0.589938
943        3.09346
943       0.898277
943        2.40246
943        3.16784
943        6.02483
943        4.25448
943       0.640698
943       0.721456
943       0.073517
943        5.18208
943        3.13827
943        5.53707
943        2.73191
943         5.7373
943        1.57346
943        6.09419
943        3.07149
943        5.34363
943        5.26192
943        2.71297
943        1.90852
943       0.475987
943        1.48433
943        6.01955
943         1.5015
943       0.491204
943        1.07093
943        2.82309
943        2.22168
943        5.10671
943        4.65507
943        4.09259
943        5.63177
943        3.92969
943        5.57724
943       0.916147
943        5.44322
943        6.06083
943        0.73851
943        3.11577
943       0.962263
943       0.304465
943        3.63893
943         2.5882
943        4.08008
943       0.804067
943        1.11679
943       0.448186
943        1.31637
943        3.28856
943        5.08159
943        4.66842
943        0.13554
943        2.34427
943        3.01344
943         5.5449
943        3.28518
943       0.106764
943       0.494199
943        1.99553
943        4.93795
943        5.31996
943        3.84379
943         3.1792
943         3.8058
943        5.52454
943        2.86942
943        2.23066
943        3.25093
943        4.77279
943        1.99229
943         1.4766
943        4.45506
943        2.49644
943        4.66763
943        5.28631
943        3.58581
943        5.58223
943        5.44103
943        1.60412
943        5.42365
943        3.96263
943        6.14857
943        5.61432
943       0.685217
943        1.34482
943         2.3924
943        2.48542
943        5.60095
943        3.39587
943         3.7172
943        3.58534
943       0.992917
943        6.02742
943       0.346386
943        2.49567
943       0.587965
943        6.19149
943        5.12665
943        5.62891
943          5.026
943        5.31902
943       0.426534
943        1.45091
943        3.35894
943        3.95072
943       0.874783
943         5.0133
943        5.57506
943      0.0541338
943        4.11675
943         2.0044
943        1.62751
943        3.59261
943        6.01051
943        5.21404
943       0.174947
943        1.49948
943        2.96618
943        2.61165
943        1.47253
943        2.40673
943       0.100773
943        3.98534
943         4.3704
943        3.50032
943        3.17356
943        5.23472
943        2.16002
943       0.528968
943        5.34309
943        3.21861
943        4.52019
943        1.92038
943        2.50936
943         5.4593
943        5.74074
943        5.60806
943        2.47461
943        2.25531
943        2.85705
943        4.31163
943       0.413236
943        1.04701
943        1.07177
943        2.48798
943        1.85174
943        5.43601
943        4.37336
943        4.32773
943        3.01555
943        5.97033
943        5.78695
943        4.41293
943       0.560161
943        5.35738
943        3.36726
943        5.96276
943        5.74154
943        5.84967
943        2.96705
943        1.12244
943        2.75921
943       0.663613
943        4.72071
943        3.75086
943     0.00281333
943        3.35235
943         6.1943
943        3.21269
943         4.2715
943        4.12664
943        1.01774
943       0.438753
943        4.55394
943        5.97942
943        3.20429
943        2.27158
943        3.30301
943        3.07291
943       0.408726
943        3.03492
943        2.67401
943        2.99555
943        6.25417
943        1.15859
943        2.62056
943        2.35828
943        5.58248
943        2.59823
943         5.9055
943         5.8365
943        4.68993
943        2.18359
943       0.758481
943        1.16474
943        5.08097
943        2.20355
943       0.135452
943        6.19428
943       0.659725
943       0.452957
943        1.61579
943        4.36004
943        2.24813
943        5.15668
943       0.317069
943        2.93179
943        3.10259
943        2.56539
943       0.833716
943        3.48116
943        2.10538
943        5.66416
943       0.760094
943        3.78014
943        1.32942
943        5.02632
943       0.724369
943       0.360539
943        5.79895
943        2.97267
943      0.0178808
943        6.18575
943        2.48176
943        6.09395
943        2.46027
943        5.60714
943        6.04472
943        2.62208
943        3.78212
943        3.21857
943         1.9011
943        3.74746
943         2.1418
943        4.02403
943        4.49266
943        4.03642
943        5.41388
943        3.11148
943        1.94216
943        5.76606
943        4.45233
943        3.76404
943        3.52277
943        5.89318
943        2.66556
943        4.26205
943        4.11574
943        2.38735
943       0.947974
943        3.79402
943       0.793121
943       0.557622
943        5.53354
943        2.15129
943        5.73028
943        2.83727
943        1.43348
943        4.91535
943        3.13033
943        4.34707
943        1.41243
943        4.54996
943        4.05233
943        1.91604
943        2.10507
943         2.2527
943         2.0688
943        6.00893
943        3.76875
943        2.80951
943        5.41848
943        4.39329
943        5.66462
943        4.65192
943         1.3252
943        4.24144
943        4.42333
943        1.26467
943       0.573923
943        2.60522
943        6.05877
943        3.18342
943        6.23615
943         4.1226
943        5.11903
943         3.6582
943        2.34019
943        5.17556
943       0.283747
943        5.54927
943        3.01088
943        4.84094
943        3.19206
943       0.550111
943        6.03609
943        6.24338
943        2.41679
943        5.82723
943        3.73022
943      0.0352335
943        2.24583
943        4.21133
943       0.659435
943        4.41613
943        1.38771
943       0.196007
943        6.19762
943       0.178112
943        1.93962
943        2.69159
943       0.811423
943        3.02452
943        4.83013
943        3.06726
943        2.34159
943        3.68098
943       0.027031
943        1.92337
943        4.46211
943        4.39974
943        6.20154
943       0.434075
943        3.69956
943        5.56445
943       0.373692
943        1.53608
943       0.594576
943        5.43894
943        1.47074
943        4.48236
943        1.18962
943        5.81944
943        4.19512
943        5.00818
943        3.41216
943        1.87237
943        3.64881
943        3.38659
943        4.93662
943        2.86564
943        5.64338
943        2.36548
943        5.60059
943        5.75511
943       0.233751
943        3.50172
943        2.83027
943        4.47445
943        6.08965
943        3.69058
943        4.39875
943       0.698587
943      0.0509075
943        6.27647
943        1.56747
943       0.150047
943        1.15513
943        3.20006
943        3.90414
943        2.43401
943        1.16304
943        6.13463
943         6.1601
943      0.0153799
943        0.23508
943        2.69717
943        3.75403
943        1.93658
943        1.27128
943        4.92074
943        5.98978
943       0.101862
943        2.23282
943        2.54364
943        2.22251
943        4.85555
943        3.68589
943        3.65028
943        2.56497
943        4.68056
943         1.8445
943        2.74606
943        4.72359
943       0.196704
943        4.56572
943       0.345447
943        2.28651
943        1.32165
943        2.33224
943        4.02783
943        1.38368
943        1.05961
943        4.08404
943        5.35417
943        4.77979
943        2.91171
943        3.48373
943        2.21958
943       0.616599
943        5.86382
943        5.98955
943        3.00834
943        3.00043
943         0.1375
943        5.64149
943        3.08073
943        3.69005
943        5.05711
943         5.6434
943        1.68973
943        1.32098
943       0.222955
943        3.16502
943        3.99011
943        1.85548
943        5.62745
943       0.806991
943      0.0641776
943        1.76192
943        4.44976
943        1.96607
943       0.477127
943        2.80007
943        2.98339
943        5.99209
943        2.76986
943       0.574216
943         2.1741
943        3.75483
943        2.78557
943       0.823869
943        0.70359
943         2.0994
943        4.45121
943        3.75862
943        2.72433
943      0.0171625
943        2.45901
943        6.01872
943       0.120047
943        1.23364
943        5.58855
943        4.09049
943       0.203638
943         4.1634
943        6.26716
943        5.83099
943        6.00512
943        5.85246
943       0.795701
943        5.34252
943        2.12256
943        2.15336
943        1.06176
943        6.27657
943         3.0785
943        1.77984
943        1.42247
943        5.84495
943        2.04599
943         3.3302
943       0.321176
943        2.76602
943        5.38135
943        3.22321
943        2.79332
943         3.3369
943        5.58024
943        3.60156
943       0.334919
943        4.24657
943        4.30253
943        5.60224
943      0.0839093
943        3.95254
943        1.04268
943         1.6037
943        5.37622
943        2.08727
943        3.55816
943        4.80893
943        3.90356
943        3.24387
943        6.07521
943        1.58859
943        4.70975
943        3.28374
943         6.2499
943         1.6257
943        3.63234
943       0.796045
943        5.72764
943        1.54246
943        2.47585
943       0.312066
943          1.784
943        3.78973
943        3.43177
943        5.77833
943        2.44486
943       0.285037
943         3.0539
943        5.35173
943         3.9376
943        2.64755
943        3.41094
943        1.27191
943        5.82843
943        1.29617
943        1.29933
943        5.67662
943        3.83575
943       0.435612
943        2.33053
943        4.78862
943        3.49788
943        5.48112
943        2.70901
943        4.21509
943        2.76564
943        5.29465
943        4.30463
943        6.18816
943       0.245791
943       0.455116
943        2.18449
943        1.26785
943        1.63392
943       0.269494
943        3.52435
943        1.79861
943        5.73715
943         5.7502
943        2.32928
943        1.90315
943        3.18596
943        3.74335
943        1.48315
943        2.90099
943        1.56769
943        1.62769
943        2.51174
943        6.00208
943        3.44844
943         4.0888
943        3.70893
943        5.33002
943        0.60057
943        3.07555
943        3.09526
943        2.06576
943        5.10205
943        2.96418
943        6.19788
943        2.25279
943        3.56441
943       0.829586
943          2.993
943        0.93584
943        3.02288
943        4.69186
943         1.8908
943        5.74942
943         2.4879
943        4.32336
943        3.19314
943      0.0190674
943       0.666515
943        3.35782
943        2.45596
943        5.05075
943        1.45877
943        6.18944
943        2.07307
943       0.375203
943        2.49795
943        2.29966
943       0.239305
943        1.44585
943        3.08341
943       0.869836
943       0.456257
943        1.15553
943        0.21508
943        5.51002
943        5.29054
943        4.14914
943         5.9459
943      0.0110181
943        4.95027
943        3.67406
943         1.5325
943        4.65425
943        5.63092
943        1.13913
943        6.11139
943         5.9974
943       0.739165
943       0.362368
943        2.30829
943        4.06867
943        4.65084
943         2.5742
943        5.43199
943          1.036
943        2.94739
943        1.46898
943       0.485738
943       0.239411
943        3.27368
943        1.24241
943         3.6678
943        2.26169
943        1.26269
943        4.01285
943        5.73817
943       0.883177
943       0.541907
943        3.54132
943        1.60345
943        2.43982
943        3.61212
943        4.71192
943        3.79311
943        4.49109
943        5.55706
943        5.97287
943         1.5386
943        5.64499
943        3.84034
943        1.32453
943        6.12602
943        2.77688
943         4.7727
943     0.00455291
943        1.27616
943        5.54226
943      0.0237999
943        4.13121
943        3.89802
943        2.64934
943          6.166
943        4.39721
943        2.05715
943        5.41129
943        1.40453
943        3.98964
943        2.89865
943        5.92028
943        5.95318
943        1.67328
943         1.5033
943        5.91439
943        3.87169
943       0.346366
943        2.66535
943        4.34607
943        5.24425
943        3.23518
943        1.56531
943        3.22306
943        1.01334
943        5.77948
943        5.33995
943        3.40724
943         4.7761
943        2.73192
943         2.6117
943       0.989737
943        1.21623
943       0.828725
943        4.05319
943        4.10048
943       0.491498
943       0.403317
943       0.172592
943        5.73541
943        5.48074
943        2.83907
943         3.8501
943        1.38675
943        6.19619
943        3.50424
943        5.99106
943        4.26548
943        2.84257
943        2.92422
943        1.62797
943        2.60038
943        1.42953
943        3.79895
943        5.02021
943        2.53942
943         2.0659
943        5.31499
943         1.2556
943        3.81017
943        5.08436
943        1.17269
943        3.86412
943         6.1282
943        2.82104
943        2.51156
943        3.36134
943        3.48233
943         3.3764
943        5.13526
943        2.95563
943       0.888637
943       0.215267
943        2.44251
943        2.86377
943        2.34443
943        1.38883
943         4.7397
943        5.83533
943        3.81761
943       0.696958
943        3.68788
943        1.51301
943        1.99429
943        1.47829
943        4.05613
943        5.89461
943        1.52798
943        1.75995
943        4.01622
943       0.896634
943        4.81845
943        2.27328
943        2.23975
943         3.4586
943        2.53248
943        5.66011
943        1.29105
943        1.87237
943        3.10845
943        3.37628
943        6.05468
943       0.581464
943      0.0271806
943        6.08769
943        5.59176
943         3.4374
943        3.89702
943        1.89598
943        2.27344
943        3.45945
943        4.55925
943        5.97141
943        5.16345
943        4.49445
943       0.586622
943        4.09068
943        1.98619
943        3.85342
943        3.35725
943        4.31527
943        6.05517
943        3.80653
943        1.12569
943        3.35443
943        3.84749
943        2.28412
943         3.3741
943        0.14807
943        3.34457
943        1.85703
943        1.61939
943        1.68579
943        2.67299
943        2.48649
943        1.04974
943        2.40259
943        3.20874
943       0.821987
943        2.94869
943       0.706665
943        3.35473
943        5.41703
943        4.03014
943       0.832266
943        3.53298
943        5.35955
943        6.20561
943        2.88833
943        1.75507
943        3.68376
943        4.41047
943        6.02724
943       0.860614
943        2.80855
943        4.54358
943        3.08945
943        1.44843
943        5.20064
943        4.20909
943        5.50991
943        3.10637
943       0.942914
943        5.32411
943         3.0598
943        4.79698
943        2.71499
943        1.20579
943        2.56164
943       0.270366
943         1.4764
943        5.97532
943        4.04539
943        4.91156
943        5.39513
943        4.31383
943        2.92751
943        6.27191
943        2.58497
943        5.58444
943        5.92219
943        6.03024
943        1.92418
943        0.14492
943        1.77159
943        2.79678
943        3.66925
943         3.0352
943        4.82368
943        4.91257
943        0.26286
943         5.7528
943       0.892943
943        6.04274
943        5.58504
943       0.477303
943        1.97463
943        6.03857
943         3.8813
943        5.14184
943        1.75818
943       0.556119
943        5.13768
943       0.924249
943       0.574974
943      0.0625162
943        5.39366
943        5.93429
943       0.528542
943        1.27876
943       0.561888
943        4.47597
943        5.13493
943        2.11895
943        3.87074
943        4.59111
943        6.11599
943        4.72338
943        1.27918
943        3.51764
943        3.95692
943        5.30482
943        2.17112
943        3.74824
943       0.963423
943        2.48682
943        5.79693
943        2.02424
943       0.134548
943        2.51611
943        4.53033
943        4.10056
943        1.61282
943        6.21011
943        3.31394
943        1.10227
943         1.8152
943        1.85756
943        6.23589
943        2.48752
943       0.605857
943        1.20415
943        5.81446
943        4.81567
943        4.76479
943         1.9699
943        3.39308
943        3.33087
943        2.82298
943        1.84809
943        1.83373
943        2.54088
943        3.06702
943        4.08262
943        4.38173
943        2.00675
943        5.34596
943         6.1082
943       0.121514
943        1.02584
943        3.35594
943        3.21436
943        6.00008
943        2.91599
943        2.50012
943          3.545
943        6.25612
943        5.79742
943        0.30488
943        4.02543
943        3.26732
943       0.437548
943        4.63707
943        4.65285
943        1.56852
943        4.58942
943        2.24457
943       0.486119
943        5.17955
943        5.95141
943        6.23584
943        4.70108
943          5.869
943        5.52899
943        2.68925
943        6.14873
943         3.8594
943         3.6533
943      0.0991659
943        3.01155
943        4.75165
