474         1.9151
474        1.90971
474        4.59752
474         2.5733
474        1.66938
474        2.34189
474        1.30532
474       0.377842
474       0.175649
474        1.66504
474        6.11053
474        3.00432
474        2.83574
474        1.98874
474        2.21074
474        5.57356
474        5.44798
474        2.27159
474        1.07505
474        2.74394
474         4.1814
474        6.18743
474        5.96108
474        5.61754
474        2.91398
474        2.28033
474        1.62879
474          4.881
474        1.46076
474        2.73833
474        1.69496
474        5.96455
474        4.67763
474        6.07158
474        5.30314
474        3.14779
474        5.49143
474        5.88527
474        3.21634
474        3.16573
474        6.00127
474        5.22245
474        5.46782
474        1.01269
474        1.49482
474       0.125486
474        3.61266
474        4.53122
474        4.85793
474        6.27516
474        1.69083
474        5.72541
474         1.4959
474        5.65032
474         2.5137
474        4.79294
474        5.04229
474         5.2782
474      0.0451649
474        5.57281
474        0.36194
474        4.64612
474        3.35607
474        3.35196
474        2.27376
474        2.51764
474        4.84669
474        5.81678
474        2.28445
474        4.23831
474        1.70918
474        5.08982
474         3.7551
474        2.26042
474        2.06143
474         2.1615
474        4.52107
474         4.4706
474        5.42818
474        5.45729
474        5.40653
474         1.6034
474       0.980578
474         5.5007
474        1.15336
474        5.59457
474        2.65216
474        1.52449
474       0.525554
474        4.99607
474        4.97857
474        3.26877
474        5.55361
474        5.66945
474        5.00847
474       0.137161
474        1.74676
474        5.04943
474        5.26795
474        1.55533
474        2.55141
474       0.870624
474        2.60362
474         5.4074
474        5.48865
474        4.20343
474        1.42579
474        1.62613
474        5.71104
474      0.0390505
474        4.74045
474        1.41461
474       0.640082
474        4.78196
474        5.18447
474        5.64143
474        2.33372
474        3.44202
474       0.870245
474        5.77449
474       0.146873
474         2.2549
474        2.19314
474        1.18914
474        2.79709
474         4.4378
474        5.21834
474         3.1111
474         3.0181
474        5.43366
474        5.25118
474        5.56181
474        6.00078
474       0.603976
474        2.57447
474        4.01819
474        5.93706
474        2.37148
474       0.316935
474        3.13182
474        5.66593
474       0.327851
474        2.51263
474        1.68951
474       0.105957
474        4.77992
474        5.28424
474      0.0652556
474        0.93491
474          1.869
474        5.06215
474        5.30484
474       0.727891
474        6.26637
474        2.52401
474        3.56249
474        4.09921
474       0.188461
474        4.95401
474        1.19466
474        4.13736
474        3.34814
474       0.696177
474        1.42725
474        5.48833
474        1.96779
474        5.97279
474        3.75518
474        1.56925
474        4.95256
474        3.67865
474        4.46371
474        1.38402
474        5.85933
474        4.39145
474       0.969045
474        4.82782
474        4.38246
474        2.51209
474         5.2691
474        4.70021
474        1.30788
474         4.2416
474        2.20602
474       0.774528
474       0.190009
474        3.00631
474       0.619534
474       0.155593
474        1.04642
474         4.1498
474        1.24769
474        4.77128
474        2.69756
474        5.94271
474         5.2679
474        4.73887
474         4.0748
474        5.97284
474        0.55228
474       0.645634
474        1.89101
474        3.02989
474        1.77663
474        5.97911
474       0.726047
474        5.10278
474        2.71919
474        4.82097
474        2.51311
474        4.11966
474        1.01527
474       0.188325
474      0.0408299
474        1.95066
474        2.94272
474         2.2663
474        5.79781
474        3.10306
474        5.28118
474        5.23919
474        5.49502
474        1.71855
474        3.50104
474        2.26252
474        2.32693
474        5.45547
474        4.28668
474        4.85315
474        2.66477
474        5.66713
474        4.51142
474        6.11916
474        5.59886
474         3.1987
474        4.33689
474        2.51347
474        5.41399
474        1.81126
474        3.80696
474        6.28045
474        5.53145
474        1.01293
474        4.41387
474        4.36461
474        4.78223
474       0.891289
474        1.56884
474        5.43594
474       0.616732
474        2.71946
474        1.41089
474        5.60281
474        6.18509
474        1.06171
474        3.85779
474        1.83674
474        1.71218
474        2.47706
474          1.702
474       0.864345
474       0.620576
474        3.73737
474        4.37224
474        5.53217
474        4.71317
474        4.91743
474         2.4913
474         1.6209
474       0.191017
474       0.259673
474        3.58537
474        4.41892
474        5.23854
474        2.72757
474        2.30477
474         2.4897
474        4.77146
474        2.73539
474        3.36051
474        2.32626
474        6.18637
474        1.33728
474       0.657083
474        5.01807
474        1.96021
474        2.08622
474        1.51931
474        2.50585
474        2.56978
474        4.71157
474        5.68102
474        5.74977
474        4.11313
474        5.67699
474        1.85425
474        5.07579
474       0.761365
474        5.78382
474        4.91466
474        1.43275
474        3.00951
474         2.2794
474       0.315928
474        1.00312
474        5.84703
474        5.44152
474        4.74901
474        2.56126
474        2.37287
474         4.5496
474       0.106365
474        1.30558
474        4.89548
474        2.95947
474         1.4892
474      0.0022392
474        1.75152
474        1.29081
474        2.11027
474        2.50646
474        1.28729
474        4.76207
474         4.0418
474        2.08596
474         2.6439
474        3.12171
474        2.14125
474        1.23294
474       0.194807
474        2.08176
474        3.28558
474        3.84419
474       0.306682
474        4.95235
474       0.659033
474        3.39508
474         5.2925
474        5.16431
474        3.06681
474        4.88976
474         5.6258
474       0.274466
474        2.15739
474        3.07435
474        2.30047
474       0.207026
474        2.03201
474        5.68401
474        4.08922
474        2.89403
474        2.79323
474        5.32437
474        2.36101
474        5.31092
474        5.95375
474        5.32289
474        1.36283
474        2.69831
474        5.83105
474        2.07866
474        1.03978
474        4.38612
474        2.36348
474        5.88858
474        5.06242
474        5.13456
474        5.90486
474        4.79692
474         5.0554
474        3.85086
474        1.56004
474        5.65586
474        4.93414
474        5.02557
474        2.70321
474        1.73893
474        3.91958
474         5.8629
474        5.65219
474        4.46164
474        3.07069
474        6.23512
474        1.83797
474        5.12437
474        2.27428
474        3.53973
474       0.622302
474        5.39218
474        5.47999
474        4.26176
474        1.60882
474        1.63791
474        1.89815
474        1.53668
474        1.26862
474        2.48916
474        2.15952
474        2.15101
474         5.9838
474       0.843624
474        6.08087
474        4.31451
474        4.68153
474        4.98116
474        5.34482
474        5.42254
474         1.8579
474        3.20659
474        6.01727
474        4.79862
474       0.772256
474        2.49359
474       0.733851
474        2.73562
474        2.56963
474        4.96026
474        2.21836
474        5.82029
474        5.01309
474        5.50296
474        1.20051
474        2.26115
474        2.37269
474        2.24165
474       0.328518
474        5.80298
474        2.34778
474        2.34277
474        2.40561
474        3.17589
474        1.94756
474        5.92354
474        4.34767
474        1.30915
474        3.32646
474        5.11363
474        5.11062
474        5.76151
474        4.79252
474        3.91338
474        5.28896
474        4.87361
474        4.52655
474        1.81626
474        1.33977
474        2.65516
474        1.29176
474        6.00471
474        3.62273
474        3.31733
474        5.20549
474        4.64229
474        1.48798
474         5.6576
474        4.99778
474        5.58076
474        5.26425
474        2.94585
474        5.56763
474        1.72429
474         2.0709
474        1.25828
474       0.331624
474        1.47029
474        3.06131
474        2.25025
474        2.20983
474        2.24513
474        1.81352
474        2.47856
474        3.28551
474        2.82848
474        2.24895
474        1.37887
474        4.56035
474        4.91006
474        3.58931
474        4.77183
474        1.62049
474       0.674952
474        4.40931
474        1.04725
474        1.48697
474        4.82989
474        3.87961
474        1.95945
474        5.82504
474        3.31362
474        2.32074
474        5.19702
474        4.95955
474        2.39175
474        1.27752
474        3.79945
474        4.73478
474        1.84596
474        4.35394
474        1.32854
474        5.32723
474        1.58172
474         0.5282
474        2.37207
474        6.23848
474        5.08936
474         3.4351
474        2.66206
474        4.10457
474        4.66407
474        5.73795
474        4.22391
474        5.15284
474        1.85614
474        5.54369
474        1.65981
474        2.49141
474        2.32092
474        1.83081
474        5.50007
474        5.16812
474        1.89046
474       0.502272
474        4.95009
474        5.32818
474        4.39934
474        3.93276
474         5.6545
474        1.66836
474        4.99333
474        1.76088
474        4.75973
474        2.06392
474        4.95757
474        1.96318
474        2.11472
474        5.59366
474        5.98268
474        4.96855
474        6.01964
474       0.992473
474        1.62535
474        2.03061
474        2.09004
474        2.37933
474        1.85824
474       0.472128
474        5.31631
474        2.19075
474        1.56448
474        4.44008
474        5.35616
474        5.33992
474        1.06009
474        5.17872
474        5.84029
474        5.41045
474         4.5122
474        5.08586
474        1.92789
474       0.759963
474        1.91166
474       0.935214
474        2.81982
474        2.15107
474        6.10067
474        3.43015
474        3.33352
474        1.78583
474        1.20061
474        2.37134
474        2.95427
474         4.8238
474        5.13281
474        1.28771
474        5.27308
474         3.7604
474        2.05011
474       0.110595
474        5.34516
474        2.06634
474        6.23617
474        3.79578
474        2.66579
474        2.63102
474        6.12217
474        4.55561
474        5.15351
474        2.17502
474        4.56033
474        2.88992
474        5.79829
474        2.19597
474        1.61281
474        2.86784
474        5.11349
474        5.04973
474        1.95342
474        4.69441
474        1.24628
474        1.29883
474       0.020763
474        1.41143
474        5.16793
474        4.53968
474       0.220503
474       0.237186
474        1.86823
474        2.60341
474       0.217185
474        5.24662
474         2.8785
474        2.57236
474        5.17175
474        2.71964
474        3.00501
474        5.14833
474        2.41865
474        5.55172
474        5.81773
474        5.32947
474        5.29104
474       0.821992
474        4.60502
474        2.61704
474        2.04159
474        1.43219
474           2.89
474        5.52937
474       0.907153
474        3.99265
474        5.44305
474        1.00083
474        5.03203
474        1.74672
474        4.02203
474        4.06738
474        4.71304
474        3.86561
474         3.8756
474        2.28381
474        5.25549
474        4.61838
474        5.80327
474        3.88106
474        4.95685
474        2.53637
474        2.86601
474        1.59384
474         2.3195
474        3.34506
474        3.80467
474        2.72465
474         4.3219
474        1.67222
474        5.33493
474        4.75713
474       0.401757
474       0.184113
474        3.33524
474        1.88811
474           4.13
474        6.03422
474        2.64601
474        4.84892
474        5.48569
474        5.57176
474        5.96451
474        5.49926
474        1.79869
474         1.7218
474        5.56402
474       0.131867
474        2.48101
474        1.19305
474      0.0130108
474       0.421802
474        5.48843
474        3.40882
474        4.71039
474        4.92997
474        2.99265
474        2.22698
474       0.876162
474        5.48665
474        3.07045
474        2.11607
474       0.311377
474       0.687267
474        0.11613
474        1.86467
474        5.89349
474        3.45073
474         2.8257
474        1.80083
474        2.82933
474        1.70905
474        2.27197
474        5.14758
474        2.65578
474        3.73599
474        1.67834
474       0.198134
474        1.98527
474        2.73642
474        1.53329
474        2.20867
474        3.65998
474        3.65671
474        4.43785
474        4.27983
474        3.82106
474        1.33852
474        2.96562
474       0.310256
474        4.85655
474        2.84174
474        3.13416
474         1.5401
474         3.8419
474        1.29507
474        3.92358
474        5.98756
474        2.19229
474        4.08246
474        5.35618
474         4.7902
474        2.18413
474        2.30712
474        1.24198
474        3.80551
474        5.84283
474        2.42308
474        3.97544
474        6.15065
474         6.1503
474        5.88362
474        5.56077
474        4.78664
474        4.35141
474        2.17714
474        5.25935
474        5.89059
474        3.88579
474        2.42245
474        3.41781
474        2.69839
474        4.74308
474       0.830948
474       0.255141
474        1.56174
474        2.40602
474        1.91461
474         5.0939
474        4.90027
474        4.83759
474         4.5184
474        2.27237
474         1.3308
474         2.3096
474        4.92327
474         5.1834
474        5.12292
474        4.25801
474        5.21742
474        5.29174
474        2.02221
474       0.482646
474        2.23114
474        1.61895
474        2.88015
474         4.6867
474           2.55
474        5.46141
474        3.40165
474        1.86843
474        4.86072
474        2.41161
474       0.604224
474        2.06023
474        1.98907
474        1.15156
474        5.47129
474        2.81519
474        1.63747
