769        4.35964
769        4.10447
769        6.15009
769        5.52234
769        6.16943
769        0.46283
769       0.576807
769        5.28235
769       0.888831
769        5.54638
769       0.328942
769       0.717538
769        4.83903
769        2.30288
769        4.29417
769        4.84751
769        5.35602
769       0.910484
769        4.65539
769        4.53777
769        6.23527
769        6.09191
769        1.14639
769        2.24379
769        2.01221
769        2.49053
769       0.247649
769       0.798256
769         3.5796
769        4.32906
769        2.73264
769        5.62423
769        5.31487
769        4.73278
769        2.91974
769        2.92658
769        2.55669
769         1.3646
769        1.31947
769       0.358882
769        4.80749
769       0.617593
769        5.47186
769        4.35782
769        5.29573
769        3.92293
769        1.21841
769        4.59764
769        1.19261
769         2.0167
769        2.15298
769        2.75303
769         1.7502
769        3.41773
769       0.940162
769        1.23364
769        3.75496
769        4.34097
769        3.48698
769        1.06865
769        2.71546
769        4.69114
769        4.80282
769        4.67318
769        3.81135
769        3.94689
769        6.10246
769        5.78953
769        2.56872
769        4.55778
769        1.59063
769       0.149697
769        4.34142
769        2.11668
769        6.08606
769        2.54653
769        1.72173
769        2.20681
769         5.3453
769        2.90307
769        2.79115
769        5.46344
769        2.62303
769        2.44341
769        4.51643
769         1.3142
769       0.942021
769        2.68561
769        5.73309
769        1.24628
769       0.304827
769        1.03918
769        5.76697
769         1.1288
769        4.46575
769        2.95505
769        4.21458
769         4.9285
769        1.85687
769      0.0289865
769       0.161525
769        1.91051
769        1.54992
769        5.05474
769        1.20357
769        0.14762
769        5.74102
769        1.91446
769        5.13551
769        5.82937
769        1.12605
769        1.44438
769        2.11396
769        2.75627
769        2.17569
769         1.5976
769        4.26453
769        3.45835
769        6.13014
769        1.95311
769        3.57597
769       0.717145
769        1.60071
769        4.67246
769        3.78251
769        1.32153
769        4.22918
769         5.5304
769        1.65771
769          3.309
769        4.66509
769        6.09636
769        2.09261
769        6.02317
769        4.05765
769        1.01499
769         4.8593
769        2.86828
769         3.8902
769        5.90895
769        6.21386
769        1.04872
769        2.29161
769        2.37633
769         1.0381
769        5.22616
769        5.78526
769        5.44763
769        2.54169
769        1.89608
769        4.49005
769        1.05455
769       0.924874
769        4.98103
769        6.06665
769        2.98195
769        2.28726
769        5.38158
769        5.22084
769         1.2358
769       0.109316
769        2.94255
769        3.13445
769        1.24147
769        3.22347
769        1.46311
769        1.44987
769        2.72856
769       0.379078
769        5.37217
769         4.2207
769        3.09986
769        1.26482
769        2.03891
769         2.3146
769         2.3894
769        2.37544
769        5.38579
769        2.92217
769        1.59917
769        2.36284
769        2.43026
769        5.71619
769        2.01111
769        2.60457
769        1.58587
769        2.61797
769        3.42127
769        2.87345
769        5.88817
769        1.62092
769        4.18129
769        4.18917
769        5.48841
769        2.41875
769        2.41561
769        4.95946
769        2.03328
769        4.70698
769        4.62973
769        1.67912
769        2.70517
769        6.20402
769         5.7916
769         5.9335
769        4.49855
769       0.511145
769       0.378623
769        1.97861
769        1.78531
769          5.928
769        5.51122
769        1.54728
769        5.92797
769        2.16978
769        5.29417
769        1.20515
769        1.47917
769        4.63152
769      0.0383866
769        1.58207
769        5.81375
769       0.250781
769        1.73811
769        2.00397
769          3.485
769        2.25799
769        5.08195
769        5.37558
769        5.53764
769        3.53468
769        2.89057
769        2.89571
769        5.05871
769        2.45517
769        1.15743
769        5.37231
769        1.01324
769        3.00911
769        3.33778
769        4.34697
769        5.63289
769        1.55217
769         2.0712
769        2.44121
769        5.22229
769        5.51331
769        5.00731
769        5.18327
769        2.11245
769         1.3085
769        4.13788
769        4.55791
769       0.136201
769        5.27126
769         5.5855
769        5.01417
769        2.85168
769        2.70736
769        1.59178
769        2.06697
769        5.51059
769        1.79024
769        3.94977
769        3.84757
769        4.76338
769        2.47348
769         4.6049
769        4.40841
769        3.47197
769        4.91813
769       0.765175
769        4.30341
769         2.1069
769        2.13951
769        3.73641
769        1.81957
769        5.77279
769         2.0132
769        2.54294
769        1.16729
769        3.61226
769         1.7729
769        2.19492
769        5.96074
769        1.84492
769        5.57032
769        1.71127
769        2.50495
769        1.65354
769        4.55972
769        5.29586
769        5.14663
769        5.61193
769        1.67728
769        1.34191
769        5.54213
769         1.7868
769        1.53649
769        1.88296
769       0.603499
769        1.83479
769        1.80126
769        2.01384
769        4.98722
769        4.43994
769        3.33251
769        1.31186
769        5.43219
769        5.19565
769        5.45533
769        3.87592
769        1.24212
769       0.387128
769        1.45027
769       0.339546
769         2.3371
769        3.84315
769        4.61253
769        2.38997
769        4.57881
769        5.25208
769        2.82814
769        4.59943
769        1.78352
769        1.30809
769        5.03192
769        1.14847
769        2.45823
769        1.56818
769        2.59608
769        1.38178
769        5.27533
769        4.56667
769        4.50507
769        1.13618
769        1.84177
769       0.800181
769        5.36299
769        5.58545
769        6.05966
769        2.36781
769        4.19587
769         4.0134
769        5.02788
769        2.31895
769        5.18834
769        1.37681
769       0.993623
769        3.07645
769        1.49517
769        4.54421
769        3.87176
769         4.1732
769         2.7128
769        1.13055
769        5.37656
769        2.56036
769        2.45073
769         4.6503
769        2.62505
769        3.61884
769        1.59372
769        2.99111
769        4.86807
769       0.971379
769         4.8328
769        5.13209
769        1.66587
769        4.75817
769       0.311269
769        1.42141
769        6.19899
769        5.39494
769        5.64102
769        5.71721
769        1.42378
769        5.88234
769        1.02308
769        1.13945
769        5.36829
769        2.03252
769        3.86914
769       0.922462
769        5.27269
769        1.39855
769        2.32669
769        1.15613
769        4.61266
769        1.76931
769        5.09266
769        3.15396
769        1.84496
769       0.775636
769        5.10381
769        2.38112
769          5.518
769         3.6393
769        2.81821
769        4.04755
769        2.92237
769        5.98791
769        5.46918
769        2.40337
769        1.44109
769        3.04337
769        2.38002
769        5.08594
769        5.59641
769        1.19643
769        4.32823
769        5.99305
769        6.15272
769        4.22874
769         2.2291
769        2.02063
769        2.22522
769        5.59521
769        2.71645
769        5.48151
769        4.44782
769        1.54738
769        2.48852
769        4.80852
769        3.35154
769        3.04814
769        2.02179
769        1.72722
769        2.41239
769        4.03324
769        1.10064
769        1.45702
769        4.93596
769         6.1369
769        3.77685
769        6.04241
769        5.16851
769        2.35726
769        1.99419
769         1.2481
769       0.945739
769        4.07259
769        4.80939
769         2.5399
769        2.85917
769        3.28511
769        4.65414
769        5.54386
769        4.86354
769        5.80404
769        2.39022
769        1.76974
769        3.93939
769       0.986523
769        2.72238
769        1.52587
769        5.56714
769        5.80536
769        2.41922
769        3.47441
769        4.65126
769        1.73342
769        1.72897
769        5.15994
769        2.58372
769        4.51327
769        6.13197
769       0.397375
769        4.37712
769        4.10619
769        1.78205
769       0.336965
769        5.51484
769        4.34055
769        4.56401
769      0.0556922
769        5.45029
769        3.81729
769        1.82614
769       0.107586
769        4.85384
769         3.9252
769        2.62598
769        1.52105
769        3.04119
769        5.40255
769        5.13879
769        5.51121
769       0.912548
769        5.83138
769        2.89456
769        2.32422
769        5.74898
769         6.1175
769        4.12613
769        1.67246
769        2.39303
769        6.02804
769        2.20459
769        2.53377
769        4.34489
769        5.13241
769       0.974433
769        3.21418
769        2.26893
769        3.16426
769        5.62658
769        4.36821
769       0.831871
769        4.21081
769        5.49162
769       0.635746
769        5.60127
769        1.17747
769        5.00139
769        5.42847
769       0.174026
769        1.02755
769       0.114673
769        3.52948
769        1.41975
769        4.82213
769        6.03772
769        3.61219
769       0.409942
769         5.2651
769        2.48589
769         5.1337
769          2.517
769        1.59529
769        6.02494
769        2.82731
769        5.14898
769        4.73808
769        4.47583
769        4.13553
769       0.213896
769        2.12512
769        2.81713
769        1.52923
769        1.12389
769        4.31786
769        5.53994
769        5.80981
769        5.07839
769        4.49388
769        1.55986
769        5.54103
769       0.774513
769        2.32613
769       0.223707
769        4.40572
769        3.72982
769        2.79292
769        5.30795
769       0.889751
769        3.70442
769        5.82624
769        3.68451
769        2.49447
769        4.23812
769         1.1198
769        4.82763
769        5.11333
769        1.09643
769        2.55564
769        5.72564
769        1.80965
769        5.41819
769        5.83559
769        2.28422
769         4.5505
769       0.445215
769        3.32842
769        3.68478
769         1.5292
769        2.98283
769         5.5601
769        5.57876
769        5.62484
769        3.84431
769        1.40083
769        2.04125
769        6.00013
769        1.45565
769        2.29373
769        5.85039
769        4.38728
769        3.12544
769        2.36357
769        6.01761
769        4.48106
769        4.34019
769        2.32523
769        1.69158
769        2.43366
769        5.34265
769        4.80138
769       0.506484
769        6.03782
769         2.2312
769        2.97067
769        2.33816
769        3.35725
769        6.07553
769       0.121439
769       0.560075
769        2.57817
769        4.59025
769        1.65082
769        2.79173
769        1.88854
769         1.6057
769        1.80259
769        3.23577
769         4.4238
769        4.87945
769        6.03704
769        4.34094
769        5.10872
769       0.715963
769        3.15421
769       0.874711
769       0.712163
769        1.01504
769        5.21851
769        2.45678
769        1.63465
769       0.681927
769        3.89242
769        4.80264
769        1.12581
769        1.39961
769        1.81531
769        1.84742
769        4.72808
769        1.54352
769        5.62623
769        4.78225
769        4.70299
769         4.6483
769        4.23531
769        1.08418
769        1.51943
769        1.50871
769        4.50802
769        5.94838
769        1.56813
769        1.63491
769        5.14032
769        1.34198
769        4.46392
769        4.98275
769        4.67162
769        3.70379
769        1.77834
769        3.88463
769        3.16381
769        2.25554
769        1.80941
769        3.58528
769        4.78566
769        2.36904
769        1.47815
769        4.47089
769        4.58837
769        5.17289
769          4.075
769        5.33201
769        4.50383
769         1.5284
769        5.92789
769        4.91255
769        5.55783
769        1.19176
769       0.170354
769        1.26652
769        4.56415
769        5.66884
769         4.9444
769     0.00709338
769        6.09843
769        6.08449
769        2.41219
769        5.29326
769         5.9171
769        5.88337
769        2.36255
769        1.71287
769        2.78964
769        4.94928
769         3.3918
769        1.83556
769        3.26832
769        1.38211
769        3.38339
769          5.325
769        3.99238
769        5.59876
769        4.17017
769        2.78621
769        1.47284
769        2.02053
769        5.06559
769       0.804363
769        2.84716
769       0.449112
769        4.14464
769        1.31937
769        2.32335
769        3.28525
769        4.90127
769        2.34665
769        4.70055
769        1.81493
769        6.08718
769        1.14543
769         1.9712
769        4.69809
769        4.28839
769        4.48573
769          4.946
769        2.32369
769        4.92868
769       0.449025
769        2.37623
769          3.167
769        2.39752
769        2.33715
769        5.75817
769         4.9606
769        4.52069
769        4.99053
769        2.48426
769        5.16926
769        5.04792
769        4.69402
769        4.71469
769        5.35845
769        2.40331
769      0.0926092
769       0.449082
769        2.14125
769        2.18134
769        6.12269
769        5.06559
769        2.58482
769        4.28177
769        0.23872
769        5.28679
769        4.94212
769        1.39108
769        3.24873
769       0.785947
769        5.66868
769         5.2257
769        2.85256
769        5.78938
769        1.51907
769        4.54781
769        2.63782
769       0.588629
769        5.61191
769        5.84237
769        4.40916
769        3.03766
769        1.76868
769        1.66597
769        4.59966
769         4.8102
769        2.35953
769        3.18742
769        1.06734
769        1.44417
769       0.429026
769        5.80714
769         1.6508
769        5.62421
769        4.55874
769          2.751
769        2.90383
769        3.42856
769        3.31788
769        5.31738
769        5.17041
769        5.39762
769        2.68434
769        4.96753
769       0.401346
769         6.0215
769        4.53435
769        5.30678
769          4.813
769         3.1649
769       0.659251
769        5.13762
769        6.09406
769        5.70981
769        4.37316
769       0.202112
769        5.51415
769       0.751548
769        5.48836
769       0.159457
769        4.40453
769        4.70575
769        2.26298
769        4.11125
769        1.47555
769        4.90676
769         5.7968
769        5.53667
769        5.28386
769        5.40826
769        1.27442
769         1.3305
769        1.28244
769        1.03629
769        3.99063
769           1.44
769        6.20997
769        4.04297
769        4.64928
769         3.9508
769        4.90198
769       0.474364
769      0.0352723
769        2.11444
769        2.02327
769        5.91597
769        4.67563
769        1.96804
769        2.54143
769        1.73894
769        2.71836
769        5.85693
769        1.91266
769         4.4369
769        2.45888
769        5.76555
769        2.39478
769        2.53976
769        5.55864
769        3.47552
769       0.790643
769        5.31086
769        5.20972
769        5.25936
769        5.55369
769        1.06185
769        1.94106
769         1.7842
769        2.53267
769        2.48928
769        5.87288
769        4.95843
769       0.488816
769        1.02802
769        2.85321
769        1.29255
769        3.95679
769         4.5972
769        1.29208
769        2.69675
769        5.47371
769        2.61157
769        2.96685
769       0.929428
769        1.41467
769        2.53473
769        5.07927
769        4.11146
769        5.15802
769        4.06724
769         1.3675
769        4.64249
769       0.352534
769        4.11929
769        5.20069
769        5.18851
769       0.201781
769        6.01834
769        5.72188
769        1.12743
769        2.38016
769        1.31511
769        5.88821
769          1.572
769         5.6048
769       0.473407
769        6.12037
769       0.386194
769        3.13624
769        5.07208
769       0.704768
769        1.80052
769       0.182516
769       0.301302
769        5.93317
769        6.26204
769       0.759047
769         1.9355
769        5.29679
769        6.16446
769        5.69714
769        2.07007
769        3.46016
769        3.00985
769        1.98352
769        2.14879
769         4.6313
769        1.16236
769        5.22237
769        3.00758
769        5.23794
769        4.98186
769         2.3832
769        5.71257
769        2.64377
769        5.14159
769         2.3881
769         1.7791
769         2.4507
769       0.874444
769        4.63461
769        4.46051
769        5.24609
769         3.7378
769        5.74503
769        3.76624
769        5.09326
769        2.75121
769         1.7595
769         4.1466
769        5.52085
769        0.74895
769       0.450472
769        3.44139
769       0.939607
769        4.58107
769        5.77455
769        5.68001
769        1.24506
769        4.11804
769        1.64464
769        5.02052
769        3.89167
769        4.36476
769        1.16025
769        5.56991
769        4.50767
769        5.75407
769        5.84936
769        4.36589
769        0.86178
769        4.88149
769        4.65448
769        2.26032
769        4.28329
769        1.68708
769        5.04025
769        2.48308
769        1.91069
769        5.09847
769        2.00198
769         5.8516
769        2.43317
769        1.18039
769        2.10785
769        1.89384
769        2.43072
769        4.52783
769        2.15206
769        2.43161
769        5.68229
769       0.668983
769        3.71779
769        5.37684
769        3.83481
769        1.04568
769        5.41094
769       0.691726
769        1.07683
769        2.77543
769        5.33885
769        4.35757
769        2.27905
769        4.52755
769         5.0074
769        1.42117
769        0.40017
769       0.201525
769       0.247356
769        5.18962
769         2.0875
769        1.91034
769        2.39982
769         5.7365
769         4.4654
769        2.61743
769         3.5548
769        2.07797
769        4.64748
769         5.3055
769        5.98096
769        3.48913
769        4.83294
769        5.40521
769        5.75871
769        4.38959
769        3.51845
769        2.36577
769         1.0275
769        5.49354
769        6.27301
769        5.88204
769        4.83767
769        4.22702
769         2.6924
769        4.97499
769        5.37881
769        1.09074
769        5.40372
769        2.68851
769        2.00164
769        5.35077
769        4.41379
769        3.37103
769        2.74956
769        1.87618
769         3.9608
769         1.1123
769        1.87439
769        2.24889
769        2.50843
769        5.35419
769        1.38626
769          4.808
769        2.43845
769        5.32236
769        1.61675
769        2.76321
769           4.88
769        5.08138
769        1.08011
769        2.62782
769        4.08131
769        0.68795
769        1.22393
769        4.85008
769        1.94461
769        5.98308
769        4.58034
769         1.4511
769        3.96475
769        5.65786
769        2.83123
769        4.85682
769        4.38394
769        5.97855
769         5.7335
769        3.37329
769        2.27519
769        5.94976
769        3.58734
769        5.45549
769      0.0879644
769        1.87454
769        5.23759
769        3.07155
769        1.11355
769        4.63495
769        1.36728
769        1.69783
769        4.04962
769        6.11538
769        0.92527
769        5.80004
769        5.33476
769        2.06317
769      0.0940177
769        3.55821
769        1.25147
769        4.42696
769        4.58199
769        5.83063
769        6.17243
769        5.29901
769        0.55163
769        1.16763
769        5.80083
769        5.25854
769        3.16594
769        6.19664
769        1.31333
769        3.04697
769        3.08026
769        4.75146
769        3.77592
769        4.46948
769        2.15994
769        1.70442
769        6.21749
769        1.06738
769        4.73069
769         2.6296
769        4.95542
769        6.06809
769        4.20499
769        1.35844
769        4.16722
769        5.58303
769        3.56944
769        3.76631
769        4.73461
769        3.25194
769        4.94657
769        1.12983
769        5.14692
769        1.82244
769        1.17049
769         5.4983
769        5.81005
769         5.9531
769        2.23098
769       0.330861
769       0.904408
769        3.28455
769        5.83725
769       0.560513
769        4.74723
769        6.18315
769         2.1068
769        4.61102
769        5.18477
769        3.01849
769        1.45787
769        4.58319
769         2.4223
769        2.07632
769        2.73434
769        2.45147
769        1.54596
769        1.66821
769        2.37243
769        3.33673
769        5.43471
