91        3.85981
91         5.4887
91        2.13632
91        4.61572
91        4.97649
91        1.61524
91        5.41091
91         4.3064
91        3.14642
91        1.39119
91     0.00282119
91        1.77616
91        5.08198
91        1.79084
91        1.35937
91        2.34898
91        4.33473
91        4.39389
91        2.36972
91         1.1537
91        0.76009
91        3.81876
91        1.17288
91        2.04535
91        2.44873
91       0.399235
91        1.67558
91        5.83759
91        1.84129
91        1.61882
91        2.87858
91        3.71314
91        5.91886
91        1.74919
91        3.82804
91       0.695601
91       0.496804
91        6.03502
91       0.550031
91        5.59344
91        4.27906
91         4.2733
91         2.3191
91       0.278769
91        2.54316
91        4.84225
91        4.66522
91        1.78184
91        1.92371
91       0.879486
91        3.74594
91        2.45182
91      0.0467767
91        3.93021
91         6.1534
91        0.18681
91        1.76613
91        1.61605
91       0.137365
91       0.613774
91        5.74215
91         2.8639
91        1.32541
91         2.4242
91        5.90704
91        4.52651
91         3.6605
91        6.24243
91        3.84373
91        6.00727
91        5.34788
91        3.70488
91        4.92636
91        1.62213
91         1.0312
91         1.6728
91        5.96983
91        2.11797
91        2.51855
91         2.6035
91        1.55997
91          1.016
91         4.7252
91        5.83319
91       0.903647
91        1.59351
91       0.216909
91        3.80904
91        2.43437
91        4.34936
91        3.09243
91        5.97689
91        2.95129
91         5.6319
91       0.624936
91        5.07381
91        2.16687
91        5.42779
91        5.20756
91        6.18683
91         1.5135
91        1.11066
91        4.77753
91        5.06644
91        1.12036
91        4.27796
91        5.94743
91        2.94637
91        1.75429
91        5.54311
91        4.22496
91        1.72247
91        5.30164
91        4.53014
91        4.17568
91        3.84434
91      0.0773644
91        4.33456
91        3.37796
91        2.04165
91       0.747953
91        5.34884
91        2.28193
91        2.72222
91        1.56128
91        5.92976
91        4.39215
91        4.99585
91        5.20172
91        1.04026
91       0.300495
91       0.538307
91        3.14484
91        2.98667
91        1.27071
91        5.58876
91        1.50836
91         3.4076
91        1.99679
91         3.3499
91        2.27922
91        4.43149
91        1.14706
91        2.19104
91        5.47361
91        1.92332
91        2.16665
91        2.11751
91        4.26148
91        1.95907
91        5.10321
91        6.04451
91         5.3815
91        2.30317
91        2.62822
91       0.648345
91           3.67
91        2.25729
91        2.70776
91        3.94584
91        5.30838
91        5.55204
91        5.46452
91        4.11808
91        3.15489
91          3.257
91        5.54967
91        5.05135
91          4.142
91        1.85562
91         3.1585
91        6.24231
91        3.07418
91        2.60757
91        4.63592
91        1.37063
91      0.0508644
91      0.0533124
91        2.01229
91        1.47712
91        5.13232
91        5.60148
91        1.37954
91        4.08107
91        1.08045
91         2.7253
91         4.1558
91       0.959248
91        1.63769
91        2.07637
91       0.235656
91        4.86915
91        4.37065
91        5.01967
91       0.810101
91        0.49785
91       0.537894
91        5.27315
91        1.88151
91        5.79387
91        2.63912
91        4.56906
91         3.8552
91        3.93304
91        1.81344
91        1.32866
91        1.44616
91        1.34517
91        2.72143
91        4.33616
91        5.34053
91        2.58057
91        5.97089
91         2.2189
91        4.63164
91        2.30609
91         2.6629
91        3.64473
91        2.66147
91        1.31149
91       0.917354
91        3.45362
91        2.54127
91        3.26257
91        3.85801
91        5.56036
91        5.94727
91        5.55408
91        2.51875
91        0.62476
91        2.89351
91       0.321456
91        6.20265
91        1.41272
91         5.8963
91        5.35602
91        5.44145
91         1.5134
91       0.860586
91        4.25334
91        3.61067
91        1.41362
91        2.41176
91       0.601227
91        1.65156
91        4.64005
91        1.93008
91        5.82002
91        3.88644
91        4.74199
91        3.30746
91        1.38529
91        5.17179
91        5.96784
91       0.585676
91       0.112164
91        1.19496
91        2.07177
91        2.59792
91        1.80775
91         5.3862
91        4.41048
91        1.24185
91       0.394101
91        5.19899
91      0.0327796
91      0.0650737
91         4.1855
91        5.82754
91        1.50868
91        2.07491
91       0.664381
91        3.81982
91        1.45659
91        4.62478
91        3.66445
91        5.53273
91        5.85964
91       0.855668
91        1.12017
91         1.1302
91        5.95515
91        1.98183
91        6.14914
91        2.46164
91        1.48849
91       0.682323
91        5.40276
91        2.77155
91       0.806344
91        2.85609
91        1.27551
91        2.71575
91      0.0320234
91         2.1844
91        2.90325
91        5.27123
91        1.45535
91        5.91469
91        5.40856
91        5.90341
91        5.72783
91        4.74427
91        5.76276
91        5.81044
91        5.76958
91        5.36436
91        4.52112
91        5.37996
91        3.32186
91       0.327885
91        3.23261
91        3.55936
91        5.38547
91        6.19085
91        2.89223
91        1.51634
91         1.2015
91        1.92484
91        5.09794
91        1.44531
91        1.34865
91        5.22723
91        1.47288
91       0.460244
91       0.899256
91        5.75451
91        1.14624
91        5.76373
91        4.37805
91         1.9872
91        5.54041
91        1.10175
91          4.468
91        3.40027
91        1.98235
91        4.03676
91        1.60937
91         1.1794
91        1.10374
91        4.81752
91         2.4618
91        2.96361
91        1.49071
91        3.05221
91        5.88007
91        5.77692
91        1.88147
91       0.993572
91        1.84073
91        5.26748
91        1.71167
91        5.53394
91        5.66548
91        3.72098
91        0.14049
91           1.79
91        1.68249
91        2.06846
91        2.07447
91        3.92912
91       0.654335
91        1.94871
91         1.1744
91        5.56717
91        3.10895
91        2.10637
91        1.92624
91       0.222792
91        4.38561
91        3.99646
91         2.7178
91         1.4813
91        4.67604
91        1.56982
91        2.87928
91        1.87346
91        4.07923
91        5.84966
91        4.73023
91        1.94962
91        1.45839
91        5.97243
91       0.295769
91        2.68041
91        4.07377
91        4.11202
91        1.89067
91        1.13809
91        1.10005
91        2.67457
91        2.25563
91        1.73068
91        1.57805
91       0.160357
91        3.64212
91        5.14842
91        1.98014
91        4.76436
91        5.51286
91        5.97083
91        4.37366
91        6.02719
91        5.63379
91        3.53268
91        5.46095
91        4.48233
91        5.29993
91        5.10142
91        4.52418
91        2.98852
91        2.16557
91       0.705859
91        3.00713
91        3.00867
91        3.89085
91         1.0604
91        1.45433
91        4.89299
91        3.20114
91        2.66713
91        2.58325
91         1.4862
91        1.45022
91        2.36405
91       0.705608
