726        3.63835
726        1.57928
726        1.54344
726        3.80708
726        1.33521
726        5.99037
726        1.26734
726        3.63778
726        4.21658
726        1.32794
726        3.92866
726        5.11519
726        3.87144
726        4.27714
726        1.34162
726        5.06883
726        5.98528
726         4.4509
726        1.67045
726        2.24249
726        6.17245
726          1.937
726        3.32291
726        1.26646
726        2.32777
726        3.79788
726        1.72055
726        5.01431
726        1.18349
726        1.11892
726        2.75349
726        5.06996
726        4.17937
726         5.2843
726        1.04164
726        5.30422
726        4.10961
726        2.19555
726        3.79383
726        2.07751
726        3.79647
726        2.94455
726        6.01494
726        3.99237
726        2.01534
726        5.04183
726        3.86426
726        5.05347
726        2.14401
726        3.93434
726        4.29965
726        1.47253
726        4.93432
726        4.30778
726        6.12829
726        3.88367
726        1.53075
726        3.99875
726       0.837309
726        4.97699
726        1.94473
726        4.17471
726        1.29562
726       0.315765
726        1.28698
726       0.816823
726        4.72717
726        1.89077
726        1.66918
726        4.03973
726        5.35298
726        1.25899
726        1.57299
726        1.36703
726        6.21662
726        5.91004
726        2.90265
726        4.16231
726       0.545368
726        3.77637
726        3.62821
726        3.63088
726        6.22961
726        5.16557
726        4.69971
726       0.540371
726        5.16169
726         4.5131
726        3.98419
726        2.26763
726        3.27218
726         4.3086
726        4.53071
726        1.45282
726        5.82187
726       0.908885
726         5.6952
726        3.57859
726        4.91499
726        4.09603
726        5.56476
726        4.71647
726         2.4349
726        1.61812
726        1.96356
726        5.70942
726        6.16095
726        4.16989
726        2.78973
726        5.05584
726        4.86766
726        4.06399
726       0.122067
726        4.24674
726        4.41747
726        4.66181
726        5.80437
726        6.10437
726        1.51354
726        4.77133
726        1.35151
726        1.49931
726         4.3722
726        4.42222
726        4.14376
726        2.05134
726        4.28388
726       0.768477
726        2.08897
726        4.82933
726       0.722298
726        2.77263
726        4.81093
726        6.15608
726         2.1004
726        1.84416
726      0.0649313
726        3.44939
726         2.8873
726       0.768405
726        6.21521
726        5.31578
726        4.60389
726        4.50849
726        3.70044
726        1.83822
726        1.32631
726       0.748599
726        3.48038
726        1.71137
726        4.88727
726        4.78428
726       0.828729
726       0.155764
726        3.69373
726        2.45042
726        3.38756
726        1.49384
726        3.19329
726         4.1823
726        5.10215
726     0.00923943
726        3.12695
726        4.23126
726      0.0317996
726       0.768244
726        4.22635
726        5.56799
726        2.08574
726       0.107646
726         3.5042
726        1.24306
726        1.31422
726        1.76886
726        4.24604
726        4.18707
726       0.931847
726       0.674104
726        4.56414
726        1.92659
726        4.83855
726        1.25106
726        1.44415
726        1.55855
726        4.99166
726        3.40513
726        1.64145
726        5.19227
726       0.810967
726        5.03842
726        3.05455
726        1.35361
726        3.93964
726       0.759294
726        1.69391
726        4.30323
726        5.31528
726        4.52812
726        4.14224
726        5.14794
726        3.78556
726        1.12736
726       0.309733
726       0.433482
726        4.18116
726       0.287008
726        3.07593
726        1.18487
726        4.82303
726        5.68733
726       0.653559
726        1.56526
726         3.4843
726        2.08848
726        1.11261
726        3.65561
726        4.07351
726        4.09735
726        4.37795
726        2.57159
726       0.668771
726        3.91719
726        5.06301
726        4.17097
726         3.9814
726        1.90313
726         2.7533
726        5.86868
726       0.714586
726         4.6673
726        4.49474
726         5.2682
726         1.0896
726          4.227
726        4.17062
726        3.33075
726        4.39929
726        4.36224
726        4.82612
726        3.12548
726        5.00675
726       0.742767
726      0.0635579
726       0.617755
726        4.71884
726        4.09118
726         4.5127
726        2.46454
726        1.25087
726        4.41111
726        1.59895
726        4.86638
726       0.768038
726        4.73989
726        2.38197
726       0.178865
726        1.89271
726        1.63737
726        5.19731
726        1.51455
726         1.0019
726        4.97222
726        3.72055
726        4.01986
726        3.91405
726        1.54935
726        4.47403
726        4.51852
726        3.14113
726         5.7812
726         5.0337
726        1.96175
726        1.78823
726        4.21193
726         4.3566
726        1.61703
726        4.49705
726       0.924629
726        3.95722
726        2.80748
726        2.09889
726       0.607784
726      0.0304479
726        1.46187
726        3.10439
726       0.473708
726       0.242509
726       0.355155
726        1.11059
726        4.77826
726        4.84968
726        4.20039
726        2.02093
726        4.20619
726         2.3809
726       0.797345
726        3.93872
726        1.21488
726        3.48781
726       0.970869
726        2.38786
726        5.96215
726        3.81469
726        3.81116
726        1.69496
726        5.27469
726        5.81693
726        4.73858
726       0.220857
726        5.15251
726        4.68049
726        4.07505
726        3.29557
726        4.79777
726        4.32018
726       0.251624
726        2.51239
726       0.882727
726        4.43867
726       0.987387
726        3.94006
726        4.14869
726       0.295328
726        4.69262
726        4.75186
726        1.13069
726        3.54084
726        4.81366
726        5.63964
726        3.56789
726       0.859903
726        3.14201
726       0.418797
726        2.59273
726        4.55063
726        4.02074
726       0.433093
726        4.71331
726         3.6934
726        4.68351
726        5.12178
726       0.689416
726        3.88928
726        4.53694
726        3.87529
726        2.85211
726        4.69355
726        3.99591
726        1.09559
726        5.15488
726        1.05544
726        1.40778
726         5.2871
726        1.00711
726       0.780304
726       0.227673
726         5.6042
726        3.48524
726        1.32986
726        2.08744
726        2.06474
726       0.159526
726        1.18116
726        4.31523
726        4.30113
726        2.63942
726       0.741085
726        1.82665
726        1.57477
726        4.22931
726       0.456283
726       0.873235
726        3.20362
726       0.322637
726         1.9864
726       0.595042
726        5.06836
726        2.42234
726        5.98966
726        4.42753
726        4.55053
726        3.83634
726        6.18988
726        4.39413
726       0.650953
726        5.60981
726          1.609
726        2.69149
726        4.18138
726         5.1774
726        2.98057
726        4.52311
726          1.142
726       0.180467
726        5.44603
726       0.023835
726         6.2095
726         5.1501
726        1.17388
726       0.616635
726        5.00264
726        1.03396
726        1.21706
726        1.87382
726        1.16744
726        3.56858
726        1.05659
726       0.724014
726        6.10696
726        5.67457
726       0.399768
726        1.36481
726        2.36934
726        1.56219
726        2.70276
726        4.64814
726      0.0836633
726       0.927247
726        2.03172
726        4.71332
726        5.37442
726        2.23866
726       0.713009
726       0.325484
726        2.81482
726         1.6811
726        2.01791
726       0.895785
726        4.24803
726        4.59194
726        1.41729
726       0.224612
726        1.62981
726        4.84506
726        2.15713
726        5.57822
726        3.38244
726        4.10319
726        0.57516
726      0.0952051
726        6.01541
726        2.06589
726        4.11237
726        3.88954
726        4.06853
726        2.95487
726        1.08046
726        4.17082
726        3.90326
726        3.74556
726        1.30087
726        2.03034
726        3.70862
726        2.08798
726       0.203161
726         1.0772
726        3.71642
726        4.36547
726        0.42319
726        3.83337
726        1.21602
726        1.64948
726       0.634193
726       0.444592
726        4.61485
726        1.87398
726        2.34514
726        1.69907
726        3.81876
726       0.564341
726        4.13583
726        4.37025
726       0.483622
726        1.86458
726        3.63381
726        4.16681
726        4.01817
726        2.12931
726        2.09276
726        3.51619
726        1.16943
726       0.490934
726         1.5658
726        1.70567
726        1.41668
726       0.322984
726        2.25488
726        5.68627
726       0.188859
726        3.42087
726        1.91614
726        0.80116
726        2.65188
726        1.86579
726        3.07671
726        5.81767
726        1.82102
726        4.42774
726        4.12273
726        1.12625
726         4.0988
726        3.80526
726        5.46756
726        4.79217
726        3.85904
726         3.4262
726        4.35074
726        1.52084
726       0.963341
726          3.176
726        1.10099
726        2.12826
726        2.91764
726       0.108437
726       0.991747
726        1.48449
726         1.3686
726        4.41283
726        1.56448
726        6.23874
726        2.88971
726       0.716267
726        3.51107
726        1.22539
726        4.55202
726        1.44564
726        4.61489
726       0.718527
726        3.94639
726        4.59257
726        4.73179
726        6.13842
726        1.65584
726        1.52453
726        4.73594
726        6.08489
726        4.14555
726       0.894843
726        2.42983
726        0.11602
726       0.878216
726      0.0598361
726        1.30195
726       0.616132
726       0.632782
726        5.29498
726        3.96698
726       0.954605
726        4.05824
726        3.96205
726        4.19293
726        4.80638
726       0.906166
726        1.33395
726        5.61131
726        5.05406
726        3.91174
726        4.30745
726        2.35329
726        1.89137
726        5.54806
726        1.80381
726         6.0619
726        1.31887
726        5.29635
726        3.81958
726        3.92444
726        4.10313
726        1.00003
726        5.91298
726        4.17373
726       0.472577
726        3.93524
726        2.01432
726       0.631488
726        1.58192
726        1.84146
726       0.352582
726         3.6778
726        4.84594
726        5.68629
726         5.7979
726        2.36097
726        1.69609
726        1.22396
726       0.783373
726       0.207147
726        5.01609
726        5.65076
726        4.58972
726       0.969056
726        6.24181
726        1.87374
726         1.2887
726        1.98842
726        4.49122
726        1.27824
726        2.47584
726        2.90589
726        3.84758
726       0.054844
726       0.817204
726          1.106
726        1.77826
726        4.66083
726        4.43104
726         5.4677
726        1.35079
726        1.48185
726         4.9943
726        3.38636
726      0.0528559
726        6.23171
726        1.02573
726        1.50798
726        1.26526
726         5.5005
726        3.30155
726        6.05191
726        5.32632
726        4.11887
726        4.08665
726        2.56241
726         3.4621
726        6.11773
726        3.73028
726       0.110253
726        5.31706
726        1.11958
726        5.87291
726        4.33302
726        4.80441
726        4.52513
726        1.57478
726       0.228883
726        4.11647
726         1.9409
726        3.58202
726        3.56089
726       0.722821
726        1.54827
726        5.31252
726        3.70261
726        4.87776
726        4.94051
726        1.71073
726         1.3036
726        1.28731
726        5.10759
726       0.647959
726        3.21356
726        4.41964
726         2.6988
726        5.88663
726        1.08169
726       0.201479
726        3.11248
726        1.91296
726        1.99112
726        2.58541
726        5.37553
726        6.13373
726       0.377929
726        3.84073
726        3.52962
726        2.31157
726        5.42622
726        3.26895
726        4.74569
726        1.01146
726        2.57177
726       0.294824
726        4.65208
726        1.43299
726        3.41077
726        5.18196
726        1.29936
726       0.768414
726        2.25359
726        2.10866
726        1.98685
726        2.24324
726        4.99635
726        1.79555
726        1.05646
726        2.95368
726        2.12996
726        3.56064
726        3.24101
726         3.9243
726        3.53842
726        4.82339
726        5.85293
726        5.59493
726       0.738656
726        1.46781
726       0.181868
726         5.3003
726       0.843144
726        5.11502
726        4.49192
726         5.0156
726        5.55959
726        6.08593
726        1.39213
726        3.46282
726        1.33418
726        1.72184
726        1.74394
726       0.989322
726        2.47804
726        5.13231
726       0.440482
726       0.711001
726       0.866321
726        6.00177
726        4.72921
726        3.48709
726        4.87239
726        1.93021
726        3.41925
726        5.12041
726        4.95184
726        4.49887
726        3.41775
726        3.92455
726        1.68317
726        1.81174
726        1.10969
726        4.30834
726        5.57938
726        4.51103
726         4.2832
726        5.25042
726        5.56002
726        4.64848
726         1.5281
726        4.25744
726        3.26351
726        5.44484
726       0.600395
726       0.959446
726       0.305047
726        1.07667
726        1.02869
726        3.21859
726       0.928039
726        5.83665
726        4.62089
726        1.06502
726        1.84614
726        4.71777
726        1.10137
726         3.9659
726        4.53825
726        6.05052
726        5.16285
726        1.38491
726        6.18938
726        5.95131
726        2.55061
726       0.965314
726        1.19104
726        5.28659
726        3.04429
726        4.15337
726        6.15873
726        5.83899
726        5.00327
726        3.44381
726       0.432379
726        2.72898
726        4.05504
726        4.65698
726        4.24239
726         4.3584
726       0.844288
726         3.9925
726       0.469957
726       0.240655
726        4.20209
726        3.77019
726        5.29286
726        3.66712
726       0.602341
726        5.04464
726        2.15972
726       0.943589
726        2.27983
726        3.18741
726        6.11532
726       0.395368
726        5.73231
726       0.725886
726        1.82482
726        1.13921
726         6.2224
726       0.317931
726      0.0650023
726        2.14773
726        4.79697
726       0.736374
726       0.555332
726        4.91962
726        1.48924
726        5.05025
726        1.97646
726       0.856424
726        3.42948
726       0.805181
726        1.63166
726        6.19285
726        1.04772
726        4.54229
726        4.81121
726        1.21777
726       0.767103
726       0.168128
726        2.04943
726       0.979065
726        4.54435
726        1.04997
726        4.70044
726        4.54461
726         1.8499
726        1.11373
726        3.67401
726        3.57794
726        3.85792
726          2.325
726        1.45736
726       0.533974
726        4.56979
726        2.72973
726       0.383881
726       0.660073
726       0.514791
726        1.43997
726        5.63819
726        1.24231
726        4.66255
726        3.06006
726       0.289067
726       0.640499
726        2.04378
726        4.39651
726        4.64965
726        1.37915
726        1.31232
726       0.903559
726         3.1209
726       0.579745
726        4.28435
726        5.76895
726         1.4364
726        2.09771
726        4.89256
726        5.13296
726        5.46617
726       0.405118
726         2.0313
726        1.52354
726        2.68951
726        3.28155
726        3.63739
726        6.26879
726        2.35602
726        3.93997
726        1.13485
726         1.9011
726        5.15146
726        5.48611
726        3.34382
726        3.52864
726       0.653702
726        3.97373
726        3.65766
726       0.611258
726        3.74023
726         4.9946
726       0.895271
726        1.42756
726        4.19295
726        1.21299
726        4.02456
726        1.91554
726        1.30497
726        5.24096
726        1.54269
726        3.35025
726        4.90089
726       0.131299
726        3.90667
726        4.30486
726        3.03229
726        4.26845
726        5.14853
726        3.77288
726        1.39555
726        5.01405
726        4.75926
726       0.285364
726        2.83231
726        4.20669
726       0.674866
726        3.89205
726       0.614456
726        5.91185
726       0.733815
726       0.697054
726        4.04229
726        1.78788
726        4.56863
726        4.02458
726        3.39178
726      0.0072305
726        4.53464
726        4.14452
726         4.6629
726       0.116582
726        4.02208
726         3.3575
726        4.22173
726        1.06371
726       0.608122
726       0.306918
726        6.10995
726       0.213539
726        4.26439
726        0.93066
726       0.970801
726        4.51976
726        1.35525
726       0.557647
726        1.27626
726        5.75696
726        2.80399
726        1.50981
726       0.869708
726         4.5251
726        1.73581
726        4.87599
726        2.33648
726        4.11174
726        3.49978
726        1.55602
726        4.60153
726        3.70835
726        5.40184
726        5.18576
726        1.04858
726        4.87981
726        1.20144
726       0.314811
726         3.8786
726        1.65504
726        1.64357
726        4.36938
726        3.48209
726        1.59476
726        1.14421
726        2.28175
726        1.90588
726        4.54021
726        4.99902
726        2.86418
726        2.32599
726       0.207815
726        2.18801
726        3.90584
726        2.35461
726        0.15318
726         1.2725
726        4.28144
726        5.23674
726        3.46882
726       0.668898
726        6.22702
726       0.663021
726       0.110648
726        3.56343
726        5.47253
726        3.33277
726       0.787265
726         5.0196
726       0.524779
726        5.26509
726          3.362
726        1.02281
726        1.90109
726        5.57652
726        4.22482
726         5.8967
726       0.838874
726         4.0299
726        4.16864
726        1.04265
726        1.79308
726        1.79015
726       0.121326
726        5.30981
726        1.08172
726       0.616989
726        1.37504
726         1.2678
726         4.1545
726        1.91663
726        1.87891
726        3.96396
726        1.82982
726        1.82463
726       0.453366
726        5.41213
726        2.30006
726        2.12757
726        3.84298
726        3.47393
726        5.71158
726        4.49415
726        4.07985
726       0.661823
726        1.07474
726        1.44833
726        5.42651
726        3.68888
726        1.47697
726        5.61276
726        2.98644
726      0.0630729
726        2.81706
726        2.07716
726        4.10147
726         5.1856
726        1.29412
726        1.65107
726        1.30721
726        3.45484
726        2.74039
726       0.474402
726        3.49895
726        2.58999
726       0.411234
726        5.92029
726        5.34539
726        2.07717
726        3.40368
726        2.22486
726        4.07397
726        1.46486
726        3.69829
726       0.382502
726        4.27049
726        6.23455
726         4.0452
726        1.54237
726       0.387678
726        3.96734
726       0.995501
726        1.08787
726        3.55147
726        2.01206
726        5.53833
726        5.87248
726       0.443568
726        4.55705
726        1.74759
726        4.91381
726        3.25463
726        5.43883
726       0.383456
726        3.92492
726        4.06379
726        5.23971
726         4.8262
726        4.75681
726        4.63429
726        2.00337
726        1.55867
726        3.03341
726        1.70349
726        3.45862
726        4.09043
726        4.03371
726        1.47067
726        1.31229
726        2.00601
726       0.812015
726        6.23598
726        2.36057
726        4.35231
726        1.57789
726        4.29606
726        4.47255
726        4.16875
726        1.64655
726        1.43731
726        4.53963
726        4.67387
726        3.55789
726       0.750688
726        1.00304
726        2.10276
726        4.56653
726         2.5118
726        5.85798
726        1.10376
726       0.840903
726         3.4842
726        5.09128
726       0.650573
726        4.38648
726         5.7728
726        4.57732
726        1.46516
726        5.05652
726        1.46507
726        1.27159
726        3.98598
726        1.41291
726        1.60039
726         2.3844
726       0.993451
726        4.92366
726        4.80357
726        4.23081
726        3.78065
726        1.67418
726        3.28927
726         3.8816
726        3.27316
726        6.01723
726        4.77098
726        2.19152
726         4.2676
726        5.98451
726        1.21481
726        1.13815
726        5.35007
726        4.94131
726        1.16828
726       0.935829
726        1.29948
726         2.5662
726         4.1989
726        4.29067
726        2.22315
726        3.78843
726        5.04157
726        4.76258
726        5.22844
726        0.99958
726         2.1959
726        4.89957
726       0.245878
726       0.921352
726        1.80772
726         4.2395
726         4.7843
726        5.27944
726        5.24668
726          5.003
726        5.04139
726        3.57128
726        4.69066
726        2.05387
726        4.30053
726        1.92817
726        1.96852
726        4.48284
726         3.2165
726        5.66474
726        3.13547
726        4.64834
726        4.49861
726        5.54711
726        4.57074
726        4.03457
726        4.85178
726        2.92812
726        3.79536
726       0.729397
726       0.306716
726        4.52247
726         4.6728
726        1.65433
726        5.88137
726        2.19332
726       0.737447
726        1.08051
726        4.85626
726        5.20927
726       0.445298
726        1.40153
726        4.32236
726        4.18451
726         4.9139
726        4.89769
726        4.16793
726       0.403336
726        4.58901
726        3.20678
726        1.16408
726        6.20986
726        6.00914
726        1.95419
726        3.44955
726        5.91572
726        1.33967
726        4.26219
726         1.0132
726        3.90115
726        5.98738
726        5.43425
726        5.12741
726        3.74653
726        5.21614
726        3.53938
726        2.76084
726        4.70724
726        2.89716
726        4.26263
726        4.35864
726        5.50007
726       0.717878
726        1.01653
726         2.7983
726         1.7023
726        4.57639
726         1.8732
726         3.3854
726        3.99958
726        3.21723
726        1.14544
726        4.97422
726       0.961186
726        4.41231
726        4.55579
726        4.24581
726        3.69535
726        1.37301
726        1.75392
726        2.42981
726        4.73014
726        1.18754
726        4.17836
726        4.68511
726         4.6016
726       0.456023
726        1.18576
726        2.62066
726        3.73881
726         5.0266
726        1.27368
726        4.06442
726        2.09641
726        5.97238
726        1.13164
726        1.88021
726        2.85668
726        2.84973
726        2.05043
726        2.62386
726         4.3924
726        1.55681
726        4.13473
726        1.10536
726          6.148
726         2.6533
726        5.82749
726        4.14269
726       0.788989
726         1.8445
726         0.4229
726        3.41048
726       0.915908
726        1.48703
726        5.78503
726        2.28024
726        3.06696
726        1.16606
726        1.66505
726        4.29829
726        3.54674
726        3.20124
726      0.0363438
726        5.75968
726        1.80624
726        5.33962
726        0.24282
726        3.45594
726       0.117281
726        4.59655
726       0.790662
726        2.26127
726        0.35889
726        1.62804
726        2.49497
726        5.57973
726        5.31369
726       0.442757
726        5.17946
726        1.69635
726        1.12915
726        2.38376
726        3.00006
726        1.58673
726        0.65744
726        0.19201
726        3.89244
726        5.64569
726        1.81217
726        3.72142
726        4.08224
726       0.586639
726        3.29995
726        1.64648
726        4.31308
726        3.97283
726         2.4591
726       0.629715
726       0.914657
726        3.74824
726        4.20942
726       0.999467
726         2.4852
726        3.06005
726       0.138371
726        2.78729
726        1.78429
726        4.45904
726        4.00736
726        1.16045
726        4.05729
726        2.81174
726        6.08332
726        1.66887
726        1.21932
726       0.801141
726       0.475488
726        4.77205
726        1.78451
726        5.57113
726         1.4436
726        2.28983
726        6.18884
726       0.446608
726        3.83766
726        3.81673
726       0.995343
726        5.06511
726        5.21837
726       0.991867
726        1.61522
726        1.74285
726        4.41002
726        2.31634
726        2.13788
726        4.29555
726        5.52085
726       0.805817
726        4.61648
726        4.17407
726        2.93695
726         1.1756
726        4.89434
726        4.88191
726        4.70146
726       0.141389
726        6.22886
726        1.69231
726        1.66491
726        1.39713
726        5.97977
726        4.13736
726        2.04217
726        4.79722
726        2.67257
726        4.81063
726        4.58269
726        4.01352
726          1.312
726        1.24778
726        4.26758
726        4.15289
726       0.429467
726        3.83065
726        3.91113
726        4.91486
726       0.217147
726        2.53702
726        5.84906
726        1.18923
726        4.84762
726        2.90827
726        2.58494
726        4.06697
726        5.05962
726        4.06693
726        4.12844
726        4.46462
726        4.80022
726        1.48833
726       0.806904
726        4.68304
726        4.05882
726        4.48926
726       0.729721
726        0.57349
726         1.0195
726       0.828901
726        4.37215
726        2.44167
726        6.11967
726        1.45365
726        2.89676
726        3.50583
726       0.118145
726        3.07236
726        1.51883
726       0.391737
726        0.52891
726        1.78225
726        3.71566
726         1.0983
726        2.76281
726        1.45809
726        6.10593
