291        1.61543
291        6.03564
291        4.69966
291        5.51271
291       0.799059
291         2.9443
291        5.66602
291        1.24047
291        5.66134
291        6.08127
291       0.235587
291        4.33663
291        5.19462
291        5.67958
291       0.878622
291        2.60078
291        1.83409
291       0.511509
291        5.86182
291        5.37178
291        3.75475
291        4.21743
291        5.58221
291        1.18248
291        5.76287
291        1.80324
291         2.1983
291        4.81574
291        4.45957
291        5.05974
291        2.79849
291        1.84431
291        3.02519
291         6.2633
291        5.08539
291       0.787878
291        3.54382
291        3.08037
291        3.57291
291        2.81742
291        2.04992
291        3.22074
291        3.35457
291        6.22687
291        3.82397
291        2.41454
291        4.54908
291        3.13501
291        4.54052
291        2.45757
291        3.14537
291        2.76734
291        2.43484
291        1.42796
291        5.88865
291         6.2163
291        4.70872
291       0.128466
291        1.19385
291        2.05762
291         2.1215
291        1.59661
291        2.39909
291        3.40386
291         5.8808
291        2.43968
291        4.55911
291        3.61967
291        4.31882
291        5.55541
291        5.94586
291       0.341275
291       0.207034
291        5.47401
291        1.21539
291        3.48355
291        2.25343
291         3.4217
291        5.46673
291        2.58972
291        5.84819
291       0.258844
291        3.43671
291        2.23803
291        1.52284
291        5.92425
291        5.81941
291        2.28831
291        4.49731
291        6.19546
291        0.94129
291        1.31389
291       0.291876
291        1.47764
291        3.29697
291        3.75204
291        6.25696
291        1.83469
291        5.47922
291         4.4879
291        5.09075
291        4.08634
291        1.49688
291        1.83318
291        3.95646
291        6.22415
291        4.44366
291        5.48728
291        2.19798
291        2.85098
291        2.58615
291       0.321743
291        2.65724
291         3.8475
291        4.74064
291        2.20359
291        5.64369
291        1.88498
291        6.19249
291        1.08094
291       0.515019
291        2.07505
291        6.09664
291        3.04243
291         3.0258
291         2.4397
291        4.49197
291        6.12093
291        6.24271
291        3.14298
291        2.71297
291        4.97446
291         1.7875
291        3.63735
291        3.60386
291       0.839619
291        5.52188
291        2.60596
291         5.6947
291        2.31811
291        1.90625
291        4.76841
291        2.94423
291        2.28757
291        2.66783
291        1.51396
291        5.47873
291         4.3176
291         3.8259
291        4.55529
291        2.55929
291        3.87885
291        6.23718
291        1.61235
291        2.89611
291        1.24657
291        5.13698
291        2.38807
291        4.04651
291        2.45548
291        2.81385
291        5.81561
291        4.85512
291        6.04028
291        6.25293
291        2.80994
291       0.274682
291        2.78761
291         6.0629
291        5.22664
291        1.20058
291        2.61649
291       0.577799
291       0.806757
291        2.73714
291        3.30276
291        5.84613
291        2.54975
291        2.90418
291         5.5292
291        3.20177
291        3.64758
291        2.67338
291        4.82527
291        2.29246
291        2.08347
291        4.84361
291        5.39807
291        3.84378
291        2.92419
291        5.17249
291        2.29183
291        1.14416
291        1.11444
291        4.81431
291        5.66611
291        5.94765
291         1.1108
291        5.91822
291         4.8786
291        2.45208
291        2.74022
291        2.94371
291        2.94521
291        1.20948
291        4.61216
291        2.47522
291         3.0079
291       0.130169
291        6.10312
291        3.81473
291        5.23995
291        4.65857
291       0.208904
291       0.203172
291        1.80974
291        5.71922
291        4.98568
291        1.61047
291        2.24781
291        3.84994
291        5.49427
291       0.367452
291        1.48211
291        1.08217
291        1.70608
291        3.18374
291         6.1257
291       0.594887
291        4.92488
291        2.30679
291        3.02693
291       0.798759
291         5.4172
291        2.01859
291        3.53153
291        2.75945
291         4.0264
291       0.203091
291        4.68256
291       0.239734
291         5.3989
291        1.40673
291        0.41707
291        4.59835
291        2.07009
291        3.37086
291        3.93815
291        3.75288
291        1.45406
291        5.27583
291        2.32482
291        2.40042
291        5.68821
291        3.97986
291        2.42188
291        3.06347
291        5.11683
291        5.06666
291        4.71513
291        2.11287
291        5.48445
291        2.25295
291        2.94561
291        4.30185
291        5.28853
291        5.03989
291        5.53427
291         3.8133
291        5.77443
291        5.20424
291       0.886726
291        5.90792
291        0.66811
291         1.8671
291        5.39696
291         4.4974
291        3.28397
291        1.01151
291        3.35575
291        3.26786
291        5.08237
291        2.83333
291        2.88487
291        4.60758
291        5.30627
291        4.12453
291         2.3676
291        4.23088
291        6.05948
291        2.08916
291        6.12249
291       0.880705
291        3.35061
291        5.90779
291        3.20828
291         1.4484
291       0.404062
291        1.46827
291        4.81304
291        3.40718
291         1.4743
291        3.83107
291        1.24392
291         3.0068
291        3.33201
291        2.94118
291         1.8497
291        1.09204
291        2.32576
291        2.18397
291         5.8877
291        5.95717
291        4.21535
291        1.13061
291         2.2097
291        2.65441
291        2.78646
291        2.25415
291        1.88051
291        2.33529
291        3.80858
291         1.8405
291        3.06603
291         1.8668
291        1.47242
291        2.22395
291        3.13571
291        2.45261
291       0.738068
291        1.70665
291        5.03389
291        4.68706
291         1.7623
291        3.06447
291        2.89361
291        4.75245
291         5.8194
291        6.22251
291         5.9357
291        1.72121
291          3.619
291        5.94669
291        5.85448
291       0.618272
291        3.56523
291        3.40663
291        2.94306
291       0.981038
291        5.06045
291        3.85508
291         6.1185
291        3.95351
291         5.4126
291      0.0930345
291        1.72793
291       0.392478
291        3.81947
291        3.91627
291       0.103963
291        1.45839
291        2.95255
291        4.09261
291         3.1358
291        3.44386
291        1.72885
291        5.71664
291        3.71167
291        5.38893
291        1.61541
291        1.91862
291         2.3085
291        6.02385
291        6.09182
291        5.40448
291        4.78603
291        5.71953
291        5.95523
291        4.53881
291        1.05138
291        2.34117
291        2.98137
291       0.644034
291         6.0365
291        3.65388
291         1.2011
291        1.28163
291        1.14605
291        4.37306
291        1.48411
291         2.1515
291       0.327402
291        3.28485
291        5.40077
291         1.9261
291      0.0781022
291        2.14286
291        6.05873
291       0.837494
291        4.76981
291        3.46149
291        3.00246
291        5.98354
291        4.96316
291        5.51038
291        4.32456
291           4.81
291         3.9638
291        5.57771
291        1.07554
291        2.74726
291        5.46161
291        3.26508
291       0.586225
291        3.88005
291         1.1236
291        2.26655
291        2.09834
291        3.08767
291        5.46411
291        1.80566
291         2.6012
291        3.51598
291        3.56929
291        3.12862
291        2.37678
291        3.25402
291       0.917938
291         3.0428
291        3.23338
291        6.08985
291        4.42003
291        2.46601
291        5.95303
291        6.20466
291      0.0689211
291        5.99605
291        5.52364
291        5.51381
291        1.49055
291        5.51871
291        4.39562
291        3.49753
291        4.07708
291        3.78289
291       0.134315
291        1.52329
291        4.94233
291        5.64277
291        5.57293
291        4.80687
291        3.48915
291        2.71207
291        3.28351
291       0.891222
291        2.96928
291         4.2504
291        5.06025
291        1.84151
291        5.91347
291        5.83011
291        5.70509
291         5.4041
291        2.59919
291        4.34674
291       0.470176
291        2.84488
291       0.303939
291        4.92915
291        3.61346
291         2.0837
291        3.18896
291        1.79589
291        2.34835
291        4.81848
291        3.48017
291        1.03803
291        4.93511
291        2.94232
291         2.7943
291        4.02484
291        4.72974
291        1.67656
291        2.93549
291         5.8714
291       0.267766
291       0.319271
291         4.8405
291        3.27031
291        1.66723
291       0.494751
291       0.435765
291         2.2262
291        5.57561
291        4.07681
291        1.60409
291        6.10531
291        6.12127
291        6.20557
291        2.85749
291        4.65651
291        2.43578
291       0.165895
291       0.197037
291       0.413715
291        3.21893
291        5.41551
291        5.03848
291        4.15099
291        5.95519
291        1.97596
291        3.80642
291        3.10677
291       0.780039
291        1.80352
291        3.57583
291        5.43733
291        2.13325
291        6.26267
291        3.62691
291        2.77204
291        1.17101
291      0.0356987
291         2.6041
291        2.25012
291        5.35168
291        2.57608
291        5.71574
291        2.18021
291        4.47024
291        1.51919
291        3.31228
291       0.876608
291        6.20053
291         2.1207
291        3.26511
291        0.16959
291        5.81308
291        4.30189
291        1.27611
291        2.46561
291        5.75484
291        2.82158
291        4.89737
291        1.21708
291        3.32527
291        2.88598
291        5.26675
291         3.3423
291        5.25855
291        2.53824
291        1.39945
291        3.98397
291        5.62542
291        4.82246
291        1.07202
291        2.75737
291        5.14647
291      0.0494765
291        3.72251
291        1.58019
291        4.12034
291         1.6325
291        5.71523
291        1.66177
291         2.6544
291        4.89095
291        1.75963
291        1.67809
291       0.951026
291        3.46867
291        3.19458
291        5.82783
291        2.80123
291        2.75976
291       0.165156
291        4.09111
291        5.85442
291        2.41173
291       0.309141
291         3.3467
291        4.22444
291         2.6444
291         2.5036
291        1.60073
291        2.72698
291        3.22166
291        5.56474
291       0.355698
291        2.40667
291         4.9452
291        4.76696
291        1.87197
291        5.52062
291        3.83811
291        4.63681
291        4.79638
291         2.6921
291       0.878442
291         2.5224
291       0.709719
291        3.09507
291        2.83724
291        2.45447
291       0.668794
291        5.96411
291        5.45394
291        1.75826
291        5.33964
291        3.86871
291      0.0133458
291        3.22675
291        3.61031
291        2.74333
291        5.52445
291          3.848
291        2.94778
291        1.95621
291        5.85345
291        2.86704
291        2.68289
291        3.55177
291        5.85458
291        1.82885
291        5.84742
291       0.321911
291        5.90285
291         6.0853
291        5.20539
291        2.98919
291        2.99624
291        1.71343
291        3.16177
291        4.62722
291         3.5604
291        0.93505
291        5.05882
291        5.86623
291        2.46422
291      0.0738324
291        2.35628
291        5.53534
291        3.58063
291        3.75225
291        4.64371
291        2.69969
291        2.82694
291        1.70536
291        4.28133
291        2.19459
291        4.80804
291         2.8705
291        2.10501
291        4.89796
291        3.99864
291        2.06262
291        4.48841
291        3.60005
291       0.989676
291       0.194339
291      0.0602003
291         4.2563
291        2.69281
291         6.1523
291        5.52332
291        5.05102
291        4.88347
291        5.17539
291        2.83338
291        3.43759
291        5.41834
291         4.9341
291        2.58474
291        1.36728
291          2.469
291        1.05193
291        5.82718
291        4.45601
291        3.98953
291         5.6559
291        4.01914
291       0.738439
291         5.1213
291        2.46243
291        4.95415
291       0.276287
291        4.25912
291         6.1698
291        2.53908
291        1.36556
291        3.01383
291        1.86139
291        2.52678
291         3.0628
291        5.10357
291        2.91953
291        4.20106
291       0.364699
291        0.73964
291         3.3287
291        1.57349
291        4.72401
291        5.17782
291         1.7657
291        3.16158
291        1.28997
291        5.33361
291        5.42116
291        1.37427
291        1.91502
291        3.51781
291        5.81169
291        3.67424
291        5.38793
291        1.90218
291       0.633786
291          5.975
291        5.15753
291        1.88261
291         1.2472
291       0.506569
291        1.62056
291        2.80504
291       0.997852
291        4.90613
291        5.80014
291        6.28186
291        3.23011
291        5.24241
291        3.08922
291          5.474
291       0.107111
291        5.43525
291        2.30955
291       0.509268
291        3.15265
291       0.335397
291        1.20539
291        4.67002
291        3.20393
291        5.33034
291         2.4214
291        5.76557
291         5.9193
291        3.64781
291        4.56971
291        3.95624
291         3.8183
291        1.70163
291       0.379296
291       0.518856
291        0.97924
291        1.12185
291        5.19269
291        5.47983
291        2.13836
291        1.54152
291        4.13299
291        2.37502
291        5.04213
291        2.60949
291        3.79691
291        5.46719
291        0.19185
291        1.53539
291        3.71387
291        3.54144
291        2.59748
291        4.89415
291        2.01189
291         3.9047
291        4.32226
291        2.00641
291        3.04484
291        2.41219
291       0.727915
291        2.43139
291        4.60217
291        4.56965
291        2.88837
291        2.38438
291        2.24253
291        2.56641
291        3.03137
291        3.20228
291       0.287988
291         2.2528
291        3.11665
291       0.122172
291         2.7297
291        3.36082
291        4.80113
291         2.4504
291        3.64529
291        5.62296
291        4.84067
291         2.4599
291       0.396459
291        2.73848
291        3.87994
291        5.54545
291        4.31934
291        3.67645
291        2.81537
291       0.434154
291        2.24847
291        2.52825
291        3.09664
291        4.23718
291        3.44885
291        3.12163
291        2.08864
291      0.0886492
291        4.07245
291        3.50796
291        1.08845
291        2.67379
291        2.38576
291       0.253664
291        1.69149
291        1.63785
291        1.02066
291        2.93683
291       0.797368
291        5.38239
291        2.06484
291        2.53215
291        5.01014
291        2.55784
291        1.24958
291        2.56966
291        5.75094
291        4.85971
291        4.36234
291        1.91324
291        5.17558
291        5.48587
291        4.62798
291        2.85456
291        1.53101
291       0.633046
291        3.82253
291        1.56563
291        1.56452
291      0.0538156
291        4.38277
291        4.40008
291       0.914761
291         1.0281
291       0.998845
291        3.05832
291         4.0776
291        3.35718
291        2.76731
291        3.77172
291        2.15313
291        1.03395
291        3.95539
291        2.53458
291        3.30178
291        6.23776
291        3.54044
291        6.09107
291        3.31113
291        3.92814
291        6.12277
291        5.73513
291         4.3059
291        3.83438
291        4.03453
291        5.78835
291        4.52378
291        1.59957
291         5.2021
291        6.00199
291        5.90393
291        4.68558
291        5.45602
291        1.40361
291         5.3427
291        5.06825
291        1.65561
291        4.61174
291         4.3514
291         4.7346
291        4.40743
291        5.63347
291        2.86214
291        2.72658
291        3.35041
291        3.33718
291        3.38184
291       0.121783
291        1.85946
291        4.58449
291        4.54167
291       0.491141
291        6.23912
291        2.25254
291       0.604964
291        4.96462
291        1.14029
291        6.07727
291        6.14791
291        4.09188
291        5.39948
291        4.08879
291       0.219959
291        4.23369
291        3.93194
291         2.3688
291        4.80578
291       0.283256
291        1.39245
291        3.16806
291          3.862
291        2.23527
291       0.261569
291        1.48593
291        5.89205
291        2.29735
291        2.33778
291         5.3656
291        2.84414
291        1.22745
291        1.86558
291        5.07746
291        2.27702
291        1.71163
291        5.43619
291      0.0641583
291        2.88719
291        5.26555
291        2.91626
291         3.0268
291        2.87717
291        3.06053
291        2.21218
291        3.63314
291        4.67861
291       0.877647
291         5.9057
291        5.59146
291        5.19867
291         1.7996
291        1.68575
291        4.02377
291        1.76795
291        5.94423
291        1.18789
291        6.20367
291        2.86233
291        1.37274
291        6.05399
291        2.86151
291        5.38585
291        2.26223
291        3.90733
291        5.11244
291       0.451663
291        5.88001
291        2.43147
291        2.22783
291        2.22784
291        5.74101
291        2.57749
291        5.73806
291       0.619733
291        1.15872
291        4.42598
291        5.81748
291        4.69981
291        4.62952
291        4.52305
291        3.89349
291      0.0939383
291        5.83523
291        3.30411
291         2.5483
291        3.12092
291        5.64374
291        2.61706
291        3.95164
291       0.645646
291        0.84436
291        6.21729
291          3.158
291        2.87658
291        5.11602
291        2.83363
291        3.73504
291       0.504883
291        4.48058
291        1.94493
291       0.782453
291        6.04369
291        1.49724
291        2.48762
291        6.07451
291        4.61322
291       0.181157
291        5.86196
291        1.09937
291        5.65673
291         3.3954
291       0.465402
291         3.5209
291        5.50961
291         2.9824
291        5.88981
291        2.40593
291        3.74882
291        5.23662
291        2.15491
291        5.83966
291        5.45241
291        1.92743
291        2.00325
291        1.91001
291       0.992849
291        5.50076
291       0.767365
291        4.62312
291        3.87987
291        6.25474
291       0.141458
291         4.8462
291        6.15354
291        2.33607
291        6.08905
291        3.57707
291        2.83681
291        4.47353
291        3.35296
291       0.152991
291        6.15723
291        5.52073
291        3.76378
291        5.66296
291        6.04255
291        3.49875
291        3.91136
291        1.76876
291        2.50554
291        5.78095
291        1.01213
291        3.54537
291        2.59473
291        5.32166
291        4.69759
291        4.90891
291       0.649871
291        4.58232
291       0.485339
291       0.573738
291       0.237679
291        5.90939
291        5.26033
291        6.00195
291        6.07091
291        2.58199
291        3.50738
291        2.00747
291        3.13142
291       0.222092
291         2.4868
291        4.38109
291        3.94961
291        4.29155
291        1.18053
291         2.7613
291        5.94133
291        2.91633
291        1.57367
291        1.96683
291        6.28073
291        3.30233
291        5.87325
291        2.48874
291        1.66153
291       0.331956
291        5.55747
291       0.056941
291        3.37147
291        3.41373
291        1.82438
291        4.95563
291        5.80021
291        5.77812
291        2.79221
291        4.93375
291        3.05723
291        1.45786
291        2.77623
291        2.57184
291        6.27365
291        1.87667
291        3.10398
291        5.20401
291        2.11183
291         2.2051
291        3.41634
291        2.86371
291        3.13898
291        3.12906
291        2.73272
291         5.2945
291         0.1865
291        4.18598
291        2.01829
291       0.217328
291      0.0826958
291        5.75874
291        5.81278
291        1.81786
291        5.90047
291        2.56481
291        2.89797
291        3.43541
291         3.4222
291        6.23074
291        5.83241
291        5.38567
291        3.48497
291        5.73784
291        5.28209
291        5.98982
291        2.51476
291       0.169918
291         3.8418
291        4.98941
291        1.14746
291       0.229885
291         4.3771
291      0.0468294
291       0.183678
291        4.61818
291        4.51488
291        6.00607
291        3.16357
291       0.052861
291        2.31302
291        1.07441
291        3.72278
291        5.92313
291        1.43976
291        1.78382
291        6.03818
291       0.599588
291        2.89884
291        3.06838
291       0.582225
291        5.81993
291        1.02167
291        4.15139
291        2.87798
291       0.656649
291        1.94665
291        6.02357
291        5.75842
291      0.0451361
291        1.92885
291      0.0627318
291       0.707333
291        4.99241
291        4.23829
291        4.67835
291        2.74892
291       0.993213
291       0.691789
291        3.21433
291         4.1022
291        5.05428
291        5.26195
291       0.112966
291        5.30712
291          2.951
291        1.78915
291        5.62835
291        1.44528
291        4.82276
291        2.81831
291        5.28983
291        2.10586
291        2.28347
291        1.45961
291        2.83451
291        5.07458
291        2.41182
291        4.65059
291        1.67743
291        2.94278
291        3.84779
291         2.6655
291        4.55695
291        2.94198
291        1.95171
291        6.16131
291        4.05398
291        2.16328
291        3.23567
291         1.5881
291        4.41863
291       0.200371
291        2.50043
291        5.87105
291        1.14482
291       0.413631
291        3.73271
291       0.490865
291        1.88805
291        3.11062
291        3.67816
291        2.35554
291         4.4183
291       0.263378
291        2.41759
291        5.64713
291       0.217991
291        1.60689
291        3.27433
291        1.83355
291        5.29399
291        5.84084
291        2.15099
291        1.85622
291        3.01225
291        5.98313
291        4.85839
291        1.80392
291         5.6307
291        3.83921
291      0.0812149
291        1.49386
291        2.48052
291        5.84311
291        3.79769
291       0.912659
291        4.92869
291        1.97686
291       0.754895
291        2.40298
291        4.78111
291       0.210694
291        1.37535
291        2.32384
291        5.54082
291        2.76417
291       0.522902
291        4.54894
291      0.0926911
291        5.44892
291        2.71169
291        1.13553
291        2.51719
291        4.04019
291        3.06584
291        2.85197
291        4.51396
291        2.96383
291         1.1854
291        4.36963
291         4.5317
291        1.91745
291         5.2598
291        4.30309
291        2.75852
291        1.56489
291        2.71753
291        5.77696
291        2.46722
291        3.83359
291        5.54676
291         3.9542
291        2.78302
291        5.16356
291        2.78296
291        4.54612
291        3.43786
291        3.83436
291         5.0049
291        5.09019
291        2.72063
291        2.67173
291        2.35461
291        2.11008
291        5.05557
291        2.99132
291        2.49693
291        5.09789
291        1.53647
291        2.13939
291        5.76649
291        4.38766
291        6.05945
291        4.94493
291        5.36741
291         1.4827
291        3.16851
291        1.65333
291       0.298736
291       0.645734
291        5.53496
291        3.67899
291        1.84076
291         1.9396
291        1.02096
291         2.8102
291        3.85703
291       0.275397
291        6.18619
291        4.33106
291        1.80801
291        1.92091
291        5.34939
291        3.39129
291        3.43372
291        1.55406
291          5.014
291        2.99411
291        2.59239
291        5.10927
291         3.2247
291        5.18889
291        1.34958
291        4.63386
291        6.19334
291        4.77583
291       0.711475
291       0.583291
291        4.58797
291        5.43611
291        4.79162
291        4.00583
291       0.592606
291        2.71262
291        5.56332
291        5.06003
291        1.30087
291         6.0214
291        3.72616
291        3.53299
291        4.72015
291       0.388001
291        3.56438
291        3.76378
291        3.47884
291        3.12539
291        2.52035
291        3.73397
291        4.09547
291        4.53087
291       0.430173
291        4.38218
291         3.9187
291        6.05042
291        3.18944
291        4.91952
291       0.375307
291       0.965232
291        3.04655
291        2.49646
291        1.54182
291          5.134
291        4.70819
291         4.6336
291         2.5809
291        2.43586
291       0.297219
291        5.94981
291       0.401544
291        2.95626
291        2.07484
291        3.06279
291        2.45718
291          2.104
291        4.29158
291        1.70981
291        1.75194
291        4.50884
291        4.65809
291        2.78608
291        1.80711
291        3.42787
291        5.01979
291         3.9213
291        2.80103
291        5.02485
291        1.41626
291        6.01686
291        3.03935
291        1.03367
291         5.0225
291        4.36975
291        5.32583
291         1.8654
291        1.52965
291       0.230148
291        3.73423
291        2.30636
291        5.67642
291        2.04853
291       0.254186
291        1.95344
291        4.55612
291        3.52349
291        6.12329
291        5.59045
291        2.74684
291        3.89418
291        5.57479
291        2.70338
291        4.13827
291        3.33106
291       0.984268
291        2.72068
291        3.76118
291        1.41962
291        1.48959
291        5.74025
291         1.6543
291        1.91438
291        1.53903
291        3.43318
291        1.47634
291       0.408324
291        5.90145
291        5.70485
291        3.06317
291        4.23505
291        3.95813
291       0.718467
291        5.90387
291        2.31022
291        5.58596
291        5.63072
291      0.0661009
291        5.63109
291        1.82965
291        2.75961
291        2.01014
291        3.60321
291        2.49412
291        5.98417
291        2.75999
291        4.41905
291        3.67761
291        5.13976
291        2.71287
291        5.03007
291        1.08204
291       0.537716
291         4.4884
291        5.04465
291       0.279235
291        4.35419
291        1.73688
291        6.09369
291        5.59586
291        2.74724
291         6.2117
291        3.65689
291        1.44153
291        4.67669
291        4.21131
291       0.804438
291        5.96238
291        5.21294
291        4.03977
291         6.2498
291        5.91144
291        1.50174
291        4.87353
291        3.87042
291        2.82465
291        1.74632
291        5.65533
291        5.62909
291        2.06261
291        1.83395
291        4.54855
291        2.10221
291       0.208086
291        2.50941
291        3.13109
291        1.52734
291        2.33545
291         2.6922
291        5.50086
291         5.9065
291        4.33091
291        3.42293
291        2.97042
291         3.4443
291        3.96578
291        1.83886
291        2.44973
291        3.16877
291        5.29548
291        4.86248
291        3.93142
291        3.70829
291        3.13813
291        5.91545
291        1.97109
291        1.91452
291        3.39825
291         5.3274
291        1.04479
291        3.38565
291        4.69124
291        6.16253
291        5.39166
291        2.57757
291        3.90288
291        5.24832
291       0.524935
291        5.55143
291        5.00849
291        1.41828
291        4.97038
291         4.6352
291        2.71757
291        5.69372
291        2.13558
291        3.55092
291        5.80796
291        4.88497
291        5.58852
291         2.6786
291        5.00783
291        5.56616
291        3.19088
291        5.32912
291        3.14571
291        5.41905
291       0.691587
291        2.82011
291       0.607195
291         3.7344
291        4.60541
291        2.64827
291      0.0389023
291        1.83704
291       0.155364
291        4.12552
291         2.0558
291        4.31808
291        1.73519
291        4.14441
291         4.7915
291        5.50335
291        1.53956
291        2.33387
291        2.48888
291        2.26881
291        4.52009
291         2.3521
291        4.34549
291        5.44362
291        4.73738
291        5.80354
291        5.48086
291        4.78982
291        1.72305
291       0.814441
291        5.89274
291        3.73875
291       0.263135
291         1.8244
291        3.73678
291        4.81793
291        4.92174
291        5.54649
291        5.48687
291        4.49184
291        2.83318
291        5.50507
291         3.4455
291        4.19068
291        4.78733
291       0.512735
291        3.91457
291       0.445077
291        4.80274
291        5.67608
291        0.74274
291        1.90159
291        2.94187
291        5.89473
291        1.64595
291        4.03425
291        2.70327
291         4.3208
291        5.57642
291        2.89627
291         2.2258
291        1.30753
291         3.1321
291        5.19813
291         2.3638
291        6.02909
291        1.85078
291        5.35408
291         4.6232
291        2.30152
291        1.46718
291        3.18306
291        3.10306
291        1.99479
291        1.56756
291        1.89263
291        3.37235
291         2.6263
291        3.09808
291         5.1375
291       0.472353
291        1.94968
291       0.333143
291        0.41045
291        1.83408
291        3.79212
291         3.8139
291      0.0156189
291        4.30276
291        5.35581
291        3.57885
291       0.236315
291        2.42179
291        1.49259
291        1.72068
291        5.39923
291        0.28663
291        3.76705
291         2.2395
291       0.476238
291        5.55084
291        4.79389
291        4.87346
291        1.85308
291        6.08011
291        3.10547
291        5.58619
291         1.3585
291        1.84498
291        1.92379
291        1.91222
291        5.93562
291        4.33952
291       0.779548
291        5.51148
291        5.52917
291        6.03655
291       0.825646
291       0.634115
291       0.135121
291        2.76251
291        2.68599
291        4.27863
291         1.9097
291        1.74317
291         3.3428
291          5.528
291        2.96158
291        3.17457
291        3.51502
291        2.13968
291        4.53946
291       0.569345
291        2.04409
291        4.58358
291        5.22185
291        3.28903
291        3.69088
291        4.97891
291        6.23116
291        5.58908
291        5.23308
291       0.544811
291        2.68005
291        6.24513
291        3.85339
291        3.43068
291        4.64041
291        4.39695
291        3.27058
291          4.903
291        4.60579
291        2.26191
291        2.19136
291        4.19656
291        2.35938
291        5.33809
291        5.66808
291        1.57924
291        5.02279
291        5.38484
291        4.97562
291        5.05222
291          3.593
291        3.00592
291        2.62873
291         6.0349
291        3.82488
291        3.29729
291        2.03017
291        1.08326
291       0.063322
291        4.21164
291        5.43242
291        5.31181
291        5.51789
291       0.767323
291        1.23662
291        3.33757
291       0.957926
291         4.1574
291        1.33285
291        1.70933
291        1.46468
291        2.49515
291        3.62602
291         3.7438
291      0.0411657
291        4.40425
291        5.05061
291         1.5024
291       0.657867
291        3.18577
291        2.47631
291        4.69759
291        3.18521
291       0.204847
291        5.70436
291        6.14405
291        5.82545
291        4.08158
291       0.814482
291         4.0455
291        0.49056
291       0.359139
291        3.80052
291        6.16619
291      0.0759142
291        5.90447
291        1.52242
291        6.05161
291        1.76954
291        4.54436
291        4.88558
291        3.19866
291        4.30603
291         3.7927
291        1.31558
291        5.88124
291        4.74571
291        2.19957
291       0.302058
291        3.82486
291        5.06467
291        2.68956
291         4.9452
291        1.24411
291        1.62811
291        3.31668
291        5.29065
291       0.506235
291        4.62212
291        2.69945
291        2.66484
291        2.06061
291        4.77432
291        4.67548
291         2.8327
291        5.97175
291        2.45712
291        2.05394
291        1.46377
291        1.65384
291        4.49948
291        5.49505
291        2.78799
291        0.58741
291        5.29434
291        3.34074
291        3.29289
291        5.38446
291       0.890794
291        5.34736
291        4.16344
291       0.607703
291        5.52987
291        2.43186
291        2.90347
291        2.57915
291        2.40942
291           1.67
291        2.61392
291         5.4901
291         4.5266
291        1.86542
291        3.99389
291        6.22678
291        5.97179
291        6.10617
291        5.32436
291        2.90893
291        5.17868
291        3.77745
291        4.26321
291       0.102503
291       0.411372
291        5.62585
291        1.38254
291        4.00227
291        6.03351
291        2.53956
291        5.65306
291       0.218492
291        4.56484
291        5.84788
291        4.87047
291        3.19256
291        1.51039
291        2.33404
291        1.46748
291        3.06388
291        2.30952
291        2.77924
291        1.94586
291         1.5854
291        2.29094
291        4.93612
291        2.84502
291       0.478525
291        3.78063
291        3.84623
291        4.78578
291        2.69777
291         5.2608
291        5.85114
291        5.25718
291        2.66332
291        3.25013
291        1.60353
291        5.00396
291        2.35931
291         4.3103
291         2.7705
291        2.44301
291        1.17212
291        4.80531
291        2.86607
291        4.95758
291        1.97916
291        3.83047
291        5.76082
291       0.525589
291        3.91608
291        1.81402
291        1.11694
291        1.37891
291        2.43819
291        4.86582
291        3.34855
291        5.95398
291        1.98582
291        1.45043
291        6.15827
291       0.868048
291        4.94702
291        5.28298
291        4.71027
291        4.62673
291        5.79029
291       0.379794
291        4.38626
291         4.7355
291        2.21259
291        0.45647
291        4.92954
291        5.21224
291        0.61705
291        2.67558
291        2.68327
291        5.53285
291      0.0476315
291        1.06964
291        1.50656
291        2.01909
291       0.734623
291        6.24454
291        5.83866
291        6.00893
291        5.81575
291       0.893407
291        3.74884
291        1.83451
291        5.79271
291         1.0649
291        2.17507
291        4.05258
291        2.73853
291        4.09183
291        3.33592
291        4.87222
291        1.21996
291        5.67348
291        1.52645
291        5.08669
291        5.86487
291        4.80169
291        3.19368
291        2.97772
291        0.40715
291        4.87726
291        6.19057
291        3.44395
291           2.49
291        3.91851
291        1.75201
291        2.46351
291       0.601171
291        1.39246
291        2.33166
291        5.42868
291        2.73664
291        5.65638
291        1.61137
291        2.11496
291        5.58432
291         5.3485
291        3.98676
291        2.17454
291        5.15602
291        1.65024
291        3.60054
291        4.92301
291        5.41554
291        3.72648
291        5.63347
291        2.51932
291        5.11551
291        2.98887
291        5.44823
291        5.55937
291        3.27676
291        2.76274
291        6.12748
291       0.860453
291        2.97652
291       0.666544
291        5.21513
291       0.304702
291        2.53556
291        5.29913
291        1.96139
291        2.94052
291       0.899549
291         1.6155
291         5.3399
291        2.31432
291        4.08146
291        5.80391
291        5.86147
291       0.589933
291        5.01095
291        5.52075
291        5.54081
291        4.92216
291       0.168234
291        3.00691
291         2.8156
291        3.03274
291        3.14696
291        1.76579
291        2.04276
291        4.71698
291        5.84453
291       0.127532
291        2.55072
291         4.9478
291        2.89029
291        4.66266
291       0.061983
291        1.90127
291        0.18786
291        4.76227
291         4.2263
291       0.596589
291         5.7246
291       0.920501
291         2.3128
291        3.99741
291        3.16705
291        1.89032
291        2.23468
291        1.66124
291        2.09806
291        3.87276
291        3.33318
291        1.19195
291         2.8503
291        4.65796
291        3.58544
291        3.41981
291        5.80934
291        2.16611
291        6.05789
291       0.631904
291        1.73504
291        2.62005
291       0.242632
291         4.4027
291        1.63157
291        2.14833
291        1.73698
291       0.108145
291        3.90481
291         3.3176
291        5.27332
291        4.32211
291       0.823857
291        2.17756
291       0.563086
291        3.40096
291        1.27205
291        2.25761
291        5.96026
291       0.098482
291        6.23155
291        5.60377
291         4.8789
291        4.50581
291        4.61502
291       0.905498
291        5.47213
291        4.15098
291        5.84944
291       0.356444
291        2.63669
291       0.223496
291        4.61753
291       0.740342
291          2.238
291        4.40512
291        2.56743
291        1.93224
291        1.52114
291        5.59607
291        2.32797
291          6.105
291        1.98355
291        2.06419
291        5.64378
291        2.16192
291        4.02893
291        2.61358
291        2.61842
291        1.13013
291        2.67408
291        3.26078
291        3.65208
291        2.57597
291        3.59572
291        5.94602
291        1.83265
291     0.00491675
291         6.2621
291        6.05555
291        5.12165
291        4.97907
291        1.05246
291        6.10704
291        3.67507
291        2.49534
291         3.7809
291       0.324535
291        4.33266
291        5.05563
291         1.8924
291        4.43755
291        3.95341
291         5.8501
291        5.10936
291         1.2743
291        5.77973
291        5.44384
291        5.48282
291        4.72381
291        0.12982
291        3.51208
291        3.14829
291        2.46448
291       0.775425
291         4.2495
291        1.42372
291          2.894
291        5.41871
291        4.11463
291         6.1333
291        1.32642
291        5.28695
291        6.23907
291         2.3165
291        2.78114
291        4.33757
291        2.80714
291        4.27124
291        4.66875
291        1.01154
291        2.11567
291        5.61397
291       0.117847
291        5.92898
291        4.01659
291       0.747969
291        1.88981
291       0.448173
291        1.96842
291         3.0813
291        2.77222
291        5.87318
291        5.41979
291        2.58783
291        4.05278
291         4.5954
291        3.99222
291         3.3474
291        1.86189
291        3.59931
291        2.14118
291        3.28161
291        5.77032
291        4.49234
291        6.22898
291        5.63664
291        5.46417
291        6.14603
291        1.62522
291        4.23859
291        5.27426
291          3.259
291        3.54295
291        5.77448
291        1.05024
291       0.709964
291        5.34084
291        1.43691
291        5.63856
291        0.67334
291        5.26643
291        3.02901
291        4.57582
291        2.47353
291        4.08853
291        4.33147
291        2.70402
291        4.65262
291        2.95788
291        5.75361
291        5.70184
291        4.42435
291        3.03608
291        1.77274
291        6.21534
291        2.82039
291        2.84642
291        3.73825
291       0.685342
291        4.80982
291         6.2698
291        1.88048
291        5.51981
291        3.37104
291       0.266009
291        2.35136
291        1.39705
291        5.53467
291        1.35525
291        3.19059
291        4.27597
291        4.18748
291        2.80491
291        6.00828
291        2.45681
291       0.439413
291        6.27683
291        5.09363
291        0.56224
291        4.99254
291        1.93392
291        5.39173
291        5.05917
291        1.96013
291        3.31843
291        1.32963
291        5.91928
291         1.5435
291         5.9665
291        4.10192
291        1.08963
291        5.87489
291       0.173925
291        5.61178
291         5.4288
291        5.99775
291        5.41411
291      0.0556806
291        5.73374
291        5.33176
291        6.20641
291        2.12571
291        1.76736
291        6.20916
291        1.82342
291        4.79852
291        6.13684
291        3.39112
291        3.27625
291        6.00749
291       0.190465
291          2.726
291       0.404678
291        1.33533
291        3.03156
291        4.40214
291         1.2905
291         3.7391
291        2.45227
291        3.31873
291        1.72599
291        2.34946
291        2.38114
291       0.525159
291        4.70698
291       0.218458
291        5.11524
291       0.492336
291        2.75307
291        1.93891
291       0.276332
291        4.20974
291        6.12904
291        4.92952
291        3.54738
291        3.31951
291        4.64543
291        4.35945
291        0.59522
291        6.10994
291       0.571453
291        3.02342
291        5.39514
291        3.82585
291        4.35837
291        4.32264
291        2.81463
291        4.88535
291        1.42495
291        2.28464
291         5.0117
291        1.71596
291         3.1329
291        2.20721
291        5.65626
291        2.93253
291        3.71792
291       0.924334
291        2.39293
291        1.90911
291        3.23037
291         2.8747
291        5.14122
291       0.137272
291       0.122236
291        4.55434
291       0.281001
291        3.33644
291        5.42436
291        5.03293
291         5.2712
291        2.49042
291       0.231431
291         5.5924
291        5.59397
291        1.71825
291        4.92623
291        1.47325
291        2.94447
291        2.05798
291        4.91721
291        5.58379
291       0.806844
291        3.39927
291         3.7983
291        5.78437
291        2.28964
291        5.01919
291         5.2041
291        1.92795
291        5.67153
291        1.91379
291        2.83769
291        2.42035
291        6.24112
291        2.35848
291        1.85898
291        5.79005
291        3.10852
291         3.6208
291        3.19083
291        3.53361
291        2.40502
291        5.94005
291        6.09611
291        4.69416
291        4.42333
291        1.37294
291        2.83858
291        1.20317
291        4.77041
291       0.206014
291        2.09157
291        4.98241
291        2.15818
291        2.22104
291        5.87661
291         1.8146
291        3.12084
291        3.20195
291        3.16811
291        5.47436
291         0.1556
291         5.8209
291       0.273319
291        6.08959
291        1.07555
291        1.09771
291        4.46951
291        2.74327
291        4.57684
