744         5.9577
744        0.98865
744        4.85995
744         5.2632
744        4.24877
744        5.55069
744        2.54391
744        5.76871
744        3.01826
744        5.24115
744        2.73532
744        2.73638
744        4.12971
744        1.46175
744       0.918966
744        3.05426
744        1.01421
744        4.95416
744         3.6168
744        2.96409
744        1.15444
744          3.433
744       0.767498
744        2.96524
744        3.01771
744        5.18642
744        3.86285
744        5.85543
744        3.48044
744        2.42307
744        2.37646
744       0.644251
744        2.03084
744        2.41839
744       0.667016
744        1.30456
744       0.600789
744        5.31691
744       0.357911
744        3.17461
744        5.81074
744        3.03349
744        1.27569
744        3.49116
744       0.738129
744        5.52177
744        6.03728
744        4.18386
744        1.28159
744        3.69842
744        2.27609
744        3.39029
744        4.90641
744        4.51585
744        5.71753
744        2.50208
744         4.2197
744       0.545097
744        1.04971
744        1.76236
744        1.18094
744        5.22298
744        4.70702
744        3.79873
744        4.66486
744      0.0371495
744        3.49041
744        3.52391
744        2.14666
744        1.35757
744        3.52862
744        0.93539
744        3.98439
744        5.82767
744        5.66488
744        3.63114
744        1.06585
744        4.64082
744         2.1195
744        5.95365
744        6.04549
744        6.10708
744         4.3818
744        1.92936
744        5.65509
744        4.33416
744        5.55143
744        1.11672
744        0.52131
744        2.27492
744        5.43852
744        4.65748
744        5.06479
744        2.65507
744        5.60301
744      0.0617875
744        1.33776
744        2.92999
744          5.376
744        5.66844
744        4.94199
744       0.818141
744        6.27509
744        1.35935
744       0.848388
744        2.34844
744        2.77545
744        2.41475
744        4.20464
744        5.30349
744         4.8592
744        1.82838
744        1.21318
744        1.01932
744        3.24133
744        3.04659
744        4.48427
744       0.460924
744        1.76316
744        2.33527
744        2.25992
744        5.78099
744         3.3047
744        6.19153
744        4.83921
744        3.45588
744        5.95815
744        2.21882
744       0.744626
744        1.67471
744        2.28263
744        4.22524
744       0.284407
744        1.22966
744         1.5245
744        2.71994
744       0.459361
744        4.63047
744        1.94612
744        5.11497
744        4.46075
744        2.63476
744    0.000539518
744        5.25226
744          2.934
744        4.43104
744         4.4486
744        4.22767
744        3.61245
744        3.39437
744        1.30363
744       0.979907
744        0.13656
744        2.59674
744        5.82708
744        4.78244
744        3.10081
744        3.57357
744        4.27864
744        3.97981
744        5.71079
744       0.524457
744        2.26493
744         1.2344
744        2.83358
744        3.83857
744        4.40629
744        4.90768
744        1.16578
744        4.75524
744        6.19721
744        3.38506
744       0.260757
744       0.823969
744        2.12729
744       0.139844
744        4.60748
744        1.55407
744        1.86453
744        6.07428
744        4.33611
744        2.35112
744        2.86986
744        4.50392
744        4.55632
744        1.64033
744        1.13952
744        1.60624
744        2.18107
744        1.32824
744        4.36275
744       0.711921
744        3.83237
744        3.46669
744        6.18997
744        2.57654
744        6.26774
744        4.67787
744        3.52251
744        2.00722
744         3.7161
744      0.0436779
744        1.59023
744        4.34614
744        1.89751
744        6.19796
744       0.584131
744        1.50101
744         5.1669
744        4.28202
744        3.13159
744        6.04247
744        5.21963
744        3.41428
744        1.82098
744        1.60457
744        4.39096
744       0.845716
744        1.29994
744        1.46461
744        2.25858
744        1.15285
744        3.42841
744        3.52342
744        1.15316
744        5.32086
744        2.07497
744        5.50866
744        4.12706
744         4.9547
744        5.51057
744        5.55554
744        1.86336
744        4.54228
744        0.12109
744        6.03673
744        3.98914
744       0.529795
744        4.71452
744          1.743
744        2.79795
744        2.77915
744        1.29937
744        4.40927
744        2.45355
744         3.6137
744        1.12395
744       0.100139
744        1.41581
744        5.70872
744        4.26127
744        2.22758
744        5.72985
744        2.27425
744        1.22823
744        2.07743
744        6.14071
744        3.36233
744        3.56314
744        3.11491
744        1.26783
744        5.90657
744        2.79861
744        6.08545
744        5.74027
744        4.30116
744        3.48469
744        2.03358
744        4.15365
744        1.41122
744        2.25649
744        2.10985
744        2.72608
744        1.16261
744        2.57702
744        5.09041
744        0.24422
744        3.79656
744        3.76191
744        5.38882
744        0.92831
744        5.61997
744        4.92758
744        5.08277
744        1.04797
744        1.58878
744        4.79735
744       0.273047
744        2.24778
744         2.1401
744       0.387663
744        5.05173
744        6.16153
744        6.16828
744        4.85583
744        5.44616
744        1.75566
744        3.42655
744        4.35808
744        3.33805
744        1.44943
744        2.95797
744       0.315707
744        5.99511
744        2.42008
744        5.63987
744        5.15533
744        5.07661
744        5.50187
744        2.34856
744        1.77569
744        4.57994
744        5.38653
744        4.09052
744        4.03376
744        2.32844
744        4.68184
744        1.33263
744        2.82418
744         5.2521
744       0.201319
744        5.69951
744        2.99665
744        3.72719
744        1.48908
744        5.20238
744       0.812154
744       0.725649
744        1.30161
744        1.65525
744        2.33341
744        3.02618
744        5.03062
744        4.94609
744        3.39748
744        3.72658
744        2.91108
744        3.11384
744         3.7377
744       0.641605
744        4.88632
744        4.21965
744        5.32541
744        4.71913
744        5.45906
744        1.42388
744        5.67148
744        5.52659
744        3.53233
744        4.27568
744        2.06087
744        3.98077
744        5.93245
744        2.14673
744        2.60662
744        2.09906
744        1.85941
744        4.04907
744        4.14072
744       0.955504
744        2.92846
744        1.78584
744        5.76188
744        2.98128
744        1.34395
744        1.90802
744        5.44953
744       0.662877
744        3.60936
744       0.959444
744       0.203567
744        3.41239
744        4.19813
744        5.34811
744        3.82176
744        5.57347
744        4.51183
744        6.11101
744       0.602814
744        5.32628
744         4.5081
744        1.96325
744         4.7348
744        3.31874
744      0.0311045
744        1.83646
744        3.70672
744        4.87922
744        1.82929
744        1.61195
744       0.434825
744       0.208741
744        5.65861
744       0.340437
744         3.4556
744        2.29765
744      0.0831854
744        1.91695
744       0.848652
744        4.44318
744      0.0960111
744        5.78479
744        2.02461
744      0.0146849
744        5.25627
744        1.13093
744        3.52677
744       0.554198
744        2.62186
744        3.07252
744        3.12549
744        4.14231
744        3.27767
744        5.07002
744        1.08407
744       0.531347
744        2.21432
744       0.871242
744         4.9761
744        5.57737
744        4.40788
744        4.25773
744        1.69944
744        3.78475
744        2.89813
744        4.11295
744        3.26468
744        5.85504
744        2.41348
744        6.24999
744        2.17789
744        3.88985
744        2.12061
744        1.68937
744        0.64026
744       0.998583
744        3.75864
744        5.87126
744        1.09276
744          5.179
744        2.06592
744        4.58072
744       0.780502
744        5.25005
744        4.60442
744       0.504128
744        2.62048
744        2.89578
744        5.04587
744        1.58633
744        3.00024
744        3.73058
744        5.45355
744        4.88106
744        1.72076
744      0.0987924
744        6.24388
744        4.96975
744        3.78246
744         0.6284
744         2.6908
744        5.30347
744        3.65599
744        4.29453
744        1.57292
744       0.557045
744        4.89343
744       0.368751
744       0.905088
744        4.09684
744        3.54651
744       0.445944
744        3.05023
744        5.11398
744        2.92156
744       0.733883
744        1.35131
744         3.5747
744        4.13744
744        5.58925
744       0.320764
744       0.569764
744       0.109549
744        1.88706
744        2.34128
744       0.438215
744        4.20435
744         1.8022
744        4.90661
744       0.846597
744      0.0315043
744         1.5758
744        4.99569
744         4.7458
744       0.971129
744        4.91341
744         1.6497
744         5.2225
744        3.32716
744         5.7236
744        4.43195
744        3.20817
744        1.56905
744        1.48723
744        5.86508
744        2.30563
744         4.4781
744        3.12964
744        5.75992
744        4.82125
744        4.11891
744        2.90591
744       0.843378
744        1.89989
744        4.52128
744        4.77564
744        1.29762
744        6.21161
744        1.97171
744        1.93822
744        1.72897
744       0.741913
744        1.53052
744        5.20149
744        2.03198
744        3.17811
744        3.63869
744        5.07777
744       0.203552
744        3.17628
744        3.10328
744        1.50698
744        2.77556
744        1.12049
744        5.13198
744        5.01815
744        4.28953
744        5.53486
744         5.9782
744        4.29706
744        5.32937
744         4.8525
744        5.25319
744        4.04833
744        4.03281
744       0.836936
744        2.79527
744       0.524979
744        5.82746
744        5.00992
744        2.00925
744        5.47637
744        4.44153
744       0.981152
744        5.13293
744        4.66505
744        4.39472
744        1.99684
744        1.79122
744        1.27312
744        5.62747
744        4.01881
744        2.13389
744        1.38705
744         2.2751
744         2.9327
744        2.30173
744        5.68857
744          4.838
744        1.58099
744        3.47147
744        3.50308
744        1.04499
744        5.85441
744        4.60853
744        4.48282
744        3.82917
744        6.24831
744         4.5649
744        1.55261
744       0.179522
744        5.73221
744        3.34457
744        1.16057
744        5.90138
744       0.497022
744       0.976672
744        3.60234
744       0.065049
744        5.18277
744        4.99038
744        6.19071
744       0.930056
744        3.92608
744         5.4442
744        2.97863
744        1.43659
744        5.79838
744        1.92922
744        4.85098
744        5.29265
744        3.00673
744        5.13098
744       0.236611
744        0.13381
744        2.88847
744        1.23397
744       0.891033
744        3.71918
744        5.90995
744        4.85676
744        1.98669
744        4.03558
744        5.99132
744        5.54173
744        5.32725
744        4.65939
744        3.39882
744        5.82934
744        6.08774
744        1.41687
744        3.08863
744        1.44378
744        1.67982
744         1.3474
744        5.03109
744         4.2784
744        3.92987
744        5.51973
744        5.56193
744        4.88618
744        4.32231
744        3.31899
744         5.2631
744        5.71727
744        1.18539
744        1.88795
744        4.54926
744       0.302043
744         5.2894
744        1.93075
744        4.85614
744        1.87874
744        3.91205
744        1.89258
744       0.148441
744        5.88933
744        5.08569
744        4.67895
744        3.76457
744        4.85412
744        1.43061
744        3.76443
744        2.52145
744       0.900472
744        1.61287
744        4.49108
744        1.46871
744       0.536666
744        1.13558
744        1.69343
744        3.85194
744       0.392698
744        3.34382
744         3.8025
744        3.07994
744        6.00193
744       0.066432
744        2.39661
744        4.25779
744        4.06943
744       0.267656
744        5.13583
744        2.72284
744        1.43962
744        5.73983
744        6.11774
744        1.46642
744        5.35544
744        1.13717
744        4.95845
744        5.94747
744        6.04662
744        5.68624
744        5.11623
744        5.32432
744        5.28311
744       0.900584
744        1.31226
744        3.38227
744       0.735284
744         3.3525
744         3.5846
744        0.34274
744        4.64122
744        5.58843
744         5.4852
744        4.70354
744        1.03053
744        3.79338
744        1.66128
744        4.87834
744        3.27572
744        4.71578
744       0.614213
744        5.39713
744        5.29166
744       0.344492
744        1.17125
744        1.86891
744        3.12597
744        3.36306
744       0.145305
744         1.6348
744        1.36775
744        5.38874
744        2.75414
744        5.39275
744        6.11803
744        4.74797
744       0.927127
744        1.39714
744        3.71219
744           5.94
744       0.938844
744        2.94052
744        2.89362
744      0.0728048
744       0.177769
744        3.02337
744        5.05487
744         1.6381
744        4.22867
744        5.21668
744        4.50997
744        1.17546
744        5.02066
744        5.35306
744        2.55998
744        4.34738
744        1.56812
744        5.93678
744        3.23619
744        1.75413
744        1.90229
744       0.814472
744        5.39171
744        1.86694
744        2.70988
744        2.75077
744        3.76629
744        5.80147
744        2.63486
744        5.57069
744       0.616947
744        2.36631
744        3.45069
744       0.976553
744        6.21191
744        4.24381
744        1.03567
744        2.14666
744        3.89906
744        3.83301
744        3.76626
744        4.42678
744       0.916815
744        4.98859
744        2.53939
744        4.60154
744        4.13012
744        4.16297
744        4.57027
744         4.9552
744       0.527942
744        5.42147
744        6.25393
744       0.247348
744         1.7252
744        1.53553
744        3.97048
744        3.41276
744        6.05034
744        1.31875
744        2.02957
744        2.28735
744        1.53966
744        4.43509
744        4.22047
744        1.21904
744        4.72625
744        4.10046
744        3.75415
744        2.87096
744        6.13839
744        1.84354
744        3.91661
744         2.0179
744        2.92748
744        4.86162
744       0.243106
744        1.17598
744        1.32022
744        4.50098
744        4.46375
744        2.38875
744        3.43103
744       0.654354
744        4.04657
744        5.59873
744         4.4422
744        1.85828
744        2.67649
744        3.19732
744       0.757436
744        5.02575
744        2.50152
744         2.3013
744       0.475057
744        4.28627
744        4.33219
744        3.07123
744        2.74227
744        4.97449
744        4.31256
744        1.84801
744        5.90225
744       0.590107
744        4.88848
744        4.26045
744        1.53452
744        2.88117
744        3.93784
744        3.70107
744        5.06391
744        6.13016
744        1.29162
744         5.8153
744         1.5294
744        4.64425
744        4.13686
744        5.15926
744        1.53797
744        5.16046
744        1.09312
744        1.13812
744        2.57783
744       0.314595
744        5.89335
744        4.01203
744        3.12845
744        4.65006
744         1.2275
744        1.33809
744        5.81007
744        1.88476
744        1.25833
744       0.270791
744        1.39153
744        1.25289
744        1.48367
744       0.434357
744        5.64343
744        2.06247
744         2.2921
744        4.16002
744        3.81238
744       0.552356
744        3.41351
744       0.620022
744        2.00417
744        5.37415
744        5.26026
744        1.62559
744        3.83388
744        4.40617
744        3.24872
744        5.73596
744        5.85934
744        5.76317
744        3.30964
744        1.42684
744        5.18644
744        6.10407
744       0.859475
744        2.30871
744        4.62325
744        5.18715
744        1.67737
744       0.814683
744       0.384668
744        2.25053
744        2.47373
744        3.37651
744         4.4187
744        5.65805
744        2.79061
744       0.945599
744        1.18947
744        0.40516
744        2.57841
744        3.57419
744        6.07991
744         3.6527
744        1.61424
744        1.90577
744        2.48307
744       0.828024
744        5.22071
744        2.76216
744        4.33234
744        3.32712
744        3.20067
744        3.56619
744       0.018895
744      0.0634587
744         2.3357
744       0.395822
744        1.82395
744         2.6531
744       0.751851
744        1.92612
744        5.51233
744        2.21676
744        1.70975
744        1.36971
744        2.36105
744        2.77175
744         5.7666
744        1.93202
744      0.0480894
744        6.24525
744        5.65552
744        6.00485
744        1.76628
744        2.17493
744        5.98442
744       0.762748
744        0.98236
744         4.1456
744        5.81439
744        3.38777
744        1.11084
744        1.55459
744      0.0899888
744         4.4724
744        1.58084
744        6.21806
744        2.68876
744        1.48295
744        5.48458
744       0.174471
744        5.43685
744        4.32245
744        5.91488
744       0.514643
744         4.4891
744      0.0850697
744       0.625432
744        4.81251
744         5.4665
744        5.20967
744        1.04914
744        1.47234
744       0.216001
744        3.15476
744        3.43017
744        3.46613
744        1.26553
744        3.48507
744         4.6696
744       0.172382
744        1.20713
744        5.48721
744        1.83916
744        6.24056
744        5.62996
744        4.71913
744        4.55508
744        1.63866
744        1.50333
744        5.83317
744       0.814621
744        2.42493
744       0.234617
744       0.638279
744        2.51553
744        5.47663
744        4.34917
744        1.47992
744        1.14905
744         5.2479
744        3.94935
744        3.96598
744        4.16985
744       0.835005
744        5.25239
744        5.74394
744        3.72155
744        2.99296
744        4.36234
744        4.47584
744      0.0269209
744        5.28369
744       0.696358
744        4.11653
744        5.67582
744        3.30805
744        3.98516
744        5.16723
744        4.40626
744         1.3777
744       0.692228
744         6.1146
744        2.73646
744        2.40403
744        1.64363
744        2.77133
744        5.90667
744       0.640921
744        2.98175
744        5.61193
744        2.74902
744        4.23681
744         1.9426
744        5.28954
744        2.90255
744        2.94792
744        5.57471
744        4.32517
744        5.99268
744        4.91751
744       0.202488
744        1.64709
744        4.32402
744        4.59615
744         1.1437
744        3.58051
744        5.18542
744       0.509498
744       0.898622
744        1.10235
744        3.79258
744        1.49873
744        5.78068
744        3.84551
744        6.23655
744       0.671766
744        2.35711
744        4.58063
744        5.34321
744        2.04974
744        4.51415
744       0.359176
744        2.22061
744        4.38604
744        5.54852
744        5.21139
744        4.82232
744        6.12015
744        3.44158
744        4.46288
744        5.57473
744        5.59274
744        5.92778
744        4.91785
744        4.25009
744       0.481336
744        1.90829
744        2.37863
744        4.74932
744        2.41356
744        4.92689
744        2.76789
744         4.8904
744        4.23878
744        5.07892
744        5.73701
744        2.51078
744        1.07117
744       0.386259
744        1.76481
744       0.297964
744        2.92173
744        5.17173
744        5.58056
744        1.03547
744      0.0592833
744        3.64816
744        5.22423
744        2.29739
744        4.51657
744         5.1571
744        5.53463
744        1.03335
744        4.33762
744       0.754385
744        3.61371
744        4.39457
744       0.377618
744        2.65909
744        3.80104
744         1.4956
744        1.06475
744        1.39921
744        5.40727
744        6.06256
744         6.2113
744         3.4785
744        3.51658
744        5.09694
744        4.30901
744        1.43843
744        2.29438
744       0.720807
744       0.366909
744        4.09303
744        1.74189
744      0.0791255
744        4.13352
744        5.58884
744         2.7427
744        1.47688
744        4.98892
744        2.45636
744        1.29821
744        2.94434
744        6.08226
744        2.64829
744        3.97725
744        5.07667
744        5.76422
744         4.6328
744        5.74939
744        2.22121
744        5.49368
744       0.635453
744        5.82748
744         4.3495
744        4.55512
744        5.23344
744        3.27423
744        1.34818
744        3.77791
744        5.72118
744         2.5704
744        1.37247
744        5.71052
744        5.56958
744        3.70544
744        1.53366
744         4.7092
744        5.32856
744        4.40595
744        4.45713
744        1.87332
744       0.988195
744        2.18147
744       0.968462
744        4.63349
744       0.870305
744        1.44939
744        4.90942
744       0.976299
744        5.73964
744       0.612661
744        4.99446
744        1.51269
744        4.69761
744        3.36157
744        2.89924
744       0.408744
744        1.67931
744       0.295266
744        3.49844
744         4.8332
744        2.69899
744        1.90329
744         1.9784
744        4.40961
744        2.64943
744        2.70825
744        4.79745
744        5.83279
744        2.32371
744        1.54451
744        4.24445
744        5.95374
744        5.39262
744        4.05974
744        1.48107
744        4.35508
744        0.54809
744        6.22517
744        3.06943
744      0.0553655
744        2.05569
744         3.1664
744        4.80881
744       0.454854
744        6.23886
744        5.96795
744        4.78161
744        1.06882
744         3.9639
744        0.55994
744       0.716657
744        6.23509
744        2.87869
744        2.52772
744        0.20514
744        1.52666
744        5.06547
744        5.14396
744        2.47971
744        4.23767
744       0.706784
744         4.2338
744        3.32166
744        4.24243
744       0.641534
744       0.534533
744         4.8576
744        2.47052
744        3.00941
744        4.63508
744        2.57851
744         2.5414
744        2.53965
744        4.56016
744       0.242127
744        3.94548
744        2.02265
744        3.76898
744        3.90821
744        2.08497
744       0.331961
744        2.91711
744        5.80262
744        3.19209
744       0.241924
744        1.39995
744         6.2673
744        2.64201
744        2.65593
744        1.07258
744        3.59481
744        3.35415
744        2.70217
744        1.54448
744       0.538442
744        5.65236
744        3.76599
744        5.86661
744        4.37855
744       0.487747
744        5.33291
744       0.972768
744        2.98068
744        2.02858
744        1.79171
744        3.25347
744        1.49781
744        6.23286
744        6.22625
744          2.014
744        5.60887
744        1.60275
744        4.38729
744        2.44977
744        3.78531
744        2.27286
744        6.26134
744        1.28363
744        4.76554
744        2.03281
744        4.40536
744        0.55504
744        5.97118
744        2.35118
744        5.19827
744       0.108556
744        1.75972
744        5.56857
744        2.94922
744        1.58327
744       0.230625
744        5.09432
744        4.69779
744        3.11435
744        5.05723
744        5.12134
744        3.74682
744        3.88719
744        1.04201
744        5.08471
744        3.26092
744        3.97879
744        5.59665
744        1.99201
744        4.04122
744        5.16549
744        5.86421
744    0.000762556
744        1.09172
744        5.18272
744        2.25118
744       0.420525
744        5.59674
744        6.13115
744        4.35937
744        3.78036
744        4.31963
744        5.40867
744        1.50727
744        4.04868
744        2.03475
744        1.79589
744        1.49823
744        1.49379
744         5.0377
744        5.31892
744         1.4711
744        1.49502
744        6.00014
744        5.27052
744        3.93208
744        2.26231
744        3.48383
744        4.71901
744        1.67544
744        5.09577
744        1.99595
744        2.47661
744        3.88709
744        1.61704
744        3.25632
744        1.89447
744        2.59918
744        4.54743
744        0.24387
744        5.06526
744         3.3556
744       0.327136
744        2.43098
744       0.514694
744        4.08178
744       0.354661
744        1.21265
744        5.82453
744       0.340002
744        4.36216
744        4.44409
744        2.28778
744        1.62153
744        1.75908
744        5.19459
744        2.42861
744        1.13172
744        6.05722
744        4.48663
744        1.83506
744        4.67885
744        5.57082
744        2.64625
744        5.59566
744        4.58586
744        1.83982
744        1.60038
744          2.484
744        1.35282
744       0.913309
744        2.66659
744       0.461032
744       0.754644
744      0.0913885
744        3.40873
744        4.66828
744        2.88365
744         5.7465
744         4.8933
744        4.99806
744        6.01593
744       0.708143
744        5.21499
744       0.442222
744        1.73531
744         3.9811
744        4.52765
744        3.16205
744        5.66682
744        4.82293
744        0.42086
744         2.0144
744        1.79361
744        5.80742
744        5.31189
744        5.77895
744         2.2856
744        1.66613
744        2.59045
744       0.176524
744        2.22799
744        1.46881
744       0.556729
744        1.27458
744       0.177725
744        4.64469
744        1.09099
744       0.622823
744        5.19456
744        3.97493
744         5.7436
744        3.73136
744        1.86456
744       0.574004
744        1.31011
744       0.590626
744        1.42731
744        1.72726
744        3.49729
744        4.61554
744       0.589791
744         6.0056
744       0.401337
744        5.77287
744         1.5513
744        1.43215
744        1.72924
744        1.19772
744        3.39634
744        5.55217
744        5.89637
744        2.98786
744        4.77101
744        2.44938
744        2.11753
744        2.61957
744       0.464609
744        4.30815
744       0.657508
744         5.3831
744        2.75179
744        3.51562
744        5.60002
744       0.669895
744        1.61404
744        2.05328
744        4.46599
744        4.47905
744        4.37503
744        2.03744
744        4.79588
744        3.19668
744        3.82232
744        4.81135
744         5.4464
744        1.31033
744        3.37311
744        4.58406
744        5.58044
744        5.21508
744        5.27463
744        1.66519
744        5.75414
744        5.00927
744        3.05548
744       0.949719
744       0.986935
744        4.62351
744        1.61698
744       0.585188
744       0.946779
744        4.89228
744        2.08201
744        5.07238
744        5.34294
744       0.632635
744        4.84938
744       0.103131
744       0.875207
744        5.67328
744        3.72717
744        3.20036
744        5.94135
744       0.639471
744        5.81132
744        1.94248
744        6.00666
744        4.55634
744        2.16878
744        4.18872
744        6.02653
744        4.13359
744        5.22411
744         2.4782
744        4.71982
744        4.55788
744        4.68905
744        4.81605
744       0.412466
744        1.59174
744        5.62865
744        4.16546
744        6.10569
744        2.60043
744        4.25383
744       0.552476
744       0.911873
744        3.82822
744        2.59422
744        1.87381
744        2.25097
744         6.0725
744        6.22093
744        4.76909
744        5.77033
744        2.58525
744        4.84652
744       0.739599
744        0.19462
744       0.511034
744        4.11542
744        5.09115
744        3.73703
744        4.32144
744        1.80829
744        1.02262
744        2.83612
744        4.97406
744        2.91284
744        5.01428
744         0.1531
744        5.96376
744        1.23367
744        0.93926
744        4.58906
744        4.85989
744        4.83011
744        5.76366
744        4.77062
744        3.14316
744        1.15904
744        3.05025
744       0.121925
744        3.46606
744        5.79878
744        5.63125
744        2.34675
744     0.00707323
744        3.21463
744        4.25867
744        1.88688
744          2.406
744        4.91079
744        4.65446
744        6.04768
744        3.70499
744        6.00444
744        4.43116
744        2.56303
744        4.52799
744        5.72744
744        4.22085
744        3.97093
744        4.47246
744         6.2648
744       0.156796
744         5.3037
744       0.990153
744        1.55161
744        4.28127
744        2.51219
744       0.687275
744        4.44316
744        4.56073
744        2.02285
744       0.960512
744       0.911173
744        4.78991
744        2.21089
744        5.00943
744        2.47205
744        6.24822
744        1.50762
744        3.96532
744        2.33697
744        1.49049
744        4.80399
744        3.55042
744        3.83108
744        3.77584
744        2.99024
744        2.93269
744        1.81373
744        3.61262
744        4.53593
744        5.09707
744        1.62091
744        4.52205
744        4.59757
744        4.74437
744       0.311179
744        5.09775
744        5.34938
744        1.17601
744        2.06168
744        5.10368
744        4.93112
744        1.29961
744        3.93305
744        5.46635
744        1.73599
744        4.58753
744        5.59902
744       0.898166
744         2.6334
744        5.22164
744        5.46085
744       0.586432
744        1.31392
744        4.27324
744        2.93978
744        5.69062
744        4.15649
744        6.23639
744        3.34055
744        4.91338
744         5.0045
744       0.568013
744        3.07373
744        5.90557
744        2.35453
744        4.99684
744        1.32313
744        5.15713
744         2.9708
744        5.28066
744        3.53878
744        2.13031
744        5.31218
744        1.95976
744        4.41763
744        2.27009
744        2.70621
744        3.72569
744        3.59777
744        1.26939
744        0.66004
744        1.62912
744         6.0917
744       0.919403
744        4.14475
744        4.29499
744        3.84122
744        5.11429
744        2.52401
744        3.92077
744        4.24131
744        3.00466
744        2.00501
744        1.99511
744        5.59097
744        5.26106
744      0.0115233
744         3.6516
744        1.08844
744        5.84394
744        4.95402
744       0.392855
744        5.23955
744        1.49301
744        2.82809
744        1.14514
744        1.70379
744       0.730764
744         2.3335
744        2.74638
744       0.840922
744         5.2997
744        1.88079
744        4.26426
744        1.25242
744        3.83357
744        1.25658
744        2.43964
744        5.43308
744        4.87384
744       0.102949
744        6.27122
744        1.66074
744        5.54347
744        3.19061
744        3.39264
744        1.05914
744        1.84695
744        3.40598
744       0.326332
744        4.41742
744        5.35481
744        2.07806
744        5.83715
744        2.75216
744        6.11334
744        1.06502
744        4.37803
744       0.125164
744       0.192502
744       0.259146
744        4.82883
744        1.36825
744        4.71521
744         1.0664
744        5.04679
744        5.69805
744        3.59268
744        1.47448
744       0.137818
744        2.13371
744        3.49218
744      0.0412522
744        3.42832
744        1.43099
744       0.136565
744       0.850538
744        1.09727
744        1.00266
744        5.16637
744        3.48028
744        6.01683
744        2.49841
744        4.55421
744        5.76718
744         3.8621
744        1.33494
744       0.574897
744        5.31878
744        1.55267
744        5.52708
744        2.01979
744        1.74491
744        1.59654
744        2.45708
744        1.10316
744        1.57546
744        4.05923
744         4.5921
744         4.9185
744        0.96962
744        2.47739
744        5.30459
744        2.86668
744        1.62342
744        1.90355
744        3.63859
744        5.26624
744       0.558506
744        2.19738
744        5.07827
744        5.04251
744        4.97445
744        4.23034
744         4.4781
744       0.830971
744        2.26433
744        2.22601
744        4.94675
744       0.440504
744        3.97318
744        6.18327
744        1.59792
744        1.89497
744         2.2788
744        5.61726
744        1.71627
744        4.02184
744        2.03008
744        1.30804
744        0.47151
744        6.18901
744        4.96819
744        1.50043
744       0.857291
744         1.5806
744        1.48385
744        2.73755
744        2.31761
744       0.703785
744        0.79429
744        4.43853
744        4.07186
744       0.406435
744        1.23117
744        2.60361
744        1.82115
744        6.01071
744        2.20357
744        2.88615
744        1.41464
744        5.67373
744        2.20375
744        5.58745
744        3.92342
744        6.19221
744        2.23484
744        4.40031
744         4.6604
744       0.358056
744        1.83865
744        5.62985
744        4.61732
744        0.42096
744        4.56627
744       0.591551
744        3.16219
744        4.69125
744        1.38097
744        3.51188
744       0.458609
744        1.07582
744        3.65952
744        4.47426
744        2.41189
744        2.65354
744        4.93628
744        5.28776
744         1.3026
744        1.46008
744        4.07613
744        4.87476
744       0.537617
744        2.96863
744        3.57745
744      0.0742761
744         2.9188
744        3.97296
744        3.54717
744        3.95844
744        2.07869
744        1.89666
744        4.64962
744       0.739356
744        4.58804
744        0.48386
744        1.53986
744        3.14815
744        5.86593
744        2.58939
744        5.12648
744       0.627846
744       0.827279
744        2.00471
744        4.16461
744        5.11056
744        2.02817
744        4.20739
744        6.11146
744        1.73596
744       0.948966
744        2.75097
744        5.24252
744       0.112493
744        2.80324
744         1.5875
744        3.87053
744        4.74434
744        3.32121
744       0.606508
744        6.03951
744         3.2118
744        2.01455
744        1.69214
744        1.56473
744        4.29073
744        4.05662
744        4.89995
744        2.01591
744       0.620895
744        1.84162
744        5.37649
744       0.823204
744        3.67807
744       0.183663
744        5.26192
744        1.15554
744        4.23465
744        1.94853
744        4.02694
744        2.07075
744        3.95108
744       0.834888
744       0.166056
744        4.77152
744        2.97665
744       0.977064
744         5.5594
744        1.14269
744        1.09162
744        2.64109
744        5.36376
744        2.97801
744        5.95056
744        3.27388
744        5.25684
744        3.16504
744        1.25819
744        3.25828
744        2.58449
744        5.71228
744        4.87245
744       0.360784
744        1.82963
744       0.526923
744        2.58287
744        4.57611
744        3.57758
744        1.35143
744        4.98879
744        2.32199
744        5.30513
744        4.62811
744        2.64211
744        1.90635
744        5.08002
744        1.31395
744        4.58139
744       0.649852
744        3.95284
744        2.03449
744       0.298902
744        3.85038
744        1.74573
744        2.91629
744        4.79028
744        5.26222
744        3.51654
744       0.631008
744        4.58134
744       0.387345
744       0.234508
744       0.582533
744        3.96543
744        4.73465
744        3.62831
744       0.331512
744        4.45247
744        4.48906
744        3.46325
744        4.79297
744       0.959738
744        5.24214
744         5.4989
744        4.89977
744        3.99544
744        5.34493
744        1.35458
744        3.56777
744        3.80863
744         4.2555
744        0.13356
744        3.46672
744       0.393233
744        1.90627
744        2.19547
744        4.87364
744        4.84655
744        4.89848
744         6.0246
744       0.245687
744        1.19349
744       0.494501
744        4.91256
744      0.0712086
744       0.730202
744         5.8641
744        2.83331
744        4.70232
744       0.183858
744       0.751833
744         2.3096
744        5.54686
744        5.54945
744       0.701369
744        3.10446
744        5.34017
744        3.89454
744        3.78745
744        3.06411
744        4.33503
744        2.48048
744       0.759423
744         1.5471
744        5.71906
744        4.36291
744        3.73793
744        3.30407
744         5.1246
744        2.23609
744        1.84145
744        6.07474
744        5.17415
744         2.1273
744       0.897878
744       0.705775
744        1.34035
744        1.85991
744        3.02025
744        1.86404
744        4.18217
744       0.690917
744        2.06706
744        3.85604
744         5.4739
744        1.89261
744        5.07807
744        2.21754
744        4.31734
744       0.781534
744        5.12254
744       0.545595
744        3.38807
744        4.85815
744        4.30563
744        4.46365
744        3.16133
744        3.72916
744       0.706226
744        4.33759
744        4.98607
744        2.77036
744        4.89224
744        1.68544
744        4.71097
744        5.32903
744        3.09874
744        4.05256
744        0.24095
744       0.721825
744        4.81406
744        2.22221
744        1.23385
744        3.18996
744       0.640624
744        4.72506
744       0.392901
744        2.34766
744        1.26166
744        3.38425
744        5.05306
744        5.05375
744        4.71738
744        3.97531
744        5.64512
744        2.20954
744        1.82078
744        1.79423
744        3.34821
744       0.355147
744        2.50358
744        5.41325
744       0.709631
744        1.59159
744        4.80934
744        1.78699
744       0.516133
744        1.88127
744        5.05519
744        4.71775
744        4.90141
744        1.81502
744       0.305546
744       0.113764
744        5.20913
744        2.73077
744        1.53714
744         3.4271
744      0.0331862
744       0.298457
744        3.07604
744        2.14032
744        1.34577
744        2.49931
744        4.04557
744        3.14041
744        1.21223
744       0.785888
744        3.47772
744        4.18068
744        1.35563
744        3.96537
744        1.30208
744          3.977
744        1.74772
744        4.80827
744        4.36457
744       0.895744
744        1.71624
744        3.79768
744         5.3691
744        3.44278
744        5.49961
744        4.54603
744        3.35049
744        4.75569
744        2.98292
744        4.39914
744        2.17933
744        1.17085
744        1.67498
744        3.54636
744        4.45242
744        5.20439
744       0.812794
744        2.99439
744       0.853742
744        1.00433
744        4.40663
744        4.98718
744        4.37995
744        2.50328
744        2.33803
744        1.70996
744        4.02174
744        3.36628
744        3.96708
744        1.70321
744        6.07162
744        1.88125
744        5.96741
744       0.959361
744        5.70161
744        4.37691
744        2.38629
744        5.69983
744        5.85423
744        1.42755
744        1.16198
744        3.44562
744         3.3545
744        1.22698
744        2.01121
744        1.50732
744        5.44169
744        6.18874
744        3.64174
744        1.27855
744        5.49265
744        5.10909
744        5.41762
744        4.66915
744        2.17253
744        1.82444
744        1.10224
744        5.01594
744        5.73134
744        2.04328
744        5.35897
744       0.579537
744       0.606676
744        3.60784
744        4.59253
744        3.24371
744        4.88096
744       0.706432
744        1.96378
744        1.36702
744        2.21752
744       0.766801
744        1.39215
744        4.26779
744        1.51056
744        2.09881
744        5.76113
744        1.03288
744        4.86439
744        2.40819
744        1.23457
744        1.80821
744        2.22087
744        5.42137
744         4.0338
744        1.60797
744        6.02433
744        4.95244
744        1.61598
744        3.58044
744         5.1172
744        5.84394
744        2.78293
744       0.248646
744         4.4407
744        5.04604
744         3.8133
744       0.148741
744        3.07153
744        2.86536
744       0.704795
744        4.37375
744        4.55663
744         1.0742
744       0.886836
744        2.69905
744       0.460595
744        6.14291
744        5.34281
744        1.70605
744       0.701741
744        1.73526
744        5.98103
744        5.80912
744        2.58932
744        4.46949
744         2.3834
744        6.18084
744        1.96046
744        1.27678
744        5.48324
744        2.58502
744        2.07567
744        4.34378
744       0.460033
744        1.97498
744       0.429426
744        3.97536
744        2.42507
744        6.11396
744        1.55072
744        0.32159
744       0.585975
744       0.947829
744        2.41348
744        2.20628
744        6.10485
744        4.25316
744        3.88609
744        2.03657
744        5.34069
744       0.597065
744       0.793732
744        5.10916
744        4.54982
744        2.86298
744       0.960999
744        3.73206
744       0.245188
744        3.18825
744        6.00695
744        5.41489
744        2.60272
744        5.00683
744         5.5525
744        6.14458
744        5.61162
744        5.99226
744        3.78126
744        4.89708
744        1.33305
744        2.72111
744        4.91728
744        5.00564
744        1.98279
744        4.46949
744        1.34993
744        6.07374
744        2.98015
744         4.6198
744        1.52859
744         2.2383
744        5.47725
744        4.62902
744        1.01638
744       0.199933
744        5.16985
744        4.61755
744        5.97872
744         1.0185
744        1.17347
744        1.05087
744        4.71422
744        4.21306
744        1.64861
744        4.58762
744        6.26976
744        1.79432
744       0.813511
744        5.66063
744        5.87114
744        1.55304
744        0.29478
744        3.00114
744        5.43047
744        3.10554
744        3.72046
744        5.80102
744        3.04368
744        5.43184
744        4.64371
744        4.62242
744         2.7396
744        5.74242
744         2.3162
744        2.09527
744        5.32086
744        1.43838
744         2.4297
744       0.826282
744        2.19642
744         4.4365
744        5.29908
744        5.96902
744        1.18313
744        1.67177
744        2.29839
744        5.27165
744        5.41829
744        1.74057
744        3.44815
744        3.29646
744        4.65418
744        3.92751
744        2.59622
744        1.56974
744        4.91394
744        5.38048
744        4.66367
744        4.38205
744        1.38806
744        2.90543
744        5.80117
744       0.999975
744        1.69601
744        3.18042
744        3.92297
744        5.18525
744       0.301757
744        4.20084
744        5.71795
744       0.270474
744          1.845
744        3.70658
744         3.3616
744        3.69999
744        6.03858
744        3.72015
744        4.28139
744        4.22064
744        3.79077
744        2.68517
744          2.558
744        1.38403
744        4.26091
744        5.61991
744        6.08768
744        4.61041
744        2.10043
744        6.22643
744        4.67256
744        2.94943
744       0.708568
744        3.28664
744        6.03709
744        5.95699
744        6.17379
744        5.45384
744        2.44755
744        1.54824
744       0.853398
744        3.96645
744         4.3086
744        6.17443
744         5.1801
744        1.83136
744        4.14965
744         5.7615
744        5.79781
744        3.96347
744        2.64139
744        3.96803
744        2.65089
744        4.90485
744        3.64282
744        4.01077
744        3.98647
744         4.1322
744        3.95561
744        4.07098
744       0.952603
744        5.91572
744        5.36779
744        3.48505
744        2.36337
744        5.24259
744        3.95876
744        1.83509
744        2.54472
744        2.71034
744        5.54322
744        1.44712
744        3.56765
744        2.02444
744        2.64302
744        1.67659
744       0.989987
744        2.30766
744       0.446507
744        3.12795
744        4.88428
744        5.43747
744        4.61937
744         1.5331
744        3.62127
744        4.57443
744        2.57835
744         6.2522
744        5.30556
744        2.07811
744       0.708633
744        6.22996
744        1.78505
744        5.45676
744       0.241632
744      0.0815758
744        1.49759
744       0.138352
744        0.20438
744        4.76084
744        5.06425
744        1.00182
744        3.19226
744        3.43691
744        1.86456
744        5.83796
744        5.03396
744         6.2207
744       0.459852
744        4.04976
744        3.07661
744        3.72388
744       0.849131
744        5.11986
744        1.05653
744        1.83938
744        3.83578
744        5.67466
744        4.50935
744        2.18653
744       0.764347
744        4.59799
744         3.1029
744        6.09175
744         2.3606
744        4.96554
744        4.46679
744        4.49408
744        3.44022
744        2.70435
744        4.13969
744        4.22994
744       0.704186
744        1.28332
744        2.40564
744        1.58455
744        3.58827
744        3.11655
744        5.43324
744      0.0446161
744         3.4097
744       0.689568
744        4.69675
744        3.39369
744        1.40713
744         2.0532
744        5.29005
744       0.947651
744        1.31735
744       0.957815
744        3.13702
744        4.88426
744        4.61187
744       0.879827
744         3.9197
744        6.22752
744        4.72956
744        2.91438
744        5.55426
744        6.07876
744        6.16459
744        1.32576
744        2.07799
744       0.244139
744        2.28954
744        1.23373
744        1.88619
744        3.39403
744        2.02646
744        5.82885
744      0.0758119
744        4.81168
744        4.98179
744        4.19739
744        6.27867
744        1.41296
744        1.47216
744        5.79847
744       0.244629
744       0.121664
744       0.596777
744       0.517719
744        1.57194
744        3.95049
744        1.66189
744        3.03858
744        3.92956
744         5.0045
744        1.32719
744        2.68169
744        2.54505
744        5.46143
744        4.06704
744        3.31484
744        4.39176
744        6.09315
744        2.83514
744        1.99246
744        5.18481
744        5.96887
744        4.08433
744        4.19883
744        4.28226
744        6.24519
744        2.56473
744        4.32476
744        2.74567
744        2.01537
744        5.60021
744        4.15045
744        4.88767
744        1.39428
744        6.00262
744        3.71221
744        1.02323
744        2.18478
744        4.48535
744        2.12888
744        1.59222
744       0.536536
744        1.90813
744        2.99672
744       0.683191
744         4.0932
744        5.97769
744        3.20365
744        3.26836
744       0.692176
744        5.34162
744        5.33272
744        5.27183
744        1.73069
744        5.33835
744        2.09284
744        2.78788
744        5.06722
744         5.9145
744        1.22556
744        5.08767
744        2.44604
744        3.17275
744        1.18158
744        1.81658
744        2.86616
744         5.6119
744         4.9879
744        1.37811
744        1.87229
744       0.204123
744        4.70425
744        4.54853
744        4.43532
744        1.39152
744        1.03602
744        2.19908
744        3.71005
744        4.81316
744        1.86838
744       0.758766
744        5.35027
744        6.20645
744        4.83182
744        1.20252
744        3.97154
744          1.057
744       0.411048
744        5.45996
744         5.7902
744        1.65542
744        3.14315
744       0.638594
744        1.76809
744        5.37272
744        4.33163
744       0.712357
744        4.72001
744        4.49982
744        0.99243
744        4.23377
744        4.69972
744       0.365478
744        1.23204
744         2.4917
744        5.87291
744        2.27051
744        4.82346
744        5.93413
744        5.44822
744        6.08532
744        3.64251
744       0.110111
744        1.62275
744        2.38904
744        1.00196
744        5.18357
744         1.6918
744        4.95342
744       0.498166
744        5.32127
744        5.22084
744        5.49358
744       0.136803
744        1.89514
744        5.05137
744        5.09657
744        1.39864
744        1.52731
744        4.57861
744        2.90099
744       0.637632
744        2.21097
744        2.16491
744        5.27996
744        2.02878
744        1.53075
744        1.49146
744        4.33001
744        4.34663
744        3.48416
744        5.95075
744        5.29532
744        4.04637
744        2.61708
744        5.11226
744        2.26756
744        2.14527
744        5.36682
744       0.142162
744        3.64608
744        5.12845
744        4.59287
744        5.86015
744        1.72198
744        4.50754
744        4.67918
744        2.49426
744        3.86042
744        2.46115
744         5.3995
744        5.96386
744        2.15459
744        1.72857
744        3.00096
744       0.275478
744        4.76948
744        2.20324
744        3.49667
744        5.68452
744        4.83584
744        5.15377
744       0.638552
744        1.46683
744        0.63361
744        1.36439
744        4.61103
744        2.90213
744        1.57128
744        1.10707
744        4.28022
744        2.24956
744       0.993641
744        3.46851
744          3.854
744        4.85902
744        2.34225
744        1.67142
744        4.43154
744        2.40739
744       0.103579
744        1.06323
744        4.08323
744        5.74216
744        5.55009
744        1.51125
744        3.91628
744        3.84348
744        1.76605
744        2.71261
744        5.59845
744        2.34623
744        3.99479
744        3.44996
744        1.33363
744        3.86017
744         0.3792
744        4.54501
744        1.85592
744        1.01415
744        5.81197
744        2.40785
744        5.87448
744        1.27034
744       0.541772
744        5.87512
744        2.87106
744        5.95716
744        3.90917
744        2.37658
744        6.25988
744        3.71584
744        1.21546
744        5.27811
744        5.57582
744        1.54428
744        5.25099
744        5.85693
744        5.05437
744        3.97156
744        2.06982
744        1.25257
744        2.46335
744        4.58216
744         5.6928
744        5.47059
744        5.71139
744        2.40646
744        4.54569
744        4.90174
744        4.09644
744        4.46045
744        5.08389
744        3.21103
744        1.42434
744        4.27346
744        5.20977
744        5.82891
744        3.81838
744        4.09271
744        2.12487
744        1.31652
744        1.67407
744        3.23011
744        2.74595
744         4.7221
744        5.26243
744        4.93285
744        3.99605
744        1.52643
744        4.34874
744        4.55572
744        2.12417
744        1.13089
744        5.42711
744        1.62353
744         1.2478
744        4.28674
744        5.46246
744        1.06824
744          4.782
744        2.90815
744        4.58014
744        1.94401
744        2.71701
744        4.71334
744        5.10888
744        1.17717
744        0.49589
744        1.57159
744        5.52848
744        1.66514
744       0.750388
744        3.73674
744        5.57674
744        5.79726
744        1.22584
744        6.23707
744        3.28261
744        2.01393
744        6.04885
744          2.327
744        5.04928
744          4.141
744         3.0757
744        2.65597
744        4.94259
744         4.8037
744         2.0448
744        3.38026
744        5.33699
744        3.56318
744       0.905117
744        1.85049
744        4.04005
744       0.131006
744        3.86799
744        1.34823
744        4.24892
744       0.762391
744       0.540055
744         4.0498
744        2.39445
744       0.180998
744        2.62487
744       0.810861
744        3.61657
744        4.35058
744        2.51229
744        2.02016
744        3.22798
744        1.93332
744        5.02258
744        4.45459
744       0.738311
744        2.44307
744        2.51161
744        4.45884
744        5.01704
744        5.37712
744        2.93635
744         3.9442
744        3.60928
744        1.44379
744        5.56444
744        5.83274
744        0.68046
744        1.91688
744        4.78566
744        2.34131
744       0.381313
744        3.09878
744        5.33051
744       0.400102
744        1.84149
744        2.26478
744       0.500799
744       0.340644
744        4.70034
744        5.22821
744        4.31865
744        2.16698
744         4.5536
744        5.25059
744         3.8768
744        5.87062
744        2.89729
744         2.3109
744       0.717369
744        6.28137
744        5.89621
744        4.91981
744        1.14847
744       0.730122
744      0.0329452
744            2.5
744       0.508623
744        2.76485
744         4.4685
744        3.09324
744        5.89299
744        4.72234
744        3.86137
744        2.48629
744        3.26229
744       0.171101
744         2.0331
744         0.5359
744        2.22873
744         3.3025
744        1.35194
744         6.2232
744        2.89354
744        4.58766
744        5.23911
744        5.76612
744        3.37029
744        3.48394
744        6.00142
744        2.10686
744        1.83561
744        6.13236
744        5.32237
744        1.46519
744        1.16495
744       0.273647
744        2.44409
744        3.73847
744         4.8373
744       0.477077
744       0.894524
744        6.10173
744        2.76101
744         4.7841
744       0.838169
744        1.34605
744        5.89776
744        4.31869
744         4.6114
744        1.67475
744        3.49933
744        2.80704
744        1.33102
744        1.33364
744       0.897943
744        4.28809
744       0.495439
744       0.400375
744       0.606892
744        5.82835
744        3.90615
744       0.913781
744        4.72336
744        1.24073
744         3.9676
744        4.10224
744        2.06087
744        2.89619
744         1.5028
744         3.8496
744        1.41783
744        4.13222
744        2.08407
744       0.376471
744        5.39655
744        2.84466
744        5.15281
744        6.01541
744        2.11864
744        4.76876
744        1.65133
744        5.66431
744       0.383202
744        3.69693
744       0.884701
744        2.27926
