367        5.47066
367        5.20271
367       0.138278
367        1.26374
367        4.33856
367        4.78602
367         1.1695
367        5.43824
367        2.03563
367        1.73577
367        5.39026
367        1.60253
367        2.93483
367       0.813681
367        1.43957
367        4.23569
367       0.848926
367        1.28629
367        5.27083
367        2.60433
367        4.80318
367        2.29513
367         2.6101
367        5.61332
367        5.42363
367        5.83009
367        2.47324
367        5.28513
367        4.38124
367        1.81019
367        4.61083
367        5.22559
367        1.65594
367        4.68344
367        3.49499
367        2.87008
367        2.71338
367        3.39152
367        2.03569
367        3.82583
367         1.8703
367        2.48808
367        2.20918
367       0.206078
367        4.51733
367        2.27096
367        5.16926
367         6.0066
367        1.43171
367        2.70451
367        3.50216
367        3.31792
367        6.20094
367        4.89061
367        4.07549
367        2.22392
367        4.97939
367        1.53003
367       0.332978
367        4.34053
367        4.02263
367        2.04009
367        4.99724
367        3.46549
367        1.19832
367        5.07035
367        4.58386
367          5.162
367        1.21191
367         1.7451
367        1.45209
367        2.23256
367      0.0729345
367        5.39513
367        3.92823
367        3.76413
367        6.05085
367        4.77217
367        2.91604
367        4.71847
367        5.30349
367        3.92811
367        5.22466
367        6.10131
367        5.76352
367        6.19947
367        5.34739
367       0.321637
367        4.44676
367       0.669106
367        1.87816
367         5.3653
367        5.97217
367        5.93148
367        4.32679
367        5.84501
367        2.30553
367        1.12497
367        2.27282
367        2.39871
367        3.21363
367      0.0604665
367        2.12129
367        4.00999
367        2.73246
367        4.76794
367        3.49861
367        4.27792
367        4.82512
367        5.14204
367        5.93066
367        4.19123
367        5.96639
367        2.77648
367        1.37861
367        2.70533
367        2.76935
367        4.52998
367        2.61629
367        5.03905
367        4.22965
367        2.26893
367         5.3694
367        5.01782
367        2.79974
367         1.2944
367         5.2104
367        5.43491
367        3.25182
367         4.6486
367        6.11419
367        2.85251
367        5.49455
367        5.05591
367        3.05127
367        3.20898
367        4.85658
367        2.27257
367       0.313557
367        4.23397
367        5.80337
367        5.61972
367         2.5391
367         4.7442
367        2.13476
367        5.97131
367        5.05281
367        5.47081
367        3.05815
367        5.60748
367        1.27896
367        5.38428
367        0.27406
367        2.23656
367        5.75738
367       0.159695
367        5.70861
367         4.1301
367        3.31239
367        6.16247
367        1.26499
367        5.79444
367        2.35635
367          1.938
367        4.79056
367        4.52452
367       0.845895
367        2.98992
367        1.83719
367        1.49855
367        4.61213
367        5.71916
367        5.78033
367        3.71666
367        6.15039
367        2.94617
367         4.9496
367        4.28521
367        1.38376
367         1.5093
367        3.07802
367        1.93135
367        2.22493
367        1.64306
367        3.21023
367        2.23837
367        4.74764
367         2.0431
367         2.5192
367        6.27504
367        2.68535
367       0.275917
367        3.99748
367        3.52477
367        4.33793
367        5.70204
367        3.79675
367        2.71921
367        4.78014
367        4.61212
367        5.10398
367        6.19971
367        2.22728
367        5.71085
367        3.47003
367        5.06372
367        4.91576
367        2.27699
367        2.52605
367      0.0208873
367         1.1015
367        4.78149
367        5.63821
367        2.76837
367        6.13617
367      0.0226246
367        4.66219
367        2.17063
367        3.97988
367          2.978
367        3.12049
367        2.23434
367        1.88951
367        5.89529
367        5.46401
367      0.0812101
367       0.157415
367        5.03791
367       0.777494
367        4.90015
367         4.2704
367        2.49816
367        1.00596
367        1.70201
367        1.67003
367        3.11748
367        6.09047
367        5.59525
367        1.65732
367        4.35471
367        1.38956
367        5.25819
367        5.86049
367        5.00045
367        2.91638
367        5.29682
367        3.46655
367       0.398892
367        1.35669
367        1.48242
367        1.77985
367        2.31849
367        5.33491
367         5.3037
367        4.61715
367        2.88264
367        5.85127
367        5.18748
367         1.4781
367        5.24494
367       0.337724
367        5.92354
367        4.81619
367        5.49576
367        5.62485
367        2.10457
367        6.05647
367        4.24572
367        2.77371
367        2.92049
367        1.13327
367      0.0229985
367        1.18239
367        5.27183
367        2.07874
367        5.74459
367        4.88254
367        5.01984
367        4.34072
367        2.04751
367        5.26375
367        5.29105
367         6.1768
367        3.33605
367        1.31091
367        2.08783
367        2.59278
367       0.694373
367        4.35671
367         1.9429
367        1.59025
367        1.84341
367        5.31801
367        5.24611
367        5.21665
367        5.24369
367        4.49335
367        2.42383
367        3.02984
367        2.93969
367         2.6006
367        5.78002
367        3.97201
367        5.22201
367        5.63725
367        1.83961
367        4.81307
367        1.99907
367       0.946201
367        1.65115
367        5.31679
367       0.414318
367        6.14922
367       0.705423
367        2.74166
367        1.99407
367         5.4774
367        5.48096
367        1.81434
367        1.28731
367      0.0552082
367        1.41004
367        5.66109
367       0.202219
367        2.18436
367        3.21682
367        1.67508
367        3.16409
367        2.10052
367        2.32298
367        2.74422
367        5.93552
367         1.3305
367         2.5428
367        4.64197
367        5.19635
367        4.82094
367        2.42376
367        4.84189
367        5.34456
367        2.76328
367        3.97113
367        2.21307
367        2.62104
367        2.15723
367        2.50219
367        4.99346
367        5.37383
367        2.36803
367        5.10229
367        5.64609
367        5.73253
367        2.24472
367       0.592097
367        2.21338
367        3.67139
367        1.67547
367        4.61411
367        5.52651
367        5.95441
367        2.98343
367        1.36676
367        1.99428
367       0.804251
367        4.43432
367        3.25418
367        5.86622
367        2.92501
367        4.98319
367        1.31661
367        4.56616
367        4.76495
367        6.22157
367         4.2466
367         5.3461
367        4.74193
367        4.97297
367        5.53235
367        2.79547
367        3.65265
367        2.01755
367        5.51435
367        3.18909
367        1.54859
367        4.77386
367         3.3387
367        5.48831
367        5.33724
367        2.04038
367        5.16426
367        2.45056
367       0.475385
367        1.35319
367       0.964755
367        5.26247
367        2.81432
367        5.10177
367        5.85441
367        5.51868
367        1.80327
367        1.28954
367        5.57125
367        5.98975
367        2.28262
367        4.59985
367        3.14718
367        1.13925
367         2.3355
367        1.76653
367        2.50628
367        2.33165
367        1.68936
367        3.74306
367        5.75685
367        2.27471
367        3.65899
367        5.29657
367        3.95214
367         5.8565
367       0.124106
367        2.82248
367        4.62106
367        1.13524
367         5.4585
367        0.15679
367        5.74492
367        3.40209
367        1.92967
367        6.11127
367        5.32797
367         4.7321
367         4.0373
367        1.82592
367        2.30021
367        4.73962
367        4.61399
367        2.79607
367        5.57029
367       0.603696
367        2.68617
367        2.09084
367        4.29884
367        1.84038
367        4.95568
367        1.25802
367         2.2615
367        2.81462
367        6.10438
367        3.71462
367        4.70688
367        1.70856
367        1.59056
367        2.33125
367       0.989996
367        1.77056
367        2.86679
367        6.14274
367        6.01849
367        5.05961
367        5.13554
367        2.39633
367        3.21638
367        1.08746
367        4.91579
367        4.94114
367        2.67312
367        2.59307
367        5.03066
367       0.784024
367        5.50998
367        1.58464
367        2.82984
367        3.83831
367        3.16881
367        3.26716
367        1.97983
367        5.66038
367        5.43073
367         5.6946
367         1.4735
367        6.07242
367        3.40725
367         2.8149
367        5.65698
367        2.86234
367         3.1371
367       0.718721
367        1.24966
367        5.21881
367        5.62224
367        5.21517
367        1.02293
367        5.77104
367        2.71717
367        4.74131
367        3.88047
367        5.76817
367         1.6027
367        1.26599
367        4.91443
367       0.239766
367        4.23402
367        4.42367
367        2.14477
367        1.46904
367        6.08654
367        5.09043
367         3.7897
367        5.85613
367        4.60538
367        1.03523
367        4.54903
367        1.71538
367        5.56717
367        4.58327
367        5.99825
367        5.44816
367         2.3577
367        2.94746
367        3.09303
367        2.26877
367       0.488588
367        3.08513
367        2.21807
367        4.23443
367         1.5828
367        2.72332
367        4.27475
367        2.67015
367        5.56309
367       0.461624
367        0.18943
367         5.0507
367        2.70937
367        2.26745
367        2.25181
367        3.84761
367         6.0668
367         2.9592
367        1.34755
367        2.52661
367        5.04975
367        1.92053
367        1.38851
367        1.28895
367        5.86526
367        5.66796
367        5.93313
367        6.27301
367         4.7254
367        4.94711
367        3.63835
367        5.53324
367        2.86679
367       0.318601
367        4.64359
367        1.49995
367          6.068
367       0.626397
367        1.26645
367        2.58078
367        3.83308
367        5.47856
367        1.86687
367        6.08233
367       0.434228
367        2.62978
367      0.0542556
367        5.26614
367        1.32394
367        5.14922
367        3.24431
367        1.80946
367        5.38325
367        5.56331
367       0.940005
367       0.171158
367        2.09304
367       0.648665
367        2.13485
367         5.4545
367       0.304977
367        1.81567
367        2.85939
367        5.54156
367         3.8826
367        3.36239
367        4.15737
367        3.93322
367        5.63189
367         5.6732
367        3.37827
367        5.11332
367        1.63898
367          4.719
367        4.95834
367        1.42439
