483        5.87054
483        5.86132
483        2.73199
483        3.10041
483        2.23278
483        1.86095
483        4.93692
483        2.73928
483        1.51894
483        2.44699
483        3.90467
483        1.94378
483        3.43322
483        3.17405
483        2.57247
483        1.27229
483        5.37155
483        2.75247
483        2.82118
483        2.19053
483        1.98623
483         3.7115
483        5.74672
483        5.07922
483        2.97378
483        4.09728
483        4.45584
483        1.13591
483       0.950265
483        5.78497
483        2.92905
483        1.09434
483        2.39535
483        1.13186
483       0.249458
483        4.57624
483        1.50069
483        4.83852
483        3.60173
483      0.0898348
483        4.75963
483        5.00195
483        4.02754
483        3.17331
483        5.62017
483        5.26021
483        4.15621
483        4.53343
483        4.99593
483        2.75744
483        2.78283
483      0.0113281
483        2.18497
483        4.56594
483        5.28581
483         3.4845
483        1.44671
483        6.10155
483       0.542565
483        3.61136
483        5.14645
483        2.90907
483        3.18262
483        2.11235
483        1.31102
483        2.11898
483        1.90621
483        5.06139
483        1.60918
483        5.34283
483        4.58748
483        1.78667
483        5.95318
483        2.84004
483         5.9956
483         4.6026
483        3.24347
483        1.48099
483        5.08253
483         2.0319
483        2.15805
483        3.32918
483        2.80316
483        4.74764
483        5.86702
483        4.76839
483        5.07245
483       0.892031
483         2.8668
483        4.80732
483        4.39092
483        3.32154
483        3.27434
483        1.78509
483        5.32999
483        2.36008
483         1.8857
483        3.31566
483        5.39953
483        5.03632
483        1.94163
483       0.462767
483        5.31742
483        5.43396
483        4.91914
483        5.57459
483       0.620948
483        2.01814
483        5.05826
483        0.66386
483        3.41009
483        2.20085
483        3.02942
483         3.3058
483       0.593758
483         1.8808
483        2.55482
483        4.08448
483       0.542297
483        2.19401
483        3.16292
483       0.954511
483         1.7755
483          5.484
483        1.11971
483        4.65846
483        2.70065
483        2.08244
483        3.76432
483        1.10354
483         4.4814
483       0.114368
483          2.586
483         2.0251
483        2.26595
483         2.2452
483        5.97346
483       0.382616
483        4.28306
483        2.39885
483        3.11759
483        5.23688
483      0.0790981
483         3.1588
483        1.59579
483        4.00403
483       0.915375
483        2.19615
483         5.4144
483         4.8712
483        3.78517
483        4.62178
483        3.47692
483        2.98713
483        3.61253
483        2.44683
483        6.19805
483        5.82503
483         2.2611
483        4.65311
483        4.98918
483        2.82385
483        2.13245
483        4.92032
483        4.13793
483        4.61537
483        3.27504
483        5.63037
483        6.00561
483        2.23425
483        4.49566
483        3.78512
483        3.59127
483        2.51152
483        2.22613
483        2.77593
483        2.26191
483        4.44078
483        4.45841
483        4.57137
483        4.44519
483        5.83037
483       0.413097
483         5.0904
483         1.6366
483        3.90651
483        3.97108
483        5.83622
483        1.00318
483        6.13407
483       0.100962
483        2.81809
483        3.95093
483        1.67001
483        1.90526
483        5.05178
483        5.76257
483        1.05379
483         3.5627
483         1.8071
483        2.65746
483        4.40981
483        3.16354
483        1.57623
483        2.17346
483        2.90022
483        2.90831
483        4.79014
483        4.38091
483        6.04022
483        2.29488
483        6.21265
483       0.300248
483        2.81594
483        1.74866
483        2.92307
483        5.38714
483        3.42984
483       0.619993
483        5.93111
483       0.537858
483        2.53876
483        4.46528
483          1.558
483        5.67751
483        5.91052
483        1.64362
483      0.0025945
483        1.77506
483        1.92985
483        3.05644
483         4.4225
483       0.733202
483        3.38138
483        4.30098
483        6.05521
483        5.69779
483        4.67799
483         4.2537
483        4.70853
483        2.44453
483        2.18175
483        5.95863
483       0.810324
483        1.10227
483        2.68418
483        2.10856
483        1.98835
483        2.85048
483        2.66828
483        3.44417
483        1.55627
483        1.70739
483        5.17573
483         3.3548
483      0.0348802
483        4.50014
483        1.46465
483        1.75457
483        2.72246
483        6.08345
483        1.87994
483        6.20846
483       0.167529
483        5.43639
483        2.73551
483       0.649587
483        6.12011
483        1.46492
483        5.61546
483        2.85079
483        2.20546
483         1.9328
483        3.23871
483       0.792366
483        4.11496
483        2.41457
483        5.94512
483        3.28459
483        2.66606
483        6.13433
483        1.06283
483        2.86289
483        3.07231
483        6.13341
483        1.39257
483        5.04534
483        2.43416
483        6.21003
483        3.33533
483        5.01602
483        5.22576
483        2.55352
483        4.33774
483         3.5199
483        5.43633
483        5.27551
483        1.68991
483        5.34787
483          5.506
483        1.16348
483        5.65438
483        5.25655
483       0.245599
483        3.20946
483       0.809597
483        5.55272
483        1.66518
483         4.3786
483        5.80028
483        5.34321
483        5.22289
483      0.0339967
483        5.21324
483     0.00945022
483        6.18148
483        2.73215
483        1.17903
483        4.86579
483        5.99393
483        2.07684
483        0.17093
483        5.11335
483        1.08637
483        5.14363
483        3.68477
483        5.74858
483        3.54752
483        5.32171
483        2.03042
483        3.24781
483        3.08917
483         3.8029
483        4.44482
483        6.14372
483         1.0213
483         5.5434
483        4.73925
483        2.26451
483       0.976724
483        2.78389
483         2.5924
483        4.74078
483        6.23865
483        4.81987
483         5.4826
483        1.78898
483        3.60165
483        3.09953
483        5.79349
483        4.99532
483        5.37485
483        2.82207
483        2.93484
483          2.426
483        5.98132
483        3.00537
483        2.49229
483       0.170587
483        4.93074
483       0.381771
483        3.43204
483        3.40562
483       0.838561
483        3.82263
483        5.29582
483        5.86607
483        2.07919
483        1.06897
483        6.25229
483         2.2839
483        6.26392
483        6.04088
483        5.13332
483        1.02861
483        2.02462
483        4.26049
483        4.87852
483         5.2819
483        4.88015
483        3.88848
483        5.19067
483        5.58201
483        1.40353
483        4.98092
483        4.41837
483       0.118308
483        1.60148
483        5.48813
483         4.0817
483        1.77265
483        5.04169
483        6.22503
483        2.79534
483         1.1586
483        5.66841
483        3.00137
483        4.67939
483        2.40971
483        4.22368
483        6.18327
483        2.63771
483        3.13515
483        3.87593
483        5.57564
483        5.43603
483        2.77998
483         2.1843
483        2.64148
483        2.41398
483          5.051
483        2.43851
483        3.54007
483        4.79975
483        4.39464
483        3.07867
483        1.33193
483        4.88654
483        4.30721
483        1.52158
483        1.81234
483       0.270258
483       0.256493
483        4.09207
483        1.50731
483       0.712242
483        5.90348
483        1.60766
483        2.75974
483        4.95878
483        2.69725
483        2.22595
483        2.43331
483        4.44493
483        5.29218
483        3.78454
483        3.67528
483         5.2439
483        2.37145
483        2.45556
483       0.959209
483        6.13033
483        1.64658
483        6.08352
483        1.44334
483        1.44393
483        1.06863
483        5.54976
483        3.27059
483          2.102
483        5.25875
483         2.0371
483        5.16855
483        1.94175
483        0.95814
483        5.52369
483         3.4256
483        4.93406
483        6.05958
483        4.29613
483        4.51702
483        4.86043
483        1.49811
483        1.14016
483        2.52095
483        5.09144
483       0.291021
483       0.272406
483        1.59163
483        1.41392
483        4.99527
483        2.53824
483        2.69463
483        2.62232
483        4.52779
483        5.57165
483      0.0602944
483        2.88142
483        4.73695
483        3.20545
483        2.53428
483        4.66766
483        4.95102
483        2.59867
483        4.78888
483       0.257703
483        4.43527
483         1.2113
483         4.9935
483        6.01097
483        1.70112
483        2.79121
483         6.1619
483        4.89383
483        3.34476
483        2.09917
483        4.73363
483        4.01744
483        2.48875
483       0.522309
483        5.43794
483        0.39095
483        5.21006
483        3.45188
483        3.36744
483        4.02942
483        2.51038
483        4.21775
483        5.31626
483        5.19919
483        4.92283
483        5.67392
483        2.48696
483        1.75389
483        1.28219
483        1.17939
483        5.38058
483        5.18719
483        1.96556
483        6.03039
483         1.0748
483        2.36968
483        4.66273
483        2.56036
483        3.31207
483        3.22009
483        5.96796
483        2.92761
483        1.91931
483         2.3664
483        1.08535
483        2.78892
483        2.20508
483        2.62042
483        2.77174
483        6.04163
483        1.64677
483        3.15952
483        1.18941
483        2.00877
483        1.57136
483        2.01826
483        1.88543
483        5.77452
483        0.49649
483        6.16549
483        5.42987
483        2.19249
483        4.39697
483        2.27259
483        1.21861
483        3.89937
483        3.12875
483         4.1716
483         4.7947
483        0.11054
483        2.90119
483        2.33079
483        2.25676
483        3.93003
483        1.97843
483         3.2231
483        5.18203
483        5.96342
483        2.10616
483        3.30474
483        5.89449
483        4.96379
483        2.94685
483        2.13666
483        5.72689
483        3.06771
483        5.65234
483       0.358304
483         1.5682
483        2.19227
483        5.32286
483         2.2299
483        4.87671
483        2.65589
483       0.379406
483        6.27862
483       0.506657
483        1.26931
483        5.20033
483        2.50884
483        5.27808
483        1.70601
483        5.58002
483        2.58386
483        5.11279
483        4.23834
483        1.90608
483        3.71451
483          2.554
483        4.44354
483        4.87722
483        5.07786
483        5.16468
483         1.9993
483        2.95284
483        5.46372
483         5.6591
483        5.08887
483        5.47949
483        5.84867
483        4.57532
483        2.83211
483        2.31477
483        5.13584
483        2.65806
483      0.0317479
483        4.67088
483        5.75552
483        2.52672
483        2.22845
483        5.45998
483        5.14243
483        2.03007
483        3.13197
483        0.61153
483        1.70169
483        4.62968
483       0.778295
483        2.57943
483        2.75317
483        4.79739
483       0.399982
483        4.15677
483        1.83726
483         2.4785
483       0.213239
483        3.76436
483        1.37224
483        6.24574
483        1.83966
483        5.62409
483        3.89326
483        2.33218
483        5.31178
483        1.29437
483       0.130359
483        2.87625
483         2.7031
483         4.5141
483         1.9649
483       0.901489
483        1.96996
483        4.18485
483        2.64792
483        2.59354
483        1.90469
483        3.80185
483        4.06368
483        4.33356
483        5.57458
483         2.0274
483        5.44097
483        1.16704
483        2.01239
483        3.02483
483        4.50362
483        1.16128
483         5.7345
483         2.3488
483        4.36165
483         5.4267
483        4.43053
483        2.58166
483        1.39372
483        5.53241
483        4.72709
483        1.30772
483        2.77377
483        2.57452
483        1.67629
483       0.832628
483        5.23159
483        4.79952
483        5.97955
483        5.94477
483        5.00402
483        4.67507
483         4.5405
483        2.10023
483       0.282108
483        1.40488
483       0.743279
483        1.17843
483        1.26503
483        2.26656
483        1.05705
483        4.33939
483        4.46948
483       0.457427
483        5.99475
483        6.08353
483        5.99579
483        6.06124
483        2.02227
483        5.74862
483      0.0113053
483        2.15487
483       0.675865
483        6.25542
483        2.81334
483        6.10915
483        5.50838
483        2.99923
483        1.21203
483        1.73339
483      0.0197465
483        5.78746
483        2.81174
483        5.44549
483        6.09661
483        1.69199
483        3.62702
483        5.45983
483        6.24236
483         6.0229
483         4.4708
483        5.23526
483        4.67836
483        3.12183
483        3.41607
483        2.18356
483        1.58751
483        3.80432
483        2.75944
483        3.38641
483        4.39538
483        4.56806
483        2.63781
483        0.65781
483          5.986
483        5.16934
483        2.14059
483        5.89669
483        6.23696
483        2.15244
483        5.41097
483        3.47424
483        6.07847
483        5.16335
483        4.58382
483        5.59479
483        5.37154
483        2.43673
483        2.21668
483        1.82735
483        4.61916
483        2.99629
483        2.11996
483        5.95314
483         1.2054
483        5.84942
483        4.57304
483        2.94275
483        5.46469
483       0.790058
483        2.56307
483        1.93983
483        6.14299
483        3.37571
483        4.73001
483        5.19151
483        4.85638
483        1.25611
483       0.574597
483         3.5901
483        2.14313
483        2.33143
483        4.85885
483        6.15531
483         4.1565
483        1.16247
483        3.49515
483        1.82302
483        2.39416
483        2.35869
483        4.85631
483        4.85027
483        1.58556
483        4.88939
483        1.83311
483        2.80994
483         3.8867
483        3.89237
483      0.0107383
483        1.64682
483       0.358775
483        1.31242
483        2.26696
483        2.06285
483        1.68452
483        1.78644
483       0.721307
483        5.26433
483        3.35482
483        3.71517
483        3.15145
483        5.82062
483        3.10956
483        4.20919
483        6.22064
483         5.3399
483         4.8008
483        6.27016
483         1.1569
483        4.05452
483        3.92388
483        4.73398
483        1.07689
483        5.32838
483        5.06232
483        5.22737
483        3.11223
483        5.75774
483        3.18059
483        6.13139
483         3.1572
483        5.67876
483        5.03029
483        1.77154
483        2.68139
483        1.37966
483        3.50915
483         4.9592
483        5.54924
483        2.48951
483       0.135084
483        1.73644
483        3.80706
483        6.26472
483        4.08485
483        1.70032
483          3.044
483        5.51607
483        1.42512
483        2.75725
483        2.14665
483        2.51467
483        3.77958
483        4.95134
483        2.60637
483        6.27412
483      0.0522226
483        5.19013
483        5.95524
483        0.66709
483        5.67764
483        3.59184
483        5.65415
483        2.07913
483        2.62303
483        4.26367
483        2.41903
483       0.158404
483        3.07888
483       0.298538
483        5.56043
483        3.24986
483        3.00379
483          3.268
483        2.04739
483        6.00819
483        5.57844
483       0.601747
483        2.29187
483         5.6425
483        4.22821
483        2.74386
483        5.86191
483        4.87641
483        2.52926
483        5.41758
483        4.69068
483         1.6696
483         6.0599
483        2.85575
483        4.60842
483        1.12802
483       0.327917
483        4.46367
483        5.22599
483        5.06098
483        4.63897
483        6.20009
483        2.53059
483        2.08083
483        5.77707
483         1.5193
483        3.23402
483        4.92994
483         2.9522
483       0.417476
483        2.47383
483        2.15323
483         1.3198
483        5.75885
483        2.78517
483         4.6802
483       0.473782
483        2.21802
483        3.38387
483        3.28755
483        4.05384
483         4.4618
483        3.70823
483        5.91085
483       0.446146
483        2.81151
483        4.74353
483      0.0067473
483        4.41034
483        5.56617
483        2.95184
483         3.1809
483        4.67362
483        2.94657
483         5.0101
483       0.337902
483        3.48905
483        4.00551
483       0.590688
483        6.14983
483        4.47247
483        5.01307
483         3.2554
483        4.56328
483        2.05475
483        3.91006
483        4.62132
483         2.2444
483       0.232519
483         1.6693
483        2.63088
483        5.27139
483        5.76508
483        4.88911
483        4.35356
483        1.54818
483         1.2214
483        2.27457
483        1.44787
483        2.21897
483        5.78551
483        5.08147
483        1.39321
483        2.77512
483        5.37312
483         6.2774
483        2.59649
483        3.98292
483        4.64887
483        2.19099
483        5.83852
483        1.33511
483       0.635851
483        1.14945
483        1.48649
483        1.57486
483        4.47163
483        2.31979
483        5.24197
483         5.0622
483        1.84136
483        5.25568
483        3.88207
483         6.1051
483        4.87939
483        5.07097
483        5.45918
483         2.1888
483       0.540915
483        1.71514
483       0.992233
483        4.45988
483        3.21553
483        2.67974
483       0.482205
483        4.80785
483        5.48353
483         1.8482
483        1.11827
483        1.24065
483       0.635589
483        5.81062
483        1.77845
483        2.73325
483        2.22057
483        6.03038
483        4.65379
483          5.938
483        2.54135
483        2.50916
483        3.28211
483        5.82425
483        2.31257
483        0.46146
483        2.29102
483        2.43692
483        4.27777
483        4.84099
483        2.23634
483         4.6146
483       0.900301
483        2.97646
483        2.86299
483        5.51472
483        5.02882
483        2.81074
483        1.20332
483        5.70173
483        3.01556
483        2.65665
483        4.15059
483      0.0762903
483        4.54585
483        2.67364
483        1.92826
483         5.2792
483        2.63378
483        1.48027
483        4.18159
483        4.80995
483         5.8271
483        1.16344
483        5.30497
483        5.12623
483       0.083306
483        6.08017
483        4.86791
483        5.72246
483        5.38156
483        2.08239
483         5.1264
483        4.36931
483       0.049357
483        2.25028
483        1.79273
483        4.28968
483        1.80635
483        4.93142
483        4.71157
483          5.565
483        4.40557
483        2.93117
483       0.182184
483        2.32738
483        3.56137
483        4.99348
483        4.26443
483        1.98398
483        0.10416
483        5.86805
483        5.18149
483        5.53799
483        3.47116
483        2.16077
483        3.09519
483        4.83824
483        1.74225
483       0.430325
483        5.17919
483        2.22593
483        5.59424
483        6.22087
483        1.35395
483        1.50023
483        3.20416
483        6.22917
483        3.83233
483        2.90407
483        4.85554
483      0.0444472
483        3.26063
483        3.10979
483         3.1844
483        5.24039
483        4.71149
483        4.91404
483        3.37074
483        4.35492
483        2.02708
483        4.81542
483        5.57015
483        2.25672
483        4.65705
483        5.23748
483        3.12116
483        2.89386
483        2.62292
483        5.54214
483        3.79985
483        2.21696
483         5.5208
483        1.07526
483        3.71185
483       0.362891
483        1.92375
483         4.5421
483        1.53944
483        4.98292
483        0.37702
483       0.807445
483        2.31614
483        3.39453
483        4.92674
483       0.158648
483        3.28736
483        1.83833
483        3.08421
483        4.90906
483        1.90962
483        1.64123
483        2.00657
483        2.14131
483        2.34239
483        4.66643
483        5.16479
483        5.77562
483        4.37005
483        1.25809
483        5.23161
483       0.145489
483        5.31761
483        1.11092
483        5.50643
483        4.52053
483       0.961016
483        2.27105
483        5.22692
483        3.02987
483       0.111654
483        4.02606
483         5.3134
483        1.97315
483        5.19533
483        3.68602
483        5.17612
483        0.58341
483       0.245257
483        2.48888
483        2.10492
483        5.13589
483        3.52655
483        4.84916
483        4.62052
483         1.5293
483        1.58242
483        5.73164
483        6.00421
483        3.17026
483      0.0652491
483         2.5904
483        5.41438
483        5.92399
483        1.95868
483        1.09461
483        5.78275
483        1.68023
483        0.61636
483        4.89324
483        4.70359
483     0.00278233
483        5.90532
483        2.48358
483        5.56454
483        1.86083
483        4.66726
483        2.33823
483        5.83645
483       0.934449
483        4.45418
483        3.38782
483        5.60956
483        5.89222
483        4.63222
483        6.12298
483      0.0577781
483        6.05777
483       0.845268
483        5.99405
483        4.87868
483        3.08983
483         1.8909
483        5.11387
483        2.28809
483        3.65805
483         1.8337
483        3.21533
483        5.91561
483        4.53439
483        6.21758
483        5.80594
483        2.24458
483        3.48693
483        2.73125
483        2.60214
483        5.05665
483        4.65686
483        6.28254
483        3.30029
483        3.70899
483        1.56507
483        2.03786
483        2.55425
483        4.58664
483        4.10795
483        3.07652
483         3.0424
483        2.53066
483        3.19309
483        5.89025
483        2.14191
483        2.83477
483        2.28319
483        4.28553
483      0.0315412
483        2.71726
483       0.192554
483        5.07613
483       0.959042
483        2.21627
483        4.18317
483        4.88368
483        2.94492
483        1.66564
483        3.41335
483      0.0565068
483       0.945838
483        2.46925
483        5.42469
483        4.36879
483        3.82643
483        2.31505
483        2.26665
483         4.7229
483        2.33437
483        1.08332
483        1.75086
483        4.13588
483        2.76857
483        4.73594
483        5.24942
483        3.25584
483        4.67347
483        4.88395
483        5.53335
483        2.24702
483        1.60411
483         4.1371
483        1.69141
483        4.39869
483        2.56289
483        1.70074
483        3.60863
483        6.09637
483        5.32587
483        1.68859
483         2.9214
483        1.21858
483        3.16316
483        4.45603
483       0.166144
483        4.93087
483        6.27809
483        1.46688
483        4.10601
483        2.15427
483        3.39413
483        1.61073
483        1.70662
483        4.59627
483        1.16722
483       0.502423
483        2.92829
483        5.95859
483        2.38505
483         3.6377
483        4.80049
483        3.31708
483        5.68003
483        1.57509
483        1.53831
483        5.30718
483        3.70605
483        3.73979
483        5.48776
483      0.0827727
483        5.18354
483        5.63681
483        1.18943
483      0.0357636
483        5.04107
483        4.76785
483        5.73923
483        2.78373
483        4.30753
483        6.05103
483       0.240751
483        4.50437
483        1.67983
483        2.07745
483       0.260119
483        6.10995
483         4.5221
483        4.95798
483         4.5792
483        3.93235
483        2.31986
483        4.33873
483        4.97318
483         4.9644
483        2.56336
483        5.96352
483        5.01463
483        2.91081
483        4.18298
483        1.59609
483        5.92578
483        4.13488
483        2.05079
483        5.27749
483        2.18507
483         5.7812
483       0.811618
483        2.75261
483        1.82632
483        5.27007
483         5.2205
483        2.14637
483        3.32586
483        2.51101
483        2.55877
483        4.70007
483        2.73006
483       0.726534
483         2.4287
483        2.15267
483       0.573876
483        5.62112
483        3.29795
483        5.54583
483        4.66065
483        2.28752
483        2.66624
483        1.42472
483        3.53426
483        2.85285
483       0.276856
483        2.21135
483         4.2683
483        5.30594
483        2.69408
483        2.15163
483        5.67845
483        4.71216
483        1.36103
483        6.10644
483         5.3197
483      0.0617193
483        4.26687
483        4.83116
483         2.3277
483        1.32341
483        5.81804
483        5.00198
483        6.25693
483        5.78693
483        2.37275
483        5.15777
483        4.89573
483        3.31063
483        3.01079
483        3.83673
483        5.92623
483        2.31032
483       0.214392
483        4.83479
483        5.07323
483        5.41837
483        5.84629
483        2.62528
483         5.1484
483        4.51508
483        3.00895
483        5.93856
483        1.88944
483         5.7683
483        5.16716
483         5.4782
483        2.80508
483        1.66735
483        4.33712
483        1.80711
483        6.21885
483      0.0997462
483       0.752835
483        4.87284
483        2.77404
483        4.72163
483        5.57161
483        5.12201
483        2.56111
483        5.78328
483         4.3067
483        2.10962
483        5.92173
483        1.75087
483        3.26797
483        3.15954
483        1.24014
483        2.81446
483        5.70143
483        3.58609
483      0.0772394
483        6.07383
483        5.19163
483       0.767592
483        1.08431
483        5.78972
483       0.550649
483        4.93967
483        1.30006
483         5.1341
483         3.6568
483        4.14756
483        1.06887
483        1.73202
483        5.22615
483        3.86743
483        3.14205
483        4.84421
483       0.698222
483        5.61699
483        1.63628
483        1.44165
483       0.313942
483        4.94156
483        2.11375
483        2.43794
483        3.88416
483        3.84092
483        2.77408
483       0.249217
483        2.03042
483        5.23691
483       0.711936
483        3.48065
483        5.58565
483        2.83147
483        5.64754
483        2.86204
483       0.135928
483        2.17635
