109        1.20504
109        4.90847
109        2.19007
109       0.248276
109       0.435904
109        1.58792
109        1.31274
109        1.70206
109        3.59778
109       0.371052
109        5.28056
109        1.84259
109       0.555951
109       0.212252
109        1.23866
109     0.00251254
109        3.16036
109        5.26077
109         4.3956
109        1.99252
109        4.42794
109        4.56375
109        3.73318
109       0.171039
109        2.34464
109        4.28522
109        0.56765
109        1.82941
109       0.428152
109       0.105314
109         5.3555
109        2.06233
109        4.79695
109        6.27125
109        2.53479
109        5.01714
109        3.93441
109        4.92372
109         5.3767
109        2.46805
109        2.17073
109        3.98633
109        3.63199
109        3.71778
109        1.19714
109        0.82494
109        1.58787
109        5.37158
109        5.07201
109        1.89411
109        2.61526
109         5.0021
109        4.26381
109       0.358799
109         5.8466
109        5.41542
109        5.32221
109       0.343911
109        2.31982
109      0.0549037
109        3.22867
109        1.50592
109         6.2528
109        1.49124
109        5.17863
109        5.55392
109       0.600556
109        4.02366
109        3.46515
109        4.42413
109        5.38702
109         3.8583
109        4.91279
109        1.01329
109       0.964053
109       0.348159
109        3.82139
109        1.25557
109        4.41465
109        1.36581
109        4.39317
109        5.05772
109        3.94808
109       0.937783
109        1.66785
109       0.148747
109        4.32448
109        1.44143
109        3.03018
109         1.7791
109        0.90705
109         3.6728
109          4.239
109         1.7918
109        3.85482
109        1.99897
109        5.14981
109         1.2805
109        1.10077
109        1.41072
109        4.11733
109        4.11265
109        2.16696
109        2.95271
109        2.83799
109        1.48694
109        3.68776
109       0.896848
109        2.06918
109        5.64779
109       0.671445
109        1.55768
109        1.99867
109        3.57527
109        1.34463
109        5.47178
109        1.59694
109         2.8158
109        5.81622
109        3.01508
109        4.01061
109        3.66537
109        1.38225
109         4.3873
109       0.299935
109        6.00434
109        3.93241
109         3.6854
109        3.63609
109        4.61292
109        5.12647
109        0.34329
109        1.13806
109       0.227895
109        0.86961
109         5.6025
109        4.01987
109        0.88262
109        4.66008
109        3.03041
109        1.15039
109       0.315483
109        3.83748
109         5.2252
109        4.21239
109       0.725396
109        1.99108
109        1.93314
109        1.68278
109        4.19691
109        2.71265
109        3.80383
109        5.32159
109        1.73987
109        1.61992
109        2.11905
109        1.32493
109        1.23688
109        3.41673
109        5.33512
109        3.92417
109        5.22329
109        1.39952
109        4.29217
109          1.438
109        1.93187
109        4.28339
109        1.79949
109        4.95886
109         6.1203
109        4.55162
109        3.35598
109        1.12905
109        4.96227
109        1.60783
109         1.9921
109        2.27629
109        3.92101
109         5.4212
109        0.12846
109        3.77262
109        5.76759
109        1.80961
109        3.98612
109        3.83205
109        2.96805
109        2.52466
109        4.08276
109        3.73427
109        3.01938
109        5.40193
109        5.02005
109        4.38335
109        4.06688
109        2.79518
109        6.08253
109        1.23103
109        1.09313
109       0.103367
109        3.09144
109        4.80824
109        1.73895
109        1.42593
109        1.80779
109        1.53096
109        2.41566
109        1.91353
109        5.18933
109         3.4838
109        1.61574
109       0.185802
109        5.71767
109        3.06546
109        5.64965
109       0.683963
109        0.29418
109        4.39128
109        5.77857
109        4.50886
109       0.748167
109       0.783893
109        4.92835
109       0.720842
109         3.5438
109         2.7771
109        5.02854
109        3.97312
109        5.57972
109        4.42462
109        5.44791
109        1.78609
109       0.349474
109        4.42884
109        5.43838
109        5.20285
109        3.80479
109        5.12816
109        3.35278
109        2.65357
109       0.128835
109        4.35936
109        2.40627
109        5.07708
109         4.2191
109        4.85849
109        2.07121
109        5.41604
109         4.8141
109        4.76026
109        1.62752
109        5.32762
109        4.12038
109        2.02002
109        6.20118
109        1.46132
109        4.41653
109        2.40003
109        4.43473
109        3.36271
109        3.92864
109        2.43191
109        3.69214
109         4.6487
109        4.00005
109        5.04848
109        4.56141
109       0.236258
109        4.98036
109         4.7617
109        1.22688
109        1.77531
109        5.55576
109        1.31461
109        4.77587
109        2.25137
109        3.22162
109         5.7473
109        2.40972
109       0.107184
109         3.7231
109       0.616765
109        2.04975
109        1.87423
109       0.835481
109        5.93513
109        2.18713
109         4.9271
109         1.4032
109        2.36281
109        5.27376
109       0.698432
109        1.08896
109        4.56589
109        5.21405
109        2.50815
109        4.96133
109        4.38669
109         2.0897
109        3.46645
109        2.78576
109        4.85952
109        4.89245
109        1.55011
109        1.52338
109        5.28222
109        5.13015
109        3.85821
109         4.8136
109        1.90452
109        2.42886
109        2.22579
109       0.311208
109        1.98913
109        5.11456
109        2.90432
109       0.771006
109        6.21136
109         1.7075
109        5.07449
109        4.91721
109        1.25271
109        4.22858
109        2.43377
109         2.1898
109       0.885598
109        1.87185
109        6.04078
109        6.02806
109        4.04088
109        4.00854
109        1.93615
109        3.93903
109       0.829847
109      0.0740588
109        5.80841
109        2.19951
109       0.926825
109        1.24102
109        5.26838
109       0.210834
109        2.16296
109        4.69654
109        1.02686
109        6.16387
109        4.40453
109        5.37419
109         4.6168
109        1.89744
109        4.58266
109        2.72057
109        4.86095
109        1.00936
109       0.760822
109        2.80754
109        1.92067
109        5.62725
109       0.720473
109       0.479335
109       0.498701
109        5.07926
109        3.62757
109        1.96083
109        4.83801
109        5.25104
109        1.22358
109        4.58037
109        1.67127
109        3.50717
109        3.80869
109        1.81132
109        5.48955
109        5.46674
109       0.229363
109        3.95173
109       0.896339
109        0.61951
109        2.86277
109        4.54352
109        4.93445
109        1.96982
109        1.81107
109       0.798583
109        6.26499
109        2.93921
109        2.33832
109        1.82229
109        6.12889
109        2.05976
109        4.91075
109        4.73946
109        3.17495
109        1.61247
109        5.29437
109        1.62382
109        4.33095
109        2.57324
109        2.43109
109        4.08478
109        4.06928
109        1.34987
109        5.69695
109        4.25818
109       0.254249
109        4.66305
109        2.24875
109         5.4356
109        1.67416
109        1.92806
109        4.73318
109        2.83129
109       0.033054
109         4.4116
109        2.63188
109        5.53854
109        4.20172
109        3.43774
109        5.09111
109        2.32606
109        5.28453
109        3.28638
109       0.544817
109       0.834319
109        1.90769
109        5.18284
109         1.9737
109        2.70837
109        1.24815
109        5.81266
109       0.549588
109        4.81347
109        4.92536
109        5.63086
109        4.65348
109         5.7174
109        3.68039
109       0.915349
109        5.23911
109        2.41142
109       0.562537
109        6.19065
109      0.0681289
109        2.46307
109        1.38222
109        1.09347
109        2.00842
109        3.44429
109        1.40383
109        4.62407
109        3.25139
109        3.02714
109        3.04748
109       0.512141
109        2.23606
109        2.19686
109        1.29471
109        4.58122
109          1.805
109       0.318953
109       0.644861
109        2.05663
109        1.76102
109       0.874354
109        5.52451
109        1.62591
109        1.43887
109        3.69479
109         1.4281
109        1.74547
109        6.23123
109        3.30552
109        3.27957
109        1.37897
109        3.92832
109       0.742263
109        1.43738
109        2.06766
109        3.93774
109        2.49529
109        1.64083
109        4.22582
109        4.45244
109        1.26103
109        2.68331
109        4.58825
109        1.69795
109        3.83899
109        5.14464
109        3.24082
109        3.83687
109        1.38296
109       0.840716
109        2.39516
109        4.25446
109        1.84459
109        3.65128
109        5.29351
109        1.34575
109        5.16271
109        3.97198
109        5.15484
109        3.38957
109        6.11699
109        4.22464
109       0.570565
109        3.27834
109        2.13354
109        1.06457
109        3.59346
109        5.79624
109        2.00218
109       0.236861
109        4.61587
109         2.5566
109        2.72692
109        2.67037
109        2.56374
109        3.59973
109        2.10628
109        1.18644
109        4.64487
109       0.678266
109        5.41014
109        4.39372
109        4.69676
109        5.19346
109        2.44797
109        1.91264
109        3.83988
109        3.93497
109        3.48845
109        6.23972
109       0.608202
109        2.09684
109        5.71893
109        2.30293
109        1.17333
109        1.68467
109        6.04836
109        4.59051
109        5.06317
109        1.73232
109        3.61768
109        1.17607
109        1.60429
109        3.86431
109        3.68452
109       0.720019
109        1.02832
109        2.66749
109        1.85051
109        5.02398
109        2.81994
109        4.75442
109        3.00966
109        4.44032
109        2.73347
109        2.54193
109        2.66234
109        5.18491
109        6.21015
109         5.8909
109        3.71328
109        1.44597
109        1.22257
109        1.87905
109         2.0436
109      0.0394087
109        2.01423
109        4.90465
109        1.54532
109       0.226002
109         0.6791
109        2.28488
109        5.09852
109        2.11486
109        4.01169
109        4.38458
109       0.400346
109        4.14561
109        3.71798
109        5.52258
109        3.72592
109        1.03024
109        1.22033
109        1.54431
109        2.09285
109        3.28533
109        4.18209
109        1.26472
109       0.541317
109        2.04501
109        3.79068
109        1.91382
109        5.62256
109        5.18486
109         5.0396
109        1.93672
109        1.33145
109        5.16761
109        2.58218
109        5.62124
109        2.35634
109        3.38773
109        2.66493
109       0.988558
109        4.65339
109        3.97534
109        1.74089
109        6.00008
109        3.72689
109        3.22463
109        2.94091
109        3.60539
109        3.97484
109         2.3258
109        4.48131
109        2.38001
109        5.83524
109        1.68747
109        5.85992
109        3.02455
109        1.24052
109        5.11537
109        4.82784
109        4.95743
109        5.71532
109        3.89045
109          5.219
109        2.39647
109        4.89284
109       0.805329
109        3.14575
109        3.26101
109        5.94371
109        3.51385
109        1.04782
109       0.813518
109        5.15561
109        1.17854
109        5.12065
109        3.12496
109        5.94635
109        5.26293
109        0.73528
109        4.05696
109        1.96242
109        4.19568
109        1.49879
109        3.69343
109        1.40118
109        5.29193
109        1.88644
109        5.68265
109        3.05884
109        3.64644
109        4.71025
109        5.31805
109        2.96672
109        4.32802
109       0.256052
109        4.22257
109        1.31109
109        1.30272
109        3.88797
109        5.56365
109        1.83097
109        1.73926
109        4.13941
109         3.4428
109        3.92912
109        5.38945
109       0.416695
109        4.50505
109       0.366674
109        3.64646
109         1.8317
109        4.63745
109        2.07568
109        6.02897
109        1.25172
109       0.981838
109       0.423846
109        3.35054
109       0.663867
109        4.44186
109        2.44874
109        2.74792
109        3.99134
109       0.789145
109       0.237767
109        3.50803
109       0.308756
109       0.637145
109       0.138292
109        3.18582
109        2.48377
109       0.142818
109         4.2707
109        5.52507
109        1.96021
109         5.3122
109        4.58186
109        1.95045
109        4.47781
109       0.661906
109        5.11748
109        1.10243
109        5.36446
109        3.83382
109        5.12257
109        4.44049
109        6.17936
109        0.62408
109        4.60631
109        1.37306
109        5.25006
109        1.70616
109        3.45115
109        5.55282
109        4.19943
109         2.3611
109        2.43929
109        1.49948
109       0.731604
109        3.41745
109        4.51713
109        1.43541
109       0.615696
109        4.15574
109        1.34394
109        5.08227
109       0.948991
109        1.76407
109        5.12045
109         2.6662
109        2.18846
109        1.59763
109        2.16698
109        5.46532
109        3.11829
109       0.573882
109        5.73523
109        1.56785
109        5.11839
109       0.855547
109        2.14002
109        1.65709
109        2.46403
109        3.09165
109        4.79723
109        4.90097
109        2.75346
109        6.26315
109        5.04713
109        1.63014
109        4.80533
109        1.25834
109        1.39919
109        1.50312
109        2.36539
109        4.94099
109         5.2299
109        2.40566
109        1.38731
109        2.91613
109        2.53837
109        4.80151
109        3.72826
109        1.57414
109        4.11985
109        2.65966
109        1.53796
109        5.22109
109        2.53208
109        1.56346
109        3.67506
109        3.52786
109        1.80702
109        3.67206
109       0.688691
109        5.28007
109        1.79524
109        1.42512
109        2.48218
109       0.538858
109        3.94979
109        2.46642
109        5.62316
109         4.0491
109        4.34826
109       0.429821
109        5.32812
109       0.803008
109        2.06033
109       0.939908
109        2.48395
109        4.31962
109        3.74348
109        5.17604
109       0.835695
109        1.01403
109        5.09623
109        5.34474
109       0.437509
109       0.995213
109        1.32602
109        0.81255
109         1.3289
109         1.8529
109        5.31101
109        2.62285
109        5.00769
109       0.547229
109        1.01093
109        5.28701
109       0.743914
109       0.773343
109        1.09084
109        4.56691
109        6.01611
109        4.86476
109        1.66656
109        5.44725
109        1.57785
109       0.728637
109        4.13865
109        1.73539
109        5.97898
109        4.14957
109        5.42411
109        5.29637
109        5.24633
109        3.75823
109        3.80724
109        5.30044
109         4.6558
109         2.1742
109         4.5109
109        1.48303
109        1.16532
109        4.11441
109        5.76201
109        3.38039
109       0.361065
109        1.97328
109        2.44052
109        5.16972
109        1.07895
109        2.54477
109        5.38128
109         5.2227
109        1.46311
109        4.72185
109        5.38261
109        5.04485
109        5.37454
109      0.0829355
109        1.62703
109        2.51712
109         5.2302
109        1.44042
109        1.40686
109        5.70152
109        1.90984
109         1.7185
109        6.07772
109        3.92018
109       0.813501
109        3.45679
109         5.0933
109       0.817761
109        2.81634
109        4.84769
109        2.57302
109        1.49629
109        4.78218
109         4.2644
109        4.42653
109        1.78198
109        5.15885
109        4.38075
109        6.10369
109          4.855
109        2.36394
109        5.01374
109       0.393385
109        4.44882
109        6.23664
109        2.03181
109        2.23054
109        4.45958
109        5.16559
109        3.79543
109        5.32226
109        1.39239
109        3.91341
109        5.68811
109        6.18555
109        4.41786
109        4.13762
109        2.28667
109        5.56946
109        3.48567
109        1.78461
109        3.71687
109        3.29525
109        2.97785
109       0.772899
109        1.52475
109        5.70502
109        5.47106
109         1.2342
109        5.27154
109        4.20379
109        5.51707
109       0.389299
109        5.74756
109        1.07584
109        1.26482
109        1.75593
109        1.46355
109         3.6069
109       0.363808
109        1.71779
109        2.45662
109        1.47724
109        4.19962
109       0.268019
109         4.8526
109        5.26824
109        4.38386
109        1.10378
109        2.79096
109        3.94977
109        3.39376
109        2.12613
109        1.78167
109        2.27244
109        3.01871
109         2.2158
109        4.36783
109       0.951174
109        2.16476
109        2.41193
109       0.157019
109        2.45233
109        2.75296
109        4.08054
109        5.97705
109        1.17522
109         4.7981
109        1.53823
109        1.24849
109        3.66639
109        3.07254
109       0.913938
109         2.8093
109        1.93197
109         2.9959
109        5.04528
109        1.36199
109        4.52276
109        5.23937
109        5.30695
109         4.2522
109        3.73149
109        5.54363
109        3.92391
109        2.87327
109        5.49649
109        5.78215
109       0.836337
109         2.7428
109        5.17675
109        5.33651
109        1.46795
109         2.3812
109      0.0941995
109        3.98435
109        5.28117
109        4.41357
109       0.582802
109        1.37262
109       0.474373
109       0.849811
109        1.65978
109        1.79274
109        2.80652
109       0.783644
109        2.16638
109        4.44359
109       0.798741
109        2.33189
109        1.30992
109        3.16825
109        2.11573
109        5.22396
109        5.03849
109        5.40518
109        3.54209
109        3.12193
109        1.53708
109        1.37333
109        5.32833
109        4.45152
109       0.732235
109        4.82245
109        2.44856
109        4.75637
109        6.25257
109         5.1133
109        4.50787
109        1.84055
109        4.82557
109        4.20051
109        4.52645
109        1.45169
109         4.6566
109        4.47902
109         5.1663
109        4.27219
109        2.09432
109        4.29302
109        5.49668
109        4.07706
109        4.51979
109        1.59975
109        5.32551
109        3.74835
109        2.29513
109        0.37413
109        4.98638
109        3.61377
109        2.54875
109        6.16062
109        2.71495
109        4.94975
109        5.34845
109        5.12205
109        1.34056
109       0.669801
109        1.03365
109        1.25653
109        1.13526
109        3.88198
109        5.51454
109        1.98128
109        2.66398
109        2.74383
109        4.47276
109        2.36843
109        5.39559
109        5.59458
109        4.70537
109         4.5506
109        5.58468
109        5.16009
109        2.24245
109        4.93704
109        3.44577
109        2.14702
109        5.10429
109        2.51866
109        5.97374
109        1.44794
109        1.75825
109        5.89373
109        4.42038
109        5.05626
109        3.85386
109        2.72892
109       0.861008
109        4.88488
109        5.20758
109        6.17611
109        5.26881
109         3.3947
109        4.70732
109        4.17577
109        5.71209
109        4.03415
109        1.51178
109        2.36144
109        1.48962
109       0.545397
109        2.73464
109        2.29382
109        4.56792
109      0.0836632
109        4.09023
109        1.55898
109       0.710849
109        1.01346
109        5.13294
109       0.602656
109        1.49256
109        6.20489
109        2.27876
109        2.83583
109        6.23998
109        4.71546
109        5.00935
109        1.33323
109        1.83634
109        3.52555
109        1.72647
109        1.45535
109      0.0638766
109        2.10759
109        0.87379
109         1.4366
109        4.74849
109       0.774744
109        1.42081
109         4.8919
109       0.380044
109        4.93692
109        4.76929
109       0.533414
109        5.18392
109        3.12341
109         1.5671
109        5.59935
109        1.97128
109        5.06838
109        4.72745
109        3.13628
109       0.789769
109        1.50678
109       0.904177
109         3.6932
109        4.97873
109        5.38999
109        5.71813
109        2.30131
109        5.46319
109        3.87173
109        2.71233
109        2.40621
109        2.67111
109         5.2917
109        4.87237
109        4.86919
109        1.90154
109        2.20422
109       0.350508
109        3.66509
109        1.01581
109        4.73951
109        2.33674
109        1.26226
109        1.95147
109        1.88584
109        5.81136
109        1.80498
109        1.41093
109       0.753425
109       0.377951
109         1.5156
109      0.0432972
109        3.01971
109        2.89115
109        6.05043
109        6.24329
109       0.866563
109        4.59659
109        4.93695
109        1.67571
109        6.11522
109        4.26976
109         3.6213
109        4.61885
109       0.798058
109        4.02969
109        2.98583
109        5.53665
109        3.21282
109        6.12444
109        4.50004
109        1.40356
109        2.72291
109        4.52005
109        2.16394
109       0.870341
109        4.58107
109        4.85736
109        4.10975
109        5.01427
109         4.2598
109        4.01044
109        3.25764
109        4.87067
109        2.09217
109        1.67526
109        4.33877
109        1.91527
109       0.861865
109        3.88042
109        6.19909
109        4.14221
109        4.25269
109         3.7191
109        1.27855
109         4.1641
109        4.48357
109        3.72138
109        4.55479
109        1.75645
109        4.82196
109         4.1073
109          3.889
109        5.45311
109        6.17499
109        5.02272
109        5.13213
109        5.55241
109        1.38859
109        3.32224
109       0.540158
109        4.90671
109        1.03162
109        5.60843
109        3.48138
109        5.24871
109        3.87884
109          4.324
109        3.36891
109        1.28844
109        2.90014
109        4.81235
109        2.64348
109        5.19099
109        2.03368
109        5.25626
109        1.25256
109        2.18044
109        4.07756
109        6.07788
109        5.42355
109        1.89471
109        4.64943
109        4.38789
109        4.99532
109         4.5844
109        3.83072
109        5.65812
109        4.07235
109        4.86538
109        4.26416
109        3.43666
109        4.45619
109        4.24163
109        5.58978
109       0.824575
109        3.45237
109        5.48813
109        1.78372
109        5.05225
109          4.595
109        5.13727
109        4.38069
109       0.802201
109       0.797159
109        5.12945
109         5.8707
109       0.344223
109        5.00816
109       0.856712
109        1.31481
109        1.58984
109        1.89979
109        4.92428
109        2.71826
109        3.94185
109        1.91615
109        5.11557
109       0.578934
109        5.99322
109        4.44073
109       0.902549
109        4.79499
109        1.57602
109        3.50971
109         5.2436
109        4.74385
109         5.8871
109        4.65707
109        5.01975
109        2.49981
109        1.04087
109        1.66525
109        4.11158
109       0.974616
109        2.02925
109        6.06023
109        4.58386
109        4.73712
109        4.79125
109         2.9352
109        0.70086
109        1.10615
109        4.87797
109      0.0931296
109        2.94211
109       0.950935
109        4.88534
109        3.91609
109        5.02579
109         5.6737
109        5.74537
109        5.32795
109        5.01044
109        6.15621
109        3.51687
109        5.06284
109       0.793523
109        1.92425
109        4.97752
109        1.29366
109        1.48339
109        2.47873
109        5.12745
109        5.85383
109        3.24239
109        1.38347
109        4.97211
109        2.01653
109         4.8155
109        1.42564
109        3.66973
109        1.57397
109       0.646511
109        4.69508
109        5.09827
109        3.37299
109       0.893282
109        4.47793
109       0.500402
109       0.630123
109        2.27133
109        2.12768
109        3.77097
109        6.16193
109        5.69399
109        2.77025
109        5.62247
109        1.93704
109         2.5999
109        4.82861
109       0.326701
109        2.04773
109        2.11844
109        6.19577
109        1.24652
109        4.18743
109       0.645241
109        5.13917
109       0.477598
109        1.73361
109      0.0138275
109        3.48574
109        5.04182
109        5.24607
109        1.94721
109        1.12237
109        5.85142
109        1.60261
109        1.52637
109        5.41722
109        1.90664
109         5.0745
109        2.04481
109        2.17231
109        3.37022
109        4.03003
109        2.34945
109        0.40146
109        2.15331
109         5.1869
109        1.94785
109        5.62303
109        3.45696
109        3.03911
109        1.66723
109       0.945802
109        2.28922
109        1.06331
109        3.66965
109        1.23118
109        4.08505
109       0.825679
109        3.25325
109        0.97553
109        1.48956
109        4.14818
109        1.86857
109        1.81569
109        2.51778
109        1.10776
109        1.64844
109       0.661432
109         5.6579
109        3.22288
109        1.06408
109        4.79328
109        3.99808
109        4.15423
109        1.62987
109        3.85952
109        4.61904
109        4.34326
109        3.86963
109        5.21761
109        5.28637
109        2.24839
109         0.3994
109        4.77138
109        5.78439
