384        1.37834
384        4.23557
384       0.700035
384        4.68322
384        4.99267
384        6.12378
384        1.68319
384        2.25881
384        3.80897
384       0.901562
384        5.55479
384        4.64782
384        4.91106
384        0.51043
384        2.71703
384        5.61015
384       0.302005
384        3.94387
384        2.56618
384        4.28305
384       0.631434
384        3.15499
384        5.47088
384        3.75666
384        1.62588
384        3.67789
384        1.46643
384       0.552845
384        3.72443
384       0.594073
384        4.88748
384        4.74137
384        5.45564
384        3.68884
384        5.02862
384        2.85555
384        1.86096
384        4.47802
384        3.68782
384        4.01868
384       0.595256
384        1.78074
384        1.34973
384         1.7786
384        4.51614
384        2.54066
384        1.85321
384        4.36331
384        1.20827
384        1.51726
384        4.77018
384        1.72869
384       0.282561
384       0.342849
384        2.11329
384        1.47059
384        4.94753
384          2.505
384        1.02385
384        2.11747
384         1.4399
384        1.39333
384        1.49057
384        4.31835
384       0.714213
384        1.11086
384        2.23804
384       0.802146
384        5.89698
384        4.80153
384        4.86126
384        3.65228
384        4.80255
384        1.05408
384        5.44723
384        3.20271
384       0.643042
384        4.64715
384       0.200426
384        2.37682
384        3.50767
384        3.17255
384        1.49176
384        4.69395
384        1.08299
384        4.51746
384        3.68546
384        2.73104
384        1.69945
384        4.08776
384        4.57573
384        4.29939
384         4.5242
384        4.59966
384        4.76419
384        5.72747
384        5.19532
384        4.62076
384        3.76086
384        3.86903
384        1.65122
384        1.20521
384        4.74745
384        2.20576
384        1.89485
384        4.50966
384      0.0509918
384        5.36366
384        1.93996
384        4.78063
384        5.10529
384        4.85993
384        1.77832
384        1.93183
384         4.0878
384       0.966975
384        5.89476
384        4.64802
384       0.314575
384        4.20933
384        5.83288
384        3.57147
384         3.9755
384        1.15637
384         5.8093
384        1.43918
384        4.08524
384         1.7892
384        1.62843
384        3.55507
384        3.89522
384        1.82808
384        1.11367
384        1.33461
384        3.98632
384        1.53463
384        3.89909
384        4.89937
384        1.16442
384        5.35227
384        1.71781
384       0.467211
384        1.09617
384        1.27159
384        1.45293
384        1.20521
384        2.11266
384        1.24535
384        0.10196
384        1.34728
384       0.123724
384        4.89214
384        2.12795
384         3.8927
384        2.12494
384        4.58993
384         5.7322
384       0.850926
384        5.56949
384        5.83469
384        1.17014
384        1.96284
384        3.22904
384       0.655258
384        5.78782
384        2.54833
384        2.12521
384        5.55018
384        4.32746
384        5.07418
384        4.70738
384        4.29487
384        6.05304
384         5.4181
384        2.09877
384        1.59173
384        1.01956
384       0.473677
384        1.12688
384        1.32584
384        5.13937
384        1.91561
384        4.56375
384        1.54671
384       0.206171
384        1.16277
384       0.652194
384        1.33882
384        3.90951
384        4.01877
384        1.85887
384      0.0471558
384        4.06325
384       0.538501
384        1.61366
384        4.16555
384       0.673903
384        3.79248
384        4.89931
384       0.658134
384        5.87096
384        4.06959
384        5.53157
384        5.29955
384       0.834083
384        5.02964
384         3.4663
384        6.15157
384        0.69837
384        5.16805
384        1.09982
384        4.86884
384        5.26876
384        2.29565
384        5.22278
384        3.75049
384        3.07273
384        1.45107
384        1.41378
384        3.71921
384        0.48667
384        3.65806
384        1.23366
384       0.473514
384        1.95589
384        4.21886
384        1.73977
384         4.7845
384        4.36502
384        1.85859
384        2.22338
384        1.06468
384        5.77852
384        1.20671
384        4.29817
384       0.965327
384         4.8286
384        2.77337
384        2.33594
384       0.186886
384        3.32732
384        3.34029
384        2.90716
384        1.85469
384        1.07633
384        3.86818
384        4.56635
384        2.03238
384       0.853139
384        1.46709
384        3.61881
384        4.36135
384       0.828247
384        0.40861
384        4.30483
384        5.48744
384        3.44515
384        1.81021
384       0.218395
384        5.60052
384        4.60814
384        2.84535
384        1.88836
384        5.19088
384        3.71149
384        4.64967
384        3.24005
384        4.66765
384       0.789283
384        1.22683
384        1.36499
384         3.8976
384        4.93303
384        1.60484
384        1.50438
384        3.64675
384        6.04378
384        4.33124
384        3.74456
384        4.26911
384        4.30225
384        5.57101
384        4.22622
384        2.94551
384        3.91741
384        4.70486
384      0.0313405
384        4.46481
384        1.81971
384       0.729008
384         4.4517
384       0.393201
384        5.79566
384        2.13959
384       0.733101
384        4.27829
384        2.54637
384       0.464564
384       0.185759
384        1.23714
384        4.54613
384        3.72506
384        4.78214
384        1.12983
384        5.84896
384        1.36126
384         1.9653
384        5.79829
384       0.738579
384       0.992444
384        5.05448
384        1.43818
384        1.54128
384         1.1573
384         1.7518
384        1.39902
384        1.30915
384        2.96908
384          3.587
384        3.39501
384        3.33994
384        1.69763
384      0.0677014
384        2.29636
384        4.79035
384       0.653346
384       0.125526
384        3.92718
384       0.977657
384       0.553661
384         3.5513
384        2.45975
384        3.93829
384        5.01432
384        1.69978
384        4.80125
384       0.785657
384        3.24737
384        3.96998
384        5.11481
384         5.4469
384        2.71611
384        4.85701
384        3.70123
384        2.62738
384         1.5683
384        1.12306
384        3.82719
384        3.21662
384        1.38164
384        1.67452
384        1.56733
384        1.97583
384        1.03998
384       0.461008
384        3.40742
384         5.0165
384        5.04476
384        1.81665
384        1.66451
384        2.23445
384        3.71623
384       0.754156
384        3.91365
384        5.80008
384       0.292421
384        4.86972
384        5.25862
384        1.61925
384        4.86675
384        3.82777
384        4.87155
384        3.04251
384        1.24732
384        4.88446
384        1.97884
384        2.57865
384        2.53957
384       0.665094
384        2.89711
384        4.52148
384        4.86325
384        3.60597
384      0.0229934
384        1.34337
384        4.27792
384         1.4483
384        4.66768
384        1.57191
384        3.42594
384        5.04807
384        5.55308
384        4.60604
384        1.41165
384        1.98188
384        3.55321
384       0.945854
384        4.88533
384        6.25504
384        4.91425
384        1.57183
384        2.02005
384        4.05898
384        4.29335
384         1.2926
384       0.581659
384        5.21374
384       0.849397
384        4.98087
384        1.60677
384        4.78947
384        2.96937
384        5.47196
384        4.10905
384        0.49839
384        4.69593
384        2.22114
384        1.20046
384       0.994389
384      0.0980295
384        6.11728
384        6.20985
384        1.75138
384        5.39573
384        3.77863
384        3.52381
384       0.922684
384       0.209443
384        4.43459
384        3.45866
384        4.67046
384       0.891618
384        2.04744
384         4.1329
384        4.64521
384        2.32766
384        1.68493
384        4.10186
384        5.03007
384        5.25602
384        3.30887
384        1.56024
384        1.05497
384       0.721803
384        4.75327
384        1.16278
384        4.05329
384        4.31541
384        4.99044
384        4.48083
384        5.29488
384        1.44925
384        4.72811
384        4.80548
384        1.60713
384        0.61844
384        5.06786
384        1.40003
384       0.124335
384        4.09553
384         4.0521
384       0.791737
384        2.05146
384        5.73333
384        3.98595
384        4.35929
384       0.845426
384        5.38894
384        1.01188
384        1.03423
384          2.008
384        5.18444
384        4.13723
384        5.01923
384        4.08005
384        1.52514
384        6.00982
384         3.2329
384        1.37627
384        2.36024
384        3.65584
384        1.02528
384       0.373593
384        1.37634
384        5.38674
384        5.12096
384       0.400484
384         3.9911
384        1.73994
384        1.36027
384         3.9758
384        3.62468
384        3.83899
384         3.4598
384        4.83155
384        4.24219
384        4.02402
384        2.93873
384       0.697147
384        2.05769
384        0.33953
384        3.12532
384        1.45259
384        3.46666
384        4.67317
384        1.89532
384       0.297976
384        4.20511
384        3.50575
384        1.38943
384        2.18035
384        1.94913
384        4.21647
384        3.46657
384        2.24389
384        3.55977
384         1.7638
384        1.50241
384        4.39279
384        1.04437
384       0.990343
384       0.982518
384        5.82146
384        1.00713
384        0.77646
384        2.25382
384        2.19356
384        2.65105
384        1.96631
384        1.40986
384      0.0915516
384        5.12003
384        4.22961
384        5.32681
384        5.86799
384        4.00563
384        1.00226
384        2.07018
384        4.03955
384        5.46576
384        1.76964
384        5.26506
384        1.21754
384        2.80232
384        4.37863
384        1.45262
384        4.17766
384        1.06531
384        4.79509
384        4.44609
384         4.3845
384        2.89997
384        3.14268
384          5.622
384       0.679304
384        4.16266
384        1.77167
384        2.49215
384        5.80245
384        2.60483
384        3.26121
384         3.7396
384        2.90389
384        2.74195
384        5.77085
384        4.76696
384        1.86468
384        3.35799
384        4.74221
384       0.662941
384        1.76847
384        3.95723
384        2.80527
384       0.399286
384        2.62496
384        4.01359
384        3.11863
384       0.375878
384        3.49489
384        1.03661
384        3.88429
384        4.09666
384        0.93044
384        3.54547
384         2.1217
384        6.12646
384        4.75498
384        3.04444
384        4.79815
384        4.52164
384       0.843878
384        3.98358
384        4.22497
384        4.62194
384       0.837365
384        4.42589
384         4.9482
384       0.826572
384        5.36046
384        1.17475
384        1.61583
384        1.54972
384         2.4657
384        1.39238
384        2.63226
384        1.35937
384        1.60042
384        3.96408
384        1.15039
384        5.44866
384        5.78353
384        4.07021
384        1.65848
384        0.75312
384       0.257048
384        4.92498
384        3.88068
384        4.90151
384        4.28643
384        4.08081
384        4.98607
384        4.34559
384        3.06331
384        1.63431
384        1.24798
384        1.65698
384        1.80423
384        3.42981
384       0.795932
384        1.23508
384        6.17815
384        4.36013
384        3.91667
384       0.864848
384        3.51767
384        2.61968
384        2.19741
384        2.62627
384        1.79106
384        2.35171
384        4.57904
384         3.3718
384        5.79739
384        4.92525
384        4.13674
384        4.38785
384         4.5068
384        4.06906
384        2.07451
384       0.396551
384        5.25885
384        2.75696
384        2.54213
384        4.56434
384        3.63163
384        5.91597
384        4.73873
384        4.72949
384      0.0936929
384       0.475131
384        4.41945
384        1.13086
384        4.06357
384        1.64262
384        2.67674
384        1.84534
384        1.90073
384        5.14757
384         1.0836
384        5.04205
384         1.6719
384        1.01993
384        4.49071
384         5.3609
384       0.369599
384        2.52455
384        4.46006
384        4.79494
384       0.497851
384        2.20687
384        4.57689
384        1.74543
384        1.57161
384        4.86784
384        4.67751
384         4.0061
384        2.00513
384       0.384636
384        1.01778
384        4.29441
384        2.07552
384         4.0197
384         5.4641
384         0.6101
384         5.0737
384        1.66187
384        6.22851
384        5.73975
384       0.743477
384        4.05913
384        1.21223
384       0.490423
384         1.2992
384       0.689139
384        5.05587
384        2.22196
384        3.43861
384       0.946612
384       0.917866
384        3.70432
384        5.68038
384        1.22718
384       0.144828
384        1.39716
384        5.41668
384       0.923218
384        2.29316
384        4.14305
384        5.74281
384         1.4103
384        1.53408
384        4.35951
384       0.925438
384         4.8836
384        1.23127
384         4.8857
384        4.57318
384        4.04741
384        1.93879
384        1.82039
384        2.33234
384         3.1018
384        5.14708
384        1.39682
384        5.40524
384        5.47692
384         6.0952
384        4.76856
384        4.63527
384        2.35591
384        1.88363
384        1.08581
384        2.10736
384        0.89351
384       0.508538
384        1.55231
384       0.321296
384       0.981431
384        1.97436
384        4.56721
384        3.87855
384         4.6771
384        1.75546
384        1.32116
384        3.50213
384        4.34641
384       0.743281
384        6.20558
384        4.65624
384       0.993092
384        3.64381
384        4.66238
384       0.665686
384        2.90327
384        2.31131
384        2.13801
384         1.5739
384         1.2593
384        1.28636
384        5.14862
384         5.2581
384        2.18542
384       0.923523
384        4.18757
384        1.56928
384        1.48519
384        4.24553
384        5.88517
384        1.51223
384        1.32147
384        4.11958
384        2.83996
384        4.53667
384        1.08806
384         1.5854
384        4.00221
384        3.70906
384        1.93086
384        3.88575
384        1.52528
384        1.94736
384        4.41083
384        4.29689
384        1.43764
384        1.27794
384        1.33877
384        5.26113
384        5.64048
384        1.81555
384        4.53681
384       0.965866
384       0.665153
384        4.06269
384        4.44317
384        3.47093
384        4.68118
384        0.13489
384       0.542698
384       0.928594
384        4.30958
384       0.207803
384        1.85717
384        2.11183
384        4.58646
384        4.04017
384        1.49018
384        4.68576
384       0.355969
384        2.14053
384        4.64244
384       0.382929
384          5.964
384         2.4885
384        4.27836
384        4.35756
384         5.4631
384       0.338515
384        4.43371
384        4.64011
384        6.02284
384        4.17941
384        1.42594
384        1.04736
384        2.15064
384        4.22408
384        5.10239
384        5.38234
384        4.35853
384        3.27461
384        6.22982
384        4.09905
384        3.36662
384        1.44984
384        1.07438
384        1.38924
384        4.12536
384        1.67082
384        4.13263
384        5.13999
384        1.68218
384        1.43689
384        5.70519
384         5.3078
384         1.3747
384        5.55795
384        4.26129
384       0.281208
384        4.98253
384        5.35373
384      0.0209556
384        5.00699
384        4.52658
384         1.2085
384        4.71709
384      0.0609023
384        3.78675
384        4.54909
384        5.72489
384        5.57419
384        5.70455
384        2.74548
384        4.07332
384        4.12662
384        1.99849
384        5.37534
384        5.53297
384        4.07681
384        3.89355
384        3.67303
384         4.6472
384        1.56387
384        1.53207
384        2.45281
384       0.457166
384        2.15526
384        6.19411
384         5.3811
384         2.3194
384       0.653701
384        4.61429
384        4.86835
384        5.44196
384       0.989168
384        2.10793
384        2.86686
384        4.06801
384        3.27027
384        4.28266
384        5.61621
384        3.63024
384        0.58849
384       0.737651
384        4.04158
384        1.79145
384        4.74758
384         5.2379
384        6.22044
384        3.72088
384        3.99632
384        4.86535
384        1.23848
384        1.64926
384        4.73414
384        4.15882
384        4.83284
384        1.54017
384        2.54998
384        5.90835
384          4.757
384        5.16369
384       0.288501
384        0.80097
384        1.58991
384        3.70741
384         5.9363
384        1.75269
384        3.89948
384        1.21296
384        6.12085
384       0.882308
384        2.71481
384       0.493144
384        1.32429
384        1.18845
384         5.6274
384        3.88862
384       0.124288
384        3.66063
384        5.40527
384        2.77339
384         3.8696
384        3.97248
384        3.82252
384        4.39052
384       0.749753
384        3.92313
384        3.86491
384         3.5786
384       0.527649
384         3.6491
384        4.59078
384        4.61016
384        2.16076
384        3.49189
384       0.677243
384        5.53005
384        3.05465
384         4.7064
384        5.41887
384        2.08074
384       0.492757
384        5.13133
384        4.90569
384        2.88948
384       0.647468
384       0.695508
384        5.07615
384        2.15664
384        6.10576
384        4.21992
384        3.35502
384        5.05635
384          6.249
384        4.31061
384        3.19827
384        1.52143
384        4.90974
384       0.362393
384        4.30016
384        1.33669
384        1.57352
384        2.46826
384        4.57273
384        1.01227
384        4.05843
384        5.07607
384       0.945376
384         2.5567
384        3.33379
384        4.26304
384        5.06875
384        3.98555
384         5.5884
384         5.4977
384         4.4094
384       0.526057
384        2.42664
384        2.73621
384        4.69345
384        2.45802
384        3.85181
384        5.01788
384        4.15057
384        4.99346
384        1.27364
384        1.12205
384       0.898637
384        3.63341
384        5.03414
384        2.49508
384       0.261306
384        4.90563
384         4.2088
384        4.60331
384        2.02889
384        3.57736
384        1.57936
384        1.98619
384        4.53192
384        2.34317
384        1.44457
384        1.55927
384        4.33529
384        6.03034
384        5.07369
384        1.50386
384        1.48755
384       0.663241
384         1.1304
384        4.24751
384        4.23991
384        3.81556
384        3.05696
384       0.988878
384         3.7422
384        4.60128
384        4.85042
384        1.76565
384        1.49493
384        5.52751
384        1.76628
384        2.16093
384        5.12812
384        4.00659
384        1.84994
384        5.30326
384      0.0868078
384        1.07427
384        1.10881
384       0.163238
384        1.96373
384        5.54445
384        1.14096
384        3.99089
384        2.01362
384        2.18381
384        2.72089
384        4.91363
384        4.58979
384       0.970294
384         1.2159
384        3.90976
384        4.80275
384        5.40513
384        1.40783
384        5.13111
384        5.50894
384        2.83832
384        3.52446
384        0.36398
384        2.76827
384        4.02946
384        1.42761
384          2.691
384        5.03271
384        1.75353
384        2.28571
384        2.30294
384        3.57604
384        2.65261
384        5.54844
384        3.13204
384        1.66528
384        1.71943
384         1.3757
384        1.15092
384       0.637584
384        4.66663
384        2.98624
384         3.2611
384       0.603125
384      0.0548883
384        1.28094
384        4.81198
384        4.62337
384        1.12356
384        1.82141
384       0.999205
384          1.732
384        2.28661
384       0.885124
384        5.90585
384        3.74273
384        4.21427
384        1.11197
384        1.73693
384        5.14433
384        0.89108
384        4.23846
384        4.53308
384        4.53926
384        2.02583
384        4.11098
384        2.81202
384        5.01249
384        1.53158
384       0.995361
384       0.319913
384        2.47675
384        4.77545
384        3.05522
384       0.621674
384        1.34578
384       0.953634
384        1.74221
384        3.63865
384         3.6714
384      0.0151014
384        3.90293
384        4.33045
384        1.22911
384         2.6548
384        1.91442
384        1.09947
384        4.81028
384        1.34227
384        4.42645
384         3.4396
384        6.26021
384        1.28172
384        3.76066
384        6.18222
384        4.18903
384        4.88645
384       0.372087
384       0.882961
384       0.218892
384        4.22757
384        4.83645
384        3.66749
384        4.58062
384         5.4502
384       0.575051
384        1.26254
384        5.10012
384         6.2823
384        4.50391
384        1.58443
384        3.86526
384      0.0644189
384       0.827084
384       0.241387
384         3.4621
384        5.55405
384        5.17385
384        4.69372
384       0.969846
384        5.55951
384       0.754455
384        1.31542
384       0.328962
384       0.397645
384        3.90313
384        3.21366
384        1.76851
384        1.64033
384        1.66578
384        4.30336
384        5.26072
384        1.29875
384        5.34944
384        5.89161
384        5.73485
384        3.30347
384         4.1269
384        4.85189
384        3.32006
384        4.17843
384       0.727047
384        4.29843
384        1.18492
384        2.26961
384        6.17994
384        6.13138
384        1.62607
384        3.65428
384        5.22392
384        5.11782
384       0.331288
384       0.472119
384       0.299237
384        4.53279
384         4.3332
384         3.6444
384        5.34954
384       0.787609
384        1.78923
384        4.22653
384        4.87381
384        1.25257
384         5.1761
384        5.86185
384        2.04829
384        3.33103
384         5.1042
384       0.331515
384         1.9522
384        2.18039
384        3.40478
384        1.92427
384        4.53365
384        5.38166
384        5.19037
384       0.664404
384        5.31563
384        2.73043
384       0.628847
384        5.56872
384        3.35503
384        2.04489
384        3.88126
384        4.22295
384        1.27084
384        5.17268
384        5.93917
384        4.43741
384        5.57374
384        3.55909
384        1.60275
384        0.40784
384         3.1444
384        5.38401
384         4.6671
384        1.62983
384      0.0717809
384        1.24142
384        4.56479
384       0.290401
384       0.868574
384        1.64006
384         3.7267
384        4.46975
384        4.98181
384        4.59689
384       0.469624
384        1.15653
384       0.861616
384        4.39523
384         4.6132
384        3.72428
384         3.8079
384        3.79145
384         4.3355
384        2.81478
384        5.44044
384        1.18354
384       0.829947
384        4.13142
384        4.09824
384        4.60314
384        3.01318
384        2.10955
384        2.49245
384        3.71211
384        5.84309
384       0.974245
384        4.05323
384        1.51408
384        1.78178
384        3.33441
384        1.04218
384       0.637966
384        1.60937
384          1.719
384        1.16005
384        5.41227
384         5.6366
384        1.89794
384        1.48912
384        4.95063
384        3.91064
384        1.25083
384         3.1973
384        1.79163
384        4.10451
384        4.04009
384        1.34713
384        1.83929
384       0.864572
384       0.768471
384      0.0183099
384       0.426513
384        1.09268
384        3.98069
384        4.13746
384        1.55666
384        3.24686
384        4.52361
384       0.774223
384       0.375258
384        4.87696
384        4.83374
384        4.11347
384        1.97483
384        4.54251
384        3.86739
384        5.22013
384       0.708491
384       0.887222
384       0.644793
384        2.58457
384        4.10452
384        4.43804
384        4.12491
384        6.18542
384        1.19338
384        2.05947
384        2.12794
384        5.78567
384        4.37322
384        3.40295
384        4.54538
384        4.79792
384        2.40938
384         3.7935
384        4.72609
384        4.87649
384         2.1918
384        1.67471
384        3.16862
384        4.60642
384        4.26164
384        5.21651
384        2.91511
384        4.33364
384       0.864049
384       0.887105
384        4.82183
384        3.85609
384        1.16768
384        4.68126
384       0.771888
384         0.5918
384        4.70536
384        1.49869
384        5.58957
384        1.26853
384        3.94152
384       0.104124
384        5.00601
384        4.48579
384        1.54263
384        1.95787
384         1.5774
384        1.45891
384        3.41176
384        1.71133
384        5.33902
384        2.95712
384        1.87346
384        5.13977
384       0.414204
384         2.9983
384       0.419941
384         3.1249
384        3.80767
384       0.256471
384       0.284714
384        1.06681
384        1.67566
384        2.09609
384        5.01158
384        4.19132
384        0.99503
384        2.20276
384        3.09886
384       0.747948
384        0.78636
384        2.72688
384        4.92037
384        4.80463
384        2.88297
384         1.5696
384        2.13191
384        1.43359
384        3.79173
384        4.52073
384        5.14112
384        4.69721
384        3.94957
384        3.66017
384        5.41954
384        2.81457
384        3.99033
384        3.42733
384       0.433249
384        3.42079
384       0.492859
384        2.09575
384        4.25043
384        3.94408
384        4.86142
384        5.09979
384        1.33018
384        5.18575
384       0.855547
384        1.38742
384       0.240173
384        4.23858
384        5.00002
384       0.381524
384         4.7226
384       0.803097
384       0.751308
384        4.68618
384        4.54347
384         1.1363
384        1.74288
384        5.20117
384        4.53386
384        4.74436
384        5.42862
384        5.19222
384        4.33929
384       0.991867
384        4.49429
384       0.851189
384        4.58808
384        3.37008
384        2.22532
384       0.440186
384         2.2452
384        4.73835
384       0.335996
384      0.0683123
384       0.407514
384        3.96949
384        3.76695
384        4.68937
384        4.56962
384        1.81755
384        2.56479
384        1.21526
384        1.87241
384        4.94891
384        4.30107
384        3.35598
384        4.50007
384        4.40151
384        3.29161
384        6.20546
384       0.522468
384        1.23138
384        1.12008
384       0.352038
384        4.72729
384        4.78575
384        4.00873
384       0.378645
384        4.84303
384        1.64111
384        5.12819
384        1.22608
384        2.94645
384        3.68187
384        4.95777
384        5.89648
384        4.03871
384        4.16055
384        4.91632
384       0.355864
384        1.11518
384        3.80118
384        1.79482
384        1.61423
384        1.61007
384        5.20209
384        1.32851
384        2.48206
384       0.858315
384        1.02071
384        4.87931
384        4.67977
384       0.364096
384        4.09893
384       0.233486
384      0.0663868
384       0.354527
384        1.55134
384        4.05904
384        4.34921
384        3.25665
384       0.530213
384        4.46704
384        4.51884
384        4.43562
384        1.23046
384        3.20031
384        3.81159
384       0.750691
384        4.85419
384        4.20671
384        4.02027
384        1.55255
384        3.29383
384       0.948608
384        1.60086
384        3.10619
384        4.61592
384        1.00507
384        5.48702
384       0.951783
384        4.23903
384        3.28668
384        1.34821
384         0.8198
384        3.90067
384       0.726892
384        1.98533
384       0.712951
384        6.08805
384        4.82269
384       0.616776
384        1.91362
384        4.64851
384        6.24821
384        1.26096
384        1.70579
384        1.73144
384        2.21779
384        4.03287
384        1.05306
384        3.38704
384        5.27733
384        4.15922
384         3.5141
384        1.58033
384        1.33226
384        5.97214
384        0.54117
384        1.05635
384        1.39873
384        3.65508
384        3.27955
384        4.45426
384        3.77041
384        1.09644
384        3.70952
384        4.10956
384        2.53497
384        2.21542
384        4.20756
384       0.920195
384        0.71379
384        5.03646
384        4.22711
384        1.62925
384        4.23428
384        1.22208
384        3.85327
384        5.26765
384        1.77036
384        4.41081
384        0.30763
384        4.68632
384        4.65986
384        5.41989
384         4.1505
384        1.84717
384       0.151065
384        4.70989
384         4.5255
384       0.644559
384       0.977696
384        5.26428
384        5.85702
384        1.21237
384       0.342104
384        1.75194
384        4.91881
384        2.21271
384       0.114942
384        4.06693
384        1.19088
384        1.70731
384        0.86594
384        4.87961
384        3.88062
384         3.0375
384        4.39303
384        4.69607
384         1.6935
384       0.880869
384        1.68699
384        2.63921
384         5.4565
384         1.6778
384        5.27069
384        5.72224
384         4.7808
384        1.71563
384        2.72679
384       0.440495
384        4.09032
384        4.80082
384       0.836601
384        5.58009
384        3.70242
384       0.288508
384        2.37306
384        5.09314
384       0.769033
384        2.00271
384        4.12316
384        2.13371
384        1.72594
384        1.80941
384        5.17693
384        1.46034
384        4.51121
384        5.06604
384        3.24222
384       0.686147
384        5.26018
384         3.5354
384        6.02927
384        4.92899
384         4.2745
384        1.68431
384        5.50752
384        1.07327
384       0.624101
384        6.07347
384        4.65434
384         2.9855
384        1.54745
384        1.81605
384        1.01821
384        2.24799
384        4.42145
384        1.32783
384        1.05449
384        2.70927
384        5.00854
384        5.80236
384       0.477013
384        5.92255
384       0.128724
384        1.53351
384        1.71916
384        4.80875
384        1.47644
384        2.60177
384        0.95593
384        3.85097
384        5.10324
384        5.28758
384        4.35484
384      0.0889184
384        5.53886
384         3.9573
384       0.366958
384        2.88348
384        4.73917
384       0.425033
384        6.27284
384        4.15969
384        3.10211
384        5.08435
384        4.34929
384        2.03233
384        2.00011
384        2.95346
384        1.78891
384         4.6835
384        2.17385
384       0.968957
384        1.19054
384        4.86402
384        3.77294
384        1.19172
384        4.62716
384        5.55735
384        1.92514
384        3.58135
384        5.90807
384         4.9857
384        2.16056
384        4.45727
384        5.77617
384        3.86474
384        1.33866
384        1.08561
384       0.735035
384        1.81064
384        5.49195
384        2.12936
384        4.11419
384        1.30664
384        4.07192
384        2.92699
384        4.86291
384        3.24601
384        4.53404
384        3.71713
384        5.64192
384        0.93687
384        1.46737
384        1.07599
384         2.8752
384       0.680002
