365        1.85669
365        1.94409
365        5.55074
365        5.09832
365        4.83943
365        3.93775
365        1.41354
365        2.01363
365        1.17764
365        4.75291
365        4.22555
365       0.396857
365        2.83047
365       0.986594
365         4.6438
365        5.20678
365        2.64779
365        4.83359
365        5.11901
365        1.68333
365        2.85998
365        2.85106
365        4.41869
365        3.56479
365        1.21937
365        2.54195
365         1.8361
365        4.76061
365        2.59753
365        5.76737
365        5.25576
365        4.33019
365        2.57896
365       0.590384
365        4.93658
365        5.27343
365       0.942961
365        4.92258
365        3.10377
365        6.04275
365        5.21758
365        2.36282
365        1.31834
365        3.33735
365        4.57023
365         3.9831
365        2.53472
365        4.28351
365        4.18759
365        5.03961
365        4.02933
365       0.522235
365        5.28474
365        2.68062
365        2.30798
365        5.61458
365        3.94094
365        4.77443
365        5.95993
365        3.96604
365        6.19054
365        5.99463
365        4.44074
365        4.70622
365        3.16376
365        5.95803
365        5.18198
365        3.58951
365        4.79938
365        5.35266
365         1.0253
365        1.49419
365        1.57839
365        2.91537
365        3.89392
365        3.87791
365          1.662
365         5.5197
365        2.77873
365        5.05214
365        5.42314
365        6.17364
365        2.46886
365        4.50212
365        6.12645
365         1.8367
365        1.17133
365        1.91086
365        6.11764
365        2.07219
365        4.34148
365        6.05694
365        4.97953
365        2.07036
365        6.19471
365        5.06938
365        5.14788
365        3.87616
365        1.79458
365        4.05702
365         5.2455
365         5.2406
365        3.78747
365        1.01687
365         4.4589
365        5.05053
365        1.67793
365        2.00828
365       0.961945
365        2.18041
365        2.54766
365        5.35561
365        4.15441
365         1.4092
365        1.81168
365        5.81639
365       0.960559
365          1.923
365        2.43905
365        1.78316
365        1.40492
365       0.769542
365        4.84036
365         2.7306
365        5.33226
365        3.85043
365        5.66863
365        5.55915
365        4.22568
365        5.10851
365        4.82637
365        1.50943
365         2.3948
365        4.84887
365       0.670506
365       0.940746
365        4.49746
365      0.0697648
365        4.26697
365        4.73572
365        5.29886
365        1.04514
365        5.96326
365        5.19923
365        2.47063
365        1.25912
365       0.920644
365         4.4062
365        4.80536
365        5.43035
365        2.67084
365        4.83532
365        1.80185
365        4.61073
365       0.679634
365       0.914792
365        1.40426
365       0.583158
365        1.84815
365        5.45533
365        5.98452
365        1.03543
365        5.15305
365        5.74778
365        1.87792
365        5.83223
365        4.57795
365        5.16689
365       0.264302
365        4.32695
365       0.841688
365        5.56963
365        2.07696
365        4.20713
365        4.60833
365        4.15662
365        4.21119
365        2.42363
365        2.76651
365        2.63425
365        4.77339
365       0.217093
365        4.75474
365         2.7015
365        4.50382
365        1.40431
365        4.75757
365        1.86626
365        4.29205
365        4.38962
365        2.94628
365        2.67167
365        1.64278
365        5.46086
365        2.07523
365        4.93772
365       0.792964
365         4.8467
365        1.20233
365       0.164896
365        3.00543
365        5.64252
365        4.51137
365        1.22891
365        1.55719
365         4.5612
365        2.79628
365         5.0028
365        3.33224
365        2.76122
365        5.01209
365         3.9532
365       0.161493
365        1.40025
365        2.14336
365       0.892361
365        3.63483
365        1.10597
365         1.7885
365        1.69266
365        2.77083
365        4.26355
365        1.33695
365       0.626784
365        5.07895
365        3.57095
365        4.64295
365        4.93368
365        4.13381
365         1.4699
365        1.06392
365        2.51113
365       0.406683
365        5.14591
365        3.74156
365         3.9085
365        6.04347
365        4.53502
365        5.55372
365        4.24383
365        2.39149
365        4.88742
365       0.807378
365        4.87706
365        1.49506
365      0.0204265
365        1.01368
365       0.724439
365       0.467345
365        4.83079
365        1.14319
365       0.208209
365        1.32662
365        5.77599
365         5.6255
365        4.64048
365        1.72967
365        2.99161
365        4.89723
365        2.89305
365        2.12324
365        2.33996
365        2.22324
365        4.54499
365       0.276436
365        5.69844
365        5.00482
365        4.39791
365        2.73583
365      0.0217127
365        5.59671
365         3.7527
365        0.28369
365        3.65833
365        5.73218
365       0.336299
365        2.02058
365        5.08761
365        3.64478
365        1.48751
365        5.89458
365         3.6378
365        2.39102
365        4.36257
365         1.6124
365         3.4951
365        4.92198
365        2.48687
365        1.81705
365        2.10542
365        4.52331
365        1.49541
365        2.91031
365        1.70771
365       0.565821
365         4.3158
365        3.21955
365        4.35523
365        1.68619
365        2.96485
365        2.54495
365        4.90416
365        2.72566
365        4.06938
365        2.67225
365        0.99289
365      0.0891691
365        3.75815
365        2.09088
365        1.57921
365         5.7079
365        1.67987
365         2.4184
365        6.18999
365        3.43489
365         1.6237
365         5.0376
365        4.76366
365        1.42672
365         4.1055
365       0.719408
365       0.768707
365        5.32045
365         4.6484
365        2.06799
365        2.10795
365        3.54162
365        2.28237
365        3.93206
365        4.38876
365         3.6591
365        2.83016
365        5.03072
365        2.93915
365        5.10608
365        4.14689
365        5.64017
365        2.48219
365       0.594809
365        5.92436
365        4.36639
365        1.96579
365        1.84115
365        2.53632
365        1.52967
365        2.56865
365        3.64415
365        5.04992
365        5.00442
365        1.42075
365        1.72241
365        5.00625
365        1.05282
365        2.41188
365         5.6568
365       0.719442
365         5.9463
365        5.75633
365        3.91734
365        5.00153
365        1.70973
365        5.16492
365        2.38989
365        1.96804
365        1.48122
365        5.38826
365        2.94933
365        5.18765
365        4.69797
365        6.10186
365        5.71312
365        5.21187
365        1.69704
365        2.49443
365         2.9787
365        4.76938
365        1.78134
365        2.22862
365        3.40017
365        4.22001
365        4.34725
365         4.6423
365        1.23423
365       0.454706
365          3.614
365        3.73517
365        1.77469
365        4.53327
365       0.760335
365        4.17969
365         3.6917
365        5.45089
365        5.93353
365         1.6603
365        1.94052
365       0.619909
365        3.99458
365         3.8382
365        4.06879
365        6.02411
365       0.437431
365        1.82385
365        1.84356
365       0.174735
365        5.03937
365         4.9386
365        1.62102
365        5.58077
365        3.36035
365        2.75446
365        4.48784
365       0.742976
365        5.21212
365       0.349897
365        1.69438
365        2.01192
365        4.01399
365        4.45891
365        2.70148
365        2.68759
365         4.1408
365        4.89033
365        5.47683
365         2.9762
365        1.16211
365        4.12644
365        4.34114
365         1.1914
365         2.3645
365         2.1229
365        5.41446
365        5.28539
365        5.02511
365       0.759596
365       0.173723
365        2.13284
365        5.03853
365        5.90716
365        3.91084
365       0.955987
365       0.210821
365        1.13245
365        5.77986
365        4.55134
365        4.08062
365        2.05905
365        5.29601
365       0.960627
365       0.168062
365        1.05709
365        1.89103
365        4.85381
365        1.91181
365        5.32441
365        4.15997
365        4.17794
365        2.27366
365        3.23541
365        5.29422
365        5.53392
365        2.51513
365        2.14142
365        5.78412
365         5.2063
365       0.214354
365        5.42992
365         2.2384
365        3.93569
365        3.12358
365        5.53418
365        3.71136
365        2.49922
365        1.12881
365        4.46464
365        6.25808
365        4.56727
365         5.0752
365        2.00053
365        1.35533
365         4.4221
365        3.95741
365        4.83309
365        5.85345
365        5.15856
365        1.50389
365        3.37483
365         1.0726
365        1.26237
365        2.87264
365        1.80837
365        6.09264
365        2.44676
365       0.810344
365        5.37909
365        2.07631
365        1.58532
365       0.348818
365        1.49043
365         5.2945
365        3.99419
365        1.17294
365        3.98306
365        5.20529
365        4.62283
365        2.66949
365        2.30552
365        4.33915
365        4.56327
365        1.19529
365        5.62386
365        2.41944
365        5.47004
365          1.737
365         5.3893
365         1.4753
365        1.79464
365         3.7959
365        6.12343
365        5.70023
365        2.31295
365        6.23601
365        1.60585
365        1.75829
365       0.655874
365        5.14207
365        5.08363
365        1.21293
365        6.16046
365       0.840487
365       0.454411
365        1.27487
365        4.97251
365        4.79841
365        4.60319
365        4.62392
365        3.86093
365        1.47944
365        2.76391
365        2.80662
365        5.84282
365        3.98911
365        4.95676
365       0.411445
365        4.61832
365        2.11187
365        2.13947
365         4.7919
365        2.03396
365         3.4841
365       0.149786
365        0.45559
365         5.3213
365        3.69982
365      0.0777182
365        4.96089
365         1.6523
365        1.09911
365       0.970403
365       0.711915
365        4.15228
365        4.79442
365       0.791802
365        5.05593
365        2.01877
365         1.3314
365        3.82733
365        5.58799
365        1.72274
365        5.69818
365        4.09439
365        1.68284
365        2.77676
365        2.79164
365        2.19385
365        1.41066
365        2.02749
365        4.64672
365        0.43441
365       0.884674
365        2.64164
365        5.49555
365       0.829525
365        4.22539
365        5.43822
365        2.06978
365        1.02333
365        1.38961
365         4.9709
365        4.97255
365        2.03043
365       0.550752
365        3.80492
365        5.19461
365        3.41132
365        6.23708
365        4.48558
365        2.62656
365        4.29954
365       0.235992
365        1.68222
365        5.55635
365        1.40531
365         1.7873
365        3.83974
365        5.64736
365        2.87371
365         1.6411
365        3.71163
365        4.33752
365        4.87219
365        2.08823
365        3.66081
365         4.4276
365        1.02615
365       0.209372
365        5.02049
365        5.19263
365       0.841223
365        4.21639
365        4.76006
365         1.9789
365        1.97473
365        3.28812
365        4.35654
365        1.84775
365        4.66475
365        2.17856
365        5.06581
365        2.43284
365        5.12121
365       0.761665
365        5.21795
365        5.00825
365        2.13236
365        1.41429
365        1.78435
365        1.72102
365        3.04992
365        1.77629
365        4.27315
365       0.997775
365        4.71908
365        1.39454
365        4.80454
365        1.41087
365        5.82389
365        2.26514
365        5.28821
365        4.80256
365        6.06032
365        2.65159
365       0.150398
365        3.97911
365       0.856602
365        4.18183
365        1.73349
365        6.08838
365        1.89723
365        1.74433
365         1.8954
365        2.16718
365        6.15979
365        2.75895
365        6.05621
365        3.27427
365        2.92112
365       0.545407
365        1.19576
365        2.75542
365        1.01806
365       0.861737
365         4.5683
365        1.94971
365         1.2312
365        5.32377
365          2.242
365        3.86429
365        4.48411
365        5.12537
365        2.62798
365        2.41135
365        3.45626
365        4.49067
365        4.44672
365        1.55509
365        2.32743
365        1.26741
365        1.42424
365        1.86196
365        1.77749
365        5.70798
365       0.818599
365        5.08241
365        1.59254
365        6.12553
365        4.35049
365        1.60686
365        5.59803
365        4.87116
365        5.32598
365        3.35465
365         4.7507
365        4.30407
365       0.698811
365        2.47039
365        1.29926
365        4.62831
365        4.06285
365        0.72788
365        2.36303
365        5.15503
365        5.03126
365         3.4993
365        2.49371
365        4.17257
365        4.87858
365        4.53759
365        1.48585
365        5.56489
365        1.24426
365        4.78895
365        2.43427
365        4.93503
365         4.4974
365       0.573428
365        5.78445
365        4.75991
365        1.42966
365        5.69382
365        5.64385
365       0.879243
365        2.51779
365        4.43839
365        4.54046
365        2.11738
365        4.22963
365        1.05055
365        2.13076
365       0.180465
365         1.8096
365        4.46573
365        5.68627
365        4.41753
365        5.34877
365        1.35543
365       0.352428
365        3.20069
365        5.70647
365        1.81495
365       0.694878
365        5.04883
365        5.46415
365        5.31787
365        3.61331
365        1.50006
365        4.67915
365        2.05198
365        3.73569
365        4.41402
365        2.27977
365        2.04189
365        1.33211
365      0.0406583
365        4.95209
365         1.6862
365         4.3558
365        4.49006
365       0.935165
365       0.737077
365        2.29572
365        1.56344
365        5.24599
365       0.290388
365        3.48271
365        5.87639
365        5.38529
365        1.58105
365        3.70515
365         2.3978
365         1.2749
365        2.34089
365        1.53411
365        3.68205
365         4.9429
365        1.50062
365        1.94858
365         2.3826
365        1.89601
365         1.5003
365        1.18706
365       0.794119
365        2.50757
365        4.22469
365        4.79708
365        3.36479
365        4.61098
365        4.01712
365        3.62571
365        4.00443
365        5.67204
365        5.99135
365        4.72619
365        1.72338
365        1.92006
365        5.37734
365        5.35236
365        4.17241
365        1.45306
365         2.2895
365        5.56396
365        1.11017
365        1.86713
365        2.38938
365        1.35497
365        1.37557
365        1.24304
365        4.05476
365        2.57167
365       0.332139
365       0.890134
365        2.04115
365        4.37466
365        6.11123
365        2.03348
365        2.97117
365        4.38455
365        2.35818
365       0.139371
365        3.48766
365        1.93908
365        4.05102
365        5.17339
365        5.51842
365        2.81132
365       0.977562
365        4.28303
365        4.24053
365         5.7456
365        1.03512
365        5.91395
365        1.78932
365        1.59644
365        1.29238
365        4.15895
365        3.88761
365        5.06408
365         2.5015
365        5.82514
365         4.6908
365        1.68307
365        1.15964
365        5.40284
365        2.47161
365        5.26442
365        1.90892
365        1.79348
365        6.25788
365        5.12682
365        1.30945
365        2.69447
365        4.30646
365        4.90352
365        1.28567
365        5.10947
365        5.14959
365        2.87734
365        5.60801
365        1.06902
365        1.12668
365        1.54589
365       0.154788
365        1.02733
365        3.95294
365        1.55049
365        4.29032
365        1.86223
365        4.30581
365        5.16533
365        5.68465
365       0.848865
365        4.92762
365        1.48303
365        5.04723
365        4.45092
365        2.50767
365        1.35115
365        4.36841
365        4.46814
365        5.71102
365         5.1704
365        2.85771
365        2.12608
365         2.8513
365        4.83925
365         1.8009
365        1.85903
365        1.59709
365         4.3824
365       0.473895
365        3.79398
365        4.66231
365        4.77238
365        6.10537
365        4.16679
365         1.4358
365       0.168013
365          4.826
365        5.90702
365        3.27487
365        5.44457
365        1.43683
365        4.56815
365       0.541666
365        3.80884
365        5.12933
365        1.68093
365        2.18784
365        4.47441
365        3.49587
365        2.72184
365        4.82805
365        4.20871
365        1.79027
365        2.66359
365        5.84069
365       0.464524
365          2.909
365        3.89355
365        1.26914
365        1.08731
365        5.28306
365        4.62372
365        4.73605
365        3.36962
365        1.10228
365        1.10823
365        1.48342
365        1.61661
365        2.62885
365        5.29075
365        6.02891
365       0.252723
365        1.76717
365        1.98726
365        3.89405
365        5.09349
365        4.31775
365        5.55657
365        4.58326
365        4.19885
365        5.50278
365         5.6436
365        4.80246
365        2.41592
365        3.97409
365        4.80239
365       0.221721
365       0.562783
365        0.92646
365        1.04966
365        4.27476
365        1.64941
365        2.16773
365        5.01205
365        1.08041
365        5.77299
365        4.97947
365        4.73754
365        4.57475
365        4.72289
365       0.249523
365        5.14871
365        4.85199
365        3.69411
365        1.30015
365        1.59121
365        1.63152
365        5.10025
365         1.5739
365        2.42948
365        2.08082
365        4.59662
365        3.87273
365        4.40084
365        4.79943
365        1.12698
365        1.19654
365        3.72584
365        4.03103
365        5.36437
365        1.05431
365        5.39333
365        3.75534
365         1.4026
365        2.73121
365        5.47764
365         3.2779
365        3.59184
365        0.69079
365        1.85889
365        1.72582
365        4.84639
365        2.26236
365        5.25989
365        5.62647
365        4.15464
365        5.45144
365        4.56871
365        5.25099
365         3.0238
365        2.24883
365        1.98231
365        2.97071
365        6.03986
365        5.69167
365        4.01141
365        3.95812
365        2.58971
365        2.04819
365        4.57104
365        1.53925
365        1.28798
365        3.30603
365        0.59883
365        5.06868
365        4.94828
365        3.41581
365        5.10763
365         1.8376
365        2.14758
365        3.92748
365        1.40603
365        4.73123
365        3.78694
365        6.21916
365        2.39547
365         5.5495
365       0.595331
365        6.23721
365       0.375159
365       0.888385
365        2.44682
365         1.3697
365         4.3902
365        1.16744
365        2.22704
365         3.6797
365      0.0711453
365        1.05459
365        1.62602
365        4.59497
365       0.670372
365        2.34645
365        4.83829
365         4.6538
365        2.35247
365        5.56497
365        2.37701
365       0.673262
365         1.6918
365        2.00546
365        5.80053
365        2.77641
365        5.06964
365        2.08265
365        5.23946
365        2.28177
365         3.6469
365          1.388
365        1.32786
365         5.2666
365        6.12764
365       0.908965
365        1.65121
365        1.62879
365        4.26072
365        5.08487
365         1.1194
365        5.44169
365        5.43875
365        5.17438
365        3.38259
365       0.623539
365        1.24938
365        2.05364
365        4.80768
365        4.18893
365        5.13355
365        1.82813
365        5.44894
365       0.853927
365        4.35576
365        2.08081
365        4.15194
365        2.21575
365        4.63985
365        4.91623
365        2.28702
365        1.43733
365        2.24594
365        3.78485
365        4.63118
365        3.54273
365        5.41792
365        4.14079
365        1.85946
365        2.06605
365        6.14732
365        2.17332
365        5.60223
365         4.0276
365        1.15048
365        4.57388
365        4.08856
365        4.16793
365        4.96462
365        2.80255
365        5.25949
365        4.56071
365        4.79195
365        1.60917
365        5.93647
365        4.07478
365        3.86324
365        5.22083
365        5.82852
365        2.94329
365        4.93681
365        2.25845
365        5.83427
365        2.27874
365        4.36866
365        1.84357
365       0.924266
365        4.48013
365       0.846758
365          5.238
365        2.28473
365        4.85526
365        4.23527
365        4.55332
365        2.10135
365       0.715782
365        1.42971
365       0.683421
365       0.892509
365        2.67093
365       0.186857
365        1.44113
365        2.32293
365        2.87973
365         2.3773
365        2.74434
365        4.32447
365         4.3453
365        1.88984
365        1.39414
365         2.6575
365        2.34864
365        4.77465
365        5.18101
365        5.28307
365        4.61104
365        6.24517
365        4.20615
365        5.80725
365        2.51447
365        6.02365
365        2.07512
365        3.43937
365        4.90778
365        2.53346
365        3.72051
365        1.40947
365        1.79083
365        3.08914
365        5.42965
365        5.19768
365        1.31061
365        1.00717
365       0.758662
365        5.41716
365        3.81746
365        1.90565
365        1.46923
365        4.62151
365        2.39039
365        5.23204
365        2.52072
365        1.04517
365        4.48606
365        2.43456
365        2.91272
365        1.32328
365         1.9846
365       0.596209
365        5.01129
365         1.0674
365        4.30384
365        4.29929
365         2.6097
365        1.86948
365        1.63777
365        2.76548
365        3.87937
365        1.41145
365        5.58584
365        3.62935
365       0.998228
365        6.08926
365        5.13283
365        1.51832
365        3.10681
365        4.76679
365        4.42193
365        1.25154
365        4.52717
365        1.08371
365        3.01178
365        2.20606
365        5.18903
365        5.29278
365        2.18359
365         4.6095
365        1.77508
365       0.292303
365       0.536599
365       0.813657
365        5.03053
365         4.9056
365         5.1096
365        6.20394
365        1.09215
365        5.25432
365        2.05552
365        0.67596
365        2.57682
365        2.46842
365        2.00411
365        1.70331
365        4.74185
365        1.65403
365        4.34699
365        4.72574
365        3.23303
365        1.95438
365        2.50599
365        3.14999
365        4.21393
365          4.394
365        1.81717
365        3.96447
365        6.04697
365        4.40771
365        5.14868
365        1.33241
365        2.13517
365       0.655738
365        5.58771
365        4.00681
365        1.66551
365        1.25452
365        1.50248
365        5.34853
365        1.65074
365        5.79574
365        5.17382
365        1.72775
365        5.84777
365       0.709825
365        6.11275
365        1.51458
365        3.34135
365        2.43571
365         2.6086
365        5.16921
365        4.07822
365        2.52039
365        3.98116
365        4.65886
365        1.31003
365        3.28165
365        5.23227
365        4.23937
365        1.15613
365        1.48566
365        5.22797
365        2.30827
365        4.80903
365        4.46931
365        5.21349
365        4.86568
365        1.44197
365       0.754737
365        2.42556
365        3.33337
365        2.52322
365        6.02791
365        4.02349
365        2.43474
365        2.28148
365        1.60756
365        2.10563
365        5.20383
365        1.09089
365        1.62834
365        1.66696
365        6.19951
365        2.03991
365        2.43436
365        3.22485
365        2.50955
365        3.37998
365        1.26668
365        5.16014
365        2.20047
365         2.1009
365        4.51233
365        4.94603
365        5.00686
365         1.7913
365        4.49237
365        1.80442
365        1.02282
365        6.22326
365        1.39251
365        3.44863
365        2.36926
365        4.41065
365        1.99674
365         5.1233
365        5.41992
365        5.57188
365        2.19598
365         2.2991
365       0.225483
365        1.68089
365        4.19101
365      0.0232652
365        1.87709
365        5.46112
365        1.20105
365       0.175453
365        4.50424
365        1.93338
365        2.63137
365        2.15556
365        4.52344
365        1.39547
365       0.730461
365        5.53323
365        4.49664
365        1.57738
365        5.93498
365        5.43465
365        1.24117
365        4.72815
365        5.15817
365        5.32526
365        5.05443
365        5.54278
365        1.06293
365        5.23456
365        1.79115
365        3.51407
365        1.78388
365        4.58276
365        5.48573
365        2.20967
365        1.85272
365        1.50191
365        1.15073
365        5.85081
365        5.74508
365        1.01855
365       0.967912
365        1.21127
365        3.13958
365        2.27529
365        1.68742
365        3.94828
365        5.75794
365         1.0143
365        5.24791
365        5.99283
365       0.496074
365        5.03795
365        1.39315
365        5.87596
365        5.23076
365        5.04637
365        4.71058
365        2.00444
365        2.41534
365        4.08562
365        5.31969
365        5.95336
365        2.46435
365        1.99385
365       0.134043
365        6.03289
365        4.70836
365        2.00362
365        1.95331
365         4.7093
365        5.48094
365      0.0506267
365        5.33193
365       0.614621
365        5.25935
365         1.3691
365        4.98479
365        2.20258
365        4.70695
365       0.360405
365        4.77191
365        3.37732
365        5.34035
365        5.68647
365        1.98747
365        1.26223
365        1.53161
365        4.67728
365       0.632991
365        3.73762
365        5.87921
365        4.92176
365         5.5549
365        5.42464
365       0.606927
365        4.37809
365        1.27166
365        3.91776
365        3.19689
365        1.81697
365        1.13656
365        2.58834
365        2.21511
365        3.54793
365        2.45518
365        4.16784
365        1.93651
365        1.95956
365        5.62515
365        6.24628
365        1.38807
365       0.159607
365        5.23833
365        4.13302
365        1.42422
365        1.36766
365       0.980493
365        2.34644
365        4.40211
365        5.56079
365        1.87527
365        2.48613
365        2.95492
365         4.6918
365        3.31257
365        3.49871
365       0.985751
365        2.45449
365        1.83221
365        4.89821
365        2.18119
365        5.24356
365        5.06826
365        5.98143
365        1.78827
365        3.83262
365        5.06945
365        2.88707
365        2.02665
365        4.97833
365        4.52041
365        1.44532
365         1.7443
365       0.345575
365        1.80437
365         1.9289
365          2.606
365        5.64763
365        5.58655
365        4.42843
365        5.30558
365        4.54063
365        2.45973
365        1.94676
365        3.78598
365        2.36929
365        1.17033
365         1.1817
365       0.127865
365        4.40405
365        4.25657
365        2.58089
365        2.20866
365        5.10643
365        5.12441
365          2.043
365        5.30413
365        5.86874
365        5.45966
365        1.63643
365       0.431641
365        3.77468
365       0.917182
365         1.1037
365        5.31443
365       0.869744
365       0.978397
365       0.849078
365       0.173441
365         1.7896
365          1.486
365        2.75676
365        4.51891
365           5.81
365        5.24221
365        2.56414
365        3.97955
365        5.03401
365        2.03224
365        1.04686
365        3.17096
365        4.41346
365        4.92904
365        5.16333
365         5.7628
365        3.64034
365        5.27912
365         2.1184
365        5.84643
365        5.43902
365        4.04367
365          6.006
365        5.40921
365        2.02856
365        2.85832
365        1.44258
365        3.11148
365        5.41306
365        1.56134
365        4.69167
365        4.09843
365          3.172
365         5.1521
365       0.553127
365        1.47629
365        5.29918
365        4.79063
365         5.5359
365        2.36033
365        4.65731
365        3.84197
365        1.90642
365        4.28091
365        2.60988
365       0.970907
365        5.95206
365        4.62355
365        5.60435
365        2.31234
365        2.13571
365        4.01927
365        5.79486
365        3.05137
365        5.62592
365        1.17433
365        3.69595
365        6.00718
365        1.87588
365         5.4557
365         1.8316
365        0.24878
365        2.08592
365       0.975158
365        4.65772
365         4.3504
365        2.30733
365        0.94407
365        1.05885
365        1.89845
365       0.316298
365        4.54597
365        5.13041
365        3.16716
365        4.98059
365        1.55929
365        5.21175
365        1.93538
365        2.25804
365         3.9694
365         5.1671
365       0.478479
365        4.89971
365        3.65056
365        5.32029
365        2.03638
365        5.17523
365        2.99848
365        1.44037
365        2.87138
365        4.36042
365        5.61186
365        4.32352
365        1.18123
365        4.86068
365          3.008
365        4.34533
365         2.2927
365        2.85842
365        1.50983
365        1.35812
365        2.27315
365        1.94613
365        6.04961
365        1.26719
365        4.66034
365        1.85651
365        5.07422
365       0.536089
365        4.95002
365        4.98307
365        4.00299
365        4.51845
365        5.53361
365        3.24289
365        5.67138
365        1.38955
365       0.376836
365        1.49842
365        5.15527
365        5.03878
365         1.9551
365         2.2575
365        1.41752
365        4.16089
365        2.69023
365        5.82548
365        2.50298
365        5.53085
365        2.96928
365        2.56243
365        5.62329
365         0.5387
365       0.975122
365        1.45052
365         2.0593
365          3.938
365      0.0748285
365        4.76927
365        5.77222
365        2.97234
365        2.03373
365        1.35523
365        5.74125
365        4.07513
365        1.42804
365        4.09922
365        1.38333
365        4.57235
365        2.26643
365        4.16291
365       0.583842
365        5.45279
365        5.07279
