767        5.21359
767       0.574289
767        1.31836
767        2.08932
767        4.56493
767         3.7734
767        4.84675
767        5.66693
767        4.32785
767        1.48831
767        5.64898
767        2.58349
767        2.18923
767        4.56605
767         1.4089
767         4.9584
767        2.30352
767        2.76534
767        1.57025
767        4.78087
767        2.49683
767        5.29295
767        5.94672
767        4.58202
767        5.84575
767        1.57681
767        2.75899
767        1.82768
767        1.09292
767        4.37752
767       0.119249
767      0.0478409
767       0.891734
767        1.82442
767        3.43894
767        5.26635
767        6.28119
767     0.00171306
767        5.30239
767        1.50187
767        1.30771
767       0.436512
767        4.23593
767        6.14239
767        5.79257
767        2.02008
767        1.95271
767        5.62137
767         3.7483
767        4.98021
767          4.773
767        4.32105
767        1.81781
767        4.57552
767        3.78039
767        3.33275
767         5.2181
767        5.65461
767        4.27076
767        4.54756
767        1.11846
767       0.618809
767        3.44623
767        1.40553
767        5.16418
767        5.36909
767       0.432573
767        2.35176
767       0.522802
767        4.01996
767        2.63538
767         1.0144
767        1.47936
767        4.49659
767        3.90843
767       0.673362
767        1.67934
767        5.34225
767        1.54317
767        3.24479
767        4.17062
767        3.09774
767        5.21922
767        5.62695
767         2.8498
767        2.35856
767        2.72491
767        6.01524
767        5.10147
767        4.72484
767        4.29348
767        2.04828
767        3.98656
767        3.15988
767        4.35008
767        2.89728
767        3.98719
767        4.74496
767        4.03979
767        1.71518
767         4.9151
767        6.09605
767       0.377164
767        2.72166
767        5.25565
767        3.37692
767        2.81284
767        5.78385
767        1.09854
767        2.11328
767       0.327828
767        3.05143
767        5.72542
767        2.16184
767        2.01471
767        3.96231
767       0.745348
767        5.56374
767       0.521183
767        4.73909
767        2.89195
767        1.78826
767        5.28393
767        4.12165
767        3.09559
767        1.64897
767        2.10862
767        4.29342
767       0.958556
767        1.10705
767        2.93101
767        2.68304
767        5.15474
767        5.60499
767        6.07284
767        1.92269
767       0.725697
767        5.95667
767        3.58923
767        1.58868
767        5.36119
767       0.524799
767        5.47017
767        5.69563
767        5.14924
767        2.05507
767        5.34795
767        4.32707
767        4.23684
767        5.12757
767        1.91523
767        2.58515
767        1.90381
767        2.83526
767        3.08277
767       0.412866
767        1.50389
767         2.2761
767        5.34898
767        5.01846
767       0.621365
767        4.54443
767        4.99802
767        5.46628
767        3.84102
767        6.22257
767        4.40396
767       0.294927
767         5.6556
767       0.100754
767         3.6358
767        4.53745
767        3.99652
767        5.74257
767        3.03034
767        3.41164
767        4.87025
767        1.87353
767        2.46968
767        5.84034
767        1.34918
767        5.87679
767        3.64461
767       0.599261
767       0.247798
767        1.99442
767        1.33601
767        4.61272
767        2.33651
767          4.852
767        5.15697
767        5.85491
767         2.7498
767        4.56705
767        1.22504
767        1.23819
767        5.70579
767       0.920923
767        3.05878
767         1.2494
767        1.72504
767        4.32008
767       0.442673
767       0.655508
767        2.39815
767         3.9011
767        5.53436
767        0.24136
767        1.97405
767        4.33125
767        1.91831
767        5.27289
767        4.98485
767        3.96431
767        4.89949
767        4.86723
767        1.87102
767        1.43495
767        5.68861
767         2.3443
767        4.51049
767        5.25208
767        2.22397
767        2.57517
767        1.85042
767        4.98981
767         5.7605
767        2.85991
767        3.77935
767        2.13776
767         2.2043
767         5.4092
767       0.293615
767      0.0890122
767        3.10907
767          5.476
767         2.0793
767        4.99502
767         2.5118
767       0.389789
767        1.63842
767         1.0867
767        1.02602
767        4.00718
767        3.13499
767        2.06374
767       0.161532
767        2.06368
767        2.40261
767        1.91469
767       0.597647
767        3.90098
767         4.3019
767       0.519746
767          4.419
767       0.602116
767        5.15411
767        5.71086
767        4.57999
767        4.11147
767        2.09088
767         4.3466
767        1.33828
767        4.66913
767        5.76039
767        4.11113
767          5.305
767       0.735279
767        1.68858
767        2.07039
767        2.98827
767        2.73494
767        2.39006
767        4.80121
767         2.1263
767         1.3159
767        6.18968
767        3.41468
767        5.00456
767       0.620531
767        4.32176
767         4.3172
767        4.10144
767        4.89058
767        2.00799
767        2.34703
767        1.70149
767        5.24622
767        1.77785
767        4.46492
767        1.81108
767        4.44594
767        6.04958
767        2.50347
767        5.40956
767        6.14259
767        5.90122
767        5.08089
767        2.42446
767        5.46613
767        1.55392
767       0.967262
767        6.14329
767        1.65357
767       0.802278
767        1.76773
767        2.61352
767        3.74425
767        5.40102
767        5.70839
767        5.25759
767        2.90954
767         4.4121
767         2.7847
767        5.53619
767      0.0342981
767        2.65763
767        4.73409
767        5.15174
767        4.88232
767        1.85076
767        5.77453
767       0.977243
767         6.2185
767        1.24288
767       0.249969
767        2.60214
767        3.50499
767         4.0745
767        5.29806
767        2.19414
767        2.30136
767        2.21974
767        1.46913
767         5.2664
767      0.0711109
767        2.20866
767        6.11108
767        1.18602
767        3.25116
767         3.8713
767        4.50834
767         5.6553
767        2.42257
767        5.66302
767        5.33636
767        3.01293
767        4.93995
767        4.56588
767        2.17917
767        6.10658
767        4.70302
767         4.9945
767        1.70096
767         2.9557
767        1.64682
767        1.91788
767        4.37269
767        4.27947
767        4.42973
767        5.92868
767        5.09137
767       0.746336
767        2.54859
767        5.10993
767        3.28884
767        4.98085
767        3.67197
767       0.993506
767        1.03584
767        3.77829
767        4.32891
767        4.38967
767        3.54164
767        5.79925
767        2.57863
767        1.07955
767       0.975853
767        5.47339
767        1.31734
767        0.76478
767        4.80301
767        1.18926
767        2.34106
767        6.04515
767        2.24835
767        4.79372
767        2.25424
767        5.80148
767        3.77726
767        6.09969
767         2.5724
767        5.51665
767        1.49589
767         4.5551
767        2.13634
767       0.816168
767        5.87747
767        5.07088
767        2.48812
767        1.44985
767        1.64055
767        1.47812
767        2.46737
767        5.68328
767        1.78187
767        2.70244
767        6.04422
767        1.08799
767         2.4269
767        5.03255
767        5.27014
767        5.89777
767        5.01446
767        3.90258
767        5.21155
767        1.53163
767        4.99631
767        4.37752
767        4.91932
767        5.76076
767      0.0103265
767        5.30344
767        2.44716
767        2.96545
767        2.21176
767        5.91832
767        4.26206
767        5.63697
767        3.16441
767        2.45731
767        2.82072
767        4.57658
767        5.59628
767       0.778892
767        4.89957
767       0.397744
767         1.9582
767        3.14349
767         4.6889
767        3.09525
767        5.65548
767       0.925383
767        2.16419
767        1.51157
767        2.40312
767       0.273357
767        1.58303
767       0.865296
767        6.09741
767        1.60358
767        1.94323
767       0.620962
767         4.6713
767        1.68734
767        5.01708
767         0.2993
767        5.33777
767        5.49965
767        4.07089
767       0.587436
767        5.24554
767        2.08987
767        1.26763
767        4.98819
767       0.723542
767        2.66683
767        3.62729
767        4.96974
767        0.59469
767        4.61029
767        5.37065
767       0.433234
767        4.42867
767        2.38936
767        6.17278
767        5.46742
767        4.77086
767        2.47074
767        5.02824
767        3.71627
767        3.13639
767       0.957428
767        5.26854
767        5.04304
767        1.59254
767        2.55945
767        2.50557
767        3.62515
767        2.77238
767         5.1966
767        2.70769
767       0.815927
767        2.82377
767        3.58278
767        1.48158
767       0.105322
767        0.90455
767       0.432043
767        4.47666
767        2.92682
767        2.42033
767       0.857704
767       0.300597
767        2.64123
767         4.9862
767         5.5107
767        4.73104
767        3.94365
767       0.641642
767        1.34098
767        5.17774
767        2.67861
767        5.29681
767        2.78723
767        5.61143
767            4.3
767        5.47775
767        1.21524
767        5.85115
767        2.48546
767        5.86679
767        2.26874
767        5.73437
767        4.22975
767        2.32896
767        2.68786
767        2.48446
767        2.93794
767        2.47527
767         4.8059
767        5.64491
767        6.03992
767        2.35764
767        6.18303
767        3.43018
767        5.77117
767        2.65063
767        4.84523
767        4.79484
767        2.77631
767        5.62012
767        5.76091
767        5.40822
767         5.2437
767        3.71807
767        2.58337
767        4.03342
767        3.11962
767        4.67921
767        2.78368
767         5.8993
767        5.48617
767        5.79012
767        5.76333
767        1.36238
767        3.07599
767         4.5999
767       0.759205
767      0.0292434
767        5.14061
767        3.09646
767        4.63223
767        2.83595
767        4.75945
767        6.03582
767        4.92085
767        5.17447
767        2.06284
767        5.70498
767        4.12314
767       0.174524
767        5.52491
767       0.122618
767        4.98739
767       0.937562
767        4.14337
767        2.37032
767        1.35214
767        2.42108
767        2.43947
767        1.18429
767        5.59267
767        3.36914
767         5.3551
767         5.3276
767        6.22083
767        5.73856
767        2.87062
767        1.60784
767        5.01598
767        5.22718
767        1.87684
767       0.967329
767        4.70905
767        4.77961
767        2.51374
767        5.26789
767         5.7078
767        2.03463
767        5.05817
767        5.32346
767        1.57946
767        1.32927
767        5.76258
767        3.28937
767        2.58718
767        5.18682
767        5.57325
767      0.0787421
767         2.8865
767     0.00966448
767         2.4741
767      0.0248655
767        2.71745
767        3.17091
767        5.63477
767       0.117325
767         2.1732
767        3.83457
767        4.84073
767        5.82763
767        1.65079
767        2.35711
767        5.98085
767        2.11161
767        3.12441
767        5.16969
767        5.93336
767       0.386616
767        4.97579
767        0.77207
767        2.66286
767        1.79902
767        4.78951
767        1.16246
767        2.84572
767        3.95401
767      0.0607404
767        2.19827
767        5.29776
767       0.149105
767        1.71801
767        5.81773
767        1.52457
767        1.34499
767         4.5307
767        5.12951
767       0.616969
767        2.05223
767         1.4987
767        2.06842
767      0.0306892
767        6.19525
767        1.10681
767        2.44701
767         5.7252
767        6.17198
767        5.24468
767        2.36617
767        4.47287
767        1.68689
767        1.31129
767        4.89133
767        5.74079
767       0.960577
767        6.12645
767        2.35115
767        3.16098
767        3.01751
767        4.48579
767        5.53949
767        5.59849
767        2.95772
767        5.03277
767        6.14227
767        1.47242
767        5.00718
767        4.53178
767         5.5283
767       0.883106
767        5.76384
767        2.86268
767        1.80898
767        5.97857
767        2.67215
767        1.39788
767         3.1978
767        4.51149
767        2.00993
767        2.07965
767       0.192502
767         3.1908
767        5.46025
767        4.19116
767        1.55174
767        4.91715
767        4.38885
767       0.307441
767      0.0524472
767        5.79208
767        4.53632
767        5.48918
767        5.79832
767         5.9963
767        5.99005
767        4.26801
767        2.00579
767       0.714077
767        1.39957
767       0.366555
767        3.34184
767        2.34761
767        1.28467
767         1.9826
767        3.58819
767         3.3707
767        5.11713
767        1.30871
767        5.20713
767        2.56513
767        5.04368
767        4.41483
767        1.85337
767        2.41185
767        2.13294
767         1.6317
767        1.95733
767        5.13305
767        1.50532
767       0.891414
767        2.47078
767        2.50396
767        5.15667
767       0.246578
767        1.97897
767        1.94679
767        5.56549
767        2.04568
767       0.571814
767        1.65922
767        6.14138
767        2.65105
767        4.92238
767        5.56002
767        1.34771
767        5.43508
767        5.50059
767       0.465081
767        2.23422
767        2.38968
767        2.01061
767         5.3131
767       0.260775
767        3.45844
767        2.13967
767        3.15991
767        6.14673
767       0.010119
767        3.54386
767        1.86671
767        5.71446
767        4.42512
767        2.82635
767        5.59924
767        5.10504
767        5.18382
767      0.0883632
767        5.34384
767        2.17585
767         2.4971
767        2.83838
767        5.71871
767        4.95178
767         5.7161
767        5.25716
767         0.9988
767        4.88138
767       0.651236
767        3.44812
767        6.09976
767       0.944957
767        5.97002
767        4.61564
767         2.5317
767        5.59274
767       0.809516
767        5.66738
767        5.09391
767        1.68977
767        2.74372
767        3.52199
767       0.462499
767       0.818983
767        1.32624
767        5.33823
767        3.92377
767        3.88307
767        5.44605
767        5.06948
767        1.50912
767        5.66836
767        2.94541
767         3.2329
767        1.77359
767        6.24459
767        2.52494
767        2.17642
767         1.4745
767        5.11772
767        2.36732
767         1.6409
767        5.51797
767        4.87104
767        1.68349
767        2.71884
767         5.0109
767       0.528997
767         4.5674
767       0.381307
767        5.74571
767        5.88243
767        4.65602
767        5.01608
767        3.35178
767        4.62184
767        2.17539
767        2.65164
767        1.31471
767       0.850911
767          2.643
767        4.73988
767        1.15004
767        5.79912
767        5.84299
767        5.69113
767        1.76954
767        2.86818
767        2.41652
767        5.36236
767        2.86517
767        3.83695
767        3.22969
767        4.66032
767        1.88238
767        4.63616
767        2.35646
767         5.5372
767        1.77976
767        4.00161
767        2.08459
767        4.45817
767        5.53037
767         2.2388
767        5.71375
767        5.56219
767        5.16518
767        5.05728
767        4.11101
767        3.78797
767        4.82985
767        2.08345
767        5.77316
767        2.35115
767        2.02287
767       0.829662
767        2.16016
767        1.36155
767        5.79341
767        5.77375
767        5.15181
767        1.59264
767        2.82223
767        5.07038
767          4.985
767        4.61133
767        3.86531
767        3.39495
767         6.2211
767        1.72294
767        5.25707
767        5.03044
767        2.37773
767          5.173
767        5.60182
767        5.25241
767        4.13149
767        4.23714
767        5.30823
767         2.5481
767        4.58377
767      0.0376343
767        2.35655
767        6.13367
767        5.03423
767        4.82555
767        5.09242
767        5.02991
767        3.74432
767        5.39501
767        1.30422
767         5.2312
767       0.205378
767        2.07024
767       0.102017
767        5.50499
767        1.86825
767     0.00910169
767        6.10358
767        4.45157
767        1.37048
767        5.31896
767        2.22611
767        2.87688
767        4.12139
767        2.69906
767        4.84212
767       0.229276
767         3.9958
767        2.67549
767        5.10671
767        1.11798
767       0.882418
767        2.08656
767        3.92334
767        0.56933
767        2.51528
767        5.49468
767        5.48564
767       0.341662
767         5.0125
767        2.08505
767        2.10807
767        3.87512
767        2.66442
767        2.62494
767        5.96865
767        5.51364
767        4.59756
767        1.84549
767       0.847093
767        2.38668
767        5.80633
767         3.5733
767        2.84542
767        1.69565
767        2.81857
767        5.75606
767       0.324385
767       0.580923
767        2.15266
767         4.8125
767         4.0485
767        6.21924
767        5.75913
767       0.686309
767        2.14153
767        5.33787
767        4.81385
767        3.99217
767        3.43023
767        3.15228
767        3.95475
767         2.7092
767        2.30989
767        1.80467
767        6.23789
767        6.12048
767        2.63079
767        1.16941
767        3.94426
767        4.71402
767       0.210367
767        1.53424
767        1.14428
767        0.99638
767       0.936976
767        5.28361
767        5.62733
767        2.01162
767        4.73331
767        2.77248
767       0.310311
767        4.69164
767         5.2946
767        3.84102
767        3.18795
767        1.80179
767        1.75474
767        2.48836
767       0.348395
767      0.0142841
767        1.43705
767         2.6595
767        2.56001
767        5.22547
767        2.56982
767       0.401661
767        2.56036
767        4.52136
767        1.17419
767         4.6111
767        1.77383
767        5.64941
767        5.47866
767        6.03194
767        5.11979
767        1.73459
767        1.07412
767        5.67831
767        5.07006
767        3.70805
767        1.45269
767        2.16613
767        2.23418
767        2.56863
767        1.95605
767        1.96783
767       0.509859
767        2.26683
767        5.97795
767        5.19701
767        2.57324
767        2.56461
767        1.99095
767        1.45823
767        1.52994
767        2.44403
767        3.65481
767        5.13479
767        3.12829
767       0.216845
767        6.13968
767        4.24312
767        1.48451
767         2.1918
767        1.25901
767        3.03995
767        1.68717
767        2.60516
767        5.54318
767        4.41494
767        4.62584
767        4.60175
767        5.49506
767        5.68898
767        2.31469
767        3.71647
767        2.13718
767        2.03111
767         3.0917
767        5.78337
767        1.77748
767        1.78407
767        5.80968
767        1.73374
767        5.32253
767        4.77266
767        3.09267
767       0.944048
767         2.3738
767        3.69231
767       0.748616
767        1.68938
767        5.16187
767        5.52391
767        2.78626
767        1.22452
767        5.41512
767        2.69074
767        5.98618
767        6.24158
767        2.69604
767       0.144119
767        6.08127
767        3.13615
767        5.81318
767        2.35469
767       0.149776
767        5.95137
767        1.65423
767        5.39402
767        4.39347
767        5.07004
767        2.00393
767        2.43905
767        6.26855
767        5.63391
767        1.12908
767        2.67056
767       0.858831
767        1.65416
767        1.10789
767        6.12374
767        4.93316
767        4.25797
767        3.13586
767        4.34302
767        4.52829
767        5.08856
767        1.36073
767        2.72874
767        2.04289
767        2.82314
767       0.154011
767        0.78387
767         5.8215
767        3.48729
767        4.23619
767         2.7403
767        4.91719
767        6.07631
767        2.27753
767         1.5069
767         1.8176
767        4.68196
767        1.76424
767        1.98137
767        3.95559
767        3.37931
767        4.29639
767        5.20559
767        5.71427
767        2.06533
767        3.76011
767         5.1941
767        3.31732
767        2.34597
767        2.30866
767        4.86841
767       0.108684
767        2.34261
767        2.26523
767        5.68932
767        6.07774
767        2.58468
767       0.473169
767        1.59573
767        2.86015
767        2.99913
767        1.29372
767        3.92284
767       0.933693
767        5.88059
767        5.36506
767        2.80767
767        2.19371
767        4.16971
767        1.22158
767       0.368327
767        5.38329
767        4.52861
767       0.544259
767        1.82682
767        6.01603
767        1.77028
767        4.87593
767        2.72106
767        5.45246
767        3.52431
767        3.21374
767        6.17679
767        1.52583
767        4.86791
767       0.804077
767        4.82511
767        6.00123
767        5.28502
767        1.80132
767       0.526729
767        5.18367
767        3.14457
767        4.43049
767        3.74945
767        1.61501
767        1.57645
767        1.50996
767        6.16656
767        4.73196
767        2.12564
767        1.11881
767        4.76674
767        4.72343
767        1.96881
767        2.03992
767        1.81261
767         4.3331
767        5.98541
767        5.68723
767        5.44291
767        5.81031
767        1.20167
767        5.01338
767         3.9748
767        5.32887
767         6.1294
767        4.66405
767         1.0684
767       0.469589
767        5.26678
767        1.47469
767       0.768402
767        3.31219
767        2.79722
767        5.90315
767        2.14429
767       0.342161
767       0.317392
767        2.77078
767        4.39319
767        4.29096
767        6.22569
767        4.78486
767        4.97683
767       0.837265
767        2.07666
767        3.55655
767        1.92665
767        2.50136
767        2.33358
767        4.13475
767        2.30219
767        2.96258
767        4.83733
767        2.98397
767        3.88725
767        3.10181
767        5.53999
767        2.42085
767        2.62909
767        2.64233
767        2.34239
767        2.26365
767        2.54822
767        5.96746
767        4.83454
767        2.75073
767       0.776449
767          1.928
767        4.61587
767        5.97554
767         4.8276
767        5.97648
767        1.97014
767        1.77105
767        4.29128
767        3.09481
767        2.42912
767        1.16227
767       0.675573
767        5.04083
767        4.42184
767       0.182782
767        1.51952
767        1.84048
767        1.58368
767        2.96504
767        6.09148
767        4.33706
767         2.5692
767        1.73663
767        2.60156
767        5.80586
767        5.03776
767        5.24832
767         1.6321
767       0.188203
767         1.9305
767        4.52683
767        6.05702
767        2.45561
767        4.32411
767        2.69609
767        5.71642
767        5.69106
767        1.35897
767        2.49177
767        2.57552
767         1.7057
767        5.10395
767        2.71143
767       0.396751
767        2.63109
767        1.29568
767        3.17103
767        2.58152
767        1.30282
767       0.143543
767         5.6561
767         1.6082
767        4.34944
767      0.0645101
767        2.03554
767        6.04566
767        5.15054
767        5.22366
767        5.90215
767        2.51895
767         3.0579
767        5.43363
767        4.22868
767        1.73419
767        6.17492
767        1.24469
767        2.62395
767       0.660624
767        4.01228
767        2.44667
767         1.1182
767        3.37898
767        1.43804
767           4.79
767        4.56937
767        6.02943
767        5.47562
767          2.538
767        5.96518
767        2.40143
767         2.6629
767       0.499012
767        2.86831
767        1.25942
767        4.95351
767        6.03481
767        1.13492
767        4.35428
767        1.76316
767        1.28292
767        1.04772
767        4.04832
767        4.43335
767        3.24466
767         4.8216
767       0.140931
767        3.33558
767        1.52361
767        4.62453
767         3.1721
767        2.28684
767        5.66304
767        1.99994
767        2.53735
767        5.68691
767        1.65161
767        4.31323
767        5.00431
767        5.40341
767        4.26731
767         2.6088
767        5.05335
767        1.94504
767        5.43981
767        4.39542
767        2.25473
767        5.18268
767       0.547062
767       0.606846
767        2.90607
767        6.20856
767        1.06502
767        1.07922
767        0.12775
767        2.56218
767        2.17425
767         5.3607
767        5.52022
767        1.37261
767        5.78816
767         2.8042
767        6.12897
767        2.48473
767        3.48955
767        2.76928
767        4.69174
767        2.79171
767        1.76145
767        2.27595
767        6.04805
767        2.51449
767        3.36129
767        4.17298
767       0.112203
767        5.05614
767        4.21371
767        5.01285
767        5.61547
767        1.30659
767        5.58275
767        2.64797
767        5.41454
767       0.369909
767        5.01778
767        4.27362
767        2.50086
767       0.780668
767        1.90802
767        1.79976
767        4.12673
767        2.31662
767        4.28547
767        1.67816
767         2.5453
767       0.511587
767        4.98809
767        5.88527
767       0.440644
767        5.40408
767        4.41561
767        4.81185
767        2.78516
767        5.60651
767        4.76637
767        4.82291
767        1.38667
767       0.143817
767        2.02624
767        1.39951
767         1.9996
767        1.01359
767        1.59302
767        4.21886
767        1.36603
767         5.8588
767       0.152217
767        2.69025
767        2.49501
767        2.97736
767        1.42677
767       0.760388
767        2.27279
767        0.96415
767        2.33055
767         5.1564
767        2.81003
767        1.53352
767        1.68616
767        2.20675
767        5.89099
767        4.85051
767        3.94333
767        1.96669
767         6.0331
767        2.61072
767        1.71025
767        1.10359
767      0.0434856
767        1.65993
767        1.65822
767        6.05961
767        2.62976
767        2.39825
767        1.90574
767        5.42491
767        5.61775
767        1.13739
767        2.96898
767        2.49589
767        1.58522
767        3.43893
767        1.19693
767        3.62315
767        2.20151
767      0.0343945
767        1.64096
767        4.01955
767        4.71823
767        3.73059
767        0.62539
767        2.64346
767        5.74147
767        5.23631
767        3.09235
767        4.58982
767       0.498643
767        2.17036
767        5.25728
767       0.894934
767        1.91293
767        5.87617
767        1.44994
767        5.44899
767        4.85593
767        6.16443
767        5.54911
767      0.0428687
767        2.67106
767        5.06625
767        4.80848
767        2.33501
767        4.85336
767        5.27992
767        4.36439
767        2.27119
767        5.52404
767        1.68061
767        4.75079
767        1.98416
767        5.46191
767        1.38637
767        2.56658
767        2.57314
767        2.16227
767        4.24266
767        4.80502
767        5.11225
767        2.65416
767        3.42562
767        2.07521
767        5.19631
767          4.399
767        4.65408
767        5.70017
767        5.59077
767        4.63326
767        4.85168
767        5.34759
767        5.86092
767        4.11394
767        6.19401
767        6.08487
767        5.43173
767        4.47862
767        4.55182
767        1.69699
767         2.1722
767        6.12347
767        3.41398
767        2.17231
767        3.00817
767        2.21389
767        3.77212
767       0.381378
767       0.352121
767       0.736571
767        5.32909
767        5.71764
767        5.07597
767        1.31246
767        3.48485
767        4.07874
767       0.485099
767        2.42995
767        4.75455
767         2.3184
767        1.36857
767        5.12877
767        4.02452
767        5.22042
767        5.61515
767        1.93886
767        5.17034
767        2.17376
767        5.02633
767        5.03805
767        4.64172
767        1.43522
767        1.41833
767        2.59755
767        5.38184
767        1.24229
767        5.19293
767        3.19247
767        5.44668
767        4.69584
767        5.32947
767        1.92007
767        5.55794
767        6.20079
767        2.12071
767        1.94407
767        1.51275
767        2.03717
767          2.596
767        6.15907
767        1.48624
767        3.83065
767        2.38959
767        3.01654
767        4.76092
767        3.70147
767        3.58704
767       0.729481
767       0.677858
767        5.53639
767        2.37996
767        1.83006
767        5.33084
767        4.55625
767       0.290785
767       0.712159
767         1.0658
767        2.85285
767        1.34659
767         4.7379
767       0.351946
767        1.95615
767        3.17991
767        1.65083
767        4.99191
767        5.01351
767        5.76045
767        1.01379
767        1.41197
767        2.81944
767        2.06931
767        4.42513
767        5.46577
767        3.49686
767       0.201156
767       0.819583
767        1.79236
767        4.56991
767        2.06768
767        4.78644
767        5.29789
767        1.76012
767        1.97744
767        4.13612
767        4.92477
767      0.0989871
767        2.24169
767        2.54157
767        1.67193
767         1.4358
767       0.562196
767        4.06838
767        2.76409
767        1.04324
767       0.652919
767        1.20872
767        4.09297
767        5.18466
767        5.31845
767        2.91158
767        2.52909
767        5.40596
767        5.02416
767        5.62346
767        2.10109
767        2.03663
767        4.86714
767        5.80816
767        3.58009
767        5.21202
767        5.72902
767        5.97719
767        2.60999
767        5.31736
767         5.9155
767        5.18885
767       0.671628
767         4.2283
767        5.41183
767        4.18071
767        2.31327
767         5.1098
767        3.08561
767         2.2618
767        4.25726
767        5.75751
767        1.38323
767        1.60807
767        3.83747
767       0.732959
767        4.91927
767        5.32773
767        5.89017
767         5.8676
767        4.29184
767        5.79252
767        4.45346
767        1.71089
767        3.95169
767        3.28571
767        2.47668
767        2.42462
767        6.14002
767        5.84949
767        5.21123
767        4.65389
767        3.34375
767        4.22019
767        4.77003
767       0.174979
767        1.32961
767        1.04572
767        3.52604
767        1.18146
767        4.68352
767         5.8628
767        3.47942
767        2.73917
767        5.42371
767        2.95249
767         6.1068
767        5.13314
767        1.92089
767         2.0499
767       0.855106
767        1.25229
767        1.07222
767        2.50839
767        2.62934
767       0.792404
767        4.67703
767        4.06537
767        2.05534
767        1.18152
767        1.74754
767      0.0594025
767        4.83296
767        3.10764
767       0.436802
767        1.11601
767        4.75656
767         5.6613
767        2.38271
767        2.10206
767        4.80432
767        2.99338
767        2.15055
767        6.26149
767       0.022073
767        2.07979
767        6.09329
767        1.38205
767        4.33062
767        5.72001
767        6.14406
767       0.820721
767        4.74536
767        5.23878
767        5.84615
767        1.67046
767        5.18719
767         2.1995
767        2.13893
767        5.43882
767        4.85819
767        4.15269
767        5.22182
767        1.08406
767       0.288595
767        2.92742
767        2.56117
767        1.24443
767         5.9033
767        2.82063
767         4.7381
767       0.803753
767        4.52224
767        1.58746
767        5.21832
767        6.08295
767        2.54535
767         2.8117
767        6.16286
767        1.33701
767        1.98977
767        4.77252
767        3.04316
767        1.69263
767        3.59378
767        2.53285
767       0.285994
767        3.76529
767        6.14444
767        4.75796
767        4.02966
767        2.56243
767        5.01535
767        3.79854
767         5.1728
767        5.87027
767        5.73606
767        2.32566
767        6.00388
767        2.35777
767        3.12279
767        5.80232
767        2.89598
767        1.47536
767        5.49954
767        4.69919
767        2.44494
767        3.77108
767        4.36508
767        2.76404
767        4.65301
767        2.98217
767        1.03019
767       0.617812
767        2.84396
767        4.35869
767         3.6149
767        3.39877
767        4.13779
767      0.0162582
767        4.30287
767        5.52976
767        5.92756
767        2.37251
767        5.81919
767        4.50567
767        4.51912
767        2.86473
767        5.12739
767        2.78956
767        5.10951
767         4.3535
767        2.00102
767        3.42657
767        3.31188
767        5.08493
767        3.52889
767        1.07932
767        5.94884
767        5.81883
767        5.47659
767        3.27017
767        5.46011
767       0.540727
767        5.41674
767        2.49255
767        2.81606
767         1.8004
767       0.853764
767        4.51801
767        5.22645
767        2.33329
767        5.65445
767        2.11823
767        2.22279
767       0.289145
767        1.48752
767        1.43424
767        4.54357
767        5.34112
767        1.46953
767        1.99584
767        3.20368
767        5.32549
767         2.7751
767        5.39669
767        1.48702
767        4.38199
767        1.75798
767        2.18104
767         1.4658
