678        6.14829
678        5.92339
678        3.04433
678        1.73791
678        5.37961
678        2.13027
678        1.76585
678        5.61334
678         3.3379
678       0.852449
678        5.34996
678       0.457772
678        3.34413
678        5.09002
678       0.788584
678        2.63584
678        5.55493
678        3.13049
678        1.46909
678        2.32168
678        3.20221
678        1.49907
678       0.647444
678        1.98632
678         3.5297
678        1.48988
678        3.10984
678        2.83991
678        3.94422
678         3.8398
678        4.44736
678        1.25481
678        2.55882
678        5.21453
678        1.42314
678        3.37354
678        1.00273
678        2.91389
678        5.60374
678         1.4415
678        3.80399
678         1.3526
678        2.74085
678        5.15355
678        3.09342
678        1.68137
678        2.02216
678        5.60999
678       0.649596
678        6.20828
678         6.2032
678        5.92371
678       0.837758
678        5.92937
678        1.96733
678        5.45988
678        5.86206
678      0.0622721
678        5.71376
678        4.22512
678        3.59991
678        4.94375
678        2.94158
678        5.63516
678        5.23556
678        4.94269
678        4.59366
678        6.22068
678       0.574023
678      0.0155709
678        6.25748
678        5.53265
678        1.65412
678        5.25454
678       0.980191
678        1.53488
678        4.10704
678        1.37128
678        4.28792
678        5.15222
678        1.05286
678         3.4756
678        3.37859
678        1.45799
678         3.4765
678        5.63907
678        2.96988
678        1.64139
678      0.0578025
678        1.67259
678        5.89275
678       0.920545
678        2.62175
678       0.547744
678        6.02369
678        2.16286
678        2.30216
678        1.68474
678         3.5696
678        3.67286
678        5.92991
678        2.17212
678        3.52334
678        2.62542
678        0.25114
678        1.78586
678        2.58152
678         5.6603
678        5.89449
678        4.75762
678        5.66039
678        1.47727
678        3.15383
678        4.36662
678        4.79669
678        4.58951
678        2.08049
678        5.38447
678        3.86191
678       0.400511
678        2.19185
678        3.11139
678         2.3396
678        1.88491
678       0.341238
678       0.370634
678        5.84614
678        0.76386
678       0.100215
678         2.1047
678       0.208808
678        1.80176
678        3.02618
678       0.632534
678        1.34785
678        5.88611
678        1.67676
678        2.69967
678        4.37721
678        4.80437
678        5.47627
678        2.02286
678        2.19293
678        2.58298
678        2.21364
678        3.74566
678        2.67465
678       0.154077
678      0.0434854
678        1.00185
678        1.87537
678       0.108158
678        2.16798
678        3.58558
678        3.95507
678        2.86601
678        3.13633
678       0.268265
678        3.06571
678       0.147124
678        3.08319
678       0.933561
678        4.97346
678        6.07285
678        5.59834
678        4.15972
678        4.71237
678        2.81821
678        5.91416
678        2.17246
678        3.57211
678         3.9896
678        6.13724
678         1.2804
678        1.41098
678        2.74088
678        2.17684
678       0.209241
678        5.59451
678        2.70357
678        3.40595
678        2.80348
678        5.21045
678       0.590592
678        3.36718
678         4.2384
678        3.23054
678          5.863
678        2.96843
678        0.75536
678        2.09793
678        5.30054
678        5.16298
678        2.65859
678        5.54856
678        0.71812
678        3.16825
678        3.75676
678         3.3994
678        5.57301
678        5.53922
678        5.09079
678        4.82779
678         2.4451
678        4.26313
678        1.34402
678        1.79474
678        4.88619
678        2.70257
678        4.49375
678        4.09786
678        3.90819
678        1.68361
678       0.439847
678        2.92936
678        5.06633
678        3.79249
678        5.40766
678       0.936069
678        6.23811
678        2.46034
678        5.51166
678        5.63867
678        3.35194
678         2.6135
678        3.86241
678        2.92393
678        4.25281
678        6.14118
678        4.18076
678       0.860067
678        5.10782
678       0.196478
678        2.69526
678       0.205414
678        2.94602
678        1.67113
678        2.86055
678        2.34445
678        1.68266
678        1.62922
678        1.63037
678        1.52724
678        1.54384
678        3.84595
678        1.88864
678        5.46753
678        4.23199
678        2.85507
678      0.0310888
678        1.81176
678       0.990472
678        4.45739
678        2.19656
678        0.29406
678        4.58031
678        3.93122
678        5.84272
678         4.7367
678        2.37936
678        5.08224
678        1.13669
678        2.43266
678      0.0700437
678        1.80708
678        2.22407
678        2.47188
678        1.83838
678         6.0949
678        4.94006
678        5.30221
678        5.37539
678        0.14008
678        5.44323
678        2.45494
678        5.71912
678        2.27934
678        1.66931
678        1.66183
678        3.91841
678        5.26012
678        3.52209
678        4.74291
678      0.0122083
678        5.42833
678        3.43136
678       0.556768
678       0.587412
678         6.2595
678         3.6293
678        5.78912
678        4.60896
678        5.40806
678        2.54335
678        3.68652
678        4.87231
678         4.2592
678        2.66565
678        4.34826
678         4.4084
678       0.573364
678        2.19435
678        4.69532
678         1.6553
678       0.970002
678        6.00597
678        6.24554
678        1.49157
678        5.96325
678       0.957135
678        2.85772
678        5.34632
678        3.68806
678        6.19377
678       0.350152
678         5.6601
678        2.24171
678        6.22396
678        3.18617
678        4.21808
678        2.32746
678        2.87363
678        3.62873
678        3.78706
678        4.90144
678        2.90694
678        2.96527
678        2.67037
678        1.48371
678         4.4158
678        2.38588
678        2.57896
678        1.50695
678         1.5081
678        6.04678
678        3.34607
678        1.71397
678         5.8877
678        4.76345
678         2.0406
678       0.931259
678        1.39555
678        4.94332
678        5.81204
678        4.53968
678        2.35857
678       0.709227
678        5.65498
678       0.473219
678         5.6615
678        5.41272
678        2.73389
678        5.66684
678        3.37786
678        3.98751
678        5.42478
678        2.18697
678        1.02687
678         2.6637
678        3.08134
678        5.99112
678        1.89456
678      0.0703212
678        2.51455
678        3.32612
678        3.96472
678       0.589348
678       0.421651
678        2.61647
678        5.24978
678        2.61669
678        3.25972
678        3.22658
678        1.33237
678        3.30995
678        6.11029
678         2.8695
678        6.03542
678        1.64172
678         5.1734
678        4.75875
678        2.23419
678        5.28878
678        1.56036
678        2.94996
678        2.75566
678        2.96845
678        5.18774
678        1.56065
678        4.04301
678        5.60234
678        2.52729
678        4.96298
678        5.99537
678        5.43504
678        2.53806
678        6.00214
678        3.37335
678      0.0710281
678        3.59922
678        5.82688
678       0.202199
678        3.06231
678        5.05637
678       0.642075
678        2.21873
678        3.26292
678        1.69603
678        5.81455
678        2.69687
678        2.66607
678        2.49018
678        3.30582
678        3.74085
678        2.03333
678        5.18024
678        5.79941
678        1.68044
678         2.5763
678        1.92443
678        4.86167
678        4.35245
678        5.54981
678         2.9467
678        6.23604
678         5.9855
678       0.271466
678        2.63062
678        2.14801
678        3.35902
678        3.91764
678       0.703086
678        2.46704
678         2.7333
678        2.36291
678        1.50368
678        4.04948
678       0.282792
678        1.79474
678        1.56718
678        2.49076
678        6.01241
678        4.90052
678        1.47055
678        5.05457
678        1.82528
678        2.67912
678        2.35133
678        4.50139
678       0.920032
678         5.6303
678        5.42603
678        4.05052
678        1.36516
678        4.26779
678        5.93108
678       0.739091
678        3.75933
678        5.90081
678        2.65547
678         2.9325
678         5.1618
678        4.99796
678        5.32048
678        2.69938
678      0.0018227
678        4.12976
678         2.3258
678        1.01106
678        2.45446
678       0.480316
678        2.55856
678        3.62477
678        5.06211
678        3.09569
678        4.21749
678        2.24222
678        1.81902
678        5.22112
678          4.663
678       0.443654
678        3.71977
678        4.67492
678         4.4408
678         4.9071
678        5.81823
678        3.65917
678        5.76699
678          5.251
678        1.86151
678        3.99433
678        1.43589
678        2.39196
678        2.69145
678       0.945478
678        4.93067
678        3.19339
678        2.01859
678        2.63847
678        1.99268
678        5.66423
678        5.67829
678       0.546719
678        4.58891
678        6.23689
678        2.85875
678        2.57993
678        5.74048
678        5.87258
678        5.75391
678        5.19068
678        2.55826
678       0.427975
678       0.989643
678        5.10734
678       0.426948
678       0.983543
678        2.34549
678        5.60491
678        0.11797
678       0.654903
678        2.66792
678        3.13777
678        1.10015
678        5.29688
678        3.23897
678        4.41483
678        5.63571
678        4.40246
678        6.05778
678        4.79115
678        5.86821
678        5.23918
678        2.85609
678       0.472613
678        1.96018
678        2.42682
678        2.26019
678        3.73654
678        3.87206
678        1.58902
678        2.01233
678       0.109365
678        1.90794
678        1.96696
678        5.71751
678       0.311794
678        5.93664
678        2.34918
678        3.75737
678        6.07851
678        3.30973
678         2.1508
678        1.82954
678        5.04286
678        3.60952
678        5.08326
678        1.60919
678       0.303629
678        5.13613
678        2.84669
678         2.3639
678        5.84291
678        1.88494
678         2.3099
678       0.423225
678        5.91991
678        5.12879
678        3.57552
678        2.19328
678        5.17217
678        5.71733
678        4.75565
678        2.62569
678        3.50183
678        5.37422
678         1.1162
678         5.5185
678        5.90125
678        2.15641
678        1.28574
678        0.53748
678        4.21811
678        4.59943
678        6.18649
678       0.432444
678        1.42368
678        3.90534
678        5.07889
678       0.383585
678        5.80737
678        6.13729
678         5.4209
678         3.2463
678        5.23862
678        6.00982
678       0.852208
678        0.42743
678       0.460654
678        0.74823
678        3.60882
678        2.04216
678       0.216539
678        3.06707
678       0.058377
678        2.15366
678        4.21245
678       0.223147
678        1.92188
678        2.64322
678        2.67608
678        1.36483
678        1.43349
678        2.20631
678        5.93752
678        6.09113
678        3.19824
678        5.17196
678        5.42419
678        5.46841
678        5.72267
678        5.22625
678        5.11195
678        3.09675
678       0.686853
678       0.570383
678        4.51983
678        5.55473
678        2.47277
678        5.80617
678        1.61233
678        3.88121
678         4.7553
678        4.50387
678        5.04326
678        2.71945
678        2.92725
678        3.59868
678         2.5516
678        3.65253
678        5.03066
678        2.85432
678        5.81477
678        3.89013
678        6.15159
678         2.6918
678        5.33688
678        1.83407
678       0.544639
678        2.99976
678        1.71957
678       0.161579
678       0.951414
678        1.24161
678        5.92438
678        4.01177
678        5.63058
678        2.32892
678        3.39743
678        1.90988
678        0.19195
678       0.800938
678          1.902
678        5.46614
678        2.88503
678        1.60202
678         3.6852
678         5.4865
678       0.411212
678        6.08532
678        3.44298
678       0.050253
678        3.25829
678        3.44938
678        4.50611
678        3.56098
678        0.52411
678       0.139269
678        3.07821
678        4.69717
678        4.11569
678        6.28294
678        2.42933
678        1.78638
678        3.77943
678         2.6051
678        5.38314
678        1.27634
678        2.53916
678        6.26583
678        2.01363
678        1.54448
678         2.5235
678        2.50591
678       0.634927
678       0.326879
678        3.24637
678        3.99534
678        1.28798
678        5.38635
678       0.957658
678        2.55348
678       0.120301
678       0.582218
678        6.07325
678        2.94451
678        1.68547
678        1.06578
678        3.33215
678        2.26096
678        1.88126
678        4.34642
678       0.502635
678        2.65347
678       0.766823
678        3.06759
678       0.050949
678        3.96029
678       0.592059
678         2.9171
678        3.56434
678        2.29554
678        2.87391
678        5.04151
678        3.60025
678        3.33861
678        3.58535
678        5.99846
678        0.64798
678       0.761785
678        4.41667
678        4.43756
678        2.24243
678        3.52433
678        1.69128
678        2.95406
678        2.38443
678        2.74392
678        4.94977
678       0.660105
678        4.04548
678        3.24913
678        4.07283
678         5.6023
678        1.61973
678        6.05881
678        2.42724
678        2.38039
678        5.10791
678        0.76575
678        1.71477
678        2.26255
678        1.64902
678        3.09103
678        1.78826
678        5.54796
678        4.84479
678        6.19951
678       0.785772
678        5.59208
678        1.16408
678        3.42467
678       0.116511
678        2.73847
678        3.24861
678        2.43531
678        3.02238
678        4.60193
678        6.09094
678        5.07734
678        3.65848
678         2.6652
678        1.87609
678        5.30595
678         3.2751
678        5.01156
678        3.04855
678       0.518017
678       0.178464
678        5.92593
678        4.18778
678       0.187544
678         5.6219
678        3.56382
678        4.27722
678        5.42264
678        5.30403
678       0.675278
678        1.14591
678        1.67903
678          1.581
678        2.71697
678        1.22389
678         4.7727
678        5.60284
678        5.93189
678         3.8996
678       0.548689
678        4.04361
678         2.9126
678        2.39066
678        3.52981
678        2.63498
678         3.8669
678         5.2106
678        6.23603
678        1.31998
678        2.09502
678        1.17292
678        2.62582
678        5.29148
678        5.11075
678        2.87855
678        4.74458
678        5.73351
678          3.811
678        4.93622
678       0.796912
678        5.86833
678        4.96996
678        5.55449
678        1.01422
678        3.39167
678        4.41528
678        5.83909
678        2.58273
678        5.97583
678       0.970397
678        2.79802
678        1.52539
678        5.30965
678       0.720678
678       0.928182
678        3.10923
678        3.14959
678        2.51994
678        2.13637
678        2.93241
678        3.01218
678        4.15532
678        3.53769
678        5.31897
678         3.9999
678        2.94111
678        0.74723
678        3.82298
678        5.65125
678        3.07951
678          2.135
678         3.9784
678        3.97954
678        3.60116
678        2.53881
678       0.397402
678       0.475885
678       0.599406
678        5.74263
678        1.73336
678       0.233248
678       0.312878
678        2.93944
678         5.4151
678        6.03201
678        1.91391
678        2.62469
678        2.97812
678        3.17312
678        3.81069
678       0.279712
678        3.28603
678        2.53466
678       0.121311
678        3.71967
678        3.06764
678         5.9477
678        2.69117
678        2.44065
678        5.33697
678        6.01966
678        5.06875
678         3.2193
678        3.13593
678        0.20186
678        3.26879
678        5.34486
678        6.01403
678        5.42625
678         5.5417
678       0.272702
678        5.54565
678        2.59531
678        1.36607
678        3.44548
678          1.535
678        4.31271
678        1.88928
678        4.66003
678        3.54295
678        4.05893
678        2.57203
678       0.930095
678        3.19161
678        1.83075
678        1.56994
678        5.42902
678       0.295536
678         1.8189
678        2.51961
678        6.10034
678       0.946323
678        5.82791
678        2.60003
678        5.29942
678        5.82672
678        3.27671
678        5.73568
678        2.71192
678        5.70289
678         6.0675
678        5.25896
678        3.58115
678        4.90671
678        4.98673
678        5.24112
678        4.86608
678       0.570367
678          6.021
678        1.44072
678        5.59932
678        2.58314
678       0.395125
678        5.67007
678        4.27101
678        1.76225
678        5.01461
678        5.66475
678        1.23945
678        5.16919
678        6.13768
678         1.5089
678         5.6113
678        5.46811
678        5.67064
678        4.38743
678       0.576789
678        2.63153
678        0.78656
678        3.69238
678        5.62454
678        2.07822
678         5.9417
678        1.26113
678          5.765
678         1.1484
678        6.24457
678        3.42838
678        6.11515
678        5.04485
678        5.08381
678        2.84964
678        5.03503
678        5.78066
678        4.89481
678        5.72953
678        2.72004
678        1.78677
678        3.17653
678        1.86668
678        6.19031
678        4.55649
678       0.968046
678        2.70261
678        2.71638
678       0.617731
678        5.49737
678        2.59067
678        5.68097
678        3.25209
678        6.12514
678         4.6983
678        2.18833
678        2.56205
678        5.41473
678        2.49822
678        1.72884
678        2.32593
678        2.42199
678        1.95638
678        4.52278
678         2.1723
678        4.92162
678        3.11419
678        2.89441
678        3.09456
678        4.40488
678        2.32843
678        1.73876
678        4.80768
678         3.8051
678        2.49698
678        5.80238
678        3.52999
678       0.169537
678        3.29782
678        3.27427
678        2.06458
678        3.94226
678       0.818192
678        1.38244
678        3.85871
678        2.98266
678        5.11921
678        4.16377
678        3.89149
678       0.848973
678        4.67374
678        4.92919
678        2.33247
678        5.95672
678        5.33929
678         3.1629
678        5.76215
678        6.25414
678        4.90015
678        3.32781
678        5.76313
678        2.12432
678      0.0911355
678        3.17748
678        2.87524
678        6.05249
678        1.73464
678        4.56171
678        2.93729
678        3.32423
678        3.38683
678        5.57132
678        4.04127
678        4.29957
678        2.10716
678        1.76485
678        2.09538
678        3.25431
678        1.49669
678        1.58464
678        5.37613
678        5.61474
678        1.60335
678         4.1498
678        5.93671
678        5.45306
678        1.90937
678        5.97569
678        2.62454
678        5.45735
678        6.05993
678        2.27002
678        5.43811
678        1.06764
678        3.33581
678         1.6973
678        2.77092
678        4.94732
678        5.05798
678         5.1097
678        5.27423
678        4.12597
678       0.506105
678        1.52027
678        5.70386
678         5.0168
678        2.89583
678        1.39491
678        5.97205
678        2.38657
678         4.4989
678        5.20299
678        5.42441
678        5.66011
678        1.91226
678        5.64243
678        2.28458
678        3.56784
678        1.50074
678       0.603675
678        3.51952
678         4.6199
678        3.88297
678        5.04267
678        2.69577
678        5.14433
678        3.54771
678        3.47625
678        4.49985
678        5.22667
678        5.65783
678        4.82398
678        6.25036
678        2.86339
678       0.312718
678       0.328842
678        0.29968
678        4.87478
678        4.36442
678        2.15206
678        4.91447
678        2.30413
678        2.08667
678       0.503975
678        2.32595
678        2.86799
678       0.691447
678        5.92143
678        6.16721
678        4.52707
678        3.26549
678        1.82718
678        2.73878
678        5.13611
678        3.30047
678      0.0387271
678        3.48323
678        3.24131
678        1.79573
678        5.94829
678        2.16208
678        2.82504
678        4.89965
678        3.66828
678       0.248273
678        2.75219
678        1.12713
678        2.83361
678        2.69946
678       0.110585
678        5.96999
678        4.87472
678       0.767502
678        6.01848
678        3.92004
678        1.08927
678         4.2518
678        6.26945
678        5.84298
678        4.11969
678        5.09161
678        6.01478
678        1.63883
678        5.92734
678        6.12049
678        4.31911
678        4.85201
678        1.30156
678        1.25229
678        4.35868
678        5.64669
678        5.94496
678        2.85763
678        2.90652
678        1.86001
678        0.53859
678        2.18389
678        4.29027
678       0.100632
678        2.42923
678        3.07288
678         2.9953
678        3.10891
678        5.68236
678        3.56104
678      0.0475227
678        5.95109
678        2.85233
678        2.78461
678       0.408498
678        4.41788
678         6.0904
678        1.17825
678        1.66305
678        3.19721
678        3.48652
678        5.48255
678        5.65043
678        4.08504
678       0.316333
678       0.818853
678         3.3863
678        3.48722
678        4.64186
678        5.59125
678        2.10098
678        6.16349
678       0.412612
678        3.32132
678        3.45641
678        2.84505
678        2.27013
678        2.82274
678       0.499112
678        5.02994
678       0.897696
678       0.214592
678        4.78714
678        2.92004
678         6.1455
678        1.93593
678        1.31646
678        2.92608
678        5.58598
678        2.39506
678        2.33687
678        3.20465
678       0.648694
678        3.60069
678        3.56612
678        3.13664
678       0.903047
678        4.79532
678        1.24593
678        1.74814
678        5.69406
678        4.00389
678        1.62303
678        2.44225
678        1.63896
678         3.5983
678         2.5067
678       0.749368
678        5.41166
678        3.48885
678        2.16945
678        6.19208
678         3.8928
678        3.46978
678        1.46434
678        6.07167
678        4.07721
678        5.58495
678       0.681888
678        2.84952
678        5.13648
678        5.65947
678        3.06816
678        4.10283
678        3.20812
678        2.42312
678       0.664464
678        4.74682
678        5.32514
678        1.81573
678        5.60914
678       0.183728
678        2.47126
678        2.87505
678        2.99334
678        6.01933
678        3.26317
678        2.06505
678        4.81891
678        5.22664
678        3.32128
678        1.69839
678        1.99012
678        1.91697
678         3.4286
678        5.60961
678        2.67081
678        3.61806
678        2.78909
678        4.04617
678         5.2251
678        1.79324
678        5.94685
678        2.55748
678        1.91716
678        2.31492
678        3.25526
678        3.00665
678        2.95999
678        4.88943
678        5.37906
678        2.30617
678        2.72164
678        4.16526
678        5.42961
678        5.30402
678        5.49298
678       0.338314
678       0.150102
678        5.66153
678        5.04179
678        3.21832
678      0.0281107
678        1.51517
678        3.63588
678        3.55766
678        2.87164
678        5.26161
678        2.05164
678         1.6799
678       0.920622
678         5.1729
678       0.829784
678        4.98383
678        5.99144
678       0.836083
678        6.21393
678       0.922654
678        2.76035
678        4.29169
678        3.39154
678        2.30917
678        2.42748
678       0.063706
678        5.84173
678        4.58623
678        6.15118
678        3.47436
678        3.67808
678        2.23181
678        4.76053
678        6.03745
678        5.55692
678        5.22882
678        5.87481
678        5.63164
678        1.53185
678        3.35529
678        5.43277
678        5.66715
678        3.51585
678         2.1378
678        1.89654
678       0.456874
678        4.36547
678        2.54804
678        6.23693
678        3.20125
678        5.14755
678        2.55023
678        4.23572
678        1.16467
678        5.17336
678         2.1138
678        5.16102
678        2.72967
678        2.34051
678        4.66605
678        1.97903
678         3.5066
678        2.75504
678        6.24931
678        6.25911
678        3.30019
678        6.06841
678        3.16263
678        2.24719
678         5.9433
678        2.24691
678        4.13661
678        3.22094
678        3.72016
678        5.05744
678        5.63183
678        4.15776
678        4.76557
678        1.19474
678        1.17764
678        4.14042
678        1.15183
678       0.327371
678        4.91168
678        2.73964
678        6.06759
678       0.989744
678        1.37784
678        2.96971
678        0.66724
678        1.24377
678        4.84596
678       0.288498
678        5.21322
678        6.11216
678      0.0988956
678         4.1803
678        5.84203
678        4.33956
678        3.46165
678        1.13165
678        5.06313
678         2.8114
678        3.76525
678        3.52817
678        4.94921
678        5.71311
678        5.65999
678        3.37614
678        3.62369
678       0.246697
678       0.519579
678        2.90724
678        5.66482
678         2.6311
678        2.33747
678       0.159715
678        2.34757
678        1.38505
678        4.71276
678         2.7043
678         2.8857
678        2.60756
678        4.45438
678        5.78732
678        5.49942
678        2.33723
678        2.01829
678       0.498589
678        1.11807
678        2.02921
678        4.04934
678        3.11913
678        6.01231
678       0.729689
678        3.82439
678        3.48703
678        4.52941
678        5.08514
678        2.37737
678         3.3779
678        5.19022
678       0.884488
678        1.77648
678        2.70344
678       0.951623
678        3.58041
678        5.69971
678        5.37385
678        2.04404
678        5.29473
678          5.701
678        5.17215
678        3.11182
678        5.12258
678        3.99111
678        2.83403
678        4.81206
678        2.93947
678        2.53834
678         6.0625
678        5.37015
678        5.16359
678       0.283463
678       0.128249
678        4.55417
678        3.11868
678        4.28761
678       0.652598
678         3.8714
678        3.57055
678       0.744934
678         3.0512
678       0.711244
678       0.833345
678        1.41994
678        1.10475
678      0.0517342
678        2.10418
678        3.36408
678        3.30245
678        6.13111
678        6.16925
678        1.46188
678        4.48917
678        4.05294
678       0.855615
678        5.64333
678        2.33091
678        5.89311
678         4.5353
678        3.30239
678       0.180692
678        0.75282
678        1.00104
678        1.80853
678       0.220917
678       0.891302
678        5.47164
678        3.84652
678        1.84366
678        2.79621
678        6.13166
678        2.78266
678        5.69001
678        5.96913
678        1.63957
678        5.25027
678        3.83569
678        2.46132
678        3.01472
678        3.05323
678       0.827371
678       0.203246
678        5.96758
678        4.66835
678         2.3425
678        2.79895
678        3.45889
678        2.15758
678        2.49746
678        3.39738
678        0.58758
678       0.362053
678       0.368415
678       0.881456
678        2.75359
678        5.91175
678        1.41042
678        5.66138
678        3.61502
678       0.797945
678        5.87247
678        5.26474
678        3.02604
678        1.20388
678         4.6557
678       0.429248
678       0.636702
678        4.84741
678        2.51383
678        5.71875
678        5.44575
678        2.82786
678        1.46554
678        5.97184
678       0.939549
678       0.312364
678        2.72535
678       0.387312
678         5.8442
678        2.28325
678        1.01126
678        6.00186
678        5.29649
678        2.63804
678       0.513165
678        1.67297
678        5.85952
678       0.499575
678        3.78259
678       0.169519
678       0.433764
678        3.25093
678        3.11832
678        5.78255
678        6.13396
678        2.29605
678        4.79911
678          2.623
678       0.145434
678        4.82964
678       0.486249
678        4.62493
678        5.81521
678         3.8858
678        5.88146
678         2.4578
678        0.98032
678        2.97271
678        1.77482
678        4.68157
678        6.15737
678        3.32231
678         5.3987
678        3.66721
678        1.60554
678        5.05314
678        1.71645
678        2.56881
678        3.40349
678        2.23918
678        3.04181
678        3.33334
678        1.49157
678        6.01962
678      0.0448286
678       0.658083
678       0.553637
678        5.18445
678        4.36448
678        3.67358
678        2.16886
678        3.08177
678        3.86399
678        6.21931
678        4.75935
678        3.05491
678        5.89524
678        3.88883
678        5.02545
678        2.76534
678        4.55243
678        0.11576
678       0.568761
678        4.99893
678        3.71313
678        2.20624
678        1.17146
678       0.313993
678        2.02712
678        4.46519
678        3.56098
678       0.917665
678         4.2065
678        5.61369
678        1.50097
678        1.97127
678        3.47647
678        4.30632
678        2.41976
678        2.70732
678        2.63767
678        5.08302
678        4.50603
678        4.96643
678         3.8647
678        2.37581
678        2.21359
678       0.606726
678        3.74346
678       0.257567
678        5.09152
678        2.53268
678        6.21575
678        5.99052
678        5.36277
678       0.197655
678        3.78281
678       0.623702
678        2.32507
678        1.57832
678      0.0046707
678        2.01941
678        5.90578
678         5.9256
678        1.50839
678        6.23632
678        1.50659
678        4.56753
678        1.82072
678        2.15259
678        3.01574
678        5.95678
678        4.87044
678        3.11257
678        2.82171
678       0.319795
678        1.84099
678       0.279483
678        6.22262
678        6.01357
678        2.54958
678        2.55477
678        5.23569
678        6.03751
678        3.47862
678        1.69112
678        3.02679
678        5.80431
678        2.63521
678     0.00158175
678       0.741406
678        3.79441
678        5.69421
678        4.25031
678           3.25
678        1.55208
678        2.46514
678        3.19938
678        3.47502
678        5.80538
678        4.93379
678         6.2192
678       0.359199
678        1.96199
678        3.05348
678        4.06578
678        3.64072
678        2.86965
678        4.34888
678        2.51256
678        4.55142
678        5.21002
678       0.949281
678        3.97597
678        3.27377
678         1.3353
678        2.18931
678        2.98598
678        3.35447
678       0.397947
678        2.08673
678       0.255762
678        2.45218
678        5.80661
678       0.135337
678        5.43566
678        5.67986
678        5.73194
678        1.34221
678        3.30165
678        2.95054
678        1.81253
678        1.79205
678        1.66239
678        5.40789
678        3.05984
678         3.4215
678        1.15977
678        1.93224
678         5.4699
678         3.4578
678        1.45622
678        3.98996
678        2.17252
678         4.0259
678        5.88447
678        5.69188
678       0.625855
678         5.5563
678        3.73807
678        2.69965
678        2.16325
678        5.83985
678        3.37202
678        5.84682
678         2.0116
678        3.76968
678       0.125391
678      0.0851672
678        3.38874
678        2.99754
678        5.49184
678       0.433099
678        3.31571
678       0.404372
678        2.20782
678       0.234886
678        3.18779
678        5.06713
678        4.14769
678        4.23803
678        2.71099
678        3.25144
678         1.0585
678       0.816495
678         3.8511
678        5.16949
678       0.820134
678        2.25182
678        6.26232
678        2.45343
678        2.50783
678        2.59997
678           1.62
678         2.5354
678        1.34845
678        5.61861
678        5.03964
678       0.506782
678        4.64844
678        1.50528
678        1.11136
678        3.07782
678        6.04491
678        2.92855
678       0.327473
678       0.691337
678        4.32575
678        5.40594
678       0.616934
678        3.00507
678        2.88653
678        4.16026
678        3.14429
678        3.61442
678         2.2642
678        4.99429
678        2.27519
678        2.22143
678       0.469011
678         2.5051
678       0.150342
678       0.297318
678         1.3436
678        4.73116
678        2.68134
678        5.58621
678        1.15865
678        5.62722
678        1.05223
678        4.48873
678        1.97561
678        2.35814
678       0.666009
678        2.33529
678        1.79445
678         1.7497
678        3.76817
678        5.58179
678         6.0974
678        6.26239
678        1.67136
678        2.91905
678        5.83688
678        5.25869
678        4.99268
678        5.41911
678        2.71778
678        2.15937
678        5.45924
678        3.55906
678        1.87728
678        2.46757
678        2.48769
678         1.8495
678        2.19354
678       0.782363
678        6.23515
678       0.299729
678        6.06948
678        2.16638
678         5.3377
678        5.26915
678        4.57704
678        1.86799
678           4.78
678        2.36198
678        5.88656
678        1.79305
678        1.55684
678        3.55096
678        4.58661
678        1.17458
678        5.85507
678        5.23924
678        3.81613
678        2.10296
678        5.39835
678       0.231029
678        2.93568
678         2.6831
678        6.20525
678        5.67918
678        3.28659
678         1.8808
678         3.2265
678        4.91924
678       0.798672
678        4.72742
678       0.222734
678        5.29929
678        3.27768
678       0.175884
678        3.72254
678        5.61169
678        3.39145
678        3.15652
678        3.26156
678        2.33523
678        1.56518
678        2.13794
678        1.28302
678        1.70259
678         3.8995
678       0.356831
678        6.09549
678        5.45822
678        1.56087
678        5.24932
678       0.737604
678        5.98278
678         4.7914
678          0.238
678        5.48946
678        2.06256
678        1.23274
678       0.640317
678        5.90173
678         1.7491
678        5.46891
678        4.68019
678        2.98345
678        2.61061
678        0.31935
678        5.19946
678        2.90882
678        1.12871
678        5.44498
678        3.26475
678         5.0381
678         1.5099
678        2.65388
678        6.14624
678        4.09472
678        5.61506
678       0.384993
678        5.36531
678        4.97773
678        0.17177
678        5.44786
678       0.836971
678        3.32314
678        5.27415
678        3.29947
678        5.35302
678        3.61735
678        1.27843
678        4.93455
678        1.55056
678        4.78961
678       0.462694
678        5.75452
678        5.35391
678       0.522688
678        1.48225
678        1.77738
678        6.10896
678        2.67773
678        4.12274
678        3.06983
678        3.25011
678        2.52259
678        4.73317
678        0.56668
678        2.35177
678       0.438944
678        4.56996
678        2.65387
678        2.05581
678        4.26353
678        2.77796
678        2.34742
678        1.76983
678        5.25701
678        5.83204
678        5.73073
678        3.05748
678        0.82133
678        5.49067
678        1.40324
678       0.455288
678        1.77728
678        1.89669
678        5.43026
678        4.49275
678        4.97858
678        6.28075
678        3.19427
678        5.73371
678        3.51988
678        5.02541
678        3.34973
678        3.26722
678        2.37404
678        5.67785
678        1.15159
678        5.51159
678         3.3785
678        6.24022
678         3.3113
678        0.65187
678        2.32746
