321        4.54138
321         2.8961
321       0.493525
321        2.52481
321         4.0931
321        3.09959
321        3.78281
321        1.68459
321        4.44388
321         0.6943
321       0.886679
321       0.538966
321       0.475152
321        5.54622
321        1.17757
321        4.54143
321        1.16585
321        3.81468
321        1.18615
321        4.59958
321        6.26007
321        3.72566
321        6.26408
321        5.15189
321        1.05158
321        4.11497
321        6.01795
321        3.34841
321       0.524395
321        2.84121
321        3.21565
321         1.5567
321       0.925051
321        5.10861
321         2.0264
321        1.98046
321        1.92689
321        4.01995
321        4.20673
321        5.39822
321        4.68275
321        6.26259
321        2.49806
321        3.78859
321        4.70635
321         1.3947
321       0.963226
321        4.62184
321        4.65278
321        1.66424
321        5.79768
321        1.20897
321       0.835963
321        2.25091
321        4.25907
321        1.09691
321        6.21397
321        4.66385
321        4.34589
321        3.72946
321      0.0189523
321        2.32269
321        5.18438
321        3.96063
321        4.30278
321        6.08478
321        4.92806
321        4.84841
321        1.40105
321        5.06276
321       0.368041
321        1.12781
321        4.24565
321      0.0511396
321         3.0697
321        5.46885
321        3.51264
321       0.771446
321        5.05731
321        3.36358
321        5.00203
321        3.75402
321        4.48603
321        3.71785
321        1.45954
321        3.91756
321       0.990859
321        3.05581
321        4.16285
321        3.09095
321        2.98309
321        3.13717
321         3.9744
321         6.0606
321         4.1038
321        5.01115
321        6.13628
321        5.87168
321       0.746402
321      0.0676276
321        5.04057
321       0.345143
321        5.12372
321       0.684388
321        3.83259
321        3.23044
321        2.11231
321        2.09843
321        4.79803
321       0.415261
321        1.73356
321        5.27304
321        4.69398
321        4.96643
321        1.93349
321         4.2815
321       0.413834
321        3.38545
321         1.8236
321        4.46731
321        3.15018
321        3.15054
321        3.38741
321        4.49696
321        5.70173
321        1.07356
321       0.439841
321       0.466225
321        1.35656
321        3.95998
321        6.08547
321       0.136121
321        3.41256
321        5.67974
321        3.97332
321        5.10638
321        5.37589
321       0.814372
321        4.36173
321        4.85043
321        4.47621
321        5.34614
321       0.645499
321        4.54804
321        1.35142
321        6.03876
321         2.6703
321        2.24969
321        3.30916
321        5.30668
321        5.99506
321        3.49563
321        4.42551
321         5.1354
321        4.08776
321         1.7295
321        4.14677
321        3.75687
321        1.53833
321        5.69539
321        2.08326
321        3.18907
321       0.818808
321        3.32217
321        3.80865
321       0.812439
321        5.02007
321        2.76653
321        4.33759
321        5.36004
321       0.650301
321        3.20875
321        1.26214
321        1.74929
321        3.83135
321      0.0786491
321        3.66152
321       0.354497
321        4.37897
321        3.99589
321        1.06438
321        2.88716
321        2.41361
321        2.07835
321       0.935064
321        4.95671
321        4.93517
321        2.39794
321        5.12958
321        4.73345
321        4.95176
321       0.561436
321        4.14886
321        5.55351
321        1.91337
321        2.11359
321         1.5064
321        2.78988
321        4.55457
321        1.83118
321        6.27473
321       0.806074
321        4.42739
321        2.87361
321        1.22099
321        6.00264
321       0.128342
321        6.21541
321        4.28323
321       0.871773
321        5.05313
321         2.8077
321       0.380852
321       0.109576
321        3.32551
321        5.67116
321        1.84521
321       0.696244
321        4.60297
321       0.549655
321        4.22122
321        2.01207
321        4.13711
321       0.613444
321          1.266
321        5.35153
321        1.45298
321        1.93678
321        4.50919
321         2.7346
321        5.21396
321        4.65998
321         1.8816
321        4.93708
321       0.128034
321        4.63195
321        3.68411
321        3.14349
321         3.7641
321        2.55866
321        3.10819
321        3.88606
321        1.80103
321        1.84861
321        2.65105
321         1.9487
321        3.96934
321        3.45916
321        3.40957
321       0.148638
321        3.93667
321        3.02137
321        5.87077
321        3.06228
321        1.11522
321        5.58289
321        5.63415
321        3.89258
321       0.545191
321        3.92778
321        2.09657
321        1.29973
321        2.59151
321        5.63781
321         3.3113
321        1.76433
321        3.81518
321        6.23507
321        3.29749
321        1.03546
321         1.9139
321        6.21845
321        5.39046
321        3.45859
321       0.258641
321        5.97299
321        5.89741
321      0.0743375
321        3.50796
321        1.94973
321       0.519286
321         1.6829
321       0.909664
321        1.47954
321        2.04185
321         4.2297
321        5.78442
321         5.0935
321        3.50651
321         6.1297
321        1.18495
321         4.1632
321        4.97771
321       0.468909
321        2.87238
321        4.57394
321        0.52253
321        4.07584
321       0.405655
321        4.37222
321       0.376362
321        1.60392
321        5.19654
321         2.3834
321        5.63243
321        1.20759
321        4.11779
321       0.268645
321        5.09534
321      0.0288136
321         4.5595
321        4.54328
321        6.04444
321        3.15538
321        4.53438
321       0.900596
321       0.232742
321        3.75513
321        4.69775
321        2.72643
321       0.389882
321        3.77018
321       0.588363
321        3.69337
321         4.0316
321        4.31306
321        1.22965
321        1.85845
321        4.00124
321        6.11833
321         6.0721
321        4.83859
321       0.235215
321        1.10106
321       0.908593
321        3.83652
321        3.96749
321        3.57999
321         1.4784
321        4.96968
321        4.24455
321        5.15235
321        1.70155
321         4.3434
321        4.38452
321        4.15007
321        0.82737
321        3.62699
321       0.458167
321        4.45282
321           0.91
321        1.96316
321        3.75535
321        0.68387
321        5.21628
321        4.51254
321       0.284024
321        2.09103
321        5.23022
321        4.50905
321        3.17436
321        2.96522
321        4.20079
321        2.25406
321        5.73977
321        2.78431
321        5.08087
321        3.86036
321        3.29886
321        3.70728
321        5.09642
321        3.93795
321        0.85495
321         5.8056
321         4.7912
321        5.35299
321       0.361404
321        1.03151
321        3.49356
321       0.331744
321        4.15008
321        3.60533
321        4.45018
321        3.33548
321        3.62082
321        5.01484
321        4.10742
321        4.96941
321        2.98222
321        5.41032
321        3.79783
321        4.74839
321        3.66796
321        4.70771
321        4.92292
321        2.84905
321        3.34816
321      0.0480861
321        1.97825
321        4.95236
321        4.89916
321        2.44858
321        4.81706
321        4.77119
321        1.23352
321       0.306601
321        1.44123
321        3.67746
321        3.98843
321          3.642
321        2.15184
321        4.88307
321       0.867212
321         2.6416
321        4.93791
321        5.88107
321        1.47856
321        2.84496
321        4.57326
321        0.79474
321        4.61207
321       0.621359
321        1.63545
321        2.39031
321        1.47624
321        6.07965
321       0.228834
321        1.02451
321        1.46812
321        2.21819
321       0.984553
321       0.849326
321       0.111703
321        2.41012
321        2.17133
321        6.22511
321        4.69753
321         3.3502
321        3.93662
321        1.23909
321        4.82316
321        4.79375
321        3.74676
321       0.113957
321         3.4068
321        5.08234
321        4.38563
321        1.90196
321        1.68861
321        4.02566
321        4.29573
321        3.81939
321        3.94058
321       0.644597
321       0.986205
321        5.66217
321        4.20661
321        3.81877
321        6.21397
321          1.055
321         6.1672
321        6.21352
321        4.99721
321        3.69313
321        1.71688
321        1.50598
321        3.89827
321       0.965368
321        6.03029
321        3.62411
321        1.76467
321        1.07765
321        1.14554
321        5.67268
321        3.64847
321       0.271631
321       0.821436
321        1.43939
321        5.00288
321        5.10115
321        4.39219
321        6.11365
321         3.7017
321        4.69713
321          4.977
321        6.18643
321        1.13245
321       0.611587
321        3.42741
321        4.61185
321        4.41815
321        4.05934
321        3.66201
321        4.13089
321        5.58766
321        3.30521
321        4.03121
321        5.24406
321       0.495599
321          2.206
321        3.54745
321        1.46016
321        4.04434
321         3.6768
321        1.12494
321        4.47259
321      0.0544984
321        2.67444
321        4.63046
321        3.98508
321         3.8944
321       0.199659
321        1.47509
321         6.2632
321        3.97544
321        3.98033
321        5.60742
321        1.39832
321        6.13766
321        2.84582
321        3.99865
321        5.62966
321       0.669876
321        4.64256
321        2.20684
321        3.66006
321        4.71391
321       0.304573
321      0.0271901
321        4.67064
321       0.603687
321        3.34542
321       0.120416
321        3.27958
321       0.922038
321        3.29091
321          5.082
321        5.04256
321        2.34519
321        5.85058
321        1.40345
321        5.19377
321        4.62157
321        1.46554
321         1.9022
321        4.37839
321          4.769
321        1.48106
321        3.62415
321        2.09272
321        4.44151
321        4.34674
321       0.955595
321        4.34938
321        3.84563
321        6.25041
321        4.35493
321         3.2335
321        1.30233
321        1.50228
321         4.6191
321        2.11615
321       0.731308
321         4.9541
321       0.546621
321        2.29098
321       0.685608
321        2.16585
321        5.99071
321       0.914254
321      0.0934861
321        3.78462
321        2.61858
321         1.4239
321        3.18071
321        5.11795
321        1.55508
321        4.92508
321        1.37801
321        2.18927
321        3.77264
321        4.12017
321        3.24308
321       0.147549
321        4.18608
321        4.47361
321        1.92269
321       0.752225
321        1.53003
321        2.92825
321        3.34705
321        5.01869
321        4.20658
321        3.45227
321       0.398799
321        2.51843
321        5.17805
321        4.71178
321        1.90335
321        4.39141
321        4.01204
321       0.925748
321       0.636303
321         5.5839
321        1.37503
321       0.766677
321        2.54033
321        3.31494
321      0.0938682
321         2.7675
321        5.77461
321        5.05032
321       0.131963
321        3.73334
321         5.8037
321        1.28797
321         1.6617
321       0.785172
321       0.469188
321        3.68453
321        0.61705
321         2.2686
321       0.761866
321        5.87252
321        1.03541
321        5.54244
321        3.08835
321        3.01559
321        5.91378
321        4.14786
321        3.74475
321        4.02857
321        6.22935
321       0.183554
321        1.08668
321       0.499616
321       0.906094
321        1.35155
321        1.57244
321        1.13361
321        4.35388
321        1.72686
321        3.48134
321        5.02582
321        4.42627
321        2.61453
321         1.1906
321        4.00734
321        3.95483
321        4.04745
321        2.15364
321        4.34871
321        2.19925
321        1.96429
321        4.08255
321        1.35537
321        6.02619
321        1.21436
321        5.40796
321       0.423757
321       0.675702
321        1.77648
321        4.57086
321       0.510787
321        4.85392
321       0.256571
321         3.3723
321        1.95909
321        5.33632
321       0.150171
321       0.596451
321        1.84452
321        1.68134
321        4.34246
321         3.6889
321        4.38599
321        1.80485
321        3.98274
321       0.157309
321        2.02305
321        1.58854
321        4.42314
321        2.24485
321        3.14369
321        5.09619
321        3.43483
321       0.445056
321        4.58012
321        1.22282
321        1.56486
321       0.682104
321        2.17118
321        0.34045
321        2.04537
321       0.847283
321        5.10964
321        4.13604
321        2.87958
321        3.16675
321        5.46712
321       0.694557
321        4.10856
321       0.180213
321       0.158993
321        0.82113
321         4.3424
321        3.77433
321       0.534493
321        1.05438
321        4.89143
321        4.14962
321        4.88008
321       0.732961
321        5.41121
321        5.88217
321        5.01025
321        2.83177
321        5.86938
321        2.63085
321        6.04375
321       0.549081
321        1.28501
321       0.817114
321        5.51685
321        6.15095
321       0.780749
321        2.27016
321        3.63371
321        2.41843
321        2.92317
321        1.94286
321        2.40439
321         2.3604
321        2.48333
321        2.61703
321        4.53661
321        1.75451
321        5.85033
321        4.72366
321        1.02695
321        4.41518
321         5.1745
321        1.99689
321        5.36156
321       0.575668
321        6.09431
321        2.05771
321        1.35779
321        6.08087
321        4.06638
321        4.65278
321        4.79524
321        2.28779
321        4.51486
321        5.85652
321        5.79812
321        5.60194
321        1.27266
321        2.61071
321        3.67693
321        4.28558
321       0.813262
321        6.02088
321        5.73326
321        4.64575
321        3.29205
321        4.73399
321        6.21881
321        3.54171
321         4.7942
321        3.89642
321        2.19174
321        5.30591
321        1.07308
321        4.48121
321        1.49599
321        2.40945
321        2.30452
321         1.4455
321        1.31632
321        5.00459
321        5.03203
321        1.53455
321        1.86102
321        4.86465
321        5.55101
321       0.329693
321        4.10177
321        5.62304
321        5.29345
321        2.82997
321        1.90078
321        4.66319
321        5.77428
321        1.14644
321        4.78861
321       0.550019
321        5.38496
321        2.47919
321        3.12795
321       0.235724
321        4.39422
321        2.24111
321        2.93633
321        4.05888
321        1.08457
321        1.32589
321        5.07659
321        5.70403
321         4.1227
321        3.66831
321        3.01721
321        4.11402
321        1.59607
321       0.195926
321        4.47816
321        1.41348
321         5.2532
321       0.334547
321        2.05711
321        4.47185
321        3.72464
321        2.71206
321         4.6388
321        6.02863
321        4.35651
321        4.77392
321        3.13176
321        4.11252
321         1.1194
321        3.74441
321        3.07516
321        1.89984
321         1.3281
321        4.56059
321          3.941
321        3.83091
321        4.95292
321        4.19133
321        1.74087
321        3.59134
321        5.51511
321        3.45435
321        1.12226
321        4.28606
321        4.69373
321        5.50095
321        2.74062
321        3.94687
321        1.68706
321        5.62698
321        5.45893
321        2.22314
321       0.303509
321        6.16634
321        3.34669
321        3.74013
321        1.30767
321        3.66914
321         5.0788
321        0.23358
321        5.98548
321        2.10285
321        4.61085
321       0.807421
321       0.850286
321        1.73877
321        5.30197
321        3.33363
321        4.32775
321        2.64235
321        0.88183
321       0.348943
321        6.04588
321        1.96461
321        1.26434
321        6.11507
321        2.45034
321        1.95383
321        5.87483
321        1.00677
321        1.43783
321        2.27178
321        1.89801
321        2.84594
321        1.94197
321        2.96143
321        1.58809
321          1.634
321        3.79205
321        2.31278
321        3.95945
321       0.369035
321        3.90051
321        3.32825
321        4.87995
321        1.13353
321        1.11467
321        2.62374
321        1.62105
321        3.77148
321       0.416118
321       0.918382
321        1.83774
321       0.787597
321        0.56328
321        4.92588
321        5.55577
321        5.61007
321        3.57445
321       0.829551
321        1.39073
321        4.04724
321        3.31476
321        4.11723
321        4.81682
321       0.921553
321      0.0829003
321        4.00613
321        1.86009
321        1.03708
321        3.72968
321       0.615938
321        5.86575
321        4.63283
321        6.04246
321        5.80723
321        2.95281
321        3.93195
321        4.78637
321       0.456151
321        3.72251
321        1.01417
321          3.489
321        3.40348
321         3.0994
321         5.0222
321        3.02821
321        4.13349
321       0.887494
321        2.04182
321        4.00483
321        5.34734
321        6.00816
321        4.25463
321        3.25979
321         2.2995
321       0.976027
321        1.51791
321       0.593425
321        1.74691
321       0.655383
321        3.63129
321       0.936761
321         2.5957
321        3.58548
321        4.38804
321        3.41131
321        1.29887
321         5.3472
321        2.85311
321        4.65103
321        2.58362
321        5.19311
321        3.59094
321        2.27593
321         3.1212
321        3.27332
321        1.11883
321        3.73957
321        1.65439
321        2.15243
321       0.982307
321       0.998426
321        3.92511
321        1.15046
321        2.87369
321        4.04502
321       0.896612
321       0.764653
321        3.59802
321        2.75178
321        1.10301
321        3.98032
321        3.88538
321        1.00464
321        4.22121
321        5.19065
321        3.18546
321        5.18234
321        2.26346
321        3.34531
321        1.67798
321        4.68537
321       0.756078
321        3.25948
321        1.56218
321        3.28944
321        4.90371
321        3.67462
321        4.32491
321        5.99018
321       0.697864
321        4.44968
321        2.03652
321        5.57617
321        4.64206
321        1.04509
321       0.498051
321       0.520997
321      0.0722465
321        0.08236
321        3.14005
321        1.40181
321        1.32081
321        1.90035
321        3.96365
321        2.34685
321        4.36419
321        2.92571
321        3.39107
321          0.198
321        4.69794
321        5.67313
321        3.37591
321        1.03315
321        5.84133
321       0.316914
321        2.99913
321        5.95666
321        3.65997
321            1.3
321         5.3225
321       0.166024
321        5.13499
321        4.48958
321        3.96326
321        4.98341
321        2.15972
321        1.10448
321        3.46378
321        2.69111
321        1.03848
321        5.31247
321        1.04629
321        2.72647
321        6.26059
321       0.199227
321         1.5725
321        3.71593
321        3.60321
321        3.33829
321       0.611498
321        1.64153
321        5.08017
321        1.04424
321       0.645029
321       0.825185
321        5.18669
321       0.607604
321        4.83877
321         3.8464
321        5.42963
321        2.90084
321        4.12937
321        3.22221
321       0.144223
321        6.11468
321        1.86969
321        1.84744
321        4.41532
321        5.12608
321        4.75078
321        4.40758
321         1.0729
321        1.57944
321        1.50699
321        5.72085
321        3.95458
321        1.19406
321        2.32742
321        4.41833
321      0.0708609
321        2.72283
321        5.39826
321        2.13752
321        5.77739
321        1.07006
321        1.51017
321          5.194
321        1.42376
321        4.47301
321        4.61639
321        4.52668
321        2.85915
321        1.64938
321         5.6734
321        4.53946
321        3.73155
321        3.72468
321        0.68672
321        4.19818
321        1.97304
321        5.48713
321        1.22995
321        6.12547
321        5.58554
321        3.51293
321        5.24552
321        1.12908
321        1.03444
321        1.28475
321        2.56924
321        6.27415
321        3.65538
321        4.12872
321        4.75522
321        2.41731
321        2.19752
321        1.89032
321        3.39263
321        3.64211
321       0.557582
321        1.44152
321         1.0993
321        3.21005
321        2.86857
321        4.21481
321       0.208882
321        4.67145
321        1.89021
321        1.29643
321        5.03988
321        1.73657
321        4.75878
321        4.71025
321        4.67204
321        6.09763
321        5.75245
321        0.68264
321       0.491989
321        1.91672
321        4.11756
321        6.20911
321        1.90534
321       0.145457
321        4.69443
321        3.43323
321        3.16047
321      0.0557983
321        4.54532
321        5.69804
321       0.619368
321        1.02983
321         1.6922
321        5.55268
321        3.99303
321        1.17206
321        1.21023
321        1.83802
321        1.89322
321        6.11135
321        2.36347
321        5.38117
321        4.55218
321        3.88914
321        2.13208
321        4.12942
321        0.69991
321        1.16784
321        4.88096
321        3.29205
321        5.13435
321          2.406
321        2.60135
321        1.53595
321        5.19699
321        4.03795
321        3.65236
321        5.07173
321         5.1628
321        4.08244
321        3.60514
321        3.74396
321        1.23079
321        6.03706
321       0.845934
321        5.28232
321        4.84731
321        2.97527
321        4.84421
321        4.63046
321        5.16051
321        5.78458
321        2.96542
321        4.92107
321        3.36536
321         1.1583
321        1.62619
321        5.14693
321        1.38858
321        2.27786
321         3.5836
321        1.62249
321       0.517085
321        1.07091
321        3.16407
321       0.944286
321        1.42953
321       0.648709
321        3.55005
321        1.99852
321        1.77399
321        5.27972
321        1.10844
321         4.7377
321        4.22171
321        1.84658
321       0.549754
321        2.93846
321        1.83907
321         6.1934
321       0.573872
321        4.28192
321       0.678189
321       0.154266
321        3.09683
321        3.82235
321        4.90928
321        5.69096
321         0.3896
321        4.96593
321        4.12694
321        3.90746
321        3.20599
321        3.91048
321         1.8913
321      0.0867158
321       0.606969
321        5.66863
321        0.80422
321       0.623815
321       0.479567
321        2.31475
321         1.0727
321         5.0374
321       0.783385
321        1.02963
321        3.95624
321        4.54521
321        2.40054
321        4.42945
321        2.22867
321        4.38497
321         6.0899
321      0.0366596
321        4.97748
321        3.52592
321        1.69823
321        2.55103
321        3.65437
321        5.01427
321        5.40554
321        2.04186
321        5.02818
321        1.66825
321        4.59925
321        1.33798
321        5.51024
321         5.8023
321       0.876198
321        5.53272
321        2.29476
321        1.91246
321        6.13801
321        3.71126
321        2.91213
321        3.30246
321        3.91308
321        5.14595
321        3.40033
321         1.2999
321        3.93251
321        4.62275
321       0.579715
321        1.09776
321          4.645
321       0.384658
321        2.74907
321        4.89798
321        5.70424
321        5.66001
321        5.85805
321        4.42078
321        5.50576
321       0.479998
321        5.87756
321       0.180123
321        4.38038
321        3.78811
321         3.9411
321        1.71144
321         4.9259
321        2.04107
321        3.19351
321        4.26933
321        2.83089
321         4.8968
321        4.18609
321        3.32157
321         4.6728
321         6.0237
321        4.85554
321         1.4981
321        4.70822
321        5.11456
321        3.96227
321        1.13315
321       0.488434
321        4.83886
321        1.14162
321        4.94706
321         4.4622
321        4.08661
321        4.60881
321        4.70517
321        3.95756
321        3.68445
321        2.47275
321       0.489822
321         2.5375
321         5.7009
321        5.85022
321        2.17512
321        1.53625
321        1.81934
321        4.35321
321        3.04619
321         1.7352
321        4.52978
321        1.84752
321        4.60084
321        5.07265
321        5.76916
321        3.44584
321        6.04974
321        1.34183
321        2.03141
321         2.9343
321        1.10418
321        1.49825
321        2.45214
321        4.53502
321       0.904605
321        0.46535
321       0.535784
321        1.30349
321        3.51005
321       0.714667
321        0.26443
321        4.26907
321        1.74466
321        3.48766
321       0.884667
321        1.40569
321         3.9494
321        1.19568
321        3.83001
321       0.656845
321        6.18074
321         1.2888
321        0.46915
321        1.26483
321        4.77242
321      0.0672795
321       0.705835
321        3.73521
321        6.22246
321        4.69174
321        5.86019
321        3.19202
321        0.37545
321        5.69198
321        5.25534
321         1.9917
321          3.212
321       0.248212
321        5.02125
321        5.50418
321       0.388756
321         2.5015
321         2.3271
321        4.12538
321        3.58216
321        2.24104
321        6.12076
321        1.45733
321      0.0143883
321        3.96807
321        4.70232
321        4.81461
321        3.61055
321        5.31205
321        6.02392
321        3.66315
321        5.21486
321        3.95845
321        3.28959
321       0.448535
321        1.63833
321        3.10769
321        4.12443
321        3.57052
321        4.70829
321        4.83266
321        1.25423
321        3.22522
321        5.40035
321        5.24359
321       0.884298
321         1.5766
321        2.02385
321        4.05223
321       0.441791
321        0.82835
321         4.0997
321       0.350153
321        3.75401
321        3.74226
321          4.321
321       0.674487
321        1.02156
321        5.25319
321        1.73686
321         3.3914
321        4.72268
321        3.37868
321         3.7798
321        3.83766
321        3.17819
321        1.84796
321        2.05441
321        4.60551
321        1.62788
321        1.28567
321        4.14969
321       0.588772
321        2.55622
321        4.36061
321         6.2691
321         4.5346
321        3.34347
321        2.06514
321        1.24995
321       0.864818
321        2.03987
321         3.3664
321         1.3771
321        4.06221
321        3.75446
321        5.68412
321        3.54886
321         2.0624
321        2.20294
321        6.00059
321        2.23731
321       0.240078
321        4.08294
321        2.66672
321       0.563726
321       0.730587
321        1.47508
321        1.42895
321       0.135909
321       0.220119
321        4.22013
321        2.90958
321        2.33304
321       0.504635
321         5.3073
321        3.42078
321        2.29958
321        1.34605
321       0.217494
321        1.44195
321        5.59225
321        5.07233
321        2.34208
321         4.0065
321        1.25058
321        1.85679
321        3.45055
321        2.56399
321        1.79717
321       0.730152
321        0.81941
321       0.603893
321        1.12111
321        4.37462
321        5.35242
321        1.28255
321        4.66886
321        6.21416
321         4.4334
321        4.74066
321        2.45055
321         0.6358
321        3.87042
321        4.28266
321        3.95239
321       0.587029
321        1.84266
321        4.86365
321        3.12716
321        1.56149
321       0.695847
321       0.606308
321         4.7261
321        4.63211
321        4.21974
321        3.97572
321        6.23506
321        3.79298
321        5.59391
321        5.90521
321        4.72623
321        3.26467
321        4.56038
321        1.69926
321        4.26167
321         3.0981
321       0.555734
321        1.14327
321        2.56405
321       0.459205
321        1.40347
321        6.07617
321        3.35235
321        4.68298
321        3.25665
321       0.440951
321        4.73324
321        2.78951
321        4.29254
321        2.95511
321        2.83604
321        3.92473
321       0.954128
321         2.7587
321        4.19947
321        3.34431
321        2.02035
321       0.360132
321        2.69049
321        1.22038
321        1.72923
321        5.83291
321       0.939908
321        1.20073
321        2.03532
321        5.62114
321        3.33448
321        3.67812
321        2.82204
321         2.7492
321        4.56521
321        2.98545
321        3.16913
321       0.714538
321        3.23486
321        1.62503
321        2.14014
321        4.81306
321        5.97032
321         2.6941
321        3.63652
321        2.99067
321        2.60333
321        4.19231
321        2.82727
321        2.16445
321        4.54523
321        1.33652
321        3.38345
321        4.98358
321        1.77623
321         4.3984
321        4.95394
321         5.8536
321        5.27618
321      0.0691174
321        5.38361
321       0.389778
321        6.03577
321        5.08753
321       0.962693
321       0.462482
321        3.72493
321       0.337892
321       0.390706
321        5.58334
321         4.8196
321         3.3942
321        1.54407
321        5.03932
321        1.15429
321        4.81843
321         1.4309
321        4.63617
321       0.920143
321        2.10061
321        1.11603
321        4.47579
321        2.74824
321       0.848929
321        5.52839
321         4.9569
321        1.65593
321        3.37429
321        4.32267
321         4.1218
321         4.1639
321        5.49564
321        4.30085
321        4.10059
321        3.75197
321       0.728585
321        4.08735
321       0.858443
321        5.63856
321        1.98156
321         4.7172
321        1.45804
321       0.260296
321        3.71722
321      0.0217674
321       0.255101
321        3.41832
321          5.613
321        3.15451
321       0.354983
321       0.712177
321       0.317763
321        3.22657
321        3.85844
321        5.93239
321         1.4055
321        4.49596
321       0.895862
321        4.54814
321        2.24545
321        1.34306
321       0.551333
321         5.7192
321        1.17609
321        1.35374
321       0.706948
321        4.62736
321        4.51913
321        1.56064
321       0.831731
321        4.41169
321         4.2299
321        1.73413
321        2.85441
321       0.212757
321        3.79888
321        1.86572
321        3.31675
321        3.66622
321        1.26882
321        2.33483
321        2.07999
321        1.00688
321        4.76535
321        3.72547
321        1.58985
321        4.29014
321        2.78475
321         5.0665
321        5.13186
321        3.91797
321        4.02794
321        3.95497
321        2.48706
321       0.958585
321        4.48409
321        3.70783
321        4.19842
321        3.57702
321       0.711245
321        1.56759
321        1.13021
321         4.1998
321        5.74413
321        2.26475
321         3.0299
321        1.83563
321        4.29075
321        0.61581
321       0.552194
321        1.15181
321       0.450057
321        2.46521
321       0.850005
321        1.36037
321         5.6238
321        3.52665
321        4.82477
321       0.131393
321        4.63031
321        5.02336
321        2.72225
321        3.44852
321        1.75276
321       0.612862
321        3.96571
321        4.95095
321        5.15739
321        5.21668
321        1.66896
321        1.70753
321        5.00309
321         5.2299
321        4.37037
321      0.0785784
321         1.4864
321        6.15465
321       0.757494
321        1.08531
321       0.576727
321         3.1425
321        2.79793
321        4.90305
321        6.20091
321        3.76517
321        3.29866
321        5.43227
321        4.11673
321        5.69635
321        5.11678
321        1.57744
321        1.40622
321        5.07899
321        4.66039
321       0.708618
321       0.933151
321        5.41168
321        4.92803
321        3.38797
321        3.00896
321        5.55584
321        5.83688
321        4.58635
321        3.55878
321        1.91373
321        4.49255
321        4.09179
321        3.80102
321        1.31952
321        3.42647
321        1.40341
321        4.74357
321      0.0326357
321        1.04382
321        4.57441
321        5.25205
321       0.178929
321        4.48588
321        4.73583
321        3.76476
321        2.33638
321       0.731384
321        4.71835
321        5.32648
321        1.32543
321        5.09125
321         1.2744
321        3.35289
321            3.6
321         5.4078
321        3.25587
321        1.35536
321       0.130882
321        1.35731
321        3.96881
321        1.06957
321        4.36441
321        4.55319
321        5.60047
321        3.85001
321        2.12415
321        3.47944
321        5.23083
321        2.58803
321       0.957064
321        4.31257
321       0.966462
321        1.86319
321       0.330049
321       0.552367
321       0.738562
321        1.45459
321        3.05682
321       0.219439
321         2.8504
321        3.59208
321       0.815624
321        1.48028
321        4.93119
321        4.91385
321        1.10507
321        4.94494
321       0.652311
321        3.73478
321        4.57865
321       0.109578
321        1.21812
321         1.0644
321        1.36918
321         4.9286
321        4.68403
321         4.2599
321        5.39164
321        4.30187
321        5.30965
321        3.22257
321        1.21514
321       0.394693
321         4.1756
321       0.988322
321        1.30873
321        0.29564
321       0.466228
321        2.43825
321        3.24717
321        4.83573
321         4.8382
321       0.506274
321        4.56746
321        3.47192
321        3.49516
321        4.61064
321        3.84668
321        1.45645
321       0.958291
321        5.45812
321        2.25177
321        3.91168
321        5.89401
321        6.24151
321        2.04356
321        5.72298
321        2.14949
321        5.90499
321        1.88206
321        2.25055
321        2.65504
321        4.94355
321        5.89586
321        0.54552
321         4.0211
321        5.12711
321        4.41261
321        4.08247
321        1.15904
321        3.67913
321         5.3971
321        1.37447
321        5.81722
321     0.00650373
321        3.08762
321       0.379923
321        5.83129
321        2.91039
321         3.3813
321        6.26739
321         2.7706
321        5.42882
321        3.52588
321        4.65604
321        2.63899
321        6.21721
321       0.216617
321        3.98597
321        5.02951
321       0.959592
321        2.05559
321        1.89075
321        4.35092
321        2.26028
321       0.835143
321        6.07155
321        4.57795
321        5.88533
321        1.03524
321       0.920572
321        4.07108
321        5.53354
321        3.61536
321         4.7951
321      0.0212016
321        2.86109
321        3.55332
321        2.38363
321        2.49411
321        2.34933
321        2.60807
321        4.80873
321       0.056953
321        1.88391
321        6.12458
321        3.44959
321         4.1189
321        3.81046
321        4.66047
321        3.95967
321        2.57586
321        1.21789
321        5.36018
321        1.04608
321        3.58503
321       0.557861
321        2.90877
321        3.47162
321        4.25098
321        3.45315
321       0.189984
321         2.0306
321       0.420206
321        1.74188
321        4.41868
321        3.01574
321         4.7944
321        2.79477
321        4.48267
321        5.10976
321       0.871932
321        2.54299
321       0.367555
321       0.893398
321       0.985099
321         5.2122
321        4.37593
321        3.86501
321        1.96186
321        1.63401
321        4.06046
321        4.04689
321        3.96646
321         4.3024
321        3.73566
321       0.709204
321        4.33441
321      0.0523755
321       0.606765
321        3.72105
321        5.83856
321        5.59273
321        4.74224
321        4.83452
321        1.86985
321        5.80187
321        1.34754
321        1.91054
321        4.53472
321        5.38206
321        5.47878
321        3.97028
321         1.9195
321        3.59744
321        5.29244
321        1.33164
321        6.26715
321        3.15196
321         3.9987
321        3.51364
321        3.58563
321        2.19012
321        2.68986
321       0.175793
321        5.21495
321        3.32517
321       0.810175
321        5.12021
321        2.94312
321         3.2339
321       0.361683
321        3.67901
321         4.4266
321        5.27288
321        1.83109
321        1.62919
321       0.327104
321         1.3615
321        0.77908
321        2.81606
321        2.55127
321        3.34708
321       0.177031
321       0.958673
321         5.0041
321        3.50724
321        5.69782
321       0.421896
321       0.961503
321       0.985467
321        3.43412
321        5.97083
321        5.02479
321       0.258853
321        0.76575
321        1.12387
321       0.289438
321         3.8808
321        5.70646
321        5.62238
321        2.21477
321        4.52706
321        4.42718
321        5.02029
321         4.8557
321        1.67394
321       0.846734
321         3.4261
321        5.99113
321       0.119023
321        6.22542
321        1.60673
321        1.08283
321         5.4433
321        4.55938
321        4.28157
321      0.0532885
321        1.35569
321        3.97318
321        3.88385
321        6.22023
321        3.72538
321        5.16971
321        5.25242
321        0.43665
321        1.86576
321        4.45297
321       0.259985
321        5.19732
321       0.511899
321        6.20349
321        2.73167
321        3.13029
321        4.36219
321         3.0681
321        1.76173
321        3.10892
321      0.0720693
321        5.16902
321        0.63943
321        1.27243
321        5.34831
321        2.22666
321         6.0781
321        5.44273
321        2.03587
321        4.04053
321        5.56826
321       0.797404
321        2.29042
321        3.21606
321        2.76261
321        2.32267
321         5.2461
321        5.25493
321        3.82474
321        3.50931
321        5.61328
321        4.71475
321       0.173073
321        4.32886
321        2.73158
321         3.5983
321        2.19616
321        5.98585
321        4.53094
321        6.24091
321        1.78674
321        5.35098
321        4.10991
321        5.05857
321       0.663364
321        6.23081
321        5.77437
321        1.57182
321        4.47638
321       0.717755
321         4.0061
321         5.8287
321        3.49507
321         5.5284
321        1.12327
321        4.59135
321        1.22533
321          3.213
321        1.49643
321        3.61371
321        4.69371
321         4.7907
321        0.86782
321        1.71031
321        4.52682
321         1.4119
321      0.0401928
321        3.22347
321        1.80426
321        3.97555
321        2.23084
321        5.87383
321         3.7829
321       0.932585
321        5.77363
321        1.51978
321       0.199916
321        3.79564
