505        2.36821
505       0.469134
505        5.03245
505      0.0632404
505        3.20656
505        5.89528
505        2.81356
505       0.860546
505        1.46022
505        2.76129
505        2.16547
505        4.18929
505       0.400845
505        4.90503
505        2.78049
505        3.09466
505        1.07564
505        1.89569
505           0.14
505        4.49787
505        2.81603
505        2.43961
505        3.46172
505        2.44954
505        1.91492
505        3.57912
505        1.38965
505        3.96588
505       0.765179
505        2.90121
505       0.877319
505          2.175
505        5.85618
505        3.72874
505        1.25362
505        4.88203
505        5.08676
505        1.05905
505        3.63288
505      0.0592866
505        2.74569
505        1.18117
505        3.89619
505        5.92712
505        1.01973
505        2.95273
505        4.39748
505         4.8618
505        1.36413
505        3.05948
505        4.23669
505        2.69745
505         3.7509
505         2.0208
505       0.219279
505        4.91989
505      0.0620921
505        2.16611
505        3.88836
505        3.19143
505         6.1892
505        1.28049
505         4.6463
505       0.908212
505        4.40709
505        3.35649
505        3.08199
505        4.20179
505        5.91861
505        6.12651
505       0.957411
505        3.05292
505        2.02919
505        4.09792
505       0.662259
505      0.0971795
505        4.10921
505        1.12713
505        4.43197
505        5.27796
505        0.80854
505        1.52156
505        3.65158
505        3.17926
505       0.955213
505       0.379709
505        4.18278
505        4.21545
505        6.27396
505         4.3074
505        3.42755
505        3.89023
505        2.54449
505        4.55319
505       0.441715
505        4.19078
505        4.74323
505         4.4712
505        1.44382
505        6.05432
505        2.22869
505        1.44346
505       0.726036
505        2.91479
505       0.350878
505        1.49658
505        3.33068
505        0.73845
505        4.48871
505        3.64871
505        3.22483
505        4.69927
505        5.49933
505      0.0988345
505        6.27413
505        5.90495
505         1.9894
505        4.13454
505        6.16195
505         4.0284
505        4.09371
505        6.19927
505        3.49287
505        6.16023
505        6.19441
505       0.819293
505        4.03918
505        4.44145
505        5.30136
505      0.0257767
505       0.256135
505       0.553874
505        3.38265
505        2.74616
505       0.585415
505        1.64695
505        6.02374
505       0.406797
505        1.05574
505        3.28466
505         4.3122
505        4.38668
505       0.765474
505        5.99076
505        4.30806
505        5.89055
505        4.27833
505        2.64007
505        4.04011
505        2.57832
505      0.0429691
505        5.08139
505        2.87844
505        2.32408
505        6.03951
505        1.94512
505        2.28326
505        2.78748
505        4.51065
505         4.0084
505        5.01065
505        3.10972
505        3.95723
505         3.3359
505       0.543027
505        4.76565
505        4.67981
505        3.16878
505       0.493491
505        4.94708
505        1.23423
505         4.8858
505        3.00405
505       0.973034
505     0.00841146
505       0.927752
505        4.93189
505         1.5811
505        1.17038
505         1.5791
505        4.10467
505        4.61282
505       0.454155
505        3.80398
505        3.49452
505        3.28693
505       0.499354
505        5.53193
505        3.52118
505        4.48506
505        5.67215
505        4.86667
505       0.405403
505         1.4943
505        0.16286
505       0.562096
505        3.04701
505        2.05701
505        4.66326
505        3.69533
505       0.338675
505        1.23187
505       0.634869
505         1.1767
505        2.74415
505        6.14588
505        5.24923
505       0.870803
505       0.675504
505       0.341144
505       0.362292
505          5.385
505        1.97815
505        4.05856
505        5.78713
505       0.539591
505        3.49211
505        4.99712
505         5.4768
505        3.85188
505        2.29555
505         4.8442
505       0.799652
505        1.83547
505       0.103431
505        3.03262
505        4.12785
505        1.68975
505        2.53128
505        3.74182
505        5.58309
505        1.56509
505        6.09899
505        0.51947
505       0.944592
505        3.79075
505        4.99285
505       0.178351
505       0.968197
505       0.537984
505         4.3848
505        3.84589
505        3.00465
505        5.55848
505       0.891384
505        1.39255
505        6.07789
505        1.85634
505        4.66791
505        4.67266
505       0.916444
505        1.78077
505        4.20682
505        4.25958
505        3.01023
505        2.53064
505       0.191151
505        4.21488
505        2.56416
505        1.10319
505       0.978083
505        2.31475
505        1.47007
505        3.59554
505       0.163128
505        2.83522
505        5.21701
505        4.00035
505        2.12569
505        2.21455
505        5.85881
505        1.67136
505        3.57636
505        4.08544
505        1.81722
505        2.64434
505        4.54136
505        3.62073
505         6.1975
505        2.14408
505        6.15367
505        3.99909
505        3.23768
505        4.02668
505        5.59372
505        2.76699
505        2.94547
505        6.09896
505        3.97786
505         4.2195
505        2.06455
505        5.34401
505        4.82525
505        5.61844
505        3.88043
505       0.388442
505        1.34996
505        0.56769
505        3.62497
505        6.27893
505        5.87006
505        3.95074
505       0.381397
505        3.76142
505        6.27685
505       0.824568
505        4.79038
505        1.25002
505         3.6671
505        2.92557
505       0.382135
505         5.1678
505       0.179247
505        1.15941
505       0.803481
505        4.01831
505        5.77212
505        5.31283
505        3.88036
505        2.22185
505        1.17961
505        5.20968
505     0.00179503
505        3.07659
505        1.37591
505        3.14265
505        6.01383
505        4.54998
505        1.95388
505       0.455361
505        4.08402
505        2.02624
505      0.0605866
505        6.14458
505           4.08
505        1.93024
505        2.61794
505        4.39036
505        5.13445
505        3.88747
505        4.45698
505        3.14334
505        5.86269
505        3.81201
505        3.14869
505        2.45513
505        1.55164
505         4.4334
505        2.98892
505        1.20594
505        2.31103
505        3.48981
505        1.12609
505      0.0527122
505        0.64928
505        2.92096
505       0.190934
505          4.305
505        2.81219
505       0.482808
505        3.54885
505         6.0458
505        3.45517
505        3.67028
505        1.50033
505       0.773991
505        4.39496
505        3.66629
505        3.19635
505        2.85092
505        4.05193
505         3.3061
505        0.91293
505        5.17191
505       0.571662
505        6.25216
505        3.55071
505     0.00647019
505       0.680567
505         3.8953
505       0.116664
505       0.575014
505        3.86079
505        5.17037
505        4.38791
505       0.468398
505         4.3357
505        5.07867
505       0.723244
505       0.394491
505        1.21283
505        2.80693
505        1.23116
505       0.921493
505        1.50325
505        3.21824
505       0.218617
505        1.18766
505         5.5327
505        5.35037
505        1.01641
505        1.36562
505        4.04454
505        5.33375
505        1.31519
505        5.29466
505        3.07063
505        4.38154
505        3.48604
505        4.56277
505        5.71237
505        1.93052
505        2.96166
505        4.13995
505        3.34172
505        0.33299
505        4.08538
505       0.109401
505        5.20375
505        4.13893
505        1.90937
505        3.94158
505        3.09925
505       0.315349
505        3.27505
505        2.65402
505         5.9501
505        4.03165
505        3.38415
505        1.02618
505        6.16028
505        4.43668
505        1.41146
505        2.95486
505        3.19663
505        3.52075
505        1.00708
505        2.62178
505        2.81274
505        3.21125
505       0.121769
505       0.688133
505         3.4274
505        6.07657
505        4.46419
505        5.53998
505        3.43099
505        1.11194
505        2.83064
505       0.138388
505      0.0842619
505        1.30094
505        3.91144
505       0.098159
505       0.845431
505          2.211
505       0.909162
505     0.00493709
505        5.57473
505        3.02666
505        3.37671
505        5.22049
505        3.48585
505        6.25919
505        1.57296
505       0.441889
505        4.67619
505         4.2299
505        5.94662
505        5.56927
505        3.70724
505        5.38621
505        5.69962
505      0.0196503
505        2.35934
505        1.68408
505        3.24078
505       0.663196
505       0.823298
505        5.02492
505        4.70276
505        2.62891
505        4.00965
505        3.37837
505        3.20214
505        4.16305
505        3.39023
505        4.57057
505         2.3759
505        1.77739
505        3.01642
505         4.3622
505        4.55039
505        3.12702
505        1.87581
505        3.85351
505        6.28259
505        3.49778
505        1.63714
505        3.09509
505        3.68324
505        6.01814
505        1.36412
505         4.2845
505        4.86451
505       0.366975
505         5.0475
505        3.42465
505        3.83456
505       0.972709
505       0.567415
505        3.40636
505        3.92705
505        5.26861
505       0.641066
505        4.93572
505        4.14712
505        2.07452
505        5.65014
505       0.685891
505        2.19734
505        4.83726
505        1.15342
505        5.08271
505          4.503
505      0.0337632
505        2.57271
505       0.117864
505         2.8677
505        1.43484
505        2.99493
505        5.09977
505        3.49177
505        2.55878
505        4.78263
505        1.20148
505        3.01093
505         1.3675
505         3.5186
505        3.00722
505        3.95405
505      0.0143601
505        2.74609
505        2.11933
505        1.17919
505        3.83038
505        3.24105
505       0.994829
505        5.27434
505        4.20482
505        4.48498
505        2.08195
505       0.767488
505         2.9354
505        3.72058
505       0.781216
505        5.28964
505        4.08856
505        2.95538
505        2.56712
505        5.85781
505        1.24231
505        5.24523
505        4.78828
505        2.24904
505        3.85236
505        1.53409
505        2.25258
505        6.11778
505        3.18698
505        3.63052
505        3.11932
505        2.17851
505        3.44039
505       0.251659
505        2.03392
505        2.65614
505        3.41041
505        3.67296
505        2.32035
505        4.26864
505        0.95231
505        5.83396
505         4.5087
505        3.88912
505         5.0439
505        1.74514
505        3.60603
505        3.96082
505       0.338644
505         1.6438
505         1.5288
505        5.78717
505        1.87962
505        2.59166
505       0.954292
505        1.00946
505        0.39657
505         1.1951
505        0.56612
505        4.34767
505        6.20478
505        3.83579
505         1.0392
505       0.707563
505       0.935612
505        2.78911
505        3.09548
505         3.5082
505       0.544755
505        1.43841
505        6.17844
505        6.18077
505        3.52955
505        0.27434
505        4.64075
505        4.69256
505        3.95117
505        4.52039
505        6.12915
505          2.357
505      0.0888965
505        3.56283
505        6.18198
505        4.09023
505       0.896226
505        2.15482
505         4.7848
505         5.4718
505       0.311804
505         1.2528
505         1.1042
505        1.49922
505        3.65744
505        4.41708
505        3.53764
505         2.8905
505        2.09045
505        4.41022
505        5.51876
505        4.20194
505         6.2361
505        5.56121
505        6.15592
505       0.413494
505         6.1764
505        1.14521
505        6.10956
505        2.43118
505         2.0725
505        5.17666
505        1.03256
505        6.11749
505        4.05787
505        5.24023
505        4.01228
505       0.308565
505       0.305614
505        2.74856
505        4.73552
505        3.21754
505        2.65308
505        1.36272
505         5.8944
505       0.635415
505         3.9798
505        1.68891
505        4.77035
505       0.329085
505        3.51068
505        5.19688
505       0.214298
505        6.18373
505       0.620316
505        6.01662
505       0.643716
505        4.55293
505       0.604485
505        1.30949
505        4.27294
505       0.818519
505        1.37711
505        2.01665
505         4.7354
505       0.599325
505       0.180466
505        4.84339
505        5.11226
505       0.786361
505        1.41148
505        4.09178
505        4.19626
505        3.34253
505          4.615
505        1.12119
505       0.522216
505        0.80669
505        1.52353
505        3.89674
505        6.28084
505        5.45261
505       0.303134
505        1.99929
505       0.475245
505       0.300802
505        4.55533
505       0.327907
505        1.10531
505        3.51793
505        6.04093
505      0.0816869
505        3.63702
505        3.91897
505        3.39785
505        3.51274
505        6.15647
505       0.293543
505        4.84857
505        4.47341
505        2.68716
505        1.75438
505        1.57724
505        2.17328
505        2.41699
505        3.42485
505       0.962639
505        4.72022
505         1.4665
505        4.05734
505        3.00856
505        5.79081
505        2.57557
505       0.295853
505       0.276204
505        2.68538
505        3.27398
505        4.62232
505         3.5534
505         4.1692
505        3.43201
505        5.84656
505        1.01143
505        1.10558
505        4.79367
505       0.578017
505        1.51392
505        2.08456
505        2.34549
505        4.34611
505        1.17877
505        4.72351
505        1.84042
505        4.12055
505        3.35409
505        5.56432
505        3.47129
505        2.58663
505       0.964731
505        2.53457
505         3.1017
505       0.830504
505        4.48785
505        3.14027
505        3.05805
505         3.1776
505         1.3896
505        2.16345
505        3.95304
505        3.47421
505        5.53643
505        2.37838
505        1.22687
505        3.78625
505        5.08038
505        4.05883
505        4.16606
505        3.67353
505        4.57415
505        3.44063
505        5.97875
505        3.73707
505        1.92296
505        3.86213
505       0.179881
505        4.74508
505        3.06396
505        1.08401
505        1.64331
505        3.39736
505        6.11878
505        4.86551
505        1.07451
505        5.02268
505        6.11628
505        6.25688
505         3.0946
505        1.06903
505        3.72903
505        2.10328
505       0.574448
505        4.74084
505        4.39932
505        5.16379
505        4.17139
505        1.74344
505        3.90761
505        2.44006
505        1.18755
505        2.38007
505        1.18208
505        2.65768
505       0.996516
505        1.58613
505        4.53348
505        2.87618
505        2.65102
505        3.25186
505        1.13606
505        4.00363
505        3.06558
505       0.554844
505        1.36542
505        5.04296
505        4.12165
505        4.10498
505        6.21534
505       0.742542
505         2.8789
505       0.429969
505        4.32695
505       0.327911
505        1.96441
505        5.64557
505        3.35338
505       0.944159
505        4.85924
505         4.7847
505        1.43961
505       0.394378
505        1.52177
505       0.534364
505        4.74172
505        4.22604
505        2.18161
505        3.58103
505        4.51849
505        1.41794
505        3.60845
505        4.18098
505        3.26701
505        1.11548
505        4.36929
505        2.24701
505       0.911004
505         0.2166
505        5.37106
505       0.329758
505        4.24065
505        1.15605
505       0.815347
505        1.47956
505        1.13958
505        2.58202
505        4.01652
505       0.195691
505        5.95917
505        1.29908
505        4.58693
505        3.43231
505        6.00027
505        1.10551
505        2.47117
505        3.57425
505         4.1734
505       0.672656
505        6.09648
505        3.86897
505        3.14334
505        5.13507
505        5.82232
505          2.818
505      0.0746875
505        3.30048
505       0.102027
505        0.42184
505        2.89591
505        1.64711
505           1.56
505        2.83261
505        6.12336
505        3.29443
505       0.665459
505        1.96498
505        3.20721
505       0.468872
505        4.95876
505        2.87866
505        4.89445
505       0.816097
505       0.607366
505         6.1104
505        5.31266
505         5.8792
505        5.38633
505        1.47301
505        2.75227
505        3.26805
505        4.26163
505        3.34356
505        1.66377
505        3.23245
505        6.04421
505       0.928035
505        4.59917
505         3.9838
505        4.37867
505        3.73346
505        3.40846
505        3.41146
505        4.94745
505        2.93359
505       0.813649
505       0.980401
505        3.41741
505       0.540999
505        2.25538
505        6.16325
505        4.06529
505        2.78811
505        3.59107
505        3.31227
505        4.19483
505        5.92726
505        6.26272
505         3.1845
505      0.0972139
505       0.706975
505        2.05725
505         3.6192
505        2.68425
505        4.99295
505      0.0581438
505       0.359437
505        2.73296
505        4.54751
505        2.56698
505        2.41189
505        5.20541
505          4.348
505        5.60171
505        3.09368
505        3.12706
505        3.95627
505        4.17935
505        5.83101
505        2.91183
505         1.8285
505       0.440294
505        3.72741
505        2.82458
505       0.390097
505       0.763515
505        1.98738
505        1.49027
505        2.69943
505       0.575396
505        3.75688
505           1.85
505        2.73346
505         4.8045
505        3.76483
505        5.47656
505        6.12185
505       0.298689
505        4.34312
505        6.02897
505        3.69132
505       0.810153
505        4.81605
505        1.95632
505        4.78601
505        3.09893
505        5.51282
505        2.00373
505        4.21441
505        2.84597
505       0.261235
505        1.51797
505        5.02876
505        4.88454
505        1.61413
505        2.27688
505        3.52862
505        4.17523
505       0.696896
505        3.28324
505       0.815473
505        5.08379
505         3.7492
505        2.99774
505         3.7821
505        2.48207
505        5.80691
505        4.94426
505        3.58228
505        5.01091
505       0.967765
505        6.23761
505        6.02259
505       0.071703
505        4.63435
505        0.26839
505        3.05719
505        1.23328
505        1.69204
505       0.778055
505        1.32474
505        3.68961
505       0.461957
505        3.81955
505        3.97104
505        1.90368
505        1.82187
505        6.22463
505        5.25641
505        6.23271
505        4.02375
505        4.85169
505        6.02985
505      0.0495748
505        1.46143
505        3.71706
505        6.12595
505       0.501019
505        5.19572
505       0.968803
505        1.36486
505       0.706029
505        2.65837
505        6.22109
505        3.66739
505         3.4856
505        3.33832
505        4.04338
505        4.84609
505        6.11785
505       0.690423
505        4.41091
505       0.798838
505        2.05693
505       0.790132
505        5.48673
505       0.548995
505        4.39055
505        4.22918
505        5.63495
505         3.9927
505        2.69132
505        3.94061
505        4.61819
505       0.743823
505        5.24112
505        1.49589
505       0.530129
505       0.151356
505        5.85671
505       0.807121
505        4.40087
505        3.62229
505        3.63637
505        2.77433
505       0.391507
505        2.48974
505       0.529257
505        3.57516
505        1.57306
505        5.40744
505      0.0492401
505        3.01786
505        4.45399
505        4.85027
505        5.86128
505        1.02384
505        4.99981
505        4.31448
505        3.49912
505        3.21063
505        3.18387
505        3.98855
505       0.428197
505        4.09836
505      0.0887332
505        5.80768
505        4.26585
505       0.937479
505         3.9566
505         6.0176
505       0.371081
505        1.79517
505        1.02981
505        2.72151
505        1.52819
505         6.0268
505       0.578618
505       0.287653
505        0.84663
505       0.353091
505         1.4739
505        3.09413
505         3.3648
505       0.625598
505        4.41897
505        4.26676
505        5.25198
505        3.98376
505        0.82721
505       0.899858
505        6.18943
505         1.6521
505      0.0546019
505        4.31354
505        4.16132
505       0.103518
505        4.99505
505        5.34069
505          1.656
505        3.04774
505        4.74155
505       0.389676
505        5.90767
505        3.22046
505       0.542544
505        1.19576
505       0.467616
505        6.07118
505        1.19316
505        5.75144
505        4.89879
505        2.68594
505        3.69518
505        2.87908
505        3.43271
505        4.42699
505        5.32346
505        3.05264
505        1.28661
505         2.4728
505           5.65
505        4.57042
505        3.65512
505        1.68714
505        2.90513
505       0.396216
505       0.344761
505        1.65286
505        1.33247
505         4.7761
505        1.06793
505        3.91973
505        4.49658
505        1.20839
505        6.06457
505        5.76269
505        5.57033
505          3.854
505       0.359987
505        3.10138
505        4.01852
505        3.22388
505        2.92793
505        1.28396
505        3.56997
505        1.81507
505        1.61009
505       0.770858
505        6.05136
505         3.1299
505        3.18665
505       0.860441
505        3.29223
505        3.22043
505        3.76546
505        3.86621
505       0.635084
505        1.25587
505        3.84859
505        2.60908
505        3.28876
505       0.707981
505        5.30153
505        4.90291
505        5.80205
505        3.60717
505        1.59973
505        4.12861
505       0.461707
505        3.47406
505        5.87109
505        5.46905
505         4.3672
505        5.96126
505         5.0489
505        1.61427
505        1.83246
505        1.41883
505         4.4517
505       0.598858
505       0.312557
505       0.401111
505        1.50244
505        3.48297
505        2.08186
505       0.331339
505        3.11826
505        5.18503
505        5.95188
505        2.61569
505        4.60077
505         4.2555
505        6.20636
505        5.24469
505        3.65267
505        5.99491
505        3.13285
505       0.828856
505        2.09035
505        6.25986
505        3.85209
505        4.68868
505        3.62827
505        4.59569
505        5.15066
505        3.49499
505         4.6406
505        4.73199
505          3.335
505        4.84342
505        4.98275
505       0.973952
505        1.24337
505      0.0849947
505          3.232
505        1.20539
505        4.42181
505        3.37507
505       0.609808
505       0.847276
505        4.75329
505        3.45365
505        3.92382
505        2.65942
505        4.47726
505        4.70173
505        3.68632
505        3.38437
505        1.41006
505        4.26671
505       0.388999
505        4.11266
505        5.70981
505        2.11237
505        4.12545
505        5.73949
505       0.571712
505        2.33714
505        3.73532
505        3.71789
505         1.4461
505       0.378575
505       0.980796
505        1.59328
505        5.44498
505        3.50472
505        4.12495
505        2.89047
505       0.400635
505        4.80612
505        4.26374
505        2.48341
505       0.511774
505        1.27269
505        5.96092
505        2.97061
505        0.67224
505        5.16809
505        4.64773
505        2.55078
505       0.216058
505        1.65038
505       0.157691
505        3.60497
505        3.61812
505         5.7825
505        1.53033
505        2.20244
505        2.66202
505       0.611117
505        2.50951
505        6.08736
505        4.18459
505     0.00277948
505        3.31864
505       0.717033
505        3.43742
505        5.84366
505         4.5845
505        5.33384
505       0.183081
505        3.93053
505        3.88668
505        3.39331
505        1.28876
505        2.01823
505        3.72776
505        1.99191
505        5.97393
505       0.230591
505        6.15536
505        5.66663
505        2.65286
505        3.93837
505        6.23947
505    0.000284413
505        6.20247
505        3.98658
505        3.90991
505        6.08822
505        2.67278
505         1.6271
505        2.83452
505        2.33326
505       0.285595
505        1.20146
505        1.65778
505        4.10485
505        3.49378
505        6.05583
505        6.20828
505       0.563434
505        3.39492
505        2.53025
505        3.03549
505        2.34965
505        3.70676
505        4.11743
505        4.75676
505        2.81268
505       0.454197
505       0.571896
505        2.63961
505        4.99107
505        1.81928
505        5.92041
505        2.08192
505        4.32245
505       0.231871
505        2.56864
505       0.575001
505      0.0223504
505        4.76913
505        3.10269
505        1.26467
505        4.31867
505       0.785931
505       0.404544
505         6.0398
505        3.74401
505          4.321
505        3.52281
505         5.5237
505        2.39223
505        4.53232
505        1.80408
505         2.0224
505        5.14235
505        1.80312
505        4.31547
505        6.05557
505        1.24072
505        4.32168
505        3.69823
505         1.1149
505        1.98423
505        4.44058
505        4.45903
505        3.37425
505        6.28026
505       0.196548
505        3.86455
505          4.157
505        1.28216
505        1.45709
505       0.194207
505        3.37883
505       0.180813
505        1.94264
505        1.36526
505        3.31827
505        0.35669
505        4.17838
505       0.513267
505        4.43679
505        5.94084
505       0.441985
505        4.59957
505        6.23712
505         5.4102
505        5.32731
505        5.37536
505        3.55076
505        0.12126
505        1.56429
505        5.34411
505        3.69881
505        2.52523
505        1.17704
505        1.58967
505       0.148019
505        4.26611
505         1.1492
505        1.61166
505       0.269556
505        5.29972
505        3.76336
505        1.32759
505      0.0639022
505        3.53579
505        4.87301
505        4.24254
505        1.20683
505        4.48572
505         4.5427
505        3.06692
505         5.9019
505        4.95662
505       0.550967
505        1.55088
505        5.09077
505        3.57038
505        4.44198
505       0.674322
505        1.47086
505      0.0844886
505        4.70661
505        6.16112
505        6.17215
505        4.11712
505       0.413168
505        4.70145
505         3.6886
505        3.78191
505        1.15675
505        3.72606
505        2.23125
505        5.99836
505        3.08383
505        5.47522
505        1.68906
505       0.555346
505       0.557798
505        4.65608
505        6.10855
505        5.34667
505       0.685141
505        5.32668
505        2.76582
505         3.4692
505       0.245597
505        1.04394
505        1.60571
505        1.00716
505        1.70291
505        6.20417
505        5.49653
505        2.50297
505        5.26216
505        5.53806
505       0.714207
505       0.507744
505         6.2771
505        3.47161
505       0.554268
505        1.07266
505        3.90734
505        5.75496
505        2.30531
505        5.92522
505       0.902127
505        4.68977
505        4.30252
505        3.70807
505       0.820681
505        5.60648
505        4.88453
505        3.32213
505        3.24214
505       0.131956
505        4.89074
505        4.06497
505        1.39532
505       0.237682
505        1.48425
505        6.06978
505        1.04532
505        2.16402
505        4.03775
505        1.49675
505        2.77569
505        0.23279
505        5.52682
505       0.381985
505        4.78941
505        4.78412
505        3.84778
505        3.54455
505        5.99432
505        4.09124
505        6.19461
505         3.8786
505       0.156517
505        1.59826
505        4.38159
505        5.44488
505        4.98965
505        3.27881
505         4.2945
505        3.71369
505        3.66545
505        3.22245
505         5.4585
505        1.80064
505        3.39525
505        1.12675
505        3.28438
505        3.26316
505        4.42079
505       0.496027
505        2.68597
505        3.48628
505        2.37376
505       0.212635
505        5.19215
505         2.7039
505        4.44366
505        3.71794
505        1.13415
505       0.686921
505        3.94524
505       0.776414
505        4.07917
505        3.39362
505       0.333428
505        5.68708
505       0.872424
505        5.16057
505        2.64873
505       0.878244
505        3.92534
505        3.57899
505        2.89344
505        1.03715
505        1.41228
505        1.35669
505        1.08521
505        4.62697
505        0.12847
505        5.51945
505        4.64259
505       0.947361
505        1.07318
505       0.314071
505        2.77697
505        4.83865
505        4.08508
505        4.20557
505        1.33245
505        6.06034
505         3.1588
505         4.5448
505         4.0408
505        4.31595
505        1.11646
505        4.93715
505       0.626015
505        0.63057
505        4.47936
505        1.56409
505        4.52325
505         4.4795
505        0.45557
505        2.77414
505        4.76523
505       0.374388
505        3.27104
505        1.88877
505       0.984134
505       0.743882
505         5.7386
505        3.98611
505        2.87239
505        5.00951
505        4.37616
505        3.44544
505        3.93447
505        2.85108
505       0.371465
505       0.697642
505        1.50058
505        4.40187
505        1.79197
505        1.38237
505        1.30268
505        5.27347
505         6.1098
505         5.1004
505        5.83161
505        2.08743
505        1.04652
505         1.0137
505        3.39383
505        6.20985
505       0.121181
505        1.93798
505        3.14904
505       0.633234
505        4.40225
505        1.34126
505        4.16859
505        6.06041
505        4.17118
505        3.83159
505       0.403177
505        1.33372
505        3.44188
505        5.77283
505        4.27052
505        5.14649
505        5.92978
505        5.90427
505          4.176
505        2.53657
505       0.129583
505        3.22092
505        6.26671
505       0.635496
505        6.20006
505       0.112039
505        3.88336
505         3.9698
505        3.00728
505         3.6072
505       0.717357
505        3.78161
505        4.34857
505        2.00538
505        3.78439
505        3.46715
505        4.65535
505       0.266031
505        6.15039
505        3.98633
505         4.5901
505       0.637313
505         2.0219
505        4.20463
505        1.00016
505        0.60489
505        3.19971
505        1.21777
505        4.72366
505        2.81281
505        1.98227
505        6.12553
505        2.70496
505       0.382008
505        1.65234
505       0.381347
505        5.43585
505         4.1436
505        4.03723
505      0.0312861
505        4.59924
505        3.99736
505        1.15423
505         4.9344
505       0.921424
505        1.70031
505        2.87044
505       0.490219
505        3.71931
505        3.41662
505       0.929636
505       0.690278
505        1.21988
505        1.00321
505        4.60965
505       0.948617
505        1.60672
505        5.01031
505        1.07839
505         6.1825
505        5.45541
505        4.57188
505        1.12025
505        3.97166
505        3.89853
505        3.30437
505        2.76797
505        3.56476
505        0.52629
505       0.685392
505         3.4358
505        2.91734
505         3.1621
505        3.38931
505       0.424843
505        2.56891
505        6.24966
505        1.95836
505        1.47535
505        4.44699
505         4.3133
505        5.44014
505        2.61695
505        2.29755
505        3.04876
505        3.95103
505        3.47341
505        1.97297
505        4.78842
505         3.7863
505       0.747336
505       0.513203
505        3.99623
505        3.59443
505        3.18914
505       0.829171
505       0.308145
505        1.12106
505        4.00378
505       0.169831
505        3.03996
505        5.99222
505        1.61703
505        6.19828
505        1.04077
505        2.54809
505        4.75165
505        3.97927
505        2.61368
505       0.788625
505       0.372323
505        5.37657
505        5.30354
505        2.34616
505        5.78302
505        5.30427
505        3.06747
505        5.51182
505        2.23784
505        2.03407
505        2.63974
505        3.60043
505        1.38457
505        1.68929
505        2.87669
505        2.23449
505        2.32861
505         3.3129
505       0.189197
505        4.32639
505        3.90972
505      0.0152094
505        3.01894
505        3.66099
505        1.13358
505         5.5727
505        3.63245
505        3.20828
505        2.25098
505         4.6496
505        5.34427
505        2.84612
505      0.0252378
505        5.40294
505       0.910076
505        3.64277
505        4.05994
505        3.44747
505       0.537425
505        0.27662
505        4.15978
505         4.6295
505        1.32833
505        4.42231
505        4.46785
505        4.22337
505        3.82922
505        2.00732
505        3.54116
505        4.75486
505       0.946053
505        3.99019
505      0.0396655
505        3.15981
505        5.90187
505        5.07224
505        4.32886
505       0.117797
505        6.00705
505        4.86064
505       0.283236
505        2.98055
505        4.38119
505      0.0784059
505        5.01506
505       0.443819
505        3.71761
505       0.244438
505        2.02193
505        5.96386
505        3.66839
505        1.89458
505        4.84741
505        1.15978
505        4.78963
505       0.177111
505       0.442831
505        5.34925
505        3.60552
505         2.8628
505       0.133781
505        2.68093
505       0.209841
505        3.32682
505         6.2186
505        3.87448
505       0.694508
505          4.097
505        1.40394
505         3.9871
505         2.7263
505        3.38038
505       0.785313
505       0.587233
505       0.601408
505        1.72303
505        2.31551
505         4.5728
505        5.68595
505       0.321196
505       0.931773
505        5.78884
505        6.26851
505          4.825
505        5.63936
505        1.33974
505        1.22752
505        4.33033
505        5.70681
505       0.587573
505        5.35828
505        1.12885
505         5.2128
505        3.93577
505        1.21306
505        5.17172
505       0.968056
505        5.73218
505        0.40327
505        4.57527
505        2.77737
505        4.19659
505        3.61603
505        1.10084
505        3.58242
505        4.67438
505        1.63854
505        3.29384
505        3.68598
505       0.516607
505        3.79889
505        5.33929
505        1.32215
505       0.481249
505        3.77682
505       0.755753
505        3.47175
505        4.23493
505        3.99715
505        2.80518
505        6.11549
505        4.89767
505        1.62064
505        1.44497
505        3.90491
505        4.58744
505        1.76841
505        1.01515
505        0.40116
505        3.99181
505        4.38615
505        4.70932
505        1.41042
505        4.22157
505        1.60328
505        5.34124
505        1.06262
505       0.855181
505        3.04044
505        4.68014
505        4.54676
505        2.14701
505       0.348813
505        1.72419
505       0.572935
505        2.68665
505        4.01457
505        6.25819
505        1.50447
505        2.87344
505        4.32151
505        1.29655
505      0.0173411
505        5.60872
505       0.434369
505        2.48621
505        5.74651
505        2.16721
505        3.65568
505        1.96394
505        5.20299
505        2.89499
505        1.58759
505        3.23998
505       0.531633
505        4.41394
505        6.14028
505        1.50915
505        2.35042
505         2.8251
505         4.6138
505        3.56384
505        3.09229
505        4.01994
505        2.97626
505        2.96117
505        3.83675
505        4.30515
505       0.182259
505        4.78629
505        0.65498
505        5.23197
505        5.48404
505        3.56009
505        3.57198
505        4.07153
505        4.76842
505        3.69466
505        1.26812
505        4.73701
505       0.272804
505        3.88574
505         2.0704
505        3.13472
505       0.959276
505       0.815513
505        3.34573
505        4.46709
505       0.589247
505        4.16494
505        6.23652
505        1.01581
505         5.4439
505        2.01981
505        4.27139
505        2.02473
505        0.83015
505        3.07406
505        4.47893
505        3.01593
505      0.0645785
505        1.28297
505        1.60807
505       0.136961
505        3.81874
505        3.75604
505        3.14292
505      0.0467032
505        1.37028
505        6.25755
505        6.02347
505        4.10161
505       0.559589
505        3.59453
505        1.09302
505        2.83133
505         5.0111
505        3.83388
505        3.01025
505        1.16417
505       0.165173
505         3.4013
505         3.1066
505        2.59506
505        1.32085
505        6.25008
505        1.53271
505        1.98076
505       0.776162
505       0.465592
505       0.611836
505       0.328962
505          2.992
505        4.48496
505        1.52113
505        2.20862
505        3.37278
505        4.38304
505       0.981219
505        3.10071
505        4.50135
505         6.1357
505        2.12262
505        5.39147
505        3.30112
505        1.24911
505        3.83712
505        3.52997
505       0.209498
505       0.243278
505        4.47387
505        4.50763
505         3.1943
505         4.0817
505        1.09809
505        1.35838
505       0.295607
505        4.71123
505        6.09805
505        3.45769
505        2.49265
505       0.945863
505        4.78049
505         2.4135
505       0.691168
505        3.96314
505        1.85465
505        3.99667
505        1.25603
505       0.456855
505         3.6031
505        6.00997
505        1.15197
505        2.38943
505      0.0094176
505        1.56254
505        0.33609
505        3.57292
505        3.78902
505        1.30211
505       0.337711
505        1.05129
505          3.955
505        4.70301
505        3.57549
505        4.86876
505         1.1193
505       0.367695
505        1.52856
505        1.05495
505        2.39273
505        0.24746
505       0.819409
505        5.55218
