642        1.46234
642        4.93152
642         3.2321
642        4.03226
642        2.79021
642        2.36743
642        2.18146
642        1.75709
642        5.17967
642        6.27228
642        1.64261
642      0.0273586
642       0.728009
642        2.97138
642      0.0776862
642        1.27187
642        3.42144
642        3.75012
642        2.11029
642        3.47834
642       0.995942
642        4.52462
642       0.987261
642       0.484381
642        4.74523
642       0.592221
642        5.90863
642        2.94939
642        5.23453
642        5.01812
642        5.26273
642        2.38492
642        1.88204
642        1.50276
642       0.661942
642        2.47053
642        2.73727
642        6.09397
642        2.71008
642         6.2491
642       0.141051
642         4.8457
642       0.737616
642        3.68083
642        5.26248
642        2.85096
642        5.62393
642        2.58598
642       0.848873
642        5.62002
642        3.95508
642        6.21112
642        4.98058
642        1.88343
642        1.37099
642        2.69585
642        3.26952
642        5.53055
642        5.93259
642         5.9668
642        3.68946
642       0.417064
642        4.37379
642        5.36751
642        5.49024
642         2.7699
642        3.38374
642       0.172952
642        2.95806
642        4.24792
642        2.60261
642         4.7587
642        4.84709
642        4.86347
642       0.207577
642        6.00033
642        3.08585
642        3.31578
642        2.96362
642        2.88056
642       0.801819
642        4.98454
642        6.19328
642       0.656026
642        2.73885
642        2.04282
642        2.38807
642        5.90283
642        4.62944
642        4.77686
642        5.35398
642        5.45408
642       0.451714
642        5.52362
642        2.01309
642        5.33383
642        4.96608
642       0.312145
642        1.24317
642         4.7231
642          3.754
642        1.51458
642        1.62602
642       0.895741
642        5.86718
642       0.502605
642        2.47846
642       0.393588
642        2.75894
642        2.04202
642        3.34668
642        1.32098
642        1.40807
642        6.07703
642         2.3421
642        5.37546
642        4.28301
642        4.86469
642        3.18514
642     0.00320459
642        5.68071
642        1.25415
642       0.257712
642        6.15308
642        4.82713
642         1.1055
642        1.85817
642        5.20416
642        2.57234
642        4.05493
642         6.1113
642        1.59531
642        3.53861
642        4.44885
642         6.0639
642        1.60387
642        1.10038
642         5.0753
642       0.485046
642        5.94759
642        2.70435
642         1.0636
642        3.96244
642        2.22116
642        5.45858
642        3.56491
642        2.05129
642      0.0910235
642        5.81985
642        4.72592
642        1.93131
642        3.09314
642        5.08429
642        4.76231
642        1.72505
642         0.6269
642        3.04034
642        2.58778
642       0.319315
642        1.19215
642       0.451461
642         3.4671
642        5.89079
642        1.87806
642         5.1267
642        3.89873
642        5.56738
642        3.47802
642        2.25063
642        2.38753
642        4.16188
642        3.62082
642        1.08486
642         2.3381
642         2.1847
642        2.29688
642        5.29504
642        1.09242
642        1.71624
642        3.86353
642      0.0199651
642        4.46395
642        2.07862
642        1.22069
642        2.18329
642        3.67927
642        1.92389
642        3.40952
642        1.98474
642        5.24582
642        1.70711
642        3.70131
642        3.25282
642        4.26997
642        1.77284
642        5.81927
642        5.08002
642        1.18047
642       0.337673
642        5.36605
642        1.95424
642        5.31898
642        5.97351
642       0.868919
642        1.01343
642       0.412202
642        3.13757
642        4.18772
642        5.01207
642        1.01376
642         5.7508
642        2.02473
642       0.901614
642        4.89652
642        3.09669
642       0.897573
642        4.87238
642        3.72107
642        5.92988
642        4.09185
642         2.2211
642        5.59435
642        1.73909
642        2.57723
642        6.09231
642        4.63554
642        3.36735
642        3.48961
642        0.16246
642       0.922994
642        2.38022
642        5.80516
642        3.17321
642        2.57092
642        2.78283
642        3.12757
642        5.15843
642        4.61504
642         3.1528
642        4.20808
642        2.41659
642        2.97715
642        1.23997
642        4.50598
642        2.47838
642        3.94488
642        3.51235
642       0.362059
642        0.79915
642        3.52744
642        2.70382
642        3.62393
642        1.59646
642        2.46304
642        5.90796
642        2.51182
642        4.77149
642        5.84994
642        4.34357
642        2.26666
642        1.87812
642       0.795789
642         2.6202
642      0.0157491
642        2.92928
642        1.70658
642        1.81041
642       0.102199
642       0.373286
642       0.745926
642        3.17072
642        5.81626
642        4.79756
642        1.97284
642        5.31677
642        5.17876
642        3.20144
642         5.2062
642        4.77832
642        5.86423
642        4.24634
642        3.28268
642        2.00791
642        4.53735
642        5.31202
642       0.945963
642        1.86535
642        3.82192
642        2.86696
642            5.2
642        2.88756
642        2.24283
642        5.99161
642        5.69435
642        4.37249
642        4.92742
642         1.5063
642        1.92334
642        0.53825
642        2.88549
642        1.51022
642        4.10364
642        5.65887
642        2.89041
642        1.88825
642        5.71056
642        1.97795
642        5.09716
642        4.90162
642        1.98706
642        1.12522
642       0.471841
642       0.957185
642         5.7777
642        1.48436
642        2.91655
642        2.79032
642        2.68962
642        1.53458
642        5.30469
642        3.43195
642        3.01017
642        3.25113
642        2.57307
642        4.70941
642        3.41849
642        2.70852
642        1.84111
642        3.38493
642        4.06943
642        1.44147
642        3.64299
642        3.97629
642        3.39751
642         5.8806
642        4.62787
642        2.99425
642        0.36713
642        2.86468
642        4.23583
642        2.60923
642         5.4682
642        5.76165
642        4.57371
642       0.439269
642        3.52786
642        1.96311
642        3.15452
642        5.45598
642        5.24422
642        5.51007
642        1.16075
642        4.16186
642        2.04837
642        2.46137
642        4.81118
642        1.09771
642        2.21966
642        5.62704
642      0.0104193
642        1.11105
642        3.03412
642        2.93922
642        2.09152
642        1.50121
642        4.17057
642        4.44211
642        1.94908
642        4.81565
642        1.61307
642        4.97362
642        1.55965
642         5.9695
642        0.16454
642        2.46458
642        4.83633
642         2.8893
642      0.0655401
642        1.10115
642         2.8214
642        5.54565
642       0.721187
642        1.51765
642        2.27817
642        2.17608
642        2.67869
642        2.63289
642        3.99592
642        2.76141
642        1.40596
642        2.64045
642        1.08456
642        1.37276
642        6.08361
642        4.48114
642        2.63771
642        6.26909
642        5.22274
642        1.86242
642        2.95849
642        2.04849
642        2.05009
642        4.45314
642        6.11949
642        5.71851
642        5.75553
642        3.39705
642       0.415532
642       0.214578
642        6.21537
642        1.48853
642        1.91452
642        6.17439
642        1.95589
642       0.248214
642        3.34394
642        4.64213
642        5.99345
642       0.610068
642       0.739326
642        3.19511
642        2.52455
642        0.49303
642        1.24399
642         3.4763
642        3.70866
642        1.52058
642        1.98409
642        5.33484
642        5.05651
642        3.11221
642        5.91578
642        1.67225
642        4.41976
642        0.17576
642        4.56491
642        5.51418
642        5.28524
642        5.80284
642        6.07114
642        0.56609
642        4.38272
642        3.04677
642        2.86106
642      0.0528638
642        5.70101
642        4.94148
642        0.52787
642        1.09412
642        4.66677
642       0.534395
642        2.51187
642         2.5628
642        2.24878
642        1.20692
642        4.32821
642        2.42338
642        1.42406
642        2.65836
642        4.58903
642        2.89394
642        6.27862
642        5.18258
642        0.69287
642        2.17805
642       0.306196
642        1.30962
642        2.94437
642        1.48442
642       0.881273
642         3.0042
642        4.87247
642        2.89844
642        2.97208
642        3.63817
642        1.74402
642        1.69276
642        2.35304
642        4.18374
642        5.75966
642        4.07757
642        5.29119
642        2.09896
642        3.17699
642        2.99347
642        5.46654
642         1.9267
642        5.98312
642         4.9689
642        3.13899
642        3.04273
642         3.7594
642        3.16385
642        6.06343
642        2.76235
642       0.687057
642        5.00118
642        5.04181
642        6.21798
642        4.22974
642        3.08261
642        5.56378
642       0.169198
642       0.827849
642        3.27363
642        3.23158
642       0.209908
642       0.627829
642      0.0310152
642        3.50744
642        2.68526
642        4.52246
642       0.516905
642        2.21639
642        3.08762
642         1.0298
642        6.21251
642        2.78862
642        4.44064
642        2.56084
642        4.31928
642        3.25884
642        4.23526
642        2.69766
642       0.123273
642        4.84181
642        4.90264
642        3.12305
642        2.27538
642        5.67524
642       0.343226
642        2.45882
642         1.6006
642        3.53245
642        6.06514
642        6.19819
642        3.52168
642         3.2394
642        1.47117
642        3.72189
642        5.90343
642        2.85575
642        6.09365
642        5.59868
642       0.724688
642        1.90201
642         5.1045
642        1.83339
642        5.91895
642        1.41381
642        5.77749
642        3.54126
642        4.75907
642        4.64731
642        2.19427
642       0.371247
642        2.08122
642        4.38996
642        2.59159
642        5.65247
642        2.94538
642       0.171034
642        1.08547
642       0.443556
642        6.19738
642       0.792291
642        2.46424
642        6.25944
642        5.44399
642        4.98643
642        2.58287
642        6.12102
642        4.05626
642        1.48969
642        5.64329
642        5.92936
642         1.4911
642        4.53153
642        4.35852
642         1.0053
642        4.61415
642        4.34412
642       0.431868
642       0.993559
642        3.37233
642        2.01493
642        1.38602
642         6.1184
642        5.44094
642        5.30168
642        1.83047
642        5.86933
642        2.39131
642        4.30457
642        2.31594
642        1.58475
642        2.44629
642        1.86372
642        3.88202
642         2.3981
642        5.38923
642         6.2338
642        3.55908
642        0.91638
642        0.31822
642        5.69001
642        2.81142
642        4.85926
642        2.89486
642        2.54631
642        2.78339
642        4.70727
642        5.43874
642        2.24278
642       0.748122
642        1.10702
642        1.94125
642        4.89489
642        3.69503
642       0.904543
642       0.670681
642        3.40684
642        3.61537
642        2.52305
642       0.775156
642        5.51468
642         1.2042
642        5.75577
642       0.695026
642        3.52064
642        3.86396
642       0.373793
642       0.696616
642       0.211016
642      0.0482458
642        5.98296
642        1.99986
642        3.73661
642        5.61554
642      0.0719267
642         1.3277
642         4.4835
642        5.95765
642        5.15421
642         5.4072
642       0.105798
642        1.09895
642        3.73931
642        5.64572
642        1.96409
642        4.19529
642        1.74398
642        1.02463
642        5.55049
642        2.61039
642        5.63426
642        1.12749
642        4.67435
642        4.22411
642        2.56668
642        2.79519
642        4.19672
642        6.13239
642       0.751947
642        2.49646
642        2.11346
642        2.54633
642       0.990575
642         5.8688
642       0.348731
642        3.94998
642       0.293212
642        3.33848
642        2.71472
642        1.29732
642        3.02629
642        2.58288
642        2.31742
642        4.95008
642        6.11307
642         2.9978
642        2.50695
642        4.91759
642        3.77798
642        2.91407
642        2.63617
642        4.59964
642        4.94241
642        3.54819
642        1.13903
642        5.98023
642         4.6792
642        1.85298
642        5.64826
642       0.726123
642        3.15562
642        6.13581
642        3.32962
642        3.98457
642        3.64013
642       0.418375
642        2.06068
642        2.51405
642         3.4845
642        5.34586
642        1.76066
642         2.8159
642        6.13587
642       0.578811
642         2.2355
642        5.93573
642        5.28964
642       0.411217
642        4.22261
642       0.393276
642        2.07464
642       0.542503
642        2.12033
642        2.04408
642        1.56349
642       0.441805
642        2.91493
642        5.29868
642        2.47053
642        3.42312
642        1.99317
642        4.57072
642        3.27549
642        3.01481
642        3.60242
642       0.439226
642         1.4304
642        1.85335
642        1.40319
642        5.11643
642        1.27492
642        5.97556
642        1.17265
642         5.6592
642         5.5131
642        1.36352
642       0.737676
642        3.94024
642         0.2922
642        1.21947
642        3.06538
642        3.47281
642        4.83322
642        2.51984
642        5.29839
642         3.7231
642          2.318
642        2.12308
642        4.27503
642        4.84951
642        3.77372
642        4.41724
642        5.09898
642          5.515
642        4.94493
642        6.05296
642        4.81793
642        0.36599
642        1.40353
642        4.70822
642        3.90153
642      0.0777606
642        5.85919
642       0.929912
642       0.720745
642       0.848855
642        3.78526
642        4.54066
642        4.08456
642        6.19162
642        4.76228
642        2.78182
642        4.11243
642        6.10701
642        4.46714
642        5.32748
642        3.08613
642        5.47208
642        4.85119
642        4.88976
642        4.93185
642        4.56417
642        4.17454
642         5.8415
642        2.56958
642        3.75659
642        5.36907
642       0.161538
642        4.35245
642        3.36703
642        3.15579
642        2.69416
642        4.84044
642        1.21012
642         1.8219
642        4.88492
642        6.27341
642         3.1048
642        4.20928
642        5.43939
642     0.00716568
642        4.24943
642       0.523817
642        1.97281
642        2.41306
642        4.34382
642        6.05424
642        4.95928
642        1.04487
642        3.06047
642        4.31006
642        1.38356
642        2.51559
642        4.63707
642       0.633494
642        3.35156
642        5.51673
642       0.306459
642        2.97214
642        5.11036
642          3.565
642         3.7636
642        5.45241
642         1.8783
642        3.35374
642        5.02412
642        4.10617
642        3.63701
642        1.49032
642        5.89475
642       0.532616
642       0.934597
642        5.43659
642        1.59482
642        6.25784
642       0.375426
642         6.2559
642        1.01622
642        2.45465
642        3.62582
642        4.52329
642        5.28031
642        5.22915
642        2.08701
642        6.00944
642         5.8808
642        2.81255
642        5.83945
642        1.49225
642        1.98663
642        4.24542
642        1.35728
642        5.68351
642        2.80287
642         5.2063
642        3.88779
642        4.87308
642        1.95231
642        1.31067
642        1.13443
642       0.868922
642       0.549935
642        2.99453
642        2.12597
642       0.837195
642        2.98084
642        1.67579
642        4.48312
642        5.28228
642        3.83315
642        1.12524
642        2.12927
642        5.13322
642       0.393254
642        1.50276
642        1.98932
642        3.74624
642        2.28799
642        1.44159
642        3.25939
642        1.36941
642        5.83934
642        1.85049
642        4.00676
642        5.90876
642        3.33572
642        4.90411
642          4.808
642         3.0747
642         2.3216
642         4.8581
642        6.26962
642        4.94519
642        4.22368
642        2.75306
642        2.22712
642        5.46237
642       0.522065
642        5.65925
642        5.53218
642        1.09098
642        4.02709
642         2.7231
642       0.464035
642       0.123834
642        5.11361
642        5.21154
642        5.03236
642        3.17289
642        1.72051
642       0.691159
642        1.50305
642       0.683694
642       0.866572
642        5.39883
642        5.12428
642        2.30716
642        5.31021
642        4.03097
642       0.628064
642        2.02474
642        5.24415
642        1.83569
642        3.84782
642        5.63567
642        5.96886
642       0.418048
642        5.45071
642         1.3916
642        2.98929
642        6.12886
642       0.411856
642         5.1084
642        2.98523
642         4.9212
642         3.2079
642        4.75941
642        4.11609
642        4.33695
642        5.26944
642        4.84799
642         5.9292
642        5.53737
642         6.0969
642        2.18845
642        1.65734
642        5.18323
642        5.03442
642       0.266202
642        4.92243
642         1.6626
642       0.906009
642       0.363748
642       0.169428
642        5.37324
642        3.86321
642        3.18482
642        5.89422
642        2.15957
642        2.87433
642       0.677725
642        6.12791
642        1.25841
642        2.90908
642        5.66146
642        1.47995
642       0.608413
642        5.52137
642        2.35038
642        3.58841
642        2.20851
642       0.723705
642        3.41103
642        1.27753
642        4.34076
642        6.01711
642        5.61982
642        2.46412
642         4.4272
642        1.72217
642        4.27796
642        2.82379
642        4.72345
642        3.16423
642        1.35452
642        5.56838
642       0.154339
642        1.73737
642        5.07502
642        4.02093
642        5.99942
642        3.84611
642        2.58298
642        5.33271
642       0.177695
642        4.06928
642        2.49028
642        1.48424
642        4.37338
642        3.93518
642        4.94127
642        1.04286
642         2.3802
642        5.87255
642        3.55682
642       0.163901
642        2.87738
642         5.5689
642        2.14526
642       0.981505
642        1.85427
642        3.05888
642        3.94058
642        5.27977
642        1.63405
642          3.648
642        2.41227
642        3.36164
642        4.35053
642        4.04803
642        5.96986
642        6.24643
642       0.267684
642        2.90983
642         1.9569
642         2.7996
642        0.27974
642       0.214995
642        1.84512
642        2.12422
642        6.13189
642       0.918057
642         5.5921
642        1.90855
642        1.65974
642         5.5607
642        4.19149
642        3.89144
642         5.4628
642        2.56702
642        5.83456
642        2.57642
642        5.85559
642        3.25283
642        4.36029
642        2.68771
642        4.88403
642        3.33231
642        6.01651
642        3.35901
642        1.11331
642        4.15641
642        5.25014
642        4.76054
642        1.45323
642        2.74497
642         3.5424
642        4.72835
642        5.63436
642        3.17062
642         2.8884
642         4.5461
642        1.32982
642        5.42795
642        3.16755
642        1.23826
642        5.49044
642        1.26507
642        1.24024
642        5.55915
642        2.35054
642        1.95024
642        1.99896
642        2.54213
642        3.65557
642        1.67524
642         3.1038
642        5.07722
642        2.20883
642        1.69143
642        3.95021
642        5.64821
642        5.46246
642       0.346633
642        2.74179
642       0.324843
642        4.75005
642        2.72596
642        6.23049
642         4.5101
642        3.04868
642       0.718037
642        2.95505
642        3.70663
642        4.22011
642        2.95773
642        4.19014
642        2.38252
642        2.42849
642        2.63482
642        1.52008
642        6.24657
642        3.13629
642         1.0767
642        3.17009
642       0.677059
642         5.6355
642         0.4223
642        2.30871
642        3.91815
642         1.3715
642        2.58517
642        5.80722
642        5.04647
642        3.80079
642        3.94776
642        0.64386
642        5.27561
642        6.01352
642        2.25466
642        2.95276
642       0.505985
642        3.35843
642        5.78424
642        2.78292
642        3.62553
642        1.81649
642        3.53734
642        5.65221
642       0.541013
642        4.32785
642        1.39072
642        3.32083
642         1.3112
642        2.99651
642        5.10021
642        2.88444
642        2.86326
642        4.71287
642         1.9374
642         5.3783
642        2.18909
642       0.256946
642        2.85789
642        4.92481
642        3.64389
642        5.46967
642        0.94041
642        4.82223
642        2.39263
642        2.66155
642        4.06322
642         6.1026
642        2.39348
642        2.05713
642        1.88305
642        6.04666
642        2.59313
642         5.2898
642        2.18837
642        6.01502
642        3.14763
642        4.71321
642        2.24463
642       0.244917
642        2.28646
642        4.43652
642        2.41704
642       0.257331
642        4.56157
642        4.85681
642        5.49926
642        3.24863
642        2.11531
642        1.84581
642         3.9116
642        3.62389
642         3.2929
642          3.088
642        1.92094
642        3.30154
642        3.11756
642        2.07158
642        3.75889
642       0.662206
642        4.40122
642        5.89979
642        5.50387
642        6.18575
642        4.31231
642        1.78591
642        5.14419
642        5.28681
642        2.44063
642        4.39529
642        4.82112
642        4.13494
642        2.04008
642        3.41892
642        1.71181
642        3.30301
642         3.8569
642        1.52231
642        2.11604
642        5.15342
642        2.96954
642        1.49769
642        1.43318
642        3.08292
642        6.13014
642        4.59902
642        5.47296
642        6.11559
642     0.00693484
642        5.73471
642         1.7647
642        5.42469
642        5.84747
642        1.57765
642        5.38913
642      0.0868311
642        1.48402
642        6.11426
642        2.95976
642        3.16739
642       0.111238
642        5.13839
642        4.27799
642        3.74572
642        2.29799
642        5.40141
642        1.74704
642        5.64629
642        5.55678
642        4.62316
642       0.325213
642        2.18081
642      0.0450729
642         4.0999
642        6.24682
642       0.192336
642         3.9801
642        3.57301
642        1.72404
642        4.25687
642        2.68413
642        5.27467
642        1.94662
642       0.416622
642        4.84364
642        5.59113
642        5.28611
642        5.47117
642        3.74887
642         4.2125
642        1.97229
642        5.54174
642        2.56937
642        4.95928
642        1.83417
642        6.13644
642        3.26235
642        3.45422
642        1.68421
642        6.22642
642        1.70517
642        5.44935
642        2.81424
642         4.4556
642        1.88714
642          6.189
642        5.10565
642        3.53242
642        5.61712
642        3.49456
642        5.95565
642       0.299181
642        3.79083
642        4.96228
642        2.23571
642        5.16606
642        3.41409
642      0.0556116
642        2.60197
642        1.61464
642        0.96292
642       0.326929
642       0.365874
642         3.5488
642       0.614253
642        3.84735
642        2.79548
642       0.299188
642        3.35004
642        5.71363
642        1.76281
642        3.81239
642        3.89189
642           2.53
642        1.71204
642       0.110673
642        2.00881
642        3.64251
642        1.67862
642        0.48217
642        1.62479
642        2.43868
642        3.16656
642        5.65686
642        1.13157
642        2.38381
642       0.527233
642       0.832597
642        2.07899
642        1.73632
642        3.64008
642        2.97401
642        3.12463
642        4.73896
642       0.132437
642       0.703316
642        2.67982
642        5.80785
642         2.7224
642         6.0859
642        4.53491
642        5.23487
642       0.518702
642        2.78161
642        3.05993
642        4.71655
642        5.98877
642        5.19628
642        2.65059
642        5.72734
642        6.10258
642        5.98386
642        2.37631
642        5.16461
642        5.39602
642        2.95739
642        3.41622
642        4.10859
642        1.43604
642       0.838596
642         5.1813
642        6.24379
642        4.15811
642         3.0649
642        3.31928
642        2.84917
642        2.66016
642         4.9565
642        2.61235
642         5.0047
642         5.0508
642        1.37751
642        2.10155
642        2.13752
642        4.98379
642        2.92086
642        3.67551
642       0.455453
642         1.1011
642         2.5778
642        1.80925
642         2.7657
642       0.121735
642        1.64477
642        3.97297
642        5.61659
642        3.70742
642        3.83021
642        5.44869
642         2.4107
642        5.16451
642        3.10863
642       0.994482
642        3.80944
642        1.81224
642        1.74399
642        1.75779
642       0.392845
642        6.18426
642       0.711526
642       0.196158
642        5.03799
642         4.8786
642        2.49198
642         3.4966
642        4.68716
642        5.11411
642        1.36192
642        2.39499
642        3.40914
642        6.02409
642         4.3771
642       0.304093
642        1.60639
642        3.56346
642        1.76875
642        1.96397
642        3.80316
642       0.938109
642          2.145
642        1.51751
642        2.27917
642        1.68026
642        0.33556
642        4.00043
642       0.473532
642        2.70804
642         1.7301
642       0.778029
642        6.17352
642        1.15778
642        3.43153
642       0.130563
642        2.06428
642        5.82491
642       0.476993
642        4.39714
642        4.52264
642        5.07342
642        5.56537
642         2.0437
642        2.28035
642        2.29663
642        3.01775
642        5.16933
642        2.86567
642       0.461452
642        2.29446
642        5.80326
642        3.43651
642         2.4943
642         5.3353
642        5.80966
642       0.411085
642        2.83381
642         2.2014
642        6.03199
642        4.35901
642        2.58705
642        2.92998
642         3.4232
642        3.04624
642        1.96449
642        5.75581
642        5.12498
642       0.408456
642        5.36292
642       0.858396
642        2.92991
642        2.14374
642        4.83414
642        5.63836
642        6.26773
642        5.60082
642        2.69374
642        3.05885
642        3.84623
642        2.41281
642        5.39978
642        4.34201
642        2.17789
642       0.131054
642         1.9621
642       0.641721
642        5.73864
642        3.46202
642          6.131
642        1.89102
642        3.69368
642         1.7439
642        2.64949
642       0.678702
642        4.21537
642        1.66642
642         1.9313
642       0.807347
642         3.9023
642       0.603002
642        1.46432
642        4.13598
642        3.85266
642        2.87205
642        1.77168
642         1.3274
642        2.76035
642        2.41553
642        3.20867
642        5.07612
642        1.00675
642        2.18079
642       0.570651
642        4.82673
642        1.26847
642        2.39024
642       0.630863
642        2.77003
642        2.17331
642        2.49263
642       0.100955
642        4.53149
642        2.99435
642        1.37791
642       0.563878
642        4.58137
642       0.356651
642        1.76553
642        1.42221
642        5.03901
642        1.30552
642        3.27435
642        2.24488
642        3.70395
642        1.34529
642        1.82589
642        1.28702
642        4.96361
642        1.23014
642       0.523029
642        4.06653
642        3.62705
642        2.12923
642        0.37469
642        2.44418
642        5.52894
642        5.32471
642         2.4779
642        1.07862
642       0.345492
642        6.18231
642        3.01121
642        2.36203
642         5.2598
642        5.96672
642        3.45669
642         5.6767
642        2.51823
642        3.69153
642        4.48245
642        1.53103
642         3.4743
642        5.67337
642        5.43937
642        3.82099
642        1.73793
642        1.60335
642        1.90795
642        3.70126
642        0.21531
642        1.69408
642        2.29957
642        2.71759
642        2.94429
642       0.200418
642        2.86068
642        3.53363
642        4.66623
642         1.2086
642         1.7374
642       0.643532
642        2.45492
642       0.634094
642        5.64701
642        5.42583
642         3.4181
642         3.0858
642        0.24086
642        5.34313
642        5.50053
642         2.2085
642         1.1486
642        2.02153
642        2.93458
642        5.04937
642        1.42949
642        5.30973
642        1.58369
642        6.21774
642        2.29684
642       0.937716
642        4.07779
642        4.99138
642        1.51629
642        0.94205
642       0.802829
642        4.09822
642        5.55079
642        5.55477
642         2.4034
642        3.55862
642        1.17043
642        5.86099
642        4.86213
642        3.33498
642        0.53157
642        5.63452
642        2.96056
642        1.88938
642       0.748074
642        2.00387
642        3.19748
642        1.95337
642         3.2328
642        1.98039
642        4.13549
642        2.39599
642        2.76969
642        1.66155
642        5.65023
642        1.19025
642        4.34001
642        5.60425
642        5.16065
642        6.14451
642        5.38288
642        5.76293
642        3.98689
642        4.57643
642        5.78209
642        5.63389
642        3.26809
642        0.82827
642        1.24055
642        2.71101
642        1.63898
642        2.02863
642        2.43393
642        5.50416
642         3.9611
642        2.38277
642        3.01475
642        3.73088
642        5.20675
642        1.69109
642        5.59186
642       0.853866
642        1.39934
642        2.04232
642        2.21027
642        1.97939
642        6.22184
642        3.10817
642        1.68155
642        2.65091
642        1.76667
642        3.22716
642        4.52756
642        4.43703
642        2.14077
642        2.47869
642        4.16486
642       0.591769
642         1.4398
642       0.509504
642        5.67197
642      0.0738471
642        6.03085
642        2.12353
642        1.72095
642         1.8788
642        5.64742
642        6.02297
642       0.380566
642        1.50381
642        4.61538
642       0.351526
642        1.15028
642        2.50175
642        4.55428
642        3.45162
642        5.65783
642        5.28302
642        4.35412
642        3.00396
642       0.428933
642        1.85777
642        5.34515
642        5.69784
642        4.51789
642        4.07584
642        5.65818
642        2.05847
642        1.97003
642        2.72611
642       0.642284
642        5.86058
642       0.793868
642        4.34694
642        1.37733
642         2.7451
642        1.48127
642        1.68492
642        4.47529
642        5.46381
642        2.39298
642        5.71686
642        2.42056
642        3.33734
642        1.25058
642        5.29084
642     0.00685713
642        2.12741
642        3.04422
642        4.39574
642        5.38655
642        2.81692
642        4.18872
642        3.79743
642        4.83456
642        4.70814
642        2.75327
642        3.79688
642        5.15194
642        1.34908
642        4.32323
642         3.9418
642        2.03857
642         1.4617
642        5.32879
642        4.27312
642        4.12716
642        2.65735
642        5.37124
642        4.51896
642        3.67489
642        1.10582
642        0.48394
642        2.55228
642        3.26343
642        4.21072
642        5.27921
642        4.96659
642        1.80427
642         1.0017
642        5.53777
642       0.211807
642        4.63844
642        4.88054
642        1.82906
642         1.7953
642       0.489782
642        4.65319
642        4.54629
642       0.111806
642       0.160581
642        3.62105
642         2.9666
642       0.198918
642       0.644496
642        5.47961
642        5.35423
642      0.0994263
642        2.34943
642        1.94917
642        3.99164
642        6.14929
642        3.20932
642        2.64512
642         1.0211
642       0.548389
642        1.33027
642        3.10919
642        1.86934
642       0.360567
642        4.86396
642        2.18627
642         5.9182
642        4.01998
642       0.742788
642        3.08541
642        5.80893
642        4.95172
642        2.45206
642       0.709567
642        1.05086
642        3.64324
642        0.74431
642        1.73251
642        2.85176
642        3.00831
642        4.23809
642        6.21886
642        4.65292
642        6.00979
642        4.54172
642        3.81969
642        3.21381
642        1.91765
642        4.01217
642        3.71114
642        3.94067
642        5.03612
642        5.90794
642        1.81983
642       0.778833
642       0.159442
642       0.115659
642       0.319703
642        3.03051
642        5.74698
642        6.09374
642        3.08487
642         4.2132
642        6.26823
642        5.44797
642         5.6803
642        1.76658
642        3.79785
642        6.24595
642        6.18539
642       0.693452
642     0.00702345
642         5.0086
642        0.72687
642        1.78217
642        1.71905
642        1.90346
642        2.63063
642       0.716747
642        3.89776
642        2.87758
642        1.87393
642        2.88197
642        2.84369
642        2.47355
642        4.38334
642        3.74493
642        4.23874
642        3.74816
642        5.26528
642        5.98293
642        2.37425
642       0.913413
642       0.422188
642        3.90666
642        3.18239
642        5.34195
642        4.99895
642        4.88365
642        3.41013
642        1.27628
642        4.86341
642       0.161971
642        3.26166
642        4.96591
642        5.57855
642        4.88416
642        2.23368
642        4.97693
642        2.94113
642        3.51814
642        4.87993
642        3.25706
642        1.33683
642       0.157247
642        1.45429
642        3.81634
642         2.5813
642        2.54737
642        1.79203
642        3.60708
642        2.52172
642        3.01602
642         5.7323
642       0.263164
642        1.10732
642        2.83987
642        5.68553
642        5.84878
642         4.2705
642          5.892
642        3.59988
642        2.60787
642        1.99412
642        4.72485
642        1.10752
642        2.16243
642        2.53135
642        5.29601
642        5.62885
642       0.637031
642        4.37769
642        1.09453
642        3.67284
642       0.326358
642        5.98877
642        1.71396
642        4.54289
642         2.1618
642        0.96925
642        0.26821
642        5.13523
642        5.35203
642        2.61523
642        1.37827
642        4.19204
642         3.8781
642        4.31151
642       0.702779
642        5.13286
642        1.67658
642        0.76456
642        5.56553
642        1.55528
642        5.15515
642        3.45827
642        4.39992
642        3.72404
642        4.01435
642        5.49206
642        5.68019
642       0.731286
642        3.12165
642        4.65149
642        1.79517
642       0.483864
642        3.16995
642        4.36428
642        6.09406
642         2.3452
642       0.977738
642        5.17223
642         5.4537
642        1.71466
642       0.463976
642        1.93276
642        5.63771
642        1.64281
642        2.44325
642        3.28904
642       0.517309
642       0.266434
642        4.07374
642        3.47002
642         3.8548
642       0.404459
642        2.86159
642        5.02309
642        5.37842
642        2.18279
642       0.876134
642        1.50115
642        5.13147
642        5.98646
642        1.11904
642       0.784625
642        2.84586
642        2.74547
642         4.7628
642        4.96747
642        4.88505
642        6.13161
642         4.3149
642        3.06606
642        5.63235
642        3.58029
642        4.03766
642       0.678951
642        1.79807
642        1.44045
642         2.2358
642       0.971662
642       0.471782
642       0.302907
642        3.89343
642        4.01291
642         3.2026
642       0.378019
642        5.21186
642        4.52703
642        2.29687
642        4.74263
642        3.38174
642        5.40918
642        1.36098
642        4.15255
642        4.65281
642       0.145727
642         3.6942
642        2.48054
642        4.94716
642        3.71639
642        3.72803
642      0.0791691
642        1.22633
642       0.516506
642        2.48661
642        2.37919
642        6.07374
642        5.07057
642         3.3699
642        3.08704
642       0.107779
642       0.108471
642       0.408688
642        6.06111
642       0.649006
642        5.45315
642       0.791551
642        1.61633
642        2.51264
642        5.92833
642        1.58548
642        5.39666
642        1.33869
642       0.436323
642        5.99282
642        1.01627
642         3.2569
642        3.41001
642       0.999759
642       0.421373
642        3.94868
642         5.8899
642         5.3744
642        6.10875
642        4.03855
642        3.27685
642        0.97259
642        2.75576
642        4.74913
642        5.13164
642        2.60282
642        5.62909
642        3.82739
642        3.17656
642         2.2734
642        6.09334
642        3.02746
642        5.53116
642       0.973338
642         3.3314
642        1.69883
642        4.75905
642         2.3206
642        5.24576
642       0.338785
642       0.755004
642        2.59039
642        1.37358
642        2.30784
642         2.2815
642        3.74395
642        3.77773
642        4.08739
642     0.00844264
642        2.26011
642        2.57421
642        5.20897
642        3.03881
642        3.48013
642        4.46675
642        5.01027
642        5.27137
642        5.99699
642        1.32591
642        4.29423
642        1.86068
642        5.51038
642        3.69762
642        2.54526
642        2.91102
642        2.38382
642        4.62161
642        2.26897
642        2.24267
642        5.36851
642         5.1039
642        3.22436
642       0.805658
642         1.1405
642        2.04018
642        5.27475
642        4.66306
642        1.00153
642        3.29227
642        5.15736
642       0.159948
642      0.0270972
642       0.848943
642        4.49737
642        3.98096
642        3.46116
642        4.57979
642        1.71935
642        4.36789
642        4.32965
642        3.27454
642        3.46247
642        4.71363
642        5.92622
642         4.4449
642        2.49717
642        4.86768
642         2.9938
642        1.51906
642        3.72633
642        5.49533
642        2.57627
642        1.93436
642       0.163978
642        4.89118
642        2.07454
642        5.29723
642        1.68984
642        2.47519
642        5.07742
642        5.06102
642        5.77589
642        2.42088
642        5.24531
642        5.90205
642        3.49393
642        2.18651
642        5.23162
642        5.98701
642        1.99227
642     0.00511405
642        2.81515
642        5.40834
642        2.11275
642        3.89886
642        1.83792
642        3.77509
642        1.25373
642        5.15068
642        2.58187
642        1.32235
642        6.06628
642        3.07219
642        5.18128
642        4.33143
642        1.92634
642        3.49264
642       0.391103
642       0.682231
642        4.63747
642        5.65246
642        2.45541
642       0.724481
642        3.74932
642        6.01423
642        2.77106
642         1.7808
642        4.29962
642         4.3208
642        3.87421
642        2.72321
642       0.125401
642        4.62056
642       0.361379
642        3.03606
642         2.4928
642        3.42617
642        2.68997
642        3.93236
642       0.608594
642        3.87819
642        1.81017
642       0.850929
642        4.32103
642        1.89833
642        5.56236
642        2.59606
642        3.94981
642        5.15202
642        5.55786
642        4.85308
642        1.13583
642        6.17778
642       0.065319
642        2.75374
642        2.44516
642        3.61324
642        5.49388
642        1.68071
642        2.33773
642        5.63541
642       0.432246
642        1.80066
642        6.04604
642        3.16287
642        5.96384
642        3.40638
642        5.90811
642        4.36096
642         0.1318
642        6.28102
642      0.0153919
642       0.286628
642        2.68621
642        2.52911
642        5.94773
642        1.36656
642        5.11295
642        5.25976
642        5.89426
642       0.208998
642        4.22242
642        4.05013
642        5.87454
642       0.237872
642        2.52849
642        2.47533
642        4.11952
642        3.68424
642        5.77506
642        1.01893
642        3.91837
642        3.57883
642        5.36014
642        2.11091
642       0.417903
642        1.56673
642        5.82894
642        3.32583
642        5.12707
642       0.469349
642        3.63143
642        5.65604
642        4.08843
642        4.56969
642        2.89752
642        3.12169
642        3.49811
642        1.75877
642        4.28354
642        2.72981
642        5.53042
642        0.12785
642        2.00084
642        6.23087
642       0.406535
642        5.48922
642        3.26315
642        4.64078
642       0.567576
642       0.135708
642        3.45315
642       0.717112
642        2.86641
642       0.548836
642        1.67429
642        2.14137
642        1.52743
642        4.33454
642      0.0919276
642         1.7827
642       0.712605
642       0.106125
642        1.74015
642        3.07897
642       0.573712
642       0.961867
642        4.24054
642        1.55599
642        2.56481
642        3.46547
642        6.12757
642        4.88147
642        2.86188
642       0.788747
642        5.43299
642         2.7295
642         2.0151
642       0.946992
642          5.466
642        5.03327
642          3.544
642       0.268378
642        1.58863
642       0.429064
642       0.148915
642         5.5342
642         2.4302
642        3.37087
642        2.91316
642        5.78654
642        4.75096
642        2.68306
642        5.51839
642         1.8741
642       0.466311
642        4.04055
642        5.87794
642        1.57287
642        6.02224
642        2.83583
642        3.67338
642        5.96613
642        3.02345
642        2.09277
642        2.16118
642        5.11538
642        3.30668
642        1.90259
642        3.51789
642         4.5985
642       0.111279
642        4.33482
642        5.84816
642       0.979771
642        4.18556
642        5.77394
642        2.74115
642        3.65678
642        4.70573
642        1.62622
642        1.36502
642        5.38071
642        5.89447
642       0.279067
642           2.51
642      0.0760447
642      0.0130518
642        2.88406
642        2.07761
642        4.92622
642        5.42041
642        4.18605
642        6.10924
642        2.73815
642        5.83009
642        5.85247
642         2.3558
642        4.20825
642        5.30725
642        5.41712
642        4.15685
642        3.96514
642        2.83901
642        2.26949
642        6.21906
642        5.70258
642        2.74979
642       0.301108
642        5.62991
642        5.18193
642        1.97736
642        3.92029
642        5.41101
642        1.16345
642        5.19663
642        4.90166
642        4.50167
642        1.69635
642        5.83412
642       0.127732
642        2.88613
642        2.49207
642        3.38472
642        4.42236
642       0.167157
642        5.02363
642        5.34566
642        5.53082
642        2.59047
642        4.42663
642        5.97974
642        2.19523
642        2.19157
642        1.19064
642        3.07077
642        2.92953
642        5.97653
642        3.06984
642        4.26139
642       0.953834
642        5.53122
642        4.41052
642        2.99426
642        5.06339
642       0.219358
642        4.33685
642        2.44165
642        4.83731
642        1.96479
642        5.58008
642        5.55301
642        2.83326
642        6.12655
642        2.39508
642        2.51383
642        2.26582
642        1.65868
642        1.30224
642        6.14128
642        2.50078
642        1.63122
642         2.4869
642        3.36353
642        2.63028
642        6.13721
642       0.970227
642        3.06698
642        1.27278
642        2.01489
642       0.361739
642       0.493161
642        4.90488
642        1.43572
642         2.4753
642        6.04349
642        3.27124
642        5.10783
642        3.08148
642        2.02248
642         4.0995
642        3.71993
642        4.14746
642        0.81434
642        4.10558
642         5.2786
642        1.27261
642        6.17685
642     0.00473263
642        5.97741
642        6.00836
642        1.56296
642        4.31352
642        4.06143
642       0.885456
642        3.31135
642        5.35777
642        1.45713
642        4.43762
642        3.56135
642        6.09793
642        3.24383
642        1.51551
642        5.35503
642        5.97448
642        5.62236
642        4.31516
642        2.92325
642        1.60231
642        1.68906
642        1.47584
642        4.79063
642        1.44783
642        1.90586
642        3.92655
642        2.59287
642        2.16643
642        5.93059
642        5.47353
642        3.09335
642        5.09353
642        3.99287
642        6.02504
642         2.1796
642        2.46083
642        3.78912
642       0.618532
642        5.00179
642         5.8787
642         3.6036
642        1.82965
642        5.20032
642        3.88508
642       0.713424
642        2.48203
642        2.96738
642        3.24655
642        2.21207
642        2.41785
642        6.09887
642        0.25181
642        4.34128
642        1.97525
642        3.50061
642         1.8005
642        6.26234
642        1.62843
642        1.69199
642        2.33263
642        1.05516
642        2.62989
642        2.26619
642        5.45512
642         2.3556
642        4.03217
642        3.29941
642         5.1178
642        5.19135
642        1.44476
642        1.43475
642        1.65251
642        2.48074
642        1.08169
642        1.88369
642       0.980822
642       0.879545
642        1.84631
642        1.04837
642        1.87809
642        2.00923
642        0.97586
642        5.36219
642        5.89263
642       0.872357
642        1.75484
642        4.63192
642        3.63142
642        0.39795
642       0.858292
642        1.55509
642      0.0927222
642        2.84431
642        4.84689
642        6.17198
642        5.41902
642        5.21058
642        2.43815
642      0.0199697
642        5.01004
642        5.42446
642        1.70687
642        2.04348
642        3.25547
642         1.2924
642        5.19493
642        2.76627
642        5.55896
642        6.08305
642        3.20419
642       0.131197
642        2.01522
642        2.11834
642        4.72405
642        6.06651
642         3.1787
642        0.32615
642         3.0187
642        3.78747
642        4.82303
642        4.52726
642       0.540841
642        5.91498
642        3.83143
642        5.57549
642      0.0837633
642        1.76811
642        6.12529
642        3.97582
642        2.33047
642        6.25546
642        4.80823
642         3.0152
642        4.02487
642         0.1079
642         5.1388
642         4.9289
642        6.16857
642        3.47869
642        1.75229
642       0.597385
642        2.33931
642        2.65525
642        5.92829
642        5.58551
642        6.20085
642        4.13933
642        5.71077
642        3.65495
642        3.23467
642        4.19834
642        3.70298
642        2.18562
642        1.35288
642        3.76403
642        5.34039
642        3.17735
642        2.17932
642         1.1967
642        1.02839
642        1.74714
642        3.38407
642        2.25121
642       0.172952
642        1.30742
642        5.29227
642        1.58293
642        1.42979
642        3.50124
642        5.04012
642        6.19333
642        1.37131
642        1.04247
642        1.88548
642        4.55612
642        6.21667
642       0.315367
642        2.09534
642       0.472437
642        1.44376
642        4.53211
642        1.59796
642        3.04654
642        5.84532
642        3.48348
642       0.287811
642        4.56437
642        1.90644
642        1.18781
642        5.68285
642        5.82388
642        3.30833
642        1.61145
642        1.53052
642        2.16913
642        3.05652
642         1.9267
642        4.92198
642       0.427374
642        3.24285
642         4.3602
642        5.69782
642        1.23626
642        1.56329
642        5.07207
642        3.30638
642       0.907218
642       0.271763
642        0.39917
642         2.3824
642       0.600759
642        1.71175
642        3.81183
642        2.89718
642         2.9228
642         5.5186
642       0.500002
642        6.07392
642        2.68509
642        2.75319
642         6.1651
642        2.43569
642        5.07967
642        5.99039
642        1.72835
642        4.06171
642        1.03743
642        4.19407
642         6.1759
642         2.3668
642        3.46312
642        3.23099
642        4.39808
642        5.28742
642        1.62205
642        5.54536
642       0.894474
642        4.76454
642         1.9325
642       0.195816
642        4.80111
642       0.871429
642        4.81173
642        4.92077
642       0.924805
642        6.11258
642        4.21541
642        2.71595
642        3.28959
642        2.02431
642         2.2395
642        4.78071
642       0.894053
642        5.73409
642        5.09208
642        4.79046
642        4.08447
642        5.77963
642        1.33292
642        5.99073
642        3.33522
642        2.45114
642        5.99287
642        4.85684
642        3.56164
642        2.38924
642        5.78936
642       0.950039
642        5.65696
642        2.00763
642        1.89929
642         2.4946
642        1.14804
642       0.647497
642        3.08562
642       0.611822
642       0.243994
642        1.95886
642        1.15392
642        4.07249
642        1.76708
642        6.04623
642       0.880604
642        1.55171
642        3.61133
642        3.74719
642        5.15204
642         4.6463
642       0.531582
642        1.48732
642        4.91151
642        4.98284
642         1.1486
642       0.849228
642        3.65985
642        3.04205
642        3.12219
642        4.95542
642        4.21777
642       0.137586
642       0.113539
642        2.98034
642        2.59178
642        1.99524
642        4.90262
642        5.31888
642        2.63646
642        2.58467
642       0.865196
642        3.29377
642        1.57825
642        4.59458
642        5.80935
642        4.26047
642        4.47503
642        3.27432
642         3.7281
642        3.62962
642        5.65209
642       0.805624
642       0.224148
642        5.85603
642        5.67721
642        5.95542
642        5.82958
642        1.75409
642        2.65998
642        3.10898
642        5.33921
642        1.98469
642        1.04158
642        2.13245
642        2.25364
642        3.15887
642        3.27232
642        4.33515
642        5.72887
642      0.0529502
642        4.09482
642        4.18972
642        2.78646
642        1.12932
642        4.05882
642        3.79153
642        2.64441
642        5.08575
642        0.11354
642        5.90621
642         0.7356
642        4.85938
642        5.04579
642       0.233093
642        4.10535
642       0.237095
642        3.42212
642        4.87377
642        5.40965
642        5.97256
642        2.29651
642        5.65238
642        2.57627
642        1.43274
642        5.38211
642        3.98986
642        5.41591
642        5.68628
642        5.38694
642        4.79971
642        4.83751
642        5.02255
642       0.340952
642        4.25513
642        2.19777
642        5.54227
642        3.29806
642        4.34237
642       0.271251
642        6.05273
642        4.16918
642        4.61823
642        2.06123
642        2.34896
642        5.03078
642        3.06968
642        1.00987
642         4.1525
642         5.9229
642        1.54925
642       0.743558
642        1.70513
642        3.56588
642        1.49368
642        2.89182
642        4.32327
642        1.97669
642        5.37567
642        3.25526
642        3.52291
642        1.40605
642        5.10435
642        6.10938
642        5.05319
642        1.52599
642        2.44764
642        3.07615
642         5.3458
642        3.44661
642        1.59853
642       0.204814
642        3.48175
642        3.58045
642        4.88582
642        4.56352
642        1.59151
642        5.56118
642        3.86417
642        2.25494
642        4.66623
642        1.89404
642       0.697357
642        3.20411
642        1.28865
642          3.904
642        3.24458
642        2.97864
642        2.98104
642        6.15335
642        4.75003
642       0.474233
642        5.37594
642       0.979816
642        2.97998
642        3.95021
642        1.75291
642        6.25172
642        1.55622
642        2.08166
642       0.473236
642        2.05725
642         2.6374
642        2.96605
642        2.28809
642       0.643813
642       0.493905
642       0.142509
642       0.453086
642        3.98223
642        5.76194
642        3.92115
642        4.45671
642        2.08697
642        5.96467
642        4.43666
642        3.87602
642        3.56052
642        5.71385
642        2.76908
642        2.83367
642        5.39377
642        3.15212
642        1.77514
642        4.64197
642        3.11285
642        1.90409
642        2.62865
642     0.00838312
642         1.1322
