308        3.57083
308        4.98772
308       0.605388
308        5.86964
308        2.65457
308        4.04332
308        2.85979
308        2.57216
308        5.41995
308       0.950952
308         6.1418
308        2.23392
308        3.63896
308        6.24295
308        4.93755
308       0.139536
308         4.5458
308        3.23173
308        3.96288
308       0.728752
308        1.11186
308        2.78453
308       0.807234
308        4.33634
308        3.42753
308          4.155
308        3.68019
308        3.13249
308        3.88904
308        3.10981
308        1.77246
308        1.30778
308        4.89796
308        3.69239
308       0.698868
308        5.93539
308        4.90726
308        4.46588
308        4.27646
308         1.5887
308       0.669554
308         1.1853
308          3.349
308        4.82972
308        3.35536
308        0.93884
308       0.479802
308        2.77087
308        1.78682
308         3.9752
308        5.61049
308        2.91875
308        5.32769
308        4.13894
308        3.15351
308        1.90273
308        2.36793
308        3.50676
308        2.77924
308        4.06204
308        1.35351
308        1.00592
308        3.98973
308        1.57844
308        3.88035
308        6.18022
308        4.95861
308        3.30831
308        5.98912
308        5.88071
308       0.187909
308        6.22332
308        1.56743
308        4.08848
308        2.17151
308         3.9942
308        6.06414
308        1.15641
308       0.126586
308        1.77272
308        5.90579
308        6.26641
308         4.2965
308         3.5647
308       0.187074
308        4.79727
308       0.125083
308        1.89265
308       0.859931
308       0.345708
308        3.97199
308        1.49039
308        4.98814
308        1.05354
308      0.0286174
308        4.79918
308        4.44085
308       0.158798
308        1.11182
308         1.5169
308        3.74215
308        4.05647
308        2.10902
308        3.52704
308        3.55426
308        3.86474
308       0.612306
308        6.23397
308        1.44413
308        5.15412
308       0.085003
308        1.33515
308        4.56844
308           4.54
308        4.68076
308        3.59254
308        2.82445
308        3.17207
308         3.3571
308        3.88872
308        0.75736
308        6.22868
308        2.15722
308       0.386352
308        3.47989
308        1.17816
308        5.46133
308        6.00125
308        6.22238
308        5.93377
308        4.37938
308        3.71268
308        5.85408
308         3.8636
308        2.79104
308       0.182729
308        3.34158
308        3.07733
308       0.425131
308        3.84683
308        2.71195
308         1.1316
308       0.251409
308        1.05718
308        2.02996
308        2.02641
308        3.99717
308         0.6553
308       0.486032
308       0.304051
308        1.92808
308        4.81216
308        3.50391
308        2.50452
308        1.03078
308        3.54451
308        5.07662
308       0.924867
308         3.9604
308        2.93654
308       0.216793
308       0.309797
308        2.32955
308       0.513086
308       0.118467
308       0.267566
308       0.637912
308        3.71723
308        1.09522
308        2.86947
308        3.13813
308        3.18343
308        3.24056
308        4.24765
308        2.74416
308        2.57081
308        2.73712
308         2.6721
308        2.17745
308        5.93499
308       0.213582
308        6.25943
308        3.79151
308        4.58633
308        4.31571
308        1.24065
308        6.14796
308        3.05536
308        2.91998
308        2.25582
308      0.0318432
308        3.44497
308        3.07576
308         5.2623
308        1.26951
308        5.68886
308       0.753297
308        1.69211
308       0.330729
308        2.78056
308        4.27257
308        3.45652
308        2.87194
308        5.46302
308       0.140584
308        0.21196
308        2.53706
308        4.81751
308        5.79456
308       0.640646
308        1.44147
308        3.67845
308        6.10108
308        4.50692
308        5.66983
308        1.45328
308        3.16734
308       0.516585
308        3.87334
308       0.327399
308         3.7366
308        6.04644
308       0.716076
308        5.88628
308        4.68456
308        1.01622
308        5.37858
308       0.947604
308       0.214503
308       0.369971
308        2.56997
308       0.905334
308        3.32757
308        1.86263
308        3.62812
308        2.04044
308        2.83755
308        5.53269
308       0.893558
308       0.358949
308        3.60656
308        3.68743
308        1.72131
308       0.882796
308        5.92392
308        5.03016
308       0.866408
308        1.69376
308         5.9796
308        2.64803
308        5.03468
308         5.5822
308       0.966862
308        4.99693
308       0.884683
308        4.45179
308        1.39332
308        3.39337
308        3.58594
308         6.1111
308       0.880059
308        3.43612
308       0.654429
308        5.29133
308       0.292845
308        3.37007
308        6.19324
308       0.137182
308        2.00541
308        3.28529
308        4.52471
308        2.87245
308        1.69581
308        1.42173
308       0.755162
308       0.809725
308        3.78063
308        3.54068
308        3.73785
308        2.41757
308        1.27604
308         4.0419
308        4.73758
308        4.68696
308        4.53779
308        3.22926
308        3.99857
308        3.79257
308        3.19457
308         4.1595
308        1.58075
308        4.92498
308        3.36372
308        5.69783
308        4.23087
308        2.66014
308         2.8401
308        4.46963
308        0.55266
308        2.80789
308        5.75252
308        1.70971
308        1.50612
308        6.05371
308        2.65136
308        5.97452
308        6.22144
308        3.03922
308        1.92189
308        3.24469
308        3.08231
308        4.97361
308        6.28155
308        3.77311
308       0.809462
308         2.5867
308      0.0786114
308      0.0228057
308        5.33469
308       0.682061
308       0.615545
308        4.42779
308        4.18538
308        1.72003
308       0.640569
308        1.44679
308        5.08118
308        3.82891
308        6.27608
308        3.35791
308        3.93708
308        2.56888
308        2.02048
308        4.53915
308        2.12327
308        5.70383
308        5.83565
308        2.13913
308        3.34395
308        5.85593
308       0.912123
308        3.00388
308        3.05344
308        2.52508
308        3.64607
308        5.17265
308       0.400357
308       0.339614
308        2.70057
308       0.795438
308       0.783525
308          6.116
308        4.12736
308        2.13074
308        4.18964
308        4.11129
308        2.19558
308       0.543528
308        4.13042
308        2.15141
308        3.89184
308        2.53938
308        2.67619
308        3.94496
308        4.53798
308        4.28092
308       0.896506
308       0.648288
308        3.45775
308        3.24351
308        4.35855
308        4.43319
308      0.0417383
308       0.479644
308       0.361285
308        3.55121
308         3.0785
308        2.13078
308         3.9813
308        4.33159
308        1.88642
308        4.09874
308        4.74231
308        3.94617
308        1.93425
308        3.58105
308        5.32311
308       0.886532
308        5.97188
308        1.60117
308        1.59735
308       0.956564
308        4.31022
308        3.66426
308         1.3262
308        3.89048
308        5.38349
308        1.55383
308       0.516921
308        2.25835
308         6.2257
308        2.45491
308       0.187413
308        5.67181
308        1.01562
308        1.70831
308        6.16976
308        4.19802
308        3.81289
308        3.25285
308        3.34823
308       0.537668
308        4.20429
308      0.0881258
308        4.36185
308        4.15289
308        3.39148
308        5.37288
308        2.20766
308       0.139721
308        2.93038
308       0.498288
308        3.70285
308        2.38679
308        4.08275
308        1.59583
308        5.89633
308        3.61268
308        5.40472
308        4.04768
308         3.7335
308        3.62463
308        3.17595
308       0.921071
308       0.292622
308        1.81926
308        5.32776
308        5.97652
308        2.02133
308        5.97109
308        6.18745
308        0.47206
308        1.48552
308        6.23484
308       0.564034
308         1.1333
308        4.98774
308        3.44062
308        0.26085
308      0.0958636
308        1.17858
308        5.74242
308         4.3327
308        2.90643
308        2.25669
308        3.79178
308        4.94701
308       0.618638
308        5.46459
308        1.92583
308        4.16879
308      0.0941789
308         4.3648
308        2.92253
308        4.07596
308        4.39207
308        1.17144
308        1.11178
308        5.02892
308        3.29995
308        2.86409
308        3.81329
308        1.17675
308        5.09917
308        3.61084
308        1.13807
308        3.67809
308      0.0103472
308        3.33865
308        3.79441
308        3.73664
308         3.1801
308        5.66232
308        0.16604
308        5.03667
308        3.22245
308      0.0783548
308        5.24193
308         3.8076
308        5.15463
308         5.9995
308        6.10251
308        3.69778
308      0.0375187
308        1.53549
308        4.33567
308       0.512116
308        0.64909
308        1.69855
308        5.62167
308        4.14951
308        2.61791
308        1.97274
308        3.87666
308        6.06995
308         2.1415
308        4.69144
308       0.692102
308        3.66623
308        1.61591
308        1.16738
308       0.244829
308        3.03252
308        1.79727
308        3.91087
308        3.15046
308        6.07836
308        4.27644
308        3.88858
308        3.43214
308       0.921101
308        3.58185
308        6.12701
308        4.04294
308        3.69484
308         3.6259
308        5.46326
308        2.08788
308        2.75369
308        4.57435
308        5.11409
308        5.19115
308        3.45537
308        2.08678
308        5.74728
308        3.34271
308        2.71106
308        2.63116
308        3.10092
308        4.81044
308        3.10216
308        4.30643
308        2.69565
308        5.16075
308        3.88288
308       0.341054
308        2.82481
308        5.78829
308        6.15413
308        4.17184
308        5.12175
308        6.08941
308        3.06538
308        4.38368
308        3.00878
308        1.83147
308       0.428048
308        4.50419
308       0.551995
308        4.18582
308        4.61647
308        5.32608
308        0.24654
308        4.02082
308        2.10976
308        6.00449
308        5.55308
308        3.60796
308        5.78092
308        4.66428
308        4.22096
308      0.0115676
308        3.64958
308         4.3647
308        3.32135
308        3.96314
308        1.25677
308       0.476802
308        3.20124
308        1.97007
308        1.18221
308       0.467008
308        3.79989
308        3.57582
308        5.80302
308       0.761153
308       0.934434
308       0.922583
308        3.64832
308       0.555679
308        5.86025
308        5.24331
308        5.02886
308       0.812851
308        4.62347
308        4.03959
308        0.34713
308        1.11075
308        4.30338
308        2.88304
308       0.626888
308        3.20973
308        1.87852
308        3.19878
308        2.93468
308        3.65835
308        5.81489
308         4.0611
308        4.63736
308        3.54111
308      0.0866734
308       0.349941
308        5.90959
308        4.31396
308         3.9133
308        1.66018
308       0.542657
308        2.60228
308      0.0561682
308        0.74633
308        1.28329
308        3.36166
308        2.00919
308        1.50967
308         5.8082
308        5.25714
308       0.632376
308        1.15865
308         6.1022
308         3.4661
308        3.50553
308         3.7618
308        6.10914
308        4.37478
308       0.670958
308        3.43078
308      0.0223326
