938        1.08595
938       0.224278
938         2.7933
938        1.39164
938        3.40678
938         2.0793
938        4.58055
938       0.297525
938        2.15408
938         5.4489
938       0.241529
938        5.01392
938        2.39184
938        2.77214
938        4.00501
938        5.56486
938        6.12919
938        3.78622
938        2.64267
938        1.86789
938        2.17431
938        1.05313
938        4.25831
938        2.50891
938          1.341
938        3.79768
938        2.85841
938        1.59673
938        2.21945
938        5.93401
938        2.53726
938         2.0163
938        0.84846
938        2.61549
938        2.83785
938        5.42437
938      0.0921747
938        1.86781
938        4.83644
938        3.09339
938        1.65416
938        5.63892
938        1.58561
938       0.316597
938        1.82611
938         5.0604
938        1.14677
938        3.44329
938        5.49156
938        2.69277
938        4.32254
938        2.29699
938      0.0357107
938        2.29444
938        5.90026
938        2.93896
938       0.680999
938        2.86767
938        3.49501
938        4.84772
938        4.84638
938        5.36764
938        5.82074
938        3.05662
938         5.4231
938        2.49236
938        6.26509
938        3.94063
938      0.0127154
938        5.52388
938        4.61022
938         1.7753
938       0.275856
938         5.7529
938         1.4888
938        2.27858
938        2.30288
938        5.59236
938        5.93254
938        3.73958
938        5.45832
938        4.72799
938        5.05999
938       0.105175
938       0.334959
938        3.46738
938        5.18068
938        0.37352
938        4.13405
938         3.8932
938       0.486926
938        1.71799
938        5.20291
938        4.88092
938       0.571105
938        2.10922
938        4.56356
938       0.394734
938       0.362569
938        4.11659
938        4.02064
938        1.82402
938        2.09433
938     0.00671226
938        5.38395
938        3.31611
938        5.58008
938        6.11219
938        5.14938
938        6.20783
938        5.75935
938        2.85919
938        4.63469
938       0.334565
938         2.0796
938        4.17063
938        5.16223
938       0.222179
938        2.58909
938       0.183852
938        4.03607
938        0.79002
938        1.76097
938       0.601559
938        3.14303
938        1.84735
938        5.65221
938        2.65634
938        3.09593
938        3.78902
938        2.43693
938        6.23284
938        3.19894
938        6.01284
938        1.14324
938           1.91
938        5.41447
938         1.5116
938        2.04151
938        2.64651
938       0.287873
938       0.416745
938        2.92597
938        2.43996
938        1.30138
938        2.51959
938        3.68296
938        5.15564
938         1.6346
938        4.90609
938       0.393153
938        3.02713
938        1.18081
938        3.14619
938        3.34084
938        5.14474
938        5.48262
938       0.963377
938        3.15095
938        2.97537
938        1.16542
938        5.96676
938        3.62454
938     0.00520304
938        4.61195
938       0.950402
938        5.18958
938        5.15034
938       0.614048
938        6.11867
938        0.70745
938        4.97806
938        6.24508
938        5.82817
938        4.99785
938        5.45529
938        2.87407
938        6.11982
938       0.657544
938       0.444339
938        5.22013
938         1.1875
938        3.21963
938         5.2399
938        1.67808
938        1.28037
938       0.374278
938         4.3854
938        2.38689
938        3.33803
938        5.79226
938       0.304535
938        5.60969
938       0.647848
938        5.50968
938        2.11141
938        2.78062
938       0.888588
938        1.97453
938        2.05345
938      0.0373685
938        4.22832
938       0.982625
938        5.68577
938        3.39943
938        5.15348
938        5.36853
938        2.31132
938        1.38731
938        2.36029
938       0.321524
938        6.10345
938        3.56182
938       0.920683
938        2.06261
938        4.98638
938         0.4656
938        6.20692
938        1.34459
938       0.103388
938       0.798267
938        5.27798
938        1.29751
938        5.39334
938        5.45547
938        2.89963
938        1.95431
938         3.4968
938        1.08045
938          2.791
938       0.134294
938         5.6959
938        5.87342
938        5.21994
938        2.33208
938        3.46447
938        5.53981
938      0.0111115
938       0.953063
938        5.32292
938        1.56769
938        3.29401
938       0.939309
938        1.46386
938        2.68405
938        3.99751
938       0.840844
938        6.20313
938        5.96775
938        6.04337
938        3.23152
938         3.4582
938         2.9399
938        2.55242
938        5.21193
938        2.85646
938        5.42884
938        6.18832
938        2.64522
938        2.13201
938        4.33459
938        3.08498
938        6.16724
938        3.05017
938        1.51257
938       0.176977
938        5.24658
938        5.81924
938        3.72467
938         5.5223
938        3.34225
938       0.380422
938        2.65809
938        2.95115
938      0.0551558
938        5.91575
938        1.54156
938        3.47598
938        2.45229
938        1.01999
938        4.95759
938        2.17797
938        4.63843
938        5.39854
938        1.15562
938        1.03272
938        3.85284
938        1.87932
938       0.302842
938        6.03088
938        3.78425
938         4.3451
938        4.06425
938        4.38001
938        2.34961
938       0.450802
938      0.0500877
938        4.93727
938        1.28913
938       0.843324
938        5.41445
938        6.07446
938         2.8713
938       0.863499
938       0.628471
938         2.2284
938        5.49272
938        1.08017
938         0.5639
938        2.06415
938        3.28742
938         1.0396
938        2.02057
938        1.16786
938        5.86921
938        4.70828
938         2.8357
938        4.42784
938        2.18336
938        2.15084
938        5.03825
938       0.132204
938       0.131361
938         4.5896
938       0.545175
938        0.99813
938        2.18145
938        3.16719
938        2.26923
938      0.0763221
938        4.66945
938        3.44158
938       0.881638
938        3.04161
938       0.287382
938        5.93176
938        4.59911
938        5.87493
938        4.87188
938        5.66349
938        1.00379
938        5.60775
938        4.90348
938        5.04805
938        2.44069
938        3.18179
938          4.509
938        5.86352
938         1.4807
938       0.387366
938        4.69375
938        1.93817
938         2.5255
938       0.368553
938        2.62262
938        2.16145
938        1.51081
938        2.80769
938        3.33058
938        1.12899
938        3.65159
938         3.4315
938        5.78552
938        4.49797
938        5.51049
938      0.0407056
938        5.61229
938        5.25123
938        2.77976
938        2.69313
938        2.88265
938         4.6468
938         2.7875
938        2.14691
938       0.465927
938        4.95546
938        3.11557
938        1.78153
938        1.87149
938       0.306407
938        4.68268
938        5.80865
938        2.79281
938       0.588637
938        5.66056
938        3.17796
938        5.98333
938        3.15072
938        1.60269
938        3.43088
938        5.56613
938        2.80638
938        3.31161
938        1.28053
938        3.41595
938        5.93477
938        1.53193
938        4.79255
938        4.08158
938       0.719947
938       0.587594
938         2.1251
938        3.69943
938        2.46704
938        5.89018
938        6.05914
938        4.17209
938        5.88379
938        4.91895
938        5.90929
938        1.21258
938        2.85177
938        2.49562
938        5.82349
938        6.22899
938        2.59158
938        3.88061
938        4.67501
938      0.0582637
938         1.2152
938        3.85174
938         5.1291
938        4.82675
938       0.307818
938         2.5922
938       0.642009
938        2.28509
938        1.90215
938        4.03182
938        1.74151
938        2.35115
938        2.42764
938         2.0592
938        3.48393
938        1.93303
938        3.04887
938         3.5353
938      0.0314584
938        1.87101
938        3.41428
938        2.59723
938        4.66647
938       0.714644
938        3.48621
938        4.14557
938        1.30305
938        5.57231
938        6.25914
938         1.1497
938        5.93192
938        3.11576
938        3.68114
938        0.31269
938        2.64622
938        4.65934
938        2.66593
938        2.50687
938       0.427961
938        5.78439
938        4.28291
938        2.79832
938        3.65618
938        3.48735
938        1.33585
938        4.31671
938        2.30615
938        3.65641
938        5.23775
938        3.96113
938        6.00886
938        2.45381
938       0.450376
938        1.58506
938        3.64234
938        3.42663
938        3.96719
938        3.91456
938        5.03078
938        6.18681
938        3.86026
938       0.631939
938        4.08074
938        2.78111
938        5.94282
938        3.18941
938        5.30877
938        2.56548
938        3.16186
938         3.0581
938        3.48003
938        5.60836
938        2.99712
938        3.60222
938        6.08152
938        5.73232
938        4.39685
938        2.49661
938        2.17836
938        3.01067
938        3.71581
938        1.06017
938        5.61233
938        5.82748
938        3.44702
938        3.22499
938        1.72539
938        2.10365
938        6.12573
938        5.51934
938        2.70196
938       0.422509
938        5.19203
938        2.80101
938       0.350936
938        5.94429
938        3.15911
938        5.79242
938        0.57081
938       0.415206
938        3.23055
938        5.83294
938        3.50145
938        4.10523
938        5.72423
938        5.73691
938        4.55047
938         2.8512
938        3.97998
938        2.52391
938        5.09276
938       0.300811
938        5.53568
938         2.7325
938        2.67742
938        1.46305
938       0.133147
938        0.91916
938        3.02343
938        1.96987
938       0.483662
938        3.02103
938        5.49252
938        6.26908
938        4.38643
938        5.34092
938        2.13489
938        1.71203
938        6.14204
938        2.10811
938        1.38149
938       0.325678
938        5.46951
938         2.9567
938        0.20795
938        5.95059
938        2.76965
938        4.97273
938        5.66414
938        5.15575
938        3.26687
938      0.0912895
938        4.92959
938         2.7873
938         3.3947
938       0.938705
938        1.42274
938        3.73589
938        2.47034
938        2.36974
938        1.81558
938        4.70052
938        6.24181
938        3.28721
938       0.245247
938        4.97177
938        5.32368
938        2.33284
938        5.58368
938        1.52588
938        5.39301
938       0.467025
938        6.22185
938        5.96269
938        2.94722
938       0.956053
938        2.04703
938         1.6795
938        2.99689
938        3.50886
938        1.84901
938        6.20358
938        4.89158
938        6.05923
938       0.570578
938        4.46554
938        1.42334
938        2.10084
938         1.4368
938        3.37843
938        1.86141
938        5.25627
938        6.05531
938         1.8556
938        5.49003
938        5.86803
938         5.9367
938        1.25734
938        1.27852
938         4.9736
938        4.65256
938        3.56145
938         5.6266
938        2.52977
938        3.42925
938      0.0260332
938        3.06177
938        4.02263
938         2.0244
938        2.43178
938       0.642786
938        4.51512
938        6.12155
938        1.06211
938        3.98667
938        1.92311
938       0.587047
938        4.67663
938        2.53411
938        3.54788
938       0.599537
938        3.80013
938        3.76189
938        2.54863
938         5.2927
938        6.00506
938     0.00712626
938        2.70685
938        2.86875
938        2.28913
938        2.57772
938        2.93801
938        4.13863
938        4.34701
938        1.78639
938        3.97362
938        5.86368
938        2.20037
938        3.89408
938          5.645
938        1.68762
938        1.89355
938        2.00786
938        3.50776
938        3.39017
938        3.53305
938        5.42215
938        5.14901
938       0.255234
938        3.87555
938         3.5157
938        1.33552
938        5.65009
938        4.96676
938        4.93885
938        1.84368
938       0.273033
938        2.11784
938        2.98291
938        6.11289
938        2.57629
938        1.97944
938        1.30369
938        2.38677
938        5.28641
938       0.270609
938        3.76143
938        4.47486
938        4.94249
938        2.03619
938       0.193767
938        2.74167
938        3.31564
938      0.0867611
938        6.13411
938        2.08952
938       0.532821
938        2.94735
938        3.14162
938        3.39893
938        1.90249
938       0.930815
938        5.53722
938        1.60497
938        4.17753
938         1.7999
938        5.53781
938        6.00112
938        2.61542
938        2.58579
938         2.1625
938       0.832669
938        2.96463
938        1.86167
938        5.45181
938        2.93244
938        3.41762
938        3.23027
938        3.01151
938        2.67295
938        6.01852
938         3.9226
938        3.10574
938         6.2056
938        4.96009
938        1.40313
938        3.30195
938       0.712767
938        1.13407
938        3.75083
938        0.30448
938        6.08727
938       0.239958
938         2.6338
938       0.485852
938        4.23392
938        2.87898
938        3.66414
938       0.716381
938        6.06122
938        1.52879
938        4.53981
938        3.50123
938        1.99924
938        2.46784
938        2.24823
938        4.21268
938        4.72189
938        5.95272
938       0.206931
938         6.0157
938        3.36417
938        4.15193
938        4.10273
938        1.74262
938        4.93056
938        2.85755
938        2.82697
938        4.15938
938         2.9381
938        5.48987
938        5.74875
938        3.18328
938       0.446307
938        2.84287
938        3.44352
938        1.49493
938        2.25448
938        1.19445
938        2.56561
938        3.21316
938       0.503032
938        0.31954
938        1.01966
938        4.14216
938        0.46592
938        2.14124
938        2.23938
938        5.13572
938        5.38941
938        5.87558
938         2.9301
938        1.12151
938        5.92853
938        0.39188
938        6.22331
938        1.35998
938        5.16184
938        5.03496
938        1.34525
938        3.09671
938        5.66186
938        2.94619
938        5.69879
938        4.03548
938       0.114239
938        1.92047
938        3.33797
938        4.06641
938        5.37555
938        4.26265
938        6.13593
938       0.357113
938         1.7964
938        5.97156
938        2.15695
938        1.66096
938       0.518374
938        5.12185
938      0.0549424
938        6.07048
938        1.94541
938       0.997105
938        4.49947
938        6.06525
938        6.13693
938       0.309515
938        5.22653
938        6.22574
938         2.5016
938       0.103562
938        5.33736
938         5.7763
938        3.25009
938        5.46091
938        4.21403
938        6.15236
938        3.08574
938        2.23974
938        5.89597
938        5.41554
938        3.57245
938        1.21348
938        3.26018
938        3.38875
938       0.335783
938        4.99341
938        2.68427
938         4.4465
938        5.95479
938        5.69268
938        2.78474
938         6.1974
938        2.21876
938     0.00823669
938        4.86268
938        2.41884
938        5.42723
938       0.712319
938        0.62994
938       0.977766
938       0.978254
938       0.131475
938         5.8861
938        3.29792
938        5.06602
938       0.120979
938        4.12822
938        3.41452
938        2.32272
938        3.60147
938        3.55492
938        1.60425
938        3.22396
938        6.06898
938        5.48142
938        1.95163
938        1.87542
938        5.55293
938        5.58724
938       0.102891
938        5.64389
938        2.17726
938        4.09206
938       0.523316
938        5.70086
938        3.25661
938        4.63547
938        6.10014
938         3.9182
938        2.11799
938        4.56985
938         5.0291
938        2.48161
938         3.6467
938        4.06776
938      0.0353642
938         4.8704
938       0.421821
938        4.99339
938       0.500479
938        6.13473
938        5.70701
938        2.12019
938        4.99312
938        4.27062
938        2.65012
938        1.15101
938         5.7058
938        2.20865
938        1.97383
938        1.25123
938         5.6808
938         5.4211
938        5.25249
938        1.99331
938        5.48133
938        2.99773
938        4.74352
938        2.82521
938        2.15474
938         2.1324
938        3.70446
938        4.22876
938        3.43718
938       0.215778
938        3.95159
938         5.4647
938      0.0890761
938        1.45934
938       0.725566
938        4.74181
938        5.69571
938        3.82829
938        1.24312
938        5.71029
938        2.82737
938         4.3842
938        4.93118
938        5.38661
938        2.66674
938        5.82875
938        5.58713
938        4.30724
938       0.230832
938        5.01391
938       0.965042
938       0.372517
938        4.94879
938       0.761769
938        3.26931
938        1.82112
938      0.0376841
938        3.02772
938        5.95799
938        5.91278
938       0.549992
938        5.80343
938        5.04436
938        4.29102
938         6.0521
938        4.74811
938         5.7573
938       0.089111
938        5.43725
938        5.38509
938        4.80372
938        1.30805
938        3.08026
938        4.64183
938        6.14942
938        2.29247
938       0.425006
938        4.43965
938        5.64938
938        4.22331
938        1.82818
938        2.36306
938        2.85643
938        3.54047
938       0.719153
938        4.18723
938       0.867313
938        1.48462
938        6.25754
938      0.0472787
938        3.20739
938        3.84943
938        6.11122
938        2.36304
938       0.111627
938        2.26088
938        3.49517
938        2.27321
938        2.20698
938       0.794447
938      0.0911246
938        2.00751
938        5.25184
938        5.67659
938        5.63128
938        2.05104
938        5.31799
938       0.305592
938        4.44888
938        6.16008
938        1.68068
938        1.67952
938        2.09017
938        3.45723
938         1.7148
938        4.90342
938        1.17421
938        1.08947
938        6.13702
938        5.74467
938        5.44316
938        2.04806
938        1.84359
938        4.11366
938        2.48486
938        2.54499
938        2.61025
938        5.07245
938        5.95066
938        2.64625
938         2.6592
938       0.320712
938        3.16142
938        3.01106
938         4.6826
938        2.74184
938        3.43722
938         2.9453
938        5.35854
938        6.19685
938        4.30759
938      0.0393982
938        6.17183
938        5.69413
938       0.293263
938        3.67969
938        6.23784
938        5.23945
938        2.87648
938        5.62878
938        0.59931
938       0.207304
938        6.16167
938        5.71282
938        6.25701
938         3.1137
938        3.82024
938        2.67544
938        1.59727
938        5.30106
938         5.7032
938        5.30639
938        2.56157
938        2.10369
938        2.92772
938        2.43141
938        2.78407
938       0.823243
938        5.50142
938        5.64308
938        2.78987
938        1.76437
938       0.607685
938        5.34737
938        4.66469
938        1.37859
938        5.15648
938        4.95411
938        1.80418
938       0.760501
938        0.18868
938        4.51912
938        5.91766
938        3.74373
938       0.693851
938        4.75522
938       0.388701
938        2.30527
938       0.389834
938        3.82826
938        5.11154
938        2.61645
938        5.05644
938        5.19299
938        5.30367
938         4.3919
938        5.16176
938        3.26795
938         4.0218
938        5.46987
938       0.797961
938       0.207515
938        3.87346
938        0.18013
938        4.58916
938        3.50394
938        5.26269
938        2.20599
938        5.62735
938        2.88408
938        4.32706
938        2.37398
938        2.54136
938       0.747154
938        3.03171
938          5.717
938        6.14772
938        2.67469
938        2.09079
938        5.10471
938        6.15303
938        4.46422
938       0.224285
938        2.84238
938        2.20432
938        2.69479
938      0.0972767
938        3.17381
938        2.09659
938        1.77221
938        2.29695
938        2.33611
938        5.66046
938        2.59645
938        1.14711
938        2.03496
938       0.604529
938        1.74899
938        3.15508
938        2.55041
938       0.227866
938        3.94503
938        5.96855
938        1.07978
938         3.3446
938        5.95176
938        2.71405
938        5.14359
938       0.759973
938        5.83316
938        1.63146
938        5.51597
938        3.16621
938        1.81493
938        0.74809
938        4.17371
938       0.381049
938        5.74917
938        5.67403
938        2.76545
938        2.05534
938        2.65389
938        4.41832
938        3.04452
938        2.14331
938        4.74566
938        5.93836
938        3.46416
938         4.3323
938        4.09111
938        1.77314
938        2.34932
938         3.0593
938       0.263814
938        4.54384
938        1.52345
938        3.39654
938        2.49516
938        3.31843
938        4.22531
938      0.0286848
938        1.64752
938        5.09585
938        5.19864
938        1.82125
938        5.68726
938       0.376038
938       0.343983
938        1.49647
938        2.57266
938        5.57275
938        2.03904
938        3.66543
938       0.776169
938        3.25575
938        3.13828
938        4.87318
938       0.354595
938        3.34788
938        2.47083
938        3.88088
938        1.93071
938        4.52235
938       0.197294
938        3.44181
938        2.89528
938        4.55823
938        5.83171
938       0.762524
938        2.18014
938        3.14695
938        2.21522
938        1.75382
938        3.88731
938        3.14394
938       0.041765
938       0.709264
938       0.852842
938        5.95217
938        5.16895
938        1.58062
938        2.93401
938        6.01523
938        4.83882
938       0.960753
938        0.99123
938        2.15198
938        1.23906
938       0.469144
938       0.205451
938        2.56007
938         3.3072
938        5.77265
938       0.368987
938        5.50725
938        2.35816
938        6.05805
938        6.00519
938        5.68293
938          6.229
938         3.7713
938        4.14342
938         2.8034
938        2.29451
938        5.57344
938        3.00956
938        2.75037
938        5.50488
938        3.22733
938        1.18897
938         2.2762
938        4.16528
938         2.9597
938        6.12438
938        1.59737
938       0.665624
938        5.67908
938        1.79565
938        3.06712
938        5.44122
938        2.17208
938         2.3601
938        1.15673
938        2.86432
938       0.133102
938        2.12734
938        5.80089
938        1.87109
938        4.00835
938        3.63684
938        4.13353
938        2.93787
938        3.48147
938        3.88987
938        4.13095
938       0.872466
938        4.11263
938        1.52249
938        3.06019
938        5.79248
938        4.14036
938        3.65952
938        1.97102
938        3.08454
938        5.30463
938        2.58119
938        5.18795
938       0.483978
938        4.94485
938        3.85128
938        4.77057
938        6.23204
938         1.2527
938        2.01034
938        2.94736
938        5.68478
938        2.94735
938        2.96778
938        2.12559
938         2.8489
938        3.46089
938        3.79633
938        1.79633
938        5.41272
938        3.33064
938        5.69189
938         3.9226
938        2.68925
938        2.77313
938        2.73661
938        4.48436
938         3.1648
938        4.76509
938        4.32667
938         3.8226
938        5.36962
938       0.852799
938        2.43128
938     0.00662513
938        5.58603
938        1.19385
938        1.78233
938        5.45558
938        2.12185
938        3.42609
938         5.1341
938        5.39368
938        6.21702
938        1.57096
938         2.8512
938       0.983573
938        4.82429
938        5.53189
938        5.47762
938        6.00747
938         4.0819
938        3.76398
938         5.3511
938        3.20572
938        3.68938
938        2.96224
938        1.69759
938       0.548409
938        4.81289
938        4.92598
938       0.425578
938       0.981813
938        1.01734
938        6.14693
938        3.73437
938           3.54
938        2.72657
938        5.77368
938        4.85058
938        2.40753
938       0.145602
938        5.95932
938         1.4614
938        2.98723
938        4.02969
938        3.49681
938        2.37037
938        4.19568
938        1.57222
938        6.26702
938        3.02619
938        1.39191
938        6.12145
938        5.89948
938        4.58865
938        2.77125
938        3.37416
938       0.663475
938        2.51387
938        6.17775
938       0.479588
938        2.74383
938        4.66909
938        5.15155
938        1.48398
938        3.90822
938        5.53421
938        5.08589
938        3.43943
938        1.88182
938       0.596421
938        1.86604
938        5.33563
938       0.298457
938        1.09176
938        6.20581
938       0.505016
938        3.56926
938        2.60135
938        6.03579
938        5.25198
938        5.19308
938        5.25922
938        5.53962
938        2.53194
938        2.44373
938        2.52271
938        5.89714
938        3.15077
938       0.293332
938        5.59909
938        1.90668
938        1.52801
938        4.08527
938        3.57277
938        5.68866
938        2.14713
938        2.31805
938       0.350549
938        5.53537
938       0.835916
938        3.39182
938         1.2199
938        5.91069
938        1.36876
938        3.53108
938        3.58569
938        2.90103
938        5.33058
938        5.43351
938        2.88502
938        5.31373
938        3.89239
938        6.25739
938        2.55877
938        2.35256
938        3.26904
938      0.0852882
938        2.72964
938        2.81203
938       0.406076
938       0.909935
938       0.601167
938        2.17208
938        5.80764
938         6.1385
938        3.64576
938        3.73963
938         4.2255
938        6.16074
938          5.519
938        2.67874
938        4.27541
938        3.63494
938        3.13084
938        6.07923
938        3.17244
938        1.92099
938        3.48061
938         2.6712
938        6.18703
938        3.15776
938        5.99369
938        4.12409
938        1.15566
938        5.79364
938        1.90104
938        4.45005
938        2.53621
938       0.705902
938        1.46441
938        2.11511
938        5.95883
938        2.84715
938        5.94531
938        5.27722
938        5.32402
938       0.153592
938        3.42396
938        3.61837
938        4.42542
938        5.46252
938       0.987113
938        5.19132
938       0.213076
938        1.47327
938        2.29355
938        5.57592
938        2.21617
938        3.84131
938       0.913604
938        6.02613
938        3.71726
938        6.24879
938        4.30259
938        3.83421
938        4.63096
938        2.90269
938        6.24205
938        0.28657
938        6.27792
938       0.178323
938         2.1929
938        3.86417
938        2.27049
938        3.54481
938        5.43795
938        6.11674
938        3.41225
938        2.24438
938        5.18591
938        3.40453
938        2.91133
938        1.18124
938        1.02426
938        6.15485
938         1.9444
938       0.204257
938        2.98644
938        4.94401
938        5.28753
938        1.92168
938         5.8131
938        2.08811
938        2.88449
938       0.802037
938        4.79308
938        2.75539
938       0.275076
938        4.57545
938        2.88471
938        3.16443
938        4.99823
938        3.53384
938        3.59973
938        1.82183
938         2.5662
938        5.02949
938        2.60042
938       0.195217
938        2.96985
938        2.61221
938        1.38323
938         2.2993
938        2.78762
938        3.34244
938        2.59634
938        5.82871
938        5.07483
938       0.288552
938        4.80122
938        5.00079
938        5.00644
938       0.851492
938      0.0996859
938       0.458242
938        1.41365
938        4.99892
938        1.90029
938         3.0068
938        1.25679
938        0.73266
938        2.55779
938        5.90387
938        1.86489
938       0.725547
938        5.14073
938        5.69735
938        0.67628
938        2.54787
938        2.76042
938        4.89487
938        4.90746
938        3.19151
938        1.58357
938        2.99819
938        2.97329
938        2.40598
938        3.01625
938        1.66257
938        3.62032
938        4.80553
938        1.09783
938        1.73243
938        3.77284
938        3.67849
938       0.354464
938        1.12231
938        3.77419
938        1.99991
938        5.95431
938        5.35688
938        5.19819
938        2.66984
938       0.518752
938        5.07071
938        6.12273
938        1.76958
938        1.83953
938        3.04165
938        1.82243
938        0.11327
938        1.02537
938       0.959135
938        2.98168
938        2.57432
938        2.81605
938        5.68192
938        1.87513
938        2.59711
938         1.4949
938        5.73905
938        5.32515
938        5.81627
938        0.08835
938         1.6203
938        2.42461
938        3.78624
938        2.96215
938        2.33778
938        5.39429
938        5.50426
938        4.93258
938         5.5948
938         4.6835
938        5.39355
938         6.2214
938        3.86579
938        3.34235
938        4.56217
938        1.61347
938        4.74584
938        2.24838
938        5.79607
938       0.595335
938         5.4449
938         1.4239
938       0.515751
938       0.657458
938        3.65374
938        5.90909
938        4.18698
938        2.58833
938        4.84579
938        5.79912
938        6.04635
938        2.47202
938          2.834
938        1.79626
938        1.33802
938        2.26254
938        5.09878
938        2.10016
938        2.41855
938        1.62737
938       0.915619
938        3.73555
938        2.71658
938        3.30068
938        3.43532
938         6.2172
938        2.78719
938        3.84309
938        5.42969
938        3.54639
938         6.0405
938        5.21077
938        2.37005
938        1.73661
938        5.65461
938          5.741
938       0.375624
938      0.0128254
938        5.85783
938       0.933671
938        2.24506
938        5.68323
938        2.26562
938        3.05018
938        2.99051
938        1.97084
938        5.85724
938       0.147101
938        5.44253
938        1.90801
938        4.52592
938       0.175284
938         3.8254
938        2.17409
938        6.10182
938        2.11797
938        3.48806
938        1.27327
938        2.74754
938        4.60458
938        1.93088
938        2.87005
938      0.0521145
938        4.01346
938        1.04646
938        3.14848
938        2.69278
938        3.74768
938        1.42181
938        2.46886
938        2.46638
938        2.65462
938        3.84288
938        1.84995
938        2.78511
938        4.51569
938       0.564817
938        5.60857
938        3.96645
938        2.64588
938       0.733753
938        3.60961
938        5.58583
938        3.63751
938         3.9632
938        2.61288
938         5.0199
938        3.76652
938        5.21742
938        2.03818
938        1.60897
938        5.12549
938         1.0325
938        3.75108
938       0.469359
938        4.46093
938        2.73671
938        4.39795
938        1.04567
938       0.671159
938        4.35213
938        4.43921
938        2.95821
938        3.03723
938       0.170178
938        5.71443
938        4.33982
938        3.76049
938         0.2859
938        3.90112
938       0.477849
938          1.287
938        2.52095
938        2.10265
938       0.400394
938        2.05881
938        4.00565
938       0.825022
938       0.672829
938        1.65963
938        5.21789
938        2.75359
938        5.06486
938        1.04982
938        2.14353
938        1.63993
938         5.7253
938        2.63255
938         4.3956
938        3.23181
938        1.52195
938        2.30409
938        2.27198
938        4.00366
938         4.1245
938       0.670643
938        6.01779
938        3.54704
938        2.02019
938        5.96637
938        5.82749
938        2.02239
938        6.05911
938        5.19784
938       0.132199
938       0.510507
938        2.29718
938        5.23211
938        2.65432
938        5.45471
938        4.87672
938        2.59397
938        4.65476
938        5.13676
938         3.6962
938        2.65021
938         2.2563
938        3.62516
938       0.533839
938        6.22881
938        5.83003
938        2.50907
938        1.63056
938        4.89057
938        5.14184
938        4.90308
938        4.60089
938         5.8339
938         5.0546
938         3.2578
938        5.42952
938       0.772466
938        2.98219
938        2.65988
938        3.30143
938       0.951987
938        3.72533
938         5.9276
938        2.99095
938        3.53599
938        5.16246
938        0.13422
938        3.50263
938        2.26948
938       0.429767
938        5.15035
938       0.672412
938        6.01439
938         4.8569
938       0.425374
938        4.42686
938        1.06469
938       0.862278
938        4.78953
938        4.03148
938        1.76694
938        2.51723
938        1.43133
938        4.77113
938       0.717815
938         5.2221
938        5.49578
938         4.7305
938        2.66399
938        5.26686
938         2.2555
938        2.77192
938         5.6842
938        3.38746
938        5.42997
938       0.468928
938        2.00131
938       0.180592
938        2.90998
938        2.31005
938        2.01099
938        4.21805
938        5.08231
938        5.56665
938        4.54635
938        5.41361
938        3.35608
938        2.93024
938        2.67909
938        3.50349
938        6.14178
938        2.25348
938         6.1946
938        6.18825
938        4.82751
938      0.0806845
938        5.37805
938        5.29781
938        1.97919
938        5.04506
938        2.18108
938       0.151278
938        6.03098
938        2.78537
938        4.45342
938           1.38
938       0.953514
938        5.07215
938        3.39304
938        2.57736
938        3.97165
938        2.89186
938        5.34195
938        4.07343
938          3.719
938        3.60296
938        2.00271
938        2.49623
938        3.70879
938        3.71255
938        2.65071
938        5.48446
938        6.26343
938        2.38611
938        1.02949
938        4.46897
938       0.166201
938        5.40072
938        2.15331
938       0.590036
938        2.15143
938        4.86466
938        1.36322
938        2.16326
938        2.61357
938        5.46815
938         5.4125
938        3.68776
938        4.31102
938       0.146192
938        3.28116
938        2.58513
938        3.82728
938        3.71692
938        6.25627
938        5.01559
938        2.95126
938        5.81636
938        3.40285
938        6.05393
938       0.204952
938        6.05794
938       0.438484
938        5.48626
938        3.10012
938       0.257192
938       0.813483
938        6.02595
938         2.2875
938       0.860595
938        5.24273
938        2.14784
938        5.80825
938        2.20726
938        5.17284
938         5.8845
938        1.93853
938        2.35808
938        3.01229
938        2.38772
938        3.35973
938        2.51288
938        6.07072
938        2.78355
938        5.12614
938         5.5486
938        4.81505
938       0.816311
938        5.01559
938         5.4097
938        3.85953
938        3.18773
938        3.95684
938        5.27263
938        2.44486
938        1.40751
938        6.04537
938        5.95495
938        4.34168
938        3.28641
938        4.45137
938        5.57073
938        5.92148
938        5.80684
938      0.0538522
938        2.82541
938        3.22855
938       0.715129
938        1.77029
938        5.31789
938        3.80342
938        4.21803
938        6.04483
938        3.01806
938        5.82673
938       0.515595
938        5.57443
938        5.83064
938       0.374059
938        4.50053
938         3.2662
938         1.7666
938        2.65074
938         5.5129
938        0.33304
938         2.6709
938        3.24547
938        5.48293
938        1.07784
938        3.45245
938        2.91357
938       0.551853
938        1.36073
938         2.3695
938        2.43259
938         2.5219
938        1.94471
938        3.39077
938        5.81702
938         1.8874
938        2.67813
938        0.92897
938        3.73408
938       0.334588
938        3.82244
938        5.60454
938        1.79913
938        2.21869
938        0.35986
938         5.6704
938        3.46486
938        4.27778
938          4.568
938        2.65671
938        1.47002
938        5.47852
938        1.18595
938        5.93577
938        6.01396
938        3.56346
938        5.57204
938        6.23053
938       0.593669
938        2.19725
938        2.31023
938       0.404667
938        5.03479
938        2.94711
938        2.86831
938        4.60819
938         4.1135
938        3.05224
938        5.64338
938        1.73799
938        3.15455
938        5.96692
938        4.66045
938        5.75137
938       0.535754
938        2.84655
938        4.99481
938        3.37177
938        3.06745
938       0.376091
938        4.69484
938       0.759619
938         5.0827
938        4.62126
938        5.88886
938        5.06347
938        4.03405
938       0.145615
938        2.01625
938        5.37069
938        3.73096
938        6.25178
938        5.32805
938        5.66764
938         5.4779
938        1.58337
938      0.0929569
938        3.73262
938        0.65441
938        2.97907
938        1.13252
938        4.39364
938         2.5726
938        2.79582
938        5.35206
938        2.24348
938        2.73575
938        4.24744
938        2.86381
938       0.449079
938        5.86926
938        2.55796
938        2.80243
938        1.48504
938        1.49086
938        5.87628
938        3.26797
938       0.527353
938       0.164943
938        5.84981
938        2.20112
938       0.849308
938       0.641659
938        2.93385
938        5.43443
938        3.96758
938        4.21469
938       0.785296
938        4.94727
938        5.87003
938        1.00355
938        6.19248
938       0.324101
938        3.36115
938        6.14329
938        2.32722
938        5.34843
938        1.96282
938        4.65041
938        3.38543
938        2.33138
938        2.61759
938        5.62064
938        4.16701
938        2.32631
938        5.91037
938          4.441
938        2.57926
938        3.28839
938        2.39591
938        4.99078
938        5.07324
938        1.75973
938        2.20671
938        2.61917
938        1.10836
938        1.34252
938        1.29326
938        6.09783
938        0.37949
938        4.79428
938        1.54367
938        3.77638
938       0.155778
938        0.36122
938        1.63748
938        3.56251
938        3.97962
938        0.15423
938        1.93693
938       0.806387
938        1.12581
938        3.81927
938        4.26044
938        4.19756
938        1.53074
938         0.6059
938       0.533401
938        1.75393
938       0.422638
938        4.17045
938         5.7806
938        1.40165
938        5.14141
938        4.44215
938        1.84792
938        4.76875
938        5.11468
938        4.03874
938          6.162
938        3.98573
938        5.78671
938        3.62503
938        1.70697
938        3.09398
938        0.10211
938        2.98655
938        0.21408
938       0.188567
938        3.01488
938        2.97393
938         4.0899
938        2.22791
938       0.181936
938        1.80527
938     0.00844318
938        5.43887
938        3.02112
938        1.03957
938        4.03853
938        5.93905
938        2.88733
938        2.75248
938        2.03836
938        2.08168
938        2.01253
938        1.03086
938        4.61391
938       0.662375
938        4.26229
938        3.12615
938        3.09172
938        3.18859
938         5.8661
938        1.75052
938        2.18105
938        5.32205
938        1.03804
938        5.50533
938       0.800173
938     0.00254195
938        4.89372
938        2.87083
938        4.90072
938        3.18049
938        2.24947
938        4.54298
938        2.99455
938        5.01788
938        2.72751
938        2.32662
938        5.49117
938        2.24407
938       0.850485
938       0.936693
938        2.79049
938        5.22984
938        5.30804
938        2.12171
938        3.38678
938        2.99894
938        6.23964
938        3.71521
938        2.97767
938        3.79637
938         2.7583
938        1.22176
938        2.27195
938       0.359775
938        1.94587
938        5.65096
938       0.276607
938        2.54428
938         5.1313
938       0.412244
938        2.95316
938          1.652
938         2.7889
938        1.40201
938       0.708211
938        0.22091
938        5.32487
938       0.197898
938        2.03441
938       0.995353
938       0.306864
938        5.98479
938        2.48752
938        6.02223
938        3.86087
938        2.91426
938        2.27054
938        3.20188
938         5.6651
938        1.00896
938        6.17684
938        6.02166
938        3.62003
938        4.86525
938        2.42338
938        4.57371
938        4.25003
938      0.0862925
938        2.40208
938        2.49353
938        3.04361
938        4.23976
938       0.372156
938        4.88365
938        3.36079
938        5.67174
938         3.0779
938       0.769807
938        2.63431
938        5.19361
938        1.84949
938        4.86192
938         5.3622
938        3.09993
938        6.15163
938        3.58572
938        2.39552
938        4.45643
938       0.977304
938        2.66904
938        2.18731
938        4.72281
938        4.75746
938        5.88653
938        3.11708
938        0.63891
938        2.52253
938        1.31324
938        5.53009
938        1.06702
938        3.62618
938        2.30419
938        2.71765
938        1.91335
938       0.440906
938       0.376781
938       0.478946
938       0.463276
938        4.06218
938        3.21985
938        5.84349
938         1.3108
938        4.40462
938        1.41833
938        4.89605
938        4.45102
938       0.708039
938        5.63229
938        3.89703
938       0.598605
938        2.22426
938        5.17281
938        1.32861
938       0.538757
938        4.36194
938        1.61421
938          6.096
938        3.03652
938      0.0747294
938       0.821894
938        6.04287
938       0.766541
938        3.64738
938        3.67292
938        1.02909
938        3.98372
938        3.66172
938        0.89215
938        1.29252
938       0.568595
938        2.05047
938         5.7178
938        1.18874
938        1.29576
938       0.350956
938       0.970799
938        4.80625
938        3.28127
938       0.373643
938         4.9571
938        4.93515
938       0.447092
938        3.69402
938        1.22267
938        4.74254
938        4.05183
938        3.97409
938        3.68091
938       0.131436
938        3.52633
938        2.89245
938        1.70498
938        3.60791
938         5.5594
938        2.36624
938        3.84063
938         3.6043
938        4.87713
938        5.68782
938        5.94091
938        2.48524
938         2.3336
938        5.55934
938       0.856069
938        2.61393
938        2.59443
938        4.09926
938        2.00022
938        2.47518
938        0.24741
938       0.543198
938      0.0148455
938        2.56648
938        5.52579
938        2.15591
938        6.12747
938        1.64556
938        3.87445
938        1.36446
938         3.6006
938        6.24015
938       0.367457
938        4.24534
938        2.78926
938        3.51962
938        5.46441
938        3.28261
938        5.86273
938        5.03455
938        3.58837
938       0.977451
938        2.36452
938       0.294929
938        2.65229
938        5.71999
938       0.213629
938         1.4963
938        5.22572
938        2.05942
938       0.277187
938        4.53825
938        2.40519
938        5.67246
938        4.53195
938        5.06576
938        5.53372
938       0.463564
938        2.84431
938        2.83451
938        1.50878
938        2.56707
938        5.97535
938        2.36851
938       0.778317
938        5.78947
938        4.66507
938       0.924887
938        1.62784
938        5.25133
938        3.71984
938        5.79142
938        3.26709
938        0.32979
938         2.1752
938        4.71299
938        5.14841
938        1.57025
938        6.26941
938        5.75728
938        4.41265
938        5.22188
938        4.86695
938         5.0877
938        6.23799
938         5.3659
938        2.33646
938        2.15342
938       0.436766
938        4.69996
938       0.473443
938        6.16233
938        5.73862
938        1.11432
938         3.7256
938        6.00102
938        2.46927
938        3.33444
938        5.94474
938        3.92269
938        5.57224
938         5.9979
938        2.87713
938        3.37249
938        6.24014
938       0.304956
938       0.127565
938        5.20911
938        2.61304
938       0.139454
938        4.00739
938        6.24631
938        4.25591
938        1.43054
938        3.65731
938        2.67338
938       0.220237
938        5.44901
938        5.46048
938         3.7271
938        2.73735
938        1.62351
938         1.0666
938        1.72507
938       0.938656
938        3.60044
938        1.73826
938        4.57706
938        4.76684
938        5.68053
938        3.43762
938       0.814769
938        1.43142
938        5.63255
938        5.00966
938      0.0261341
938        4.71412
938        5.89889
938        2.42283
938        4.80164
938         1.6331
938        2.42459
938        5.33972
938        4.92323
938        2.18237
938        1.18451
938        3.95423
938        3.69146
938        6.18754
938        4.76315
938        4.44673
938        1.53667
938        2.43361
938      0.0768286
938        3.77565
938        3.64593
938        5.52963
938        3.36572
938        5.05922
938        6.22914
938        1.88511
938        6.08621
938       0.169143
938        3.02913
938        4.19983
938        2.33412
938         2.4219
938        5.41676
938        5.87074
938      0.0112039
938        1.30548
938        4.64192
938        2.96566
938         6.1074
938        1.94484
938        2.12303
938        1.39119
938         1.0161
938         6.1249
938        2.61075
938        2.99259
938        5.87788
938        1.60653
938        3.43552
938        4.87094
938       0.362466
938        2.97793
938        3.88051
938         4.1335
938        6.15832
938        5.46025
938       0.786907
